0.009999999999990905	0.7832796210029362	0.6303574455920311
0.01999999999998181	1.5569169674718706	1.6018411483390553
0.02999999999997272	2.3216460307226843	2.320469038813254
0.03999999999996362	3.0779268813415164	3.0364283742715816
0.04999999999995453	3.826099632002946	3.7420940254184942
0.05999999999994543	4.566437449500057	4.435590973739989
0.06999999999993634	5.299170503685732	5.116414804004472
0.07999999999992724	6.024499252136608	5.784515143784751
0.08999999999991815	6.742602108120168	6.453008636863561
0.1009816608871006	7.525809353645109	7.17474106618071
0.1133032870613988	8.394892237500432	7.9343039725526845
0.1271283790159714	9.353054146884718	8.765107378301172
0.1426403873214213	10.413509383649092	9.679246115072587
0.1600451469033715	11.582249363231163	10.692675259838184
0.1795736083470274	12.87616705973607	11.804543343962205
0.201484902470952	14.301061808862109	12.984753516994557
0.2260697788356083	15.866900336627669	14.230325513292271
0.2536544638135183	17.578800947028096	15.566973089378779
0.2846049894147882	19.452660620188006	16.99955089637307
0.3193320503097539	21.49472376105461	18.47658687494469
0.3582964534975872	23.709040548855913	20.04561720732986
0.4020152329352413	26.112817777169973	21.67575697508249
0.4510685102638945	28.70300194379573	23.303541845486
0.5061071926705836	31.482193417215274	24.991403605281366
0.5678616100314002	34.46173899322623	26.668623978874674
0.6371512059448605	37.62795893729362	28.277008674272125
0.7148954112508363	40.978809056565545	29.851595557481303
0.802125844319221	44.50870047534857	31.304957312830325
0.8999999999987267	48.19545376634224	32.59979058757801
1.009816608870324	52.0248974312323	33.722396206931855
1.133032870613079	55.97170224903678	34.59544589136761
1.271283790158577	60.003872430578205	35.1957549039565
1.426403873212848	64.09073049361017	35.49105720596247
1.600451469032578	68.19282502125134	35.4469757745809
1.795736083469251	72.27152674851077	35.03933586999251
2.014849024708383	76.28176665624783	34.27710582529937
2.260697788355174	80.18693893889373	33.192294437474715
2.53654463813416	83.94930091247757	31.765992014098366
2.8460498941472	87.52780079141895	30.086771500913144
3.193320503097311	90.9050844936662	28.227267894605255
3.582964534975986	94.05679279514126	26.203615193847007
4.020152329352527	96.96922215889147	24.15447296638005
4.510685102638604	99.65002464561164	22.12954455738829
5.061071926705495	102.09693140776336	20.17435787213758
5.678616100313207	104.32812173629128	18.40424634564847
6.371512059447696	106.36805246364459	16.799728289741687
7.148954112507795	108.23039881690057	15.394388846561105
8.021258443191641	109.94748967180455	14.233394874909301
8.999999999986471	111.5435620141572	13.248867087820296
10.09816608870244	113.03525355716302	12.4462608657939
11.33032870613045	114.44819348161676	11.816892087480564
12.71283790158566	115.79708942843982	11.302816811364336
14.2640387321286	117.09415912832992	10.896257247606059
16.00451469032623	118.3523910250537	10.57566311772529
17.95736083469285	119.5790336906262	10.314523484028554
20.14849024708474	120.7809345174014	10.10704603887549
22.60697788355219	121.96403615659074	9.938722176230979
25.36544638134194	123.13180705395187	9.800901523596295
28.46049894147257	124.28817766590792	9.69167932171737
31.93320503097368	125.4361717582232	9.603776193121595
35.82964534976077	126.57798233799497	9.535854719223625
40.20152329352607	127.71628598155995	9.487692752904916
45.10685102638649	128.8531651676408	9.457065289351993
50.61071926705506	129.99068211541623	9.443168993285783
56.78616100313172	131.13060657148662	9.444635893650016
63.71512059447628	132.2745107578801	9.46011882750638
71.4895411250775	133.4236286428553	9.485957070712205
79.36954112507749	134.4721851285294	9.515690464958437
87.24954112507749	135.4255282779946	9.5456510668246
95.12954112507748	136.29950681950447	9.573249267904284
103.0095411250775	137.1060592085515	9.597309973645798
110.8895411250775	137.8546382947288	9.61747128516225
118.7695411250775	138.55242599729237	9.6336606391914
126.6495411250775	139.20546187379455	9.645395011431201
134.5295411250775	139.81864415704217	9.653486495660868
142.4095411250775	140.39611736371748	9.657907583455668
150.2895411250775	140.94137248894845	9.659002408690947
158.1695411250774	141.45738159974482	9.656100015906976
166.0495411250774	141.94671441886703	9.651573489100079
173.9295411250774	142.41161983668232	9.643877228192249
181.8095411250774	142.8540870434898	9.636300247339351
189.6895411250774	143.27590143406564	9.626804321176314
197.5695411250774	143.67867431348498	9.614618195026637
205.4495411250774	144.063874611187	9.602356879662908
213.3295411250774	144.43251689998155	9.59123767580837
221.2095411250774	144.78552068957964	9.576363208241848
229.0895411250774	145.12445617471323	9.562620710605024
236.9695411250774	145.45039656153912	9.546581050269088
244.8495411250774	145.76315852400148	9.533656881122702
252.7295411250774	146.0643676469598	9.518883060888063
260.6095411250774	146.35514745146446	9.50324054665385
268.4895411250774	146.63446933872322	9.489969854437296
276.3695411250774	146.90468906750385	9.474828682413461
284.2495411250774	147.16549737524298	9.464076355079639
292.1295411250774	147.41740654650255	9.447739676391013
300.0095411250774	147.66154743430508	9.435223309990185
307.8895411250774	147.89710938906282	9.423147546814997
315.7695411250774	148.1261584640786	9.410955285944011
323.6495411250774	148.34710272822642	9.398647068367826
331.5295411250773	148.56241626686574	9.387028678610584
339.4095411250773	148.7702790598641	9.374523305347589
347.2895411250773	148.9730351396381	9.365416147974935
363.0495411250773	149.36041976001826	9.34636473071583
378.8095411250773	149.72671295493794	9.330690120849956
394.5695411250773	150.07383408613404	9.312873435916886
410.3295411250773	150.40350872545483	9.299356812044772
426.0895411250773	150.71729334723182	9.290116148165032
441.8495411250773	151.0154942813227	9.278228596546246
457.6095411250774	151.29976978403153	9.271865009860116
473.3695411250776	151.57181669434868	9.264482134887038
489.1295411250778	151.83212765529117	9.255895398692411
504.889541125078	152.08055773963113	9.25450568149451
520.6495411250783	152.3195528618394	9.256452939662678
536.4095411250785	152.54865122466887	9.252446156429793
552.1695411250787	152.76854126481962	9.253104874095087
567.9295411250789	152.98098844061062	9.253812085849733
583.6895411250791	153.18414622774876	9.260832771481509
599.4495411250793	153.38119856435426	9.26588316293811
615.2095411250796	153.57017585376965	9.2699669198231
630.9695411250798	153.75353134736403	9.277305489995179
646.72954112508	153.92989841420814	9.279561961207426
662.4895411250802	154.1011860505339	9.292150658596794
678.2495411250804	154.26613933756013	9.302320481890568
694.0095411250807	154.42677927127224	9.309675731690044
717.649541125081	154.65736332405072	9.329790781507958
741.2895411250813	154.87770186819478	9.343789943429769
764.9295411250816	155.08919879990756	9.362638551237938
788.569541125082	155.29074669111148	9.386531823339633
812.2095411250823	155.48440994337645	9.403141757683132
835.8495411250826	155.67066613608964	9.430864418250296
859.489541125083	155.8488046970868	9.45466003816107
883.1295411250833	156.02132473720226	9.476169675996521
906.7695411250836	156.18602907784765	9.506894105331655
930.4095411250839	156.34593934207498	9.529995897614334
954.0495411250843	156.4991878912742	9.597201814455456