0.01000000000021828	0.5690045111561186	0.45763692461070954
0.02000000000043656	1.1301931131213738	1.1616140216078232
0.03000000000065484	1.684670558702016	1.682462871307784
0.04000000000087312	2.2329679021772257	2.201534502377936
0.05000000000109139	2.7753886170886837	2.7134222279817757
0.06000000000130967	3.31219751359936	3.2172572348996282
0.07000000000152795	3.8437084596288327	3.711643803218107
0.08000000000174623	4.369817396320062	4.197569033045947
0.09000000000196451	4.890973481168598	4.675659764552452
0.1009816608893743	5.457507031698265	5.1915738297430325
0.1133032870638999	6.086362319052083	5.758396932413236
0.1271283790183588	6.783407993846363	6.3795340229338855
0.1426403873238087	7.555280781861157	7.05840251256555
0.1600451469057589	8.408636024993388	7.79820582316404
0.1795736083495285	9.350847824121809	8.60185892010331
0.2014849024735668	10.389242431924352	9.471588178145604
0.2260697788387915	11.531706248950202	10.40917135132866
0.2536544638169289	12.78597446786893	11.414988221505075
0.2846049894187672	14.160020463104248	12.488774381745628
0.3193320503141877	15.661517991990749	13.627875075093266
0.3582964535025894	17.297828515361598	14.828785143600522
0.4020152329412667	19.075817968050103	16.084323796342396
0.4510685102704883	21.00119356960839	17.386306499479662
0.506107192678428	23.078935785661027	18.72138565105045
0.5678616100403815	25.311677492759397	20.075232914631066
0.6371512059549786	27.701098889646847	21.426964135621024
0.7148954112626598	30.245023115676915	22.755100233509875
0.802125844332295	32.94018358098177	24.030938213637047
0.9000000000132786	35.777793505915845	25.226119146132955
1.009816608886467	38.74805562082319	26.306120521605003
1.133032870630814	41.834233739332404	27.23828575952012
1.271283790178131	45.019010972734414	27.987694543750006
1.426403873234449	48.27761102762641	28.523030825621543
1.600451469056679	51.58550712020421	28.81789813218725
1.795736083496195	54.911846711357235	28.85059168833466
2.014849024738396	58.227107524866284	28.613479667347193
2.260697788388825	61.498682550422444	28.103016064027425
2.536544638172018	64.69623638599123	27.337282658998994
2.846049894189491	67.79132863897935	26.335735194519962
3.193320503144605	70.75810745706546	25.140864470541757
3.582964535029532	73.57791846336035	23.792653424827574
4.020152329412667	76.23411884420133	22.34690030942758
4.510685102705793	78.7209020652558	20.853876253974164
5.061071926780642	81.03320076414018	19.366050575911576
5.678616100397449	83.17728677051824	17.929949445124038
6.371512059542511	85.15880255358078	16.580598492234206
7.148954112613865	86.99207929894024	15.349326825392735
8.021258443311126	88.68996711311031	14.248493105905684
9.000000000120963	90.26963620469347	13.290046112321876
10.09816608885376	91.74668021360475	12.46786352872893
11.33032870629995	93.1368532983878	11.777821373090081
12.71283790177586	94.45479163239175	11.204311196748515
14.26403873234176	95.7126500226344	10.734400740482188
16.00451469056588	96.92207976852951	10.35129091737353
17.95736083496195	98.09136278692371	10.040214178890098
20.14849024738669	99.22874360115877	9.787839017029105
22.60697788389098	100.3394293164272	9.581811009321271
25.365446381722	101.4288131608767	9.413384287272528
28.46049894189946	102.50008183842328	9.273985129358689
31.93320503145242	103.55664648814454	9.158601769534535
35.82964535029805	104.60053079669801	9.062020704091813
40.20152329412849	105.63393505442845	8.981618011331594
45.10685102706248	106.65826653913477	8.914507918621458
50.61071926781369	107.67504716526088	8.859375201338775
56.78616100398267	108.68536513689375	8.814719385009845
63.71512059543147	109.69037843885638	8.77989048918127
71.48954112614956	110.69100437683177	8.754150321768783
80.21258443311854	111.68820677453881	8.737205449222339
90.00000000121327	112.68280773799344	8.72874722027233
100.9816608885376	113.67566843463777	8.728720337462825
113.3032870630022	114.66756223063005	8.737100027628491
127.1283790177613	115.65930329746197	8.754039414504158
142.6403873234231	116.6516531122104	8.779750976794531
160.0451469056607	117.64542053741495	8.814603094167497
179.5736083496204	118.64138972472455	8.859045747355264
201.4849024738669	119.64040143186119	8.91368558518725
226.0697788389098	120.64329695516459	8.97923329091569
253.65446381722	121.6509851236534	9.05656794661706
284.604989418991	122.66439915856624	9.146699134149033
319.3320503145224	123.6845519799884	9.250824621081575
358.2964535029769	124.71250354708754	9.370227438137919
400.7964535029769	125.72193548037555	9.505029332531135
443.2964535029769	126.63770522521303	9.640340478808438
485.7964535029769	127.47704943075367	9.770310469539105