0.9999488887551706	2.8099287171042415	5.424290926528851
1.999948888871586	5.793531601309778	3.2276467390418317
2.999948888813378	6.8338561010618815	2.421714309918102
3.999948888755171	7.48921709855706	2.217726541972451
4.999948888871586	7.962141231795103	3.5358253905415022
5.999948888813378	8.79776722611581	1.601187914032826
6.999948888755171	8.649537273906878	0.30645574660249547
7.999948888871586	8.83468897245357	1.542317067065691
8.999948888813378	9.024184405863538	1.6637430427337052
9.99994888875517	9.19576193296252	1.685640398258003
10.99994888887159	9.352679354897989	1.687537126168273
11.99994888881338	9.496565572243648	1.7667044035956925
12.99994888875517	9.625248717567906	1.8165589218899023
13.99994888887159	9.766963067481942	1.7415675152943746
14.99994888881338	9.890216544227108	1.7319280312535223
15.99994888875517	9.98143497635567	1.674360899843782
16.99994888887159	10.077540110205446	1.6360620228665375
17.99994888881338	10.16984447604982	1.6916081181274139
18.99994888875517	10.25780510703096	1.7048732020534796
19.99994888887159	10.340879036290907	1.7125312498027532
20.99994888881338	10.42015219754551	1.7160977485627014
21.99994888875517	10.495624590794744	1.7213651330051016
22.99994888887159	10.568382149754441	1.7268217576107803
23.99994888881338	10.637338940708787	1.7334130030357524
24.99994888875517	10.704123864231482	1.7401911578897324
25.99994888887159	10.768193953464646	1.7442043758278294
26.99994888881338	10.830092175266202	1.7535816635709158
27.99994888875517	10.889818529636088	1.758068122502605
28.99994888887159	10.947373016574355	1.7649580592817695
29.99994888881338	11.003298602938898	1.7734766026439437
30.99994888875517	11.057595288729708	1.7776108746103552
31.99994888887159	11.10972010708891	1.7859216996027532
32.99994888881338	11.160758991732278	1.7923730323104696
33.99994888875517	11.210711942659833	1.800610611116948
34.99994888887159	11.258493026155751	1.8093687898685664
35.99994888881338	11.305731142793768	1.819201204284142
36.99994888875517	11.351340358858044	1.8260626755351486
37.99994888887159	11.396406608064435	1.8331249315302847
38.99994888881338	11.440386923555007	1.8411281487488487
39.99994888875517	11.483281305329758	1.8509786351423747
40.99994888887159	11.525089753388679	1.8576236932810097
41.99994888881338	11.565812267731799	1.8675826936137627
42.99994888875517	11.605991815217005	1.8728942945145952
43.99994888887159	11.645085428986391	1.8787490595674108
45.99994888875517	11.721100789093546	1.89464784156905
47.99994888881338	11.79440131491115	1.9101548057544422
49.99994888887159	11.8644440395813	1.9247542253145693
51.99994888875517	11.932857863677736	1.9422506881039217
53.99994888881338	11.998556853484608	1.9561748276294957
55.99994888887159	12.062083975859881	1.9729496773959292
57.99994888875517	12.123982197661412	1.9895556609909322
59.99994888881338	12.184251518889237	2.0054234364349006
61.99994888887159	12.24234897268541	2.019831205031789
63.99994888875517	12.298817525907852	2.0382136833551967
65.99994888881338	12.35420014541449	2.052266861318829
67.98328222215059	12.407953864347409	2.0661770824041397
69.9832822222088	12.460078682706595	2.081585247639692
71.98328222226701	12.511660534207868	2.099538031426421
73.98328222215059	12.561613485135421	2.1123378475784764
75.9832822222088	12.610480502347157	2.126512565513807
77.98328222226701	12.658261585843082	2.1384808209218376
79.98328222215059	12.70495673562319	2.0881132338597173
81.9832822222088	12.751108918545368	2.076306473587814
83.98328222226701	12.795632200893877	2.051682826553995
85.98328222215059	12.839612516384415	1.9888576627080923
87.9832822222088	12.882506898159157	1.816596851996729