0.7994444444520923	37.20283313546535	31.613833986451397
1.799444444393885	77.85695229168327	68.64676997918657
2.799444444335677	112.62358353014679	87.36313844175139
3.799444444452092	141.09669320135563	97.64340324196682
4.799444444393885	164.64664487237332	102.02306972655573
5.799444444335677	184.08550584220038	101.19311813742299
6.799444444452092	199.9208181727122	98.89460269449586
7.799444444393885	213.35376474368044	90.52409509980947
8.799444444335677	223.4369337062714	74.10644630766652
9.799444444452092	230.4579322288809	56.574832430177885
10.79944444439389	235.1611553355926	41.32216995825899
11.79944444433568	238.22332577557427	29.356124081296475
12.79944444445209	240.2027398168881	21.365308934284858
13.79944444439389	241.5900214526809	16.607965474096087
14.79944444433568	242.62202364516068	14.018719355715909
15.79944444445209	243.48484515034886	12.429031009036681
16.79944444439389	244.19540403697437	11.40758923117306
17.79944444433568	244.83829064868314	11.199704178014391
18.79944444445209	245.44734112293378	11.192743048739345
19.79944444439389	246.02255545972574	11.294986129821082
20.79944444433568	246.58085172778866	10.9573268120925
21.79944444445209	247.07147572093498	10.58576877860699
22.79944444439389	247.54518164535205	10.889377878818246
23.79944444433568	248.0188875697689	10.94731335483202
24.79944444445209	248.45875735672755	10.344836676879297
25.79944444439389	248.84787293749866	10.131570539148287
26.79944444433568	249.23698851826992	10.270087305960521
27.43277777763797	249.47384148047846	10.736542435468538
28.06611111094026	249.72761251141608	10.83688550127671
28.71611111113816	249.9644654736246	10.435689388007162
29.38277777770782	250.20131843583314	10.416607219635623
30.06611111099846	250.4381713980416	10.404382486416726
30.76611111118473	250.67502436025018	10.398538525124541
31.48277777774274	250.91187732245874	10.39864274700089
32.21611111119637	251.14873028466724	10.776181762751365
32.96611111119637	251.40250131560472	10.786649284652066
33.73277777774274	251.63935427781348	10.430880204257068
34.51611111118473	251.8762072400218	10.451172412046045
35.31611111099846	252.1130602022304	10.100672009967187
36.13277777770782	252.33299509570978	10.506570316983684
36.96611111113816	252.58676612664732	10.815833132234726
37.83277777783587	252.82361908885588	10.003863450418248
38.71611111090533	253.04355398233517	10.052460774225915
39.61611111104503	253.28040694454376	10.472789735753182
40.5327777777311	253.51725990675234	10.434163526898153
41.48277777768453	253.75411286896082	10.400689748937177
42.44944444453358	253.9909658311692	10.464570109266
43.43277777775438	254.22781879337776	10.075796673599143
44.44944444424255	254.44775368685706	10.060340308856182
45.48277777780095	254.68460664906567	10.505596820530828
46.5327777777311	254.92145961127423	10.129826239516783
47.61611111110324	255.14139450475335	10.130172001281636
48.71611111119637	255.37824746696205	10.13702687536767
49.84944444420762	255.59818236044126	10.148807805635325
50.99944444428911	255.83503532264976	10.164571788276975
52.18277777763797	256.0549702161291	10.11183734938428
53.39944444442881	256.2918231783376	10.516576237710906
54.6327777775914	256.5286761405462	10.549886379615323
55.89944444419598	256.76552910275484	10.143848228264318
57.19944444424255	256.9854639962341	10.119699291396635
58.5327777777311	257.2223169584425	10.16288196191957
59.8827777775914	257.4422518519218	10.216329005162953
61.26611111089369	257.6791048141305	10.208798969144587
62.68277777763797	257.89903970760963	10.206656424676941
64.13277777782423	258.13589266981813	9.831716050186317
65.61611111110324	258.33890949456844	9.841833010581103
67.13277777782423	258.5757624567768	10.612624631566481
68.68277777763797	258.81261541898544	10.202925057788704
70.2827777777893	259.0325503124647	9.795530612787806
71.91611111103339	259.25248520594397	9.826091156079633
73.58277777754483	259.4724200994234	9.860263045952355
75.28277777784751	259.6923549929027	9.4743960951682
77.0327777777893	259.89537181765274	9.470114467701633
78.81611111099846	260.1153067111322	9.472548351953192
80.64944444419598	260.31832353588226	9.479992428982674
82.51611111118473	260.5382584293617	9.491572236861487
84.43277777763797	260.74127525411177	9.126633747539733
86.38277777770782	260.9442920788619	9.527592169684501
88.3827777775914	261.1642269723412	9.514920076693052
90.43277777763797	261.3672437970914	9.12681176896986
92.53277777784751	261.57026062184156	9.125404192480724
94.68277777769617	261.7732774465918	9.509984302630757
96.88277777770782	261.99321234007124	9.137292039575543
99.13277777770782	262.17931109609214	9.153147536046529
101.4327777776962	262.39924598957145	9.168139649056814
103.7827777778475	262.5853447455923	8.809954855360655
106.182777777638	262.7883615703425	8.832737061976584
108.6327777775914	262.9744603263636	8.832119065517587
111.1494444444288	263.1774771511138	8.83570614865439
113.7161111109053	263.36357590713465	8.845903011906847
116.3494444444405	263.5665927318848	8.85814637125748
119.0327777777893	263.75269148790585	8.87787958690077
121.7827777778475	263.955708312656	8.873876921337867
124.5994444444405	264.14180706867694	8.489072378221902
127.4827777777427	264.3279058246979	8.88161084154775
130.4327777777544	264.5309226494479	9.27898325350568
133.4494444443008	264.73393947419805	9.68342713258768
136.5327777777311	264.95387436767754	9.703389201823862
139.6827777776962	265.1568911924275	9.317384941325386
142.9161111110916	265.35990801717776	9.713420104251005
146.2161111111964	265.5798429106572	10.11335239679287
149.5994444442076	265.7997778041364	10.680013919503173
155.2161111111964	266.2058114536366	9.262128756439296
158.7994444443357	266.37499214092855	9.386624480562814
162.4661111109053	266.611845103137	10.571262951416593
166.2161111109053	266.83177999661626	10.59199025392913
170.0494444443357	267.06863295882494	10.985804124161032
173.9827777777427	267.30548592103344	10.994284245454708
177.9994444444055	267.542338883242	11.40248812345494
182.116111111045	267.79610991417957	11.817960294906891
186.3161111109403	268.0498809451174	11.846369306203382
190.6161111109868	268.30365197605494	12.253449156517618
195.0161111111847	268.574341075722	12.270881948808798
199.5161111111847	268.8281121066595	12.274279765959166
204.1327777777078	269.09880120632647	13.47630192542108
208.8494444442076	269.4033264434517	13.912896713294586
213.6661111110334	269.69093361184775	13.941130903050519
218.5994444442076	269.995458848973	14.35022878303982
223.6494444444288	270.2999840860981	14.369744411696951
228.8161111109985	270.6045093232232	15.198904873621977
234.0994444444405	270.9428706978069	16.438046864228923
239.4994444444055	271.2981501411197	16.862048240939792
245.0327777777893	271.6534295844324	16.870643556520026
250.6994444442425	272.0087090277454	17.72287003262852
256.4827777777427	272.39782460851643	18.98664371579621
262.399444444487	272.80385825801676	19.001009457961114
268.4661111111964	273.1929738387878	19.434462282708346
274.6661111111498	273.6159255570174	20.2819243897551
281.0161111108937	274.0388772752467	20.741246222446886
287.4994444444055	274.4787470622054	20.801931419805335
294.1327777777078	274.90169878043486	21.261247051469088
300.9161111111498	275.35848663612285	22.112800071766046
307.8661111111032	275.8152744918107	22.573194798262147
314.9661111111964	276.28898041622773	22.633216726716423
322.232777777801	276.7457682719154	23.096877200307482
329.6661111110916	277.23639226506174	24.371736997231842
337.2827777777893	277.74393432693694	24.83894239914734
345.0661111109985	278.25147638881236	25.32392800272913
353.0327777777893	278.7759365194171	26.213989233225547
361.182777777638	279.3173147187508	26.704774372169368
369.5161111108937	279.8586929180845	27.188054940866078
378.0494444444521	280.41698918614736	28.081239180743403
386.7827777777893	280.9922035229396	28.152423312971813
395.7161111109053	281.5504997910024	28.24454971512211
404.8494444444987	282.12571412779437	29.16913317805139
414.1994444442425	282.71784653331576	30.08987669041753
423.7661111111847	283.3268970075662	31.88621058998905
433.5494444444521	283.98670168800436	33.27780297266517
443.5494444443939	284.6465063684422	32.10129676252199
453.7827777777311	285.25555684269284	29.192368017842067
464.2494444442891	285.79693504202646	25.833012619461638
474.9661111111382	286.27064096644335	22.44724728756076
485.9327777777544	286.67667461594385	19.489352373503536
497.149444444487	287.0319540592566	17.391347692315456
508.6161111109868	287.35339736511094	16.509490383828357
522.3661111111032	287.7255948771528	13.25683435205625
534.4161111110916	287.928611701903	11.875675046075912
546.7494444442891	288.18238273284067	12.793245028461492
559.366111111045	288.41923569504934	14.071564355256099
573.7494444442891	288.7575970696329	17.82896712700354