0.0833333334303461	3.7782782488553077	5.79911199116749
0.1666666666860692	11.692998669784483	17.04194205672742
0.2500000001164153	19.933578032622364	26.57258794313613
0.3333333333721384	28.848348309754144	38.21402787544203
0.4166666668024845	38.61849830939631	33.991183781410776
0.4999999998835847	43.35047578909646	28.817020164093545
0.5833333333139308	48.15970431105946	33.788297919165856
0.8333333334303461	62.31349981801655	44.73769955083286
1.083333333372138	75.00093008638454	51.44305434147835
1.333333333313931	86.15878971794825	55.5860198668683
1.583333333430346	95.94017623282865	54.53330614732418
2.083333333313931	109.77232649109142	53.6043896161954
2.583333333372138	121.77994758754637	49.52217326865585
3.083333333430346	129.56685264764064	40.07337977593337
3.583333333313931	135.03763100425445	33.74310417582182
4.083333333372138	139.10103582728001	25.57384870930127
4.583333333430346	141.45789489849898	20.184823755963304
5.083333333313931	143.50153610745224	16.85142688234381
5.583333333372138	144.6111419872277	13.155672617795773
6.083333333430346	145.57045947569165	9.037176494718336
6.583333333313931	146.35982467117748	6.843032048752153
7.583333333430346	146.8542313416597	3.819854335901651
8.583333333372138	147.3528517053561	7.302972465636887
9.58333333331393	148.4596484563219	8.021619711576518
10.56666666670935	148.94562774037544	6.008892599266896
11.55000000010477	149.265868424665	4.437750138664692
12.58333333331393	149.7251609850278	4.484184268900614
13.66666666668607	150.0074784303882	5.56809781625754
14.63333333318587	150.38249712646424	5.433789931583783
15.63333333347691	150.85443076647002	6.597505110313974
16.63333333341871	151.16905319314046	6.78707661338879
17.63333333318587	151.64800965517003	7.180781882120727
18.63333333347691	151.9710594682692	7.376396510938025
19.63333333341871	152.44018397946527	7.681097526124322
20.63333333318587	152.75480640613588	7.147452078369352
21.63333333347691	153.06802426840156	6.739588874055323
22.63333333341871	153.5216985711452	5.872646714066933
23.63333333318587	153.6860326065043	7.11120191033018
25.63333333341871	154.02312806365114	6.7499276868363225
27.63333333347691	154.7661426337792	7.164602499196699
29.63333333318587	155.38415097188198	9.359289243749481
31.63333333341871	155.69736883414762	8.476366537680201
33.63333333347691	156.47830664320477	8.145481638163691
35.63333333318587	156.79152450547042	10.255037653715435
37.63333333341871	157.26767183869052	9.42621469460012
39.63333333347691	157.88568017679313	11.191163808381935
41.63333333318587	158.22137106953534	10.679974872211082
43.63333333341871	158.96438563966342	11.48041401181663
45.63333333347691	159.44053297288343	11.090630425018995
51.73333333327901	160.6835724711127	12.07304698739198
55.66666666668607	161.75525511195906	13.794699292088117
59.68333333317423	162.51231532613497	15.569629345817448
63.68333333346527	163.58259340257658	15.310585534320328
67.75000000011642	164.51241503854013	16.30851534452931
71.70000000006985	165.30318479843072	16.6234262283769
75.68333333346527	166.0841226074878	16.879449908940416
79.70000000012806	166.8411828216636	18.444338884503004
83.74999999988358	167.7794318440559	18.61613727068028
87.74999999982538	168.56036965311293	17.981006707636485
91.86666666681413	169.48176390264794	17.274387614022405
95.73333333333721	170.09977224075075	18.465015654761196
99.733333333279	170.54361459266076	19.228539403472922
103.7333333332208	171.02116649028565	19.65015654455403
107.7333333333372	171.92711053136813	20.754794021850756
111.7000000000116	172.6855753099487	22.4565034838459
115.7166666666744	173.30217908364656	24.706905417437603
119.7000000000699	174.23200071961023	26.470025783463118
123.733333333279	174.850009057713	27.83088365377303
127.7166666666744	175.60706927188878	26.340689698861922
131.6666666668025	176.3641294860646	27.285849161954555
135.6666666665697	177.1225942646453	26.371999147292797
139.8333333333721	178.0524159006088	23.366984808279152
143.7333333333372	178.35580181204125	27.207146232421334
147.7000000000116	178.97381015014395	27.581849547144632