0.001024000000143133	0.11435220471896608	0.1194038851630809
0.002048000000286265	0.2150396805721616	0.17111883885833146
0.003072000000429398	0.290555287462031	0.2030639090315417
0.004096000000572531	0.35240616548612974	0.273613328839157
0.005119999999806169	0.4236065948394601	0.3062951245692521
0.006143999999949301	0.47754631404652526	0.3428427453707903
0.007168000000092434	0.5365204070462282	0.38248355439904674
0.008192000000235566	0.587583341228925	0.35766150608750075
0.009216000000378699	0.6271391353140934	0.4218859793679147
0.01034052207523928	0.6853940320577248	0.4622684702940454
0.01160225659532443	0.7335801812160259	0.46226859949136634
0.01301794601204165	0.7918350779596576	0.5278608987305796
0.01460637566196965	0.8551243484959264	0.568465750990848
0.01638862304298527	0.9227287965687897	0.5934534495373085
0.01838833749570767	0.9917716371538233	0.5965771077229602
0.02063205401373125	1.0600952814827576	0.6777868792725116
0.02314954535358993	1.1478372247262543	0.7308856777774492
0.02597421709560877	1.228387205408789	0.730886095577065
0.02914355091706966	1.3161291486522582	0.7996023591582684
0.03269960195302701	1.4125014469688872	0.8558249554433456
0.03668955683951936	1.513188922822056	0.915171180254635
0.0411663598533778	1.6232259500044557	1.0119990240161605
0.04618941545231792	1.7462085097965534	1.0401110030504297
0.05182537653126929	1.8627183032838168	1.0463590816179544
0.05814902886868367	1.9871392555880862	1.1463111911474406
0.06524428349075606	2.1266633292703503	1.2493871103017256
0.07320529011394683	2.2748177580257485	1.2618827620065016
0.08213768646055541	2.4172186167323817	1.3243546060588076
0.0921600000028775	2.5797569706096493	1.3899500329115726
0.1034052207514833	2.7372609506942784	1.4680404581562465
0.1160225659541538	2.9177792109738823	1.539884055482022
0.1301794601167785	3.0918247049486776	1.621099636296993
0.1460637566215155	3.291042067886745	1.6866978033484175
0.1638862304344002	3.4801906832395075	1.77416270740266
0.1838833749534388	3.699545541348209	1.88661610851938
0.206320540136403	3.914585221920371	1.8710063383325921
0.2314954535349898	4.130344098748603	1.9834639678668646
0.2597421709533592	4.371274844540136	2.1209115854830785
0.2914355091697871	4.6186783566365035	2.1521599724966722
0.3269960195275417	4.866801064988971	2.2739962338233948
0.3668955683933746	5.142253231073034	2.3958344280250445
0.411663598539235	5.418424593413167	2.4083491573814766
0.4618941545249982	5.696753544521599	2.555186820476249
0.5182537653108739	6.0067271308981915	2.673913889738562
0.5814902886904747	6.312385539738192	2.7770314876803512
0.6524428349084701	6.646092602565856	2.898895270214733
0.7320529011440158	6.979799665393524	2.9926554359996977
0.8213768646091921	7.335082615904021	3.1613961404505573
0.9216000000278655	7.707626276560786	3.245801153387844
1.034052207516652	8.082327525985844	3.417694348147877
1.160225659545176	8.494426980727779	3.5396102157496445
1.301794601164147	8.897176884140476	3.68967094742424
1.460637566216974	9.343797759174937	3.849112171640186
1.638862304342183	9.783226671648443	3.9867198217970303
1.83883374953075	10.261492181951036	4.158710115826764
2.063205401367668	10.740476888509734	4.283874513023256
2.314954535349898	11.247510249056099	4.474684942144504
2.597421709532682	11.770365927236528	4.612418338273955
2.91435509169969	12.309043923051025	4.787700625308223
3.269960195276326	12.872174591572717	4.941155844313821
3.668955683932836	13.446093203935847	5.044667970461664
4.116635985388712	14.032957348908642	5.163871206496956
4.618941545249072	14.634205419003345	5.336296255603562
5.182537653112377	15.260625358061334	5.4400176876103075
5.814902886906566	15.885606904607132	5.528221592926473
6.524428349082882	16.532164338835766	5.632140208228558
7.320529011441977	17.180879361832663	5.742458677032406
8.213768646090102	17.85260866502458	5.8560157734944065
9.216000000280474	18.527214753240884	5.866491811298641
10.34052207516106	19.201101645201078	5.9397141478939846
11.60225659544813	19.89224924730754	6.078835666453767
13.01794601163965	20.59778077453587	6.139909300849959
14.6063756621661	21.302593105508105	6.160522396192712
16.38862304341728	22.012439810273033	6.197023948101697
18.38833749531295	22.7251633000623	6.249483725847213
20.63205401367304	23.446517144924716	6.289699412928668
23.14954535349625	24.16787098978712	6.349132297570641
25.97421709532318	24.902170367259245	6.361823004428053
29.14355091699872	25.625681800889904	6.38133090884349
32.69960195276144	26.363577159642514	6.416902280135352
36.68955683932654	27.094280555834136	6.45631274722015
41.1663598538853	27.84008707340377	6.486756348645355
46.18941545249436	28.576544039644126	6.4424059719998015
51.82537653111922	29.310843417116242	6.512278562437986
58.14902886906384	30.061684308478505	6.532357862544892
65.244283490827	30.79886047097497	6.490410548458955
73.20529011441704	31.53819422223977	6.5760030206634585
82.13768646090466	32.29263109488251	6.596118317445942
92.16000000280383	33.03412243491554	6.512969712649451
103.4052207516143	33.76698341987545	6.529741583878119
116.0225659544794	34.509193956164616	6.5830053298547675
130.1794601163929	35.25068529619765	6.6032372879722665
146.0637566216592	35.99361502874288	6.612637720114741
163.8862304341728	36.73294878000765	6.559846196835546
183.8833749531259	37.459336998662735	6.574270430358847
206.3205401367341	38.19651316115919	6.606983994472299
231.4954535349652	38.92433977232646	6.620861496870074
259.7421709532337	39.657919953542496	6.605622398470602
289.1221709532329	40.32605327545392	6.5836490663230505
318.502170953233	40.92658214929252	6.620150583773971
347.8821709532331	41.485397640277654	6.61248702027345
377.2621709532332	41.98811582328744	6.616362307802643
406.6421709532333	42.44696303467551	6.578526901428055
436.0221709532334	42.87200802202714	6.598487259957532
465.4021709532335	43.2668467666228	6.653764959359459