0.1388888888757296	0.47852340094474227	0.37020889076576946
0.1783333332857668	0.5711698488720105	1.0337670466685684
0.2116666667277545	0.8266221907297402	1.3713535261180196
0.2449999999951191	1.012814566661246	1.355370089334028
0.2783333334371068	1.1954090222848983	1.1552714085361588
0.3116666665298484	1.2988492311357365	4.795782203203802
0.3449999997972131	2.142561543327784	5.74233050768239
0.3783333334138237	1.1972079824388218	3.6291480591652134
0.4116666666811883	2.376426363338383	1.3822996215612573
0.445000000123176	2.3539393614142825	5.370509196271163
0.6116666666346222	2.9808769750580546	2.622039180423954
0.7783333333206914	3.7364402397076573	1.6456675749737615
0.9449999998321377	3.8254887673270708	1.6955368342516766
1.11166666669283	4.272530365578083	2.7240753692768767
1.611666666576415	5.284445452162369	4.8467745323131775
2.111666666634622	7.036632642087871	7.275534578648537
2.61166666669283	8.751041668780898	8.501936564891311
3.111666666576415	10.344920365160764	10.088950567369514
3.611666666634622	12.023350188775227	8.75578242985321
4.11166666669283	12.916533905200303	10.693661246953337
4.611666666576415	14.582371007737262	13.629737061147143
5.111666666634623	15.966670846184577	13.023675455085048
5.61166666669283	16.859854562609623	13.478939732828525
6.111666666576415	18.325107607983682	14.840319108499578
9.111666666576415	26.295400569959995	21.442601070670523
12.11166666657642	33.09906787211423	26.590141622274235
15.11166666657642	39.91442841526901	30.80062967751728
18.11166666657642	45.99581321562134	35.05138871621317
21.11166666657642	52.09608709758987	39.566569639944966
24.11166666657642	57.89323619362162	42.50452550507015
27.11166666657642	63.33329169909873	46.90647428969185
30.11166666657642	68.9010733755047	52.03820658056267
33.11166666657641	74.3816054844452	55.1054259782525
36.11166666657641	79.35842875028597	57.18692417838923
39.11166666657641	84.53583607328964	56.1718094055354
42.11166666657641	89.25270959688788	59.2676577886539
45.11166666657641	93.0467165615212	59.54739398388128
48.11166666657641	97.65475299580676	59.581834887055855
51.11166666657641	101.53690900798262	60.83227568626086
54.11166666657641	105.3183232515385	60.41375127321879
57.11166666657641	108.58973229145586	63.16974342468511
60.11166666657641	112.1876525993111	62.045867459144716
63.11166666657641	115.84763703247683	66.02026606044124
66.11166666657641	118.74036495999245	65.6427349971753
69.11166666657641	121.94791091444529	64.77038463804892
72.11166666657641	125.1923355520538	63.77297858563263
75.11166666657641	128.23437717234538	64.76385803739598
78.11166666657641	130.60000977476028	63.489348582377744
81.11166666657641	133.2633702826501	61.793431628739306
84.11166666657641	135.8106978606116	60.14461645611864
87.11166666657641	137.98564068671013	61.068048047071095
90.11166666657641	140.224446598273	58.54398085040606
93.11166666657641	142.35081750021544	55.80052683245194
96.11166666657641	144.43851075884845	52.93484936874467
99.11166666657641	146.11514162230895	52.76662348916297
102.1116666665764	147.69103071714957	50.56962734572376
105.1116666665764	148.7092421642726	52.57735541737395
108.1116666665764	150.14751080733768	52.77038437004528
111.1116666665764	152.13626125750477	52.842738237477235
114.1116666665764	153.49807409402786	51.055874515885954
117.1116666665764	155.42655937903837	47.55525118352328
120.1116666665764	157.10858712296056	45.653034696358155
123.1116666665764	158.5576495269493	46.44114088263894
126.1116666665764	159.43014520160418	44.869276709188945
129.1116666665764	159.63342769899808	38.613033840916124
132.1116666665764	160.49243117249847	35.558663586912225
138.1116666665764	162.91383153968502	34.376836129656766
144.1116666665764	164.20728389035907	35.71760624500062
150.1116666665764	166.09169465159823	36.485404053200035
156.1116666665764	167.53266173489416	36.25550843569167
162.1116666665764	168.53917994101667	36.63101238897784
168.1116666665764	170.26977960909508	33.98453916996203
174.1116666665764	172.10651792625515	31.684456510642814
180.1116666665764	173.12382989330118	35.70431954491584
186.1116666665764	174.13124757950072	32.533477063372715
192.1116666665764	174.92279004722883	28.964074657008744
213.4783333333905	178.6700240478601	27.73912598661362
225.84500000003	180.3853325546301	24.5379645703616
231.84500000003	181.02486288935134	22.456071425071503
237.9155555556642	181.44132216498562	19.520477781406356
364.3722222222129	183.89870173525077	76.74662217194357
410.7430555556425	196.61555106336505	41.36730281407691
503.5266666668108	195.2078647429167	4.011185590189456
582.8844444445208	197.01042281715206	39.78039144277697
652.1438888890193	204.40684749002548	29.824616842439703
670.8652777778557	206.26517332903273	10.898171509130961
795.4483333334433	202.24629634515858	17.19962111449758