0.02638888894580305	0.12599880875036198	0.005466941186334885
0.02888888883171603	0.12599880875036198	0.023337924886835282
0.06249999994179234	0.25736965973427	0.23567972932004533
0.09583333338377997	0.37360111896909964	0.26113943420500296
0.1291666666511446	0.4492980777144737	0.23411138565563933
0.1625000000931323	0.49959992771946626	0.2469693603651607
0.1958333331858739	0.549901777724454	0.33239217447972524
0.2291666664532386	0.6104593447207544	0.3985418332927838
0.2625000000698492	0.6661332369592837	0.37229062949978386
0.2958333333372138	0.7066677374487438	0.3581220992457825
0.3291666667792015	0.7467138704624237	0.2375742520929654
0.3625000000465661	0.7721089792028101	0.0639478194629414
0.3958333331393078	0.7467138704624237	0.07147284916176729
0.4291666665812954	0.7467138704624237	0.10020553855728553
0.4624999998486601	0.7672253044450391	0.14086781059992876
0.4958333332906477	0.7921320457096503	0.14668442365995357
0.5291666667326353	0.7872483709518843	0.20533290160688214
0.5625	0.7921320457096503	0.12012164344831085
0.5958333334419876	0.8175271544500318	0.1958424707252903
0.6291666665347293	0.8175271544500318	0.23760652553796788
0.6624999999767169	0.8326665461991061	0.1889555341402498
0.6958333332440816	0.8424338957146381	0.2551518668029785
0.7291666666860692	0.8575732874637122	0.2747045674184283
0.7624999999534339	0.8678290044550243	0.26894550901727454
0.7958333333954215	0.8780847214463321	0.3042783492681132
0.8291666664881632	0.8932241131954058	0.29412099669722985
0.8624999999301508	0.9029914627109384	0.3299497034174094
0.8958333333721384	0.9181308544600125	0.3620250881827947
0.9291666666395031	0.9283865714513245	0.3551418319857631
0.9625000000814907	0.9435259632003984	0.37795903548667337
0.9958333333488554	0.9586653549494727	0.3910468584284255
1.029166666441597	0.9689210719407803	0.40413685990952086
1.062499999883585	0.978688421456308	0.38006120424476747
1.095833333150949	0.9938278132053865	0.439402909645658
1.12916666676756	1.0089672049544602	0.4294455515789677
1.162500000034925	1.0192229219457725	0.46585154673167234
1.195833333302289	1.024106596703534	0.48397099063226934
1.229166666744277	1.0495017054439204	0.48692691288680295
1.262499999837019	1.0597574224352282	0.5844674174388301
1.295833333279006	1.0748968141843018	0.9005704502979452
1.329166666546371	1.0846641636998344	0.7612705729074851
1.362499999988359	1.0998035554489085	0.7752937701571172
1.395833333430346	1.130082338947056	0.9992822496328291
1.429166666697711	1.1960119481768974	1.0988557744547827
1.462499999790452	1.2360580811905826	1.0112276587835571
1.529166666674428	1.2262907316750504	0.9023873991540261
1.59583333338378	1.3171270821694983	0.5878986114738558
1.662500000093132	1.3220107569272648	0.3380124569985311
1.729166666453239	1.311755039935957	0.4740666805843497
1.795833333337214	1.3220107569272648	0.22229937097530825
1.862500000046566	1.3268944316850306	0.282870118269113
1.929166666581295	1.3420338234341043	0.4179837821703569
1.995833333290648	1.3625452574167198	0.4845986814039911
2.0625	1.3776846491657935	0.5551208272687803
2.129166666534729	1.392824040914872	0.5941343225284418
2.195833333244082	1.4177307821794782	0.5800144705005655
2.262499999953434	1.4382422161620938	0.5953747790751218
2.329166666488163	1.453381607911168	0.6129998573670471
2.395833333372138	1.4734046744180127	0.6257324966372307
2.462500000081491	1.4836603914093203	0.660554394211863
2.529166666441597	1.5036834579161602	0.6505045522880085
2.595833333150949	1.5188228496652343	0.7527415545601539
2.662500000034925	1.5339622414143081	0.8612950956620082
2.729166666744277	1.5593573501546893	0.9945374231833741
2.795833333279006	1.574496741903768	0.9216958898223933
2.862499999988359	1.5945198084106085	0.8923700403922817
2.929166666697711	1.6296822666665265	0.8951830905219664
3.029166666674428	1.6902398336628228	0.9612987072200768
3.129166666651145	1.7053792254118962	0.9267703830559193
3.229166666453239	1.720518617160975	0.9103157409608491
3.329166666779202	1.7410300511435903	0.8567604243802255
3.429166666581295	1.7659367924081966	0.8222410496559664
3.529166666732635	1.786448226390812	0.864286803567959
3.629166666534729	1.8113549676554228	0.9302875793732093
3.729166666686069	1.8367500763958047	0.922852689178317
3.829166666488163	1.87728457688526	0.9412367564857143
3.929166666639503	1.8973076433921	0.9637191881726226
4.029166666441597	1.9227027521324862	0.9869406945035256
4.12916666676756	1.93784214388156	1.004626599087489
4.229166666744277	1.9627488851461665	1.0086357551318803
4.329166666546371	1.983260319128786	0.9207309250979053
4.429166666697711	2.003283385635627	0.9564765691915486
4.562499999941792	2.0335621691337744	0.9517415919193984
4.695833333185874	2.068724627389688	1.0002758649341896
4.829166666779202	2.089236061372308	1.040064738036644
4.96249999984866	2.1195148448704564	1.0825479351472012
5.095833333441988	2.1444215861350626	1.1521310866445649
5.229166666686069	2.1747003696332152	1.1386741040055324
5.362499999930151	2.204979153131363	1.2046007284213756
5.495833333348855	2.2352579366295107	1.206049722966627
5.62916666676756	2.270908762361204	1.226776651440406
5.762499999837019	2.3060712206171186	1.284530572511498
5.895833333430346	2.3314663293575046	1.2878533296509551
6.062499999941792	2.3666287876134184	1.3388022327341949
6.229166666453239	2.396907571111566	1.3421985873019693
6.395833333139308	2.436953704125251	1.3440862611947744
6.5625	2.467232487623399	1.3812978232764974
6.729166666686069	2.507766988112854	1.4707785385084327
6.895833333372138	2.542929446368773	1.5452038456084645
7.062499999883585	2.578580272100462	1.5687687614045678
7.229166666744277	2.6137427303563814	1.5762727824576332
7.429166666697711	2.6542772308458367	1.6583765653329734
7.629166666651145	2.709462755608595	1.906255080710408
7.829166666779202	2.74999725609805	1.829566800433955
8.029166666732635	2.790531756587511	1.7770737189064343
8.22916666668607	2.835949931834737	1.8566206674879429
8.429166666639503	2.871112390090646	1.8722071559018276
8.62916666676756	2.981971807091939	1.8269772625590368
8.82916666654637	2.9922275240832468	1.8244012163763945
9.062499999941792	3.017622632823633	1.9426557442440913
9.295833333337214	3.072808157586387	1.9740822908483882
9.529166666732635	3.118226332833608	2.092187008587998
9.762499999953434	3.158760833323069	1.9226002135925808
9.995833333348855	3.2090626833280567	1.9950358341782937
10.22916666674428	3.2598529008088244	2.1370597550791293
10.49583333323244	3.315038425571583	2.1231902440998494
10.76250000006985	3.380968034801424	2.097702030168914
11.02916666673264	3.431269884806418	2.135331111178762
11.29583333339542	3.481571734811401	2.305398732377377
11.56249999988359	3.537245627049939	2.2797816956848562
11.82916666654637	3.582663802297161	2.285415656598057
12.12916666665115	3.6231983027866215	2.242568717239691
12.4291666665813	3.673500152791609	2.18495897154965
12.72916666668607	3.7643365032860565	2.235053896727609
13.0291666664416	3.809754678533283	2.1952148600616312
13.36249999998836	3.865428570771812	2.175205151525591
13.69583333318587	3.9206140955345714	2.1817457548011627
14.02916666673264	3.9557765537904857	2.1719288190451835
14.36249999993015	4.016334120786785	1.9465130561793087
14.69583333330229	4.0617522960340064	1.9394673084391187
15.06249999994179	4.107170471281234	1.8665362458633994
15.4291666665813	4.147704971770693	1.7717400606064384
15.79583333339542	4.193123147017915	1.7493622582923085
16.16250000003493	4.228285605273829	1.6199361204268872
16.56249999994179	4.273703780521057	1.5488459486236534
16.96249999984866	4.309354606252746	1.3879180786656367
17.36249999993015	4.3396333897508965	1.2846076175555015
17.79583333327901	4.3699121732490465	1.2580349465628873
18.22916666645324	4.400190956747193	1.2549689500526615
18.66249999997672	4.4304697402453455	1.2399169491116524
19.09583333315095	4.435353415003111	1.3695176300286853
19.56249999994179	4.450492806752186	1.4656285550425656
20.02916666673264	4.491027307241641	1.6366942774596407
20.49583333334886	4.526189765497559	1.7196271165571468
20.99583333323244	4.566724265987015	1.9091991745080754
21.49583333329065	4.632165507741082	2.1841200190926364
21.99583333334886	4.682467357746074	2.3784897536463774
22.52916666667443	4.753280641733682	2.503151249057702
23.0625	4.80358249173867	2.6526525813154316
23.59583333315095	4.874395775726278	2.7945928233780846
24.16250000009313	4.9452090597138865	2.815738546265626
24.73583333333954	5.005766626710185	2.9044993325870223
25.33583333337447	5.076091543222017	2.9507842735888294
25.93583333340939	5.14690482720962	3.0218580916298245
26.53583333326969	5.2177181111972315	3.073147734636261
27.16916666657198	5.288043027709063	3.0809441876305197
27.80249999987427	5.358856311696665	3.1415082548065882
28.46916666661855	5.4394369451998035	3.1759735643984306
29.13388888898771	5.505366554429649	3.2629978073865127
29.83416666666744	5.590830862690558	3.2823425163494386
30.53416666667908	5.661644146678163	3.3475027914991156
31.26749999995809	5.737341105423536	3.4364954258077747
32.00083333341172	5.813038064168911	3.4839182703018516
32.75555555534083	5.90387441466336	3.5523937751862418
33.52222222223645	5.9795713734087315	3.648517753948583
34.32222222205019	6.06503568166964	3.729570682914668
35.12222222203855	6.155872032164087	3.8703360957311532
35.95555555564351	6.246708382658537	4.065269451897576
36.78888888889924	6.327777383637453	3.9417831143797053
37.65555555559695	6.4337531258809735	4.227473642161262
38.5555555553874	6.524589476375418	4.3221860322041215
39.45555555535248	6.63056521861894	4.392920347265717
40.38888888893416	6.751680352611541	4.487222343168414
41.32222222199198	6.812237919607837	4.59079203545145
42.28888888884103	6.95337612010728	4.586623538759708
43.28888888878282	7.059351862350798	4.689197758526194
44.28888888889924	7.165327604594323	4.77988808200378
45.32222222228302	7.276187021595614	4.718106767087942
46.38888888893416	7.382162763839137	4.974380492103626
47.48888888885267	7.488138506082663	4.88271365870287
48.5888888889458	7.598997923083943	4.959713688994078
49.72222222213168	7.72548509931009	5.038259119162905
50.88888888893416	7.831460841553608	5.130514608423429
52.08888888865477	7.952575975546203	5.2027468945949344
53.32222222199198	8.073691109538807	5.320918467282436
54.55555555550382	8.194806243531401	5.382606699097948
55.84194444440072	8.320805052281768	5.382947678549248
57.14194444444729	8.452175903265678	5.716796989977309
58.47527777776122	8.573291037258276	5.765157300007556
59.84194444434252	8.704173520766396	5.885082779101497
61.24194444454042	8.830172329516767	5.794971665625633
62.67527777783107	8.9566595057429	5.8921163201684585
64.14194444421446	9.138332206731802	5.915827884226367
65.64194444421446	9.269214690239933	6.055392254342919
67.17527777783107	9.415724932972912	6.267424663262408
68.74194444454042	9.51681700045867	6.247951704977334
70.34194444434252	9.66283887571587	6.5165566084431585
71.97527777776122	9.799093401457549	6.234706103997881
73.64194444444729	9.950487318948293	6.489474212185263
75.34194444440072	10.127276345179421	6.555657720783869
77.10861111106351	10.248391479172021	6.8045399054416835
78.90861111099366	10.43494785491869	6.880901889176777
80.74194444454042	10.551179314153524	6.968973151176748
82.6086111110053	10.737735689900182	7.03739651379166
84.54194444452878	10.899385324382228	6.986831550282448
86.508611111145	11.055662916630745	7.174145031377182
88.50861111120321	11.217312551112796	7.111798632638009
90.57527777779615	11.373590143361312	7.362289123699884
92.67527777783107	11.540123452601138	7.2717042274056
94.84194444440072	11.706656761840957	7.3702125714713755
97.04194444441237	11.867818028847235	7.443564786329258
99.30861111113336	12.039723380320604	7.42094423801764
101.6086111109471	12.211140364318194	7.378692573450643
103.9752777776448	12.37767367355802	7.273843499175339
106.3894444442703	12.559346374546909	7.170847195400815
108.8561111111194	12.730763358544491	7.039316252435957
111.3894444445032	12.887529318268786	6.8450293520689085
113.9894444444217	13.033551193525987	6.6430899858321535
116.6227777776076	13.17517776150121	6.494333577020013
119.322777777852	13.316315962000637	6.251098714157527
122.0894444444566	13.44719844550878	6.030980325623715
124.9227777777705	13.573685621734915	5.901379696790901
127.8227777777938	13.699684430485286	5.77848343124823
130.7894444443518	13.83105528146918	5.732871885775963
133.8227777777938	13.95705409021954	5.622277376620557
136.9227777777705	14.078169224212138	5.562753597139933
140.0894444444566	14.204168032962501	5.520311455590796
143.322777777852	14.32039949219735	5.480885351222284
146.6561111110495	14.45177034318125	5.438499747257118
150.0561111109564	14.567513434940304	5.376788892640951
153.5227777775726	14.683744894175131	5.337178927706752
157.0894444445148	14.799976353409969	5.271080242411239
160.7227777778171	14.91571944516902	5.43579843452331
164.4561111110961	15.036834579161624	5.1686399864179
168.2561111109098	15.1476939961629	5.105945522121773
172.1561111110495	15.259041780639977	5.248713402169785
176.156111111166	15.369901197641253	5.048526839435912
180.2227777778171	15.521295115132013	4.982465855462826
184.3894444442703	15.592108399119619	5.063404434020639
188.6561111110495	15.692712099129595	5.044808050846947
193.0227777778055	15.839222341862584	4.815669679648235
197.4894444443635	15.910035625850183	4.919423154263313
202.0561111110728	16.01063932586017	4.694154403404762
206.7227777777589	16.14689385160184	4.787606527187026
211.5227777778637	16.25286959384535	4.795094346787135
216.4227777777705	16.313427160841673	4.547965684450071
221.4355555556249	16.444798011825572	4.621710918815668
226.5688888889272	16.54589007931132	4.605625363689093
231.8022222220316	16.63623806233	4.404326626937646
237.1688888887293	16.737330129815767	4.3429857682924835
242.6688888886711	16.8281664803102	4.490112923401871
248.2688888887642	16.914119156046887	4.288463281378492
254.002222222276	17.00983918129909	4.248839680167732
259.8688888888573	17.10067553179355	4.258674387832159
265.8688888888573	17.191511882287987	4.193744770329209
272.002222222276	17.282348232782446	4.155676968020306
278.3022222220316	17.368300908519128	4.495218162016287
284.735555555555	17.459137259013566	4.553857997669528
291.3022222223226	17.54997360950801	4.147469824922003
298.035555555427	17.635437917768932	4.481582551655337
304.9355555555667	17.71650691874785	4.079949064354215
320.1574999998557	17.99389964498896	4.032011211202561
327.5575000000536	17.99389964498896	3.98480299380006
335.7647222222295	18.165316628986535	3.927130599697475
343.5322222222458	18.165316628986535	3.9263204323021483
351.4827777778264	18.251269304723216	3.8381585933750837
359.6161111111287	18.331849938226366	3.4129112144875364
367.9163888887852	18.40754689697173	3.748073527652893
376.4163888887269	18.488127530474866	3.334812496583675
385.1163888889714	18.558940814462492	3.6554994298855337
394.0275000000838	18.629754098450093	3.641394630900785
403.1274999998859	18.710334731953235	3.579948313555155
412.4274999999907	18.781148015940836	3.6646780226010733
421.9608333333163	18.8568449746862	3.3757859786475226
431.6941666667699	18.922286216440277	3.3861106557816325
441.6608333332697	19.00286684994341	3.419748077107628
451.8472222221899	19.068796459173267	3.2561138847462487
462.2883333333302	19.1596328096677	3.59084894539833
472.950555555406	19.17965587617454	3.659677925938977
483.8838888887549	19.25046916016215	3.722358634675226
495.0505555554992	19.326166118907533	3.818087223536434
506.4838888889062	19.371584294154758	4.250751016330459
518.1833333332906	19.507838819896435	3.893434887700721
530.1499999998487	19.59330312815732	3.873338010624595
542.39222222229	19.669000086902713	4.625012897423417