0.01117567367509764	2.479341928460589	0.6213208307951451
0.0311756736755342	2.8925655832040533	1.0641503974632665
0.05117567367597076	3.578341010225035	2.792879828872148
0.06117567367437005	4.167404518050779	2.805154733296516
0.08117567367662559	4.73888404056829	2.3208749634711605
0.1011756736770622	5.301571570431654	3.2624738822396906
0.1111756736736425	5.837883122332736	3.2942446756608947
0.131175673675898	6.3654026815796705	3.4400627509605175
0.1511756736763346	6.884130248172489	4.482230964916129
0.1611756736765528	7.385273829457042	4.526182170299589
0.1811756736769894	7.886417410741694	4.504785651692015
0.201175673675607	8.378768999372102	5.671306871419332
0.2111756736758252	8.86232859534849	5.9732594596781645
0.2311756736762618	9.345888191324846	7.35855328081964
0.2511756736766984	9.820655794647088	7.1822248225362655
0.2611756736769166	10.28663140531521	7.1705318752264535
0.2811756736755342	10.752607015983335	8.705947860353866
0.3011756736759708	11.21858262665146	7.662841700423618
0.311175673676189	11.675766244665434	8.368726323552094
0.3311756736748066	12.1417418553336	9.0682662194294
0.3511756736770622	12.581341488039376	8.734606691496353
0.3611756736754614	13.038525106053386	8.740453473867113
0.381175673674079	13.486916731413242	10.17088854600865
0.4011756736763346	13.926516364119024	9.693416542087892
0.4111756736765528	14.366115996824805	10.591368045424788
0.4311756736769894	14.805715629530582	11.271615710932076
0.451175673675607	15.227731276928164	11.722086103258542
0.4811756736762618	16.098138549685608	12.099192042959677
0.5011756736766984	16.520154197083187	13.083013226037226
0.5311756736755342	17.372977484532363	13.383371182606169
0.5511756736759708	17.79499313192991	13.936282166483945
0.5811756736766256	18.621440441416762	14.428652398721244
0.6011756736752432	19.052248081468438	14.975584846428816
0.631175673675898	19.878695390955297	15.426520003075268
0.6511756736745156	20.28312705304461	16.01920754931542
0.6811756736769894	21.100782369877347	16.96578615981364
0.701175673673788	21.505214031966652	16.989962790741885
0.7311756736762618	22.305285363491194	18.024619625633708
0.7511756736766984	22.70092503292639	18.562824674474093
0.7811756736755342	23.50978835710503	19.100712998263397
0.8011756736759708	23.905428026540218	19.763166008455702
0.8311756736766256	24.69670736541063	19.988500307676855
0.8511756736770622	25.101139027499936	20.18581313163755
0.881175673675898	25.88362637371623	20.791928348515714
0.9111756736765528	26.666113719932518	21.919859957879893
0.951175673675607	27.439809073494697	22.434201784765172
0.9811756736762618	28.222296419710975	23.039764217818558
1.011175673676917	28.98719978061902	22.813406444328756
1.051175673675971	29.752103141527076	23.946637344079196
1.081175673674807	30.517006502435116	25.164620670851
1.111175673675461	31.273117870689077	24.714775340161847
1.151175673676335	32.029229238942996	25.55697267554407
1.181175673676989	32.76775662188872	26.83729601650111
1.211175673675825	33.4887000195262	26.19172294759909
1.251175673676698	34.2272274024719	26.58289243175367
1.281175673675534	34.94817080010938	27.85203766884191
1.311175673676189	35.66032220509275	27.853834321701218
1.351175673675243	36.354889624767885	28.09060954413713
1.401175673674516	37.41872073591586	29.008711511640378
1.451175673673788	38.500135832372074	24.518339758337248
1.501175673676698	39.50242299494124	22.149187374531085
1.551175673675971	40.443166208931615	18.789789416006737
1.601175673677062	40.97068576817852	13.272979041536994
1.651175673676335	41.09377366533615	9.721320549438376
1.701175673675607	41.120149643298525	6.296665601753828
1.751175673676698	41.13773362860672	2.872154424149582
1.801175673675971	41.14652562126086	0.8818725757698108
1.851175673677062	41.155317613914974	0.34498069743114185
1.901175673676335	41.16410960656908	0.2799134632618239
1.951175673675607	41.17290159922321	0.2490265065009864
2.001175673676698	41.18169359187729	0.20812058820289078
2.051175673675971	41.17290159922321	0.30671979604176736
2.101175673675243	41.18169359187729	0.3362292218209266
2.151175673674516	41.190485584531444	0.14902050809665676