21.45583300006001	9.949906020942352	8.939500429833945
21.95583300006001	19.24321925877683	8.706012930003295
22.95583300006001	16.515833852021245	10.043641820541572
23.95583300006001	18.08155510404733	10.388137812006882
24.95583300006001	15.10163401148103	9.536506800583041
25.95583300006001	15.505691108778178	9.378947187851216
26.95583300006001	17.32394804661536	7.904167791078734
27.95583300006001	16.364312440534626	8.584522720711119
28.95583300006001	16.364312440534626	8.913572921999629
40.27527800005919	11.768162958779346	3.6532229998692967
41.27527800005919	9.545848923645014	0.15939019450371938
42.27527800005919	9.394327512158764	0.2727713005608086
51.77527800005919	17.17242663512911	1.0177260003981932
53.27527800005919	12.82881283918455	0.33938526918728457
56.27527800005919	7.727591985808018	0.06577130668088446
57.77527800005919	6.969984928375861	0.10004525186656911
59.27527800005919	9.293313237834665	0.5962390987423838
67.27527800005919	7.222520614186578	0.8018420987890825
69.27527800005919	8.586213317564278	0.5804300874566878