0.01000000000021828	0.2118576964792072	0.124715168032549
0.02000000000043656	0.3207246944865041	0.18940915473158457
0.03000000000065484	0.4051953484683169	0.23192803959006822
0.04000000000087312	0.47673306784645597	0.26809899956020994
0.05000000000109139	0.5399200356593061	0.3000450577124098
0.06000000000130967	0.5971383170511024	0.3289297263653575
0.07000000000152795	0.6498101140928061	0.355499466431811
0.08000000000174623	0.6988769757564749	0.38023871570654866
0.09000000000196451	0.7449898581621707	0.4034789823895287
0.1009816608893743	0.7927883241538888	0.42757742220946915
0.1133032870638999	0.8434419483770398	0.453094913202231
0.1271283790183588	0.8971157976600822	0.48011222919314633
0.1426403873238087	0.9539901080937009	0.5087171441025319
0.1600451469057589	1.014250148828255	0.5390054195061443
0.1795736083495285	1.0780981958677922	0.5710754389781779
0.2014849024735668	1.14574216019645	0.605034554786289
0.2260697788387915	1.2174090224650147	0.6409930522154562
0.2536544638169289	1.293332071086333	0.6790712949511128
0.2846049894187672	1.3737659815241796	0.7193929477244333
0.3193320503141877	1.4589724934724464	0.7620929606118568
0.3582964535025894	1.5492373276234026	0.807310043705633
0.4020152329412667	1.6448541295570034	0.855195358438728
0.4510685102704883	1.7461433863847817	0.9059043445771321
0.506107192678428	1.8534344880013562	0.9596058789306241
0.5678616100403815	1.967086750672018	1.0164734537740259
0.6371512059549786	2.0874694459877565	1.0766952054282581
0.7148954112626598	2.2149851309249673	1.1404637215715858
0.802125844332295	2.3500473283613	1.2079891149025523
0.9000000000132786	2.493106863622961	1.2794857035350815
1.009816608886467	2.6446264760088694	1.3551911055585728
1.133032870630814	2.805111546459659	1.4353487552354625
1.271283790178131	2.975080680489535	1.5202311263707626
1.426403873234449	3.15510177522214	1.6101220634250313
1.600451469056679	3.3457585298691863	1.7053303947993945
1.795736083496195	3.547689636448588	1.806184246890158
2.014849024738396	3.7615539746239053	1.9130110832417344
2.260697788388825	3.9880651931112805	2.026160238415491
2.536544638172018	4.227962082340014	2.14593217735295
2.846049894189491	4.482026853767177	2.272638118162663
3.193320503144605	4.7510692233141745	2.4064853792816048
3.582964535029532	5.035918279595357	2.5476659978607956
4.020152329412667	5.337426945054057	2.6962319802017185
4.510685102705793	5.656435111358536	2.852183683482169
5.061071926780642	5.993794413767348	3.015397403554069
5.678616100397449	6.350314682521752	3.185676659819183
6.371512059542511	6.726800480639323	3.362760968713767
7.148954112613865	7.123999552899488	3.546336737392082
8.021258443311126	7.542641818112911	3.736063604941439
9.000000000120963	7.983393849470596	3.9315184104521097
10.09816608885376	8.446884913391296	4.132418929646836
11.33032870629995	8.933712861881348	4.338498371391673
12.71283790177586	9.444441221864851	4.5496359774058375
14.26403873234176	9.979635019098437	4.765804571316102
16.00451469056588	10.539845700356755	4.986988247961132
17.95736083496195	11.125627892119649	5.2130672895039485
20.14849024738669	11.737497764254273	5.44430767835121
22.60697788389098	12.376062039189094	5.6810859730076
25.365446381722	13.04191298222721	5.924087376384309
28.46049894189946	13.735802457622013	6.17457656136564
31.93320503145242	14.458598795314506	6.432826408677004
35.82964535029805	15.211099869703396	6.6978033364753395
40.20152329412849	15.993917847341391	6.9708164493141505
45.10685102706248	16.808128290743813	7.255425312315831
50.61071926781369	17.655132610677544	7.552075849602859
56.78616100398267	18.536077360451973	7.85829490998842
63.71512059543147	19.4517621096576	8.175959661204597
71.48954112614956	20.40372056710841	8.510608304602375
80.21258443311854	21.39396802352976	8.863095004411937
90.00000000121327	22.42417398403296	9.23112106051192
100.9816608885376	23.495760527645015	9.61564792858318
113.3032870630022	24.610536330262722	10.01977913393976
127.1283790177613	25.770536452451744	10.444081795874407
142.6403873234231	26.977589455320445	10.88826906307537
160.0451469056607	28.233538356405674	11.351565883395775
179.5736083496204	29.539891833681555	11.833027053622178
201.4849024738669	30.89811330969118	12.330672205279102
226.0697788389098	32.3090792947831	12.842066574162407
253.65446381722	33.77349517102151	13.364075838307416
284.604989418991	35.291304096951805	13.893085310064974
319.3320503145224	36.86214689795572	14.425225891950397
358.2964535029769	38.4848296514402	14.956344498982652
402.0152329412849	40.15777149357344	15.48240910323133
447.0152329412849	41.741971287842205	15.957084950333378
492.0152329412849	43.20703986352305	16.375392153314625
537.0152329412849	44.5695181606201	16.751461130055404
582.0152329412849	45.84239191299588	17.08960722401855
627.0152329412849	47.03668152068607	17.393882621965165
672.0152329412849	48.161004213231564	17.669290947227168
717.0152329412849	49.22253462590391	17.918490183565165
762.0152329412849	50.2275032724425	18.14509101747057
807.0152329412849	51.18126027128771	18.35107592013059
852.0152329412849	52.08841581471554	18.541706187457958
897.0152329412849	52.95299113119598	18.717265390619993
942.0152329412849	53.77850873821442	18.88128086524751