0.0002777776680886746	1.4246222283474228	3.1425820389110473
0.0005555553361773491	2.8392820634895988	0.9392710266513853
0.0008333333535119891	2.9588307819523605	2.2544500778543135
0.001111111196223646	4.007372666802425	4.181918970545583
0.001388888864312321	5.033499166940769	2.180546013445192
0.001666666707023978	5.070858141460334	3.464512952236415
0.001944444375112653	6.029738487463375	5.745711556563572
0.002222222043201327	6.742049601637109	3.7135229181190503
0.002500000060535967	7.011034218178228	4.859011609881467
0.002777777728624642	7.765685503474127	6.095361998794909
0.003055555571336299	8.25384277053023	5.7262961249883855
0.003333333414047957	8.540261575180518	5.352066579040501
0.003611111082136631	9.145476962398012	5.05936745532159
0.003888888750225306	9.509104314388852	6.295474497084697
0.004166666767559946	9.835372691859982	5.688611317329019
0.00444444443564862	10.350926540230448	5.639989837223147
0.004722222278360277	10.642326541483344	6.602430048725523
0.004999999946448952	10.946179534242745	5.917475961425619
0.005277777789160609	11.39199663017664	6.192095800307028
0.005555555457249284	11.651018853512518	6.671554063612988
0.005833333125337958	11.962343641175849	6.206036428067232
0.006111111142672598	12.333442788070554	6.592559057724827
0.006388888985384256	12.58001201989996	6.785643268912015
0.00666666665347293	12.881374414357996	6.978437614967187
0.006944444496184588	13.195189800322655	6.930805719069275
0.007222222164273262	13.426815442344154	7.1022059606359615
0.007499999832361937	13.71323424699445	7.178023228910037
0.007777777849696577	13.999653051644732	7.226480918004282
0.008055555517785251	14.221316300460993	7.421987456789877
0.008333333360496908	14.480338523796867	7.482142141125896
0.008611111203208566	14.746832542036666	7.400145349837385
0.00888888887129724	14.946080406141256	7.512869244653389
0.009166666539385915	15.20261203117585	7.677165878962197
0.00944444420747459	15.446690664703874	7.66423412094423
0.00972222222480923	15.653410323712297	7.706887586621007
0.01000000006752089	15.875073572528594	7.891938171019019
0.01027777773560956	16.089265026440984	7.885445521188928
0.01055555557832122	16.293494087148122	7.902729147169422
0.01083333324640989	16.510176139361786	8.001102973762961
0.01111111091449857	16.706933405165053	8.040897820073958
0.01138888893183321	16.911162465872142	8.109862585859098
0.01166666677454487	17.11041032997673	8.213795697074842
0.01194444444263354	17.2972052025747	8.244548053777647
0.0122222222853452	17.48649067347404	8.29824631336998
0.01277777762152255	17.85758982036876	8.374087670642533
0.01333333330694586	18.216235975756845	8.486960849982497
0.01388888899236918	18.57488213114503	8.498202181829862
0.01444444432854652	18.903641106917487	8.688449550067247
0.01500000001396984	19.232400082689992	8.790638868719407
0.01555555552477017	19.536253075449398	8.823057412361255
0.0161111110355705	19.867502649523182	8.8632823096379
0.01666666672099382	20.17384624058386	8.963040684098592
0.01722222223179415	20.46524624183679	9.027338986090331
0.01777777774259448	20.736721456679188	9.191427436314063
0.0183333334280178	21.018159064726838	9.205288643787457
0.01888888893881813	21.299596672774477	9.129429185260655
0.01944444444961846	21.546165904603875	9.333543268763751
0.01999999978579581	21.840056504158046	9.452288148099875
0.02055555564584211	22.101569325795246	9.504929063500125
0.02111111115664244	22.32821377121414	9.607519119494482
0.02166666649281979	22.597198387755313	9.76811580833877
0.0222222221782431	22.84376761958461	9.60762132393095
0.02277777786366642	23.080374458208766	9.634665721574988
0.02333333319984376	23.32196249343552	9.8529845054277
0.02388888888526708	23.551097537155755	9.840499150683309
0.02444444439606741	23.78272317917726	9.730366172249324
0.02527777757495642	24.094047966840588	9.798203507452799
0.02611111110309139	24.42031634431176	9.785713898262001
0.0269444442819804	24.72915053367378	9.79567452611999
0.02777777781011537	25.01307874002272	9.987714073898914
0.02861111098900437	25.3169317327821	10.138877120639846
0.02944444451713935	25.598369340829798	10.233509454069575
0.03027777769602835	25.87233515397355	10.431600856136294
0.03111111104954034	26.181169343335558	10.576554249930954
0.03194444440305233	26.460116353081872	10.609236863607755
0.03277777775656432	26.736572764526965	10.753208724576137
0.03361111111007631	27.02050097087595	10.91101307876924
0.0344444444635883	27.282013792513098	10.869410943823697
0.03527777781710029	27.54850781075294	10.883605783488534
0.03611111117061228	27.792586444280953	10.97245651480237
0.03694444452412427	28.04164627441163	10.948124034904087
0.03805555554572493	28.36293345528021	10.961839509923067
0.03916666656732559	28.686711234450073	11.026525516660742
0.04027777776354924	29.000526620414686	11.089556946718014
0.04138888895977289	29.289436023366232	11.142819743229675
0.04249999998137355	29.588307819523056	11.189787532016275
0.0436111111775972	29.88717961567986	11.193604791227392
0.04472222202457488	30.16363602712494	11.226662302708483
0.04583333339542151	30.440092438569927	11.355657914896018
0.04694444441702217	30.70907705511105	11.39617098431041
0.04805555543862283	30.975571073350913	11.392263279303593
0.04916666663484648	31.232102698385397	11.463540551200854
0.0505555554991588	31.555880477555352	11.534409870090823
0.0519444445380941	31.872186461821233	11.545644294382415
0.05333333322778344	32.17105825797805	11.626807167056043
0.05472222226671875	32.482383045641384	11.772152241470394
0.05611111113103107	32.773783046894266	11.752842188863763
0.05749999999534339	33.050239458339306	11.780343702031237
0.05888888868503273	33.34413005789351	11.825247761517511
0.06027777772396803	33.615605272735955	11.944829785515607
0.06194444443099201	33.95432664171368	11.872954298821561
0.06361111113801599	34.258179634473045	12.007351610923298
0.06527777784503996	34.56950442213636	11.997246118222568
0.06694444455206394	34.88082920979969	12.103343822103824
0.06861111108446494	35.16724801444999	12.090057040402769
0.07027777779148892	35.46861040890813	12.222091342597693
0.0719444444985129	35.742576222051774	12.332786468415463
0.07361111120553687	36.024013830099484	12.418080913990407
0.07555555558064952	36.350282207570594	12.434093245523055
0.07749999995576218	36.671569388439224	12.479271682177965
0.07944444450549781	36.99285656930777	12.536771556082677
0.08138888888061047	37.29670956206713	12.68123462427334
0.08333333325572312	37.59060016162137	12.677509599483463
0.08527777763083577	37.88947195777814	12.818843072952516
0.08750000002328306	38.20079674544148	12.808154981465405
0.08972222224110737	38.529555721213924	12.809532855709502
0.09194444445893168	38.843371107178584	12.872343832556256
0.09416666650213301	39.14473350163671	12.945789767791481
0.0963888888945803	39.47100187910788	12.998543073048229
0.09888888895511627	39.79228905997641	13.088659033062529
0.1013888886664063	40.116066839146264	13.085851252091686
0.1038888889015652	40.43735402001489	13.19479334487588
0.1063888887874782	40.75116940597945	13.260827816854553
0.1088888888480142	41.06498479194412	13.192984968798969
0.1116666665766388	41.391253169415286	13.343569850021131
0.1144444444798864	41.712540350283824	13.504611490553025
0.1172222220338881	42.04628052265896	13.57706547608637
0.1199999999371357	42.3576053103223	13.628755587488323
0.1227777778403834	42.66145830308166	13.673487051658828
0.1258333332370967	43.005160868661996	13.889619545596101
0.128888888983056	43.353844630844925	14.007944765483552
0.1319444445543923	43.68011300831612	14.084079823953546
0.1349999997764826	43.99392839428076	14.181667462274037
0.1383333331905305	44.3351403615598	14.31110404044787
0.1416666666045785	44.693786516947895	14.465278875286236
0.1450000000186265	45.02503609102171	14.466182545878944
0.1486111111007631	45.38617284471118	14.591359886917438
0.1522222221828997	45.72987541029154	14.651587440958982
0.1558333332650363	46.07108737757048	14.796798238008309
0.159444444347173	46.42724293465733	14.750894938032339
0.1633333330973983	46.77841729514159	14.88874311142469
0.1672222221968696	47.134572852228466	14.983246182485123
0.1711111111217178	47.46333182800095	15.012368780693654
0.1752777777146548	47.834430974895625	15.086292403450301
0.1794444444822148	48.17813354047593	15.027207777119564
0.1836111110751517	48.53677969586407	15.171547761218578
0.1880555553361774	48.91036944106011	15.220195279683
0.192499999946449	49.25158140833909	15.312626177422807
0.1969444442074746	49.60026517052197	15.295259832015136
0.2016666666604579	49.95393012930761	15.408984639981858
0.2063888889388181	50.325029276202294	15.426889688021253
0.2113888888852671	50.69861902139824	15.43327172229373
0.2163888886570931	51.054774578485095	15.53494123662386
0.221388888778165	51.40345834066804	15.486086732548914
0.2266666665673256	51.77455748756277	15.510665906345128
0.2319444443564862	52.13818483955348	15.421392690684682
0.2374999998137355	52.50928398644823	15.408946450152063
0.2430555556202307	52.87042074013768	15.456670331843238
0.2488888889201917	53.22159510062189	15.469736986404726
0.2547222222201526	53.572769461106105	15.39625540566115
0.2608333333628252	53.93141561649429	15.419245473149648
0.2669444445054978	54.290061771882435	15.371277350383448
0.2733333333162591	54.66116091877717	15.399521029768502
0.2797222221270204	55.017316475863986	15.472079138747132
0.2863888889551163	55.37098143464951	15.466175767797278
0.2930555556085892	55.73958998324292	15.498787762029659
0.3000000001047738	56.09574554032979	15.518721186676958
0.3069444444263354	56.45937289232058	15.563840398338975
0.3141666667652316	56.82050964600999	15.54325104762999
0.3216666667722166	57.176665203096874	15.61162664725346
0.3291666666045785	57.532820760183675	15.615558040963037
0.3369444444542751	57.89893871047586	15.597936435657282
0.3447222223039717	58.26754725906917	15.606458229379262
0.3527777778217569	58.618721619553405	15.574968848895272
0.3611111110076308	58.98483956984547	15.623601884960758
0.3694444445427507	59.35095752013758	15.679239590042732
0.3780555555713363	59.69715068401921	15.681099681171537
0.3869444444426335	60.068249830913864	15.661020607744968
0.3961111111566424	60.42440538800076	15.728994925523851
0.4052777776960284	60.78056094508761	15.763094858942186
0.4147222222527489	61.149169493680965	15.810097475380731
0.4244444444775581	61.512796845671794	15.835272181088264
0.434444444545079	61.88389599256645	15.859874337633876
0.4447222222806886	62.25499513946115	15.893071592178856
0.4549999998416752	62.62111308975325	15.94197298375503
0.4655555554199964	62.99968403155186	15.979661591331718
0.4763888886664063	63.3508583920361	16.070471671333085
0.4875000001047738	63.724448137232095	16.05126302051688
0.498888888861984	64.08309429262029	16.13710610008653
0.5105555556365289	64.4541934395149	16.1787174634387
0.5225000000791624	64.83276438131354	16.175595344334702
0.5347222220152617	65.21631651971474	16.256308615759536
0.5472222223179415	65.57994387170554	16.270095034265218
0.559999999939464	65.9659866084081	16.34405935023509
0.5730555555783212	66.34455755020667	16.395248124608944
0.5863888888852671	66.72312849200522	16.400323237389767
0.5999999998603016	67.09173704059872	16.369722174415212
0.6138888888526708	67.46532678579466	16.47607233258552
0.6280555555131286	67.83642593268932	16.52755138789895
0.6427777778590098	68.21997807109058	16.500648921576552
0.6577777778729796	68.5985490128892	16.534761363568315
0.6730555555550382	68.97213875808524	16.63529256163768
0.6886111109051853	69.35569089648641	16.721115725381356
0.7047222222900018	69.75418662469548	16.712315937301156
0.721111111168284	70.12528577159016	16.79685583873759
0.7377777777146548	70.50883790999137	16.839945709432055
0.754999999946449	70.90235244159787	16.922931419742273
0.7725000000209548	71.29586697320431	16.987820617536777
0.7905555556062609	71.66945671840028	16.95843764121467
0.8088888886850327	72.0679524466094	16.997342330894803
0.8277777777984738	72.45648578161322	17.074851609497596
0.8469444444053806	72.84750971491832	17.109070206797902
0.8666666666977108	73.24849604142868	17.09468576319119
0.8866666664835066	73.63453877813126	17.123205929674853
0.9072222223039716	74.01310971992989	17.13629369103671
0.9283333332859911	74.4165866447415	17.170437692960633
0.9499999999534339	74.81757297125186	17.244305252738542
0.9719444444635883	75.20610630625575	17.273731265682432
0.9944444443099201	75.58218664975306	17.256361111484733
1.017499999841675	75.98317297626346	17.325024397208747
1.041111111058854	76.37668750786986	17.315848000436606
1.065277777612209	76.78514562928417	17.315083594552583
1.089999999850988	77.19111315239712	17.370943295354373
1.115277777775191	77.57466529079835	17.414227471773163
1.141111111035571	77.96817982240484	17.378845128915703
1.167499999981374	78.36667555061388	17.400941493174773
1.194444444263354	78.7626806805216	17.332954240158326
1.222222222248092	79.1661576053333	17.322776477761575
1.250555555569008	79.55220034203586	17.397056811398645
1.279444444226101	79.94322427534104	17.365473964884522
1.309166666585952	80.3417200035501	17.436501265920864
1.33944444428198	80.73274393685519	17.405813692778807
1.370555555506144	81.13622086166693	17.41863426169498
1.402222222241107	81.53471658987591	17.500957313596384
1.43472222215496	81.92075932657848	17.533392574919866
1.468055555596948	82.33668924289671	17.509672710808175
1.501944444375113	82.72522257790052	17.611707476470688
1.536666666681413	83.12869950271225	17.602447890005184
1.572222222166602	83.53217642752396	17.67357794477414
1.608611111179926	83.93067215573296	17.7432842884988
1.645833333372138	84.32169608903806	17.64657368661478
1.683888888917863	84.735135407055	17.795857840572722
1.7227777778171	85.13363113526415	17.76761900951827
1.762777777737938	85.54956105158233	17.81379592543029
1.80361111118691	85.95054737809261	17.868603649119407
1.845277777640149	86.34157131139779	17.920771909548748
1.888055555638857	86.76497302261994	17.915488116005502
1.931666666641831	87.16097815252772	18.084149482064035
1.976388888666406	87.57441747054456	18.0318312979793
2.022222222061828	87.98536619026022	18.053952432474382
2.068888888985384	88.38635251677054	18.074921782413366
2.116666666755918	88.79730123648616	18.07312371282387
2.16555555537343	89.23315593921484	18.14548661655186
2.215555555536412	89.63414226572517	18.2079889698214
2.266666666720994	90.03761919053686	18.204278301767744
2.319166666595265	90.43362432044465	18.253866817263827
2.372777777840383	90.8545354333655	18.30358549477609
2.427500000107102	91.265484153081	18.22136446562786
2.48361111106351	91.69137646260451	18.29353802709207
2.541111111058854	92.0998345840188	18.369523499199673
2.599722222250421	92.51078330373437	18.455352245542063
2.6597222223063	92.93169441665526	18.4311511220854
2.721111110877246	93.34762433297347	18.510257494264668
2.783888888836373	93.76355424929162	18.414865572332936
2.848333333153278	94.18446536221245	18.509493523190667
2.914166666683741	94.59790468022935	18.487000148900837
2.981388888903894	95.01134399824628	18.50001217366934
3.05027777783107	95.43972690607099	18.515136184844337
3.120833333116025	95.84320383088266	18.466024895774254
3.193055555457249	96.27158673870744	18.47556610903891
3.266944444505498	96.6775542618204	18.514213359613844
3.342500000086147	97.1009559730425	18.537337880651396
3.419722222024575	97.519376487662	18.52005750015859
3.498611111193895	97.92285341247377	18.572397205992452
3.579444444389083	98.34376452539459	18.55037765361251
3.662222222308628	98.76467563831537	18.603213079838607
3.746944444254041	99.18309615293495	18.581626288032595
3.833611110923812	99.60649786415699	18.568464910879154
3.922222222317942	100.0199371821739	18.586187959035644
4.012777777737938	100.44084829509482	18.630719563185192
4.105555555550382	100.85677821141307	18.551762644386994
4.200277777737938	101.27270812773115	18.483006500470218
4.297222222317942	101.68614744574809	18.172682500104003
4.396388888941146	102.09211496886114	17.637728426199768
4.497777777782176	102.5204978766858	17.052951412051343
4.601666666683741	102.92148420319621	16.684207469580116
4.708055555645842	103.3224705297066	16.532817283197208
4.816666666651145	103.67364489019081	16.395582358494494
4.927777777716983	103.96504489144372	16.382124511663513
5.041666666511446	104.25395429439526	16.257789320733092
5.158055555541068	104.58520386846902	16.233884894218512
5.277222222299315	104.96626540856894	16.25886976692302
5.39916666643694	105.3473269486689	16.422345202149604
5.523888888827059	105.74831327517929	17.011397872821956
5.651388888945803	106.14680900338838	17.59109746280268
5.78194444446126	106.5403235349947	17.871206069328103
5.915277777705342	106.94380045980638	18.016198787454943
6.051944444538094	107.32984319650896	18.040408091024585
6.19166666676756	107.75075430942981	18.107981323071755
6.334722222061828	108.16668422574799	18.140797917595773
6.480833333276678	108.55770815905318	18.25594735130831
6.630555555573665	108.96865687876875	18.287912225831313
6.783611111110076	109.35220901716993	18.417061895986777
6.940277777728625	109.76564833518694	18.38505711648287
7.10055555542931	110.16912525999858	18.345189520569786
7.264444444386754	110.58505517631677	18.470728254682513
7.432222222269047	110.99351329773097	18.4993707949169
7.603611111058854	111.40446201744663	18.74015116447387
7.77916666661622	111.81541073716221	18.75652597522142
7.958611110923812	112.21888766197394	18.751123247134036
8.142222222173586	112.63481757829204	18.83533686244051
8.329999999841675	113.04825689630908	18.875628789914398
8.522222222294658	113.4816210007364	19.037043116188375
8.718888888834044	113.89506031875332	18.97609542988472
8.919999999983702	114.29355604696231	19.140726350107798
9.125833333237097	114.72442955308837	19.250103777416992
9.336388888768852	115.1378688711053	19.243549373467165
9.551944444421679	115.58119536873784	19.20505886703372
9.772222222178243	115.97470990034438	19.237188784239816
9.997777777723968	116.41056460307298	19.33414812381937
10.22833333339077	116.84641930580165	19.215535248571026
10.46444444451481	117.25487742721596	19.305413794797367
10.70583333342802	117.6757885401368	19.29429112053874
10.95277777779847	118.09171845645503	19.41657312527186
11.20555555564351	118.50764837277328	19.31237720374275
11.46416666661389	118.90863469928362	19.231665535021772
11.72861111105885	119.3370176071083	19.312420622680943
11.99916666664649	119.772872309837	19.415264946605678
12.27611111104488	120.18880222615526	19.54317879704846
12.55944444425404	120.59726034756957	19.51018615022536
12.84916666662321	121.01069966558647	19.663355910734936
13.14555555564584	121.43161077850726	19.700986164765293
13.44888888881542	121.86995607953725	19.63294995839119
13.7591666666558	122.30830138056717	19.705737833841614
14.07666666666046	122.7117783053788	19.79256042841384
14.40138888882939	123.14016121320365	19.925640159194035
14.73361111117993	123.57103471932969	19.930900204122803
15.07361111120554	123.98696463564788	19.904268587568954
15.4213888887316	124.4128569451713	19.87657841157953
15.77722222229932	124.83376805809218	19.942598629381806
16.14111111103557	125.26962276082081	19.950443785358033
16.51333333330695	125.68555267713896	19.960553858102628
16.89416666660691	126.1114449866625	19.993322837019413
17.28388888877817	126.53733729618587	20.09925667591454
17.68249999999534	126.94828601590139	20.01549063165158
18.09027777775191	127.37168772712371	20.027183696343318
18.50750000006519	127.79758003664705	20.073316539341157
18.93444444425404	128.2135099529652	20.111159778099356
19.37111111101694	128.65434585229647	20.07575996672002
19.81805555551546	129.05035098220438	20.175187147339493
20.27527777757496	129.48122448833035	20.09316075041528
20.74305555556202	129.89964500294982	20.04890242903486
21.22138888877817	130.32553731247327	20.00446863605279
21.71083333343267	130.73648603218888	20.024329616944033
22.21166666666977	131.15988774341096	20.162477175428855
22.7238888888387	131.55838347162012	20.319984345884034
23.24805555562489	131.96684159303436	20.476449321588753
23.78416666667908	132.3653373212434	20.73337120818764
24.33277777768672	132.80119202397202	20.987972991674763
24.89388888899703	133.2171219402902	21.273335297958432
25.46805555559695	133.67041083112818	21.6019407065932
26.05555555550382	134.11124673045933	21.936654549458854
26.65666666673496	134.57947921110517	22.367963070547415
27.27138888894115	135.03276810194285	22.522460013890576
27.90027777780779	135.50349118088982	22.836099152717857
28.54388888884569	135.95927067002904	22.97849590203521
29.20222222222947	136.4250125523733	23.165579526898863
29.8758333332953	136.90071682792293	23.184254774690004
30.56500000006054	137.356496317062	23.349376513373013
31.27000000001863	137.82472879770765	23.393007258020823
31.99111111118691	138.2879800817507	23.540652780976657
32.72888888890157	138.76617495560166	23.725456517867766
33.48361111117993	139.22942623964465	23.87334022406183
34.25583333335817	139.68271513048245	24.01604563003986
35.04583333327901	140.16091000433337	24.283695943663137
35.85416666662786	140.62665188667773	24.525999947474087
36.68111111107282	141.10733735882988	24.680526913889537
37.52722222229932	141.59051342928336	24.850405123533335
38.3927777778008	142.07368949973687	25.118790670507693
39.27833333343733	142.56433736509413	25.425368680706864
40.18416666670237	143.06494762365685	25.580894623241928
41.11083333310671	143.5705390788221	25.58950312430148
42.05888888868503	144.05122455097424	26.067629893581685