0.645761380528711	0.019287620639919872	1.52673222163756
1.145761380528711	2.72919832055024	3.439671826661389
1.645761380528711	2.396486864511435	4.839409652110069
2.145761380528711	4.571166091663645	4.844150040563744
2.645761380528711	6.4806405350168195	4.357695627244372
3.145761380528711	7.391980610253546	4.250750516637888
3.645761380528711	8.163485435850767	5.33098623113631
4.145761380528711	8.718004529248795	4.9286573609645785
4.645761380528711	9.190551234927138	4.521083723866298
5.145761380528711	9.619700794165574	3.9344213360490596
5.645761380528711	10.0343846379241	3.860201035161015
6.145761380528711	10.40084943008281	3.6032647910511613
6.645761380528711	10.82517708416127	3.3851940731076327
7.145761380528711	11.090381867960337	2.9242557753789433
7.645761380528711	11.336299031119452	2.8231533655375953
8.145761380528711	11.529175237518741	2.6956487194420133
8.645761380528711	11.7075857284381	1.9863473013431148
9.145761380528711	11.905283839997399	1.6071434926046861
9.645761380528711	12.117447667036654	1.8258749842029818
10.14576138052871	12.363364830195763	1.4446846482430655
10.64576138052871	12.546597226275114	1.139567828831359
11.14576138052871	12.638213424314774	0.6248123848951815
11.64576138052871	12.696076286234566	0.14360349284348614
16.64576138052871	12.14637909799655	1.1913525194851236
17.14576138052871	12.237995296036207	1.8035055330371
17.64576138052871	12.392296261155664	1.9693877179754957
18.14576138052871	11.98243432255711	2.2594255368920493
18.64576138052871	11.775092400677874	2.248442914917764
19.14576138052871	11.442380944639062	2.4606649357311343
19.64576138052871	11.29772378983955	2.578662812874098
20.14576138052871	10.83482089448121	2.384434796985797
20.64576138052871	10.487643722962488	2.4417935689683645
21.14576138052871	10.179041792723572	2.6304795310779756
21.64576138052871	9.450934113566174	2.3182018118340046
22.14576138052871	10.1404665514437	2.565001315988974
23.14576138052871	9.436468398086259	2.858697411368547
24.14576138052871	9.422002682606273	2.024158216256885
25.14576138052871	9.156797898807204	1.1352540711446237
26.14576138052871	9.600413173525657	0.3369080740102061
27.14576138052871	11.003587575080655	2.4211830305017115
28.14576138052871	13.645991602751161	2.768540587676218
29.14576138052871	14.851467892746852	1.9556190235301543
30.14576138052871	15.589219382224217	2.087455764385115
31.14576138052871	15.960506079542885	2.4151811389391975
32.14576138052871	16.235354673661906	3.253220919741671
33.14576138052871	16.31250515622165	3.5262056448267076
34.14576138052871	16.298039440741654	4.305684416972074
35.14576138052871	16.240176578821867	4.680176239496047
36.14576138052871	16.447518500701143	3.8613717774713416
37.14576138052871	16.76094233610003	4.921409348884137
38.14576138052871	16.69825756902026	4.086811881405935
39.14576138052871	15.97014988986284	3.6437178156400423
40.14576138052871	14.296948799348831	2.683607116821341
41.14576138052871	12.435693407595508	0.8358162880690616
42.14576138052871	11.842599072917634	0.047885051863115105
43.14576138052871	15.396343175824875	1.230433462571092
103.6457613805287	2.0685973136326017	0.046566061535488326
106.1457613805287	2.0830630291125503	0.6353487166121313
108.6457613805287	2.131282080712366	2.0040003647691043