0.01666666654637083	3.219048587168516	8.790079069041154
0.03333333326736465	10.432119415202521	12.02708793354929
0.04999999998835847	15.690497696327816	13.15625148688611
0.06666666636010632	19.510517310859907	12.641351988907727
0.08333333325572312	22.217960349950218	11.269088151535012
0.09999999980209395	24.140973070868906	9.78582791843389
0.1166666665230878	25.547651911472066	8.506324820093928
0.1333333332440816	26.60963533197449	7.413734717485988
0.1499999999650754	27.424799809688707	6.588500848277329
0.1666666665114462	28.08582065646628	3.0291398955106854
0.6333333333022892	6.45439668122551	221.49079208279485
0.6499999998486601	11.767150783080007	204.87384345335087
0.6666666665696539	15.873707331193785	173.5348583205307
0.6833333332906477	19.011428603880358	131.4044338272821
0.6999999996623956	21.336349564971353	112.06620166221607
0.7166666665580124	23.062663664817464	85.33428728714412
0.7333333331043832	24.376194360345398	69.90200687507489
0.7666666665463708	26.25476075823324	44.589487963853415
0.7999999999883585	27.54181279323218	30.739632948763756
0.8333333332557231	28.505446903198287	24.000157195415948
0.8666666665230878	29.24826789768152	19.08719056536294
0.8999999999650754	29.85113025794003	15.922875857783412
0.9333333330578171	30.3537519747673	13.6852556614884
0.9666666664998047	30.784030208363557	12.190770466327367
0.9999999999417923	31.15614995544076	10.963609733822144
1.033333333209157	31.48476904593462	9.98703558748254
1.066666666651145	31.77792564464855	9.321376933218687
1.099999999918509	32.04318508316229	8.66196256472483
1.133333333011251	32.290004025950466	8.133223089499014
1.166666666453239	32.50939864176219	7.695855323238847
1.199999999895226	32.71649959375687	7.3067090577023
1.233333333162591	32.906105716473455	6.982369558044689
1.266666666604579	33.085782341491665	6.691720529816909
1.299999999871943	33.25363813591659	6.458645291204569
1.333333333313931	33.40825460007701	6.229019785364667
1.366666666406672	33.55625139910517	6.028830848108388
1.39999999984866	33.695737200106166	5.866870527319091
1.433333333290648	33.829549002422354	5.702592814289687
1.466666666558012	33.95721397283003	5.550053104207539
1.516666666546371	34.136417764624554	5.351645140461053
1.566666666360106	34.303800725825724	5.178534735514819
1.616666666523088	34.461727022552274	5.0333253416766786
1.666666666511446	34.6092509883567	4.907082985136165
1.716666666499805	34.74731828968648	4.7953392247681155
1.766666666662786	34.87876592588401	4.68366717110969
1.816666666651145	35.007376562739175	4.596531181302028
1.866666666639503	35.13031320090953	4.501937448091354
1.916666666453239	35.24710300717137	4.4467012983613685
1.96666666661622	35.35632748185349	4.39158577805204
2.016666666604579	35.4650791233119	4.318681106678289
2.066666666592937	35.56531976674312	4.255445258220731
2.116666666406672	35.66414191050311	4.211930036659855
2.166666666569654	35.760599888144505	4.166876025872319
2.216666666558012	35.854220866443434	4.124998042891019
2.283333333267365	35.9710106727053	4.068318497618853
2.349999999802094	36.086381979295936	4.032703608309165
2.416666666511446	36.19702495364928	3.9922929661031636
2.483333333220799	36.30104826287035	3.9526012473637318
2.549999999755528	36.40270740597276	3.9374161446717593
2.616666666639503	36.50105671650903	3.902312019545151
2.683333333174232	36.59704186092668	3.866626262988905
2.749999999708962	36.68924433955445	3.8496189345118195
2.816666666592937	36.77860981883983	3.8228579801798235
2.883333333302289	36.86750246490148	3.798465161097503
2.949999999662396	36.952139611949534	3.7660702702866464
3.033333333267365	37.053325921828204	3.7404123847930926
3.116666666523088	37.15309373203567	3.717259576886644
3.199999999953434	37.24624187711093	3.672797992527066
3.283333333209157	37.336080189620034	3.630823573381052
3.366666666639503	37.42591850212915	3.5975836356907194
3.449999999895226	37.51008281595345	3.5682444558847157
3.533333333150949	37.595665629448966	3.544853329231491
3.616666666406672	37.67415594458853	3.5215093085586053
3.716666666558012	37.764939923545086	3.5189421544188386
3.816666666360106	37.85194123671183	3.4643564716123474
3.916666666511446	37.93846971665481	3.4519607417837963
4.016666666662786	38.024525363374075	3.430958417837834
4.116666666639503	38.10632551107969	3.432189651053378
4.21666666661622	38.18812565878536	3.43828251955352
4.316666666592937	38.25905064234519	3.439608064359725
4.416666666569654	38.33470395814233	3.457171643694284
4.533333333267365	38.42170527130906	3.4494443579240666
4.649999999965075	38.50681525158083	3.4426717160803597
4.766666666662786	38.590033898957685	3.4204685201165628
4.883333333011251	38.668524214097246	3.4717087492247307
4.999999999708962	38.75127002825038	3.441660729589529
5.116666666406672	38.82739617727126	3.43669753550077
5.25	38.91061482464813	3.431149777702169
5.383333333244082	38.99005080623511	3.4075815100853397
5.516666666662786	39.07563361973064	3.4348098058212133
5.649999999906868	39.147031436514204	3.409898219870692
5.783333333150949	39.22268475231135	3.407179691536484
5.933333333290648	39.3063762329119	3.441336682788981
6.083333333255723	39.38392088160399	3.4342082195492156
6.233333333220799	39.46855802865205	3.418163798816322
6.383333333011251	39.54515701089664	3.4320183651687617
6.533333333150949	39.62033749347009	3.4254352093536165
6.699999999662396	39.70875730630796	3.4242473180295696
6.866666666523088	39.78393778888139	3.4407547538564835
7.033333333209157	39.86337377046838	3.423001784515815
7.199999999895226	39.9357172536994	3.4453759327570816
7.366666666406672	40.00758790370669	3.458351863918009
7.549999999988359	40.087023885293725	3.4263921744471872
7.733333333220799	40.16409570076204	3.441226633213979
7.916666666453239	40.24069468300666	3.4427628718224668
8.099999999860302	40.318239331698734	3.464298360368404
8.299999999988358	40.399093812956934	3.4927086789125177
8.499999999941792	40.47474712875405	3.4946552596929377
8.699999999895226	40.548036278432576	3.485355606120448
8.916666666569654	40.628890759690755	3.4736385219245363
9.133333333244082	40.70690824160652	3.4689399486738344
9.34999999991851	40.785871389969834	3.4835313812856508
9.566666666592937	40.859160539648315	3.4696886185006854
9.799999999988358	40.93339535577428	3.5106333440360338
10.03333333320916	41.006684505452725	3.4916484105931156
10.26666666660458	41.082337821249915	3.4431481469593583
10.51666666654637	41.164137968955544	3.4106275713929946
10.76666666666279	41.23459011929166	3.090037786130348
11.01666666660458	41.314498934102375	3.9672851525504
11.28333333326737	41.38778808378089	4.07813663489696
11.54999999975553	41.45209340220844	4.1155026052124875
11.81666666659294	41.521127052873354	4.195409345234879
12.09999999980209	41.527746718005574	4.265361372804854
12.38333333301125	41.784022325268424	4.143325809947743
12.68333333329065	41.88048030290979	4.312688187233486
12.9833333332208	41.9632261170629	4.412698436043981
13.28333333315095	42.0573199285856	4.47244509025649
13.59999999980209	42.139592909515	3.9146317502422896
13.91666666645324	42.195387229915404	2.9090157601020437
14.25	42.30224753847884	2.758411124459973
14.58333333319752	42.385466185855705	2.7599875032914647
14.93333333329065	42.46868483323257	2.6768001243819657
15.28333333320916	42.35709619243177	2.549796568922565
15.64999999984866	42.39823268289648	2.3650560911714313
16.01666666666279	42.46064666842912	2.1930228437585355
16.39999999984866	42.54150114968735	2.2481564162223484
16.78333333320916	42.62093713127431	2.1903576278581838
17.18333333329065	42.671530286213695	2.999944570284629
17.58333333319752	42.6866609493731	3.3695312132233366
18.0	42.75616743326172	3.4526099301661612
18.41666666645324	42.847424245442035	3.5693259487803157
18.84999999980209	42.917876395778144	3.5547803701216947
19.29999999987194	42.975562049073424	4.039692352957489
19.74999999994179	43.08762352309797	3.9829521128888907
20.21666666655801	43.16564100501378	4.168403064015292
20.68333333317423	43.26682731489245	4.1153506065654035
21.16666666651145	43.34106213101842	4.113777983784402
21.66666666656965	43.48574909748042	4.58595349765261
22.16666666645324	43.494260095507606	4.579782077404765
22.68333333305782	43.57085907775222	4.401931426979171
23.21666666655801	43.68197488532928	4.36149450742551
23.76666666660458	43.75479120178405	4.284123395753952
24.31666666665115	43.819096520211595	4.425486909814936
24.88333333324408	43.95952798766006	4.559212793080913
25.46666666655801	44.066861129447275	4.79233389908985
26.06666666659294	44.13447628044097	4.942791075333292
26.68333333317423	44.201145764987196	4.909049093372524
27.29999999975553	44.280581746574185	4.899005538318768
27.93333333305782	44.38413222257153	4.939539746482953
28.58333333325572	44.555770682786324	4.625323638413487
29.25	44.61913033476642	4.505434035954283
29.93333333329065	44.72693630977735	4.3522186080581795
30.63333333330229	44.82433995386614	4.850750894467401
31.3499999998603	44.89148227163613	4.876472432786016
32.08333333331393	44.96429858809088	4.845795505704966
32.83333333331393	45.031440905860826	4.535408366302761
33.5999999998603	45.10662138843424	4.725204450396822
34.38333333330229	45.13688271475313	4.662296907396706
35.18333333329065	45.31230384075773	4.615305651025514
36.0	45.39457682168719	4.657377933652894
36.83333333325572	45.48677930031493	4.743924495925511
37.68333333305782	45.580873111837626	4.9411527800572435
38.56666666665115	45.68395075461122	5.017879697323973
39.46666666661622	45.77095206777792	5.472705157602173
40.38333333330229	45.85795338094463	5.0515905232382545
41.31666666636011	45.930769697399406	5.170273159516076
42.28333333320916	46.02013517668478	0.7415298986179379
45.29999999975553	46.34308026849386	4.377536347943795
46.3499999998603	46.42015208396219	4.859280845752854
47.43333333305782	46.52464822640699	5.158763204836198
48.53333333315095	45.66740159178061	5.495574184076651
49.66666666651145	44.90519443512436	5.998412492627125
50.81666666659294	45.41112598451775	6.029067273636166
51.99999999994179	46.71945551458463	5.7046351204276045
53.1999999996624	46.90386047184019	5.910243980692269
54.43333333317423	47.03767227415639	5.922864938308584
55.69999999995343	47.15162508107584	10.381022705869196
57.0	47.31853520905326	14.526647288104858
58.31666666659294	47.425395517616764	12.843017643290684
59.66666666645324	47.535565658746364	7.180500658515601
61.04999999975553	47.65613813079804	6.826712493840695
62.46666666649981	47.75968860679541	6.663193438301168
63.91666666651145	47.850472585751916	6.633138875128296
65.39999999996508	47.9644253926714	6.369516690073479
66.91666666651145	48.09965569465882	6.3567932354694
68.4666666664998	48.20226050420868	6.317606724309644
70.04999999975553	48.30770231310096	6.23234523906862
71.66666666645324	48.40179612462363	6.221539895789003
73.33333333331393	48.50345526772609	6.298461744007042
75.03333333326736	48.6098427430658	6.240737857370089
76.76666666666279	48.70346372136481	6.210872120999805
78.54999999987194	48.807014197362136	6.071316173796176
80.36666666652309	48.90347217500351	6.087603249376904
82.23333333316259	49.00134865231604	6.075944450069547
84.13333333324408	49.09827946318113	6.1359374828429765
86.08333333331393	49.198520106612385	6.171065796141445
88.08333333319752	49.294505251029996	6.173608731380131
90.11666666652309	49.39380022801377	6.241689525550032
92.1999999996624	49.49025820565513	6.24290816362582
94.33333333331393	49.59049884908631	6.302316492478718
96.51666666660458	49.68742965995144	6.3505176728349095
98.74999999970896	49.789561636277575	6.379214078674767
101.033333333151	49.89263927905116	6.404587746612261
103.3666666664067	49.992879922482416	6.456964565097718
105.7666666665464	50.09643039847966	6.491681658527441
108.2166666664998	50.19383404256853	6.545994392937171
110.7166666666162	50.29738451856592	6.5752830765510755
113.2833333332674	50.39951649489205	6.627681312987789
115.8999999999069	50.49692013898087	6.651637632119824
118.5833333332557	50.59668794918836	6.668693954678018
121.3333333333139	50.697874259067014	6.696762805567942
124.1333333330113	50.79858773572192	6.715672079700301
126.9999999999418	50.900246878824404	6.774949648313899
129.9333333330578	51.0004875222556	6.79997064961682
132.9333333330578	51.10214666535796	6.846795561937154
135.9999999999418	51.20238730878924	6.900541144762063
139.1499999999069	51.30262795222047	6.9331221058859756
142.3666666664067	51.4023957624279	6.962947879234272
145.6499999999651	51.50263640585918	7.008077693036605
149.0166666666046	51.60571404863275	7.048592107108504
152.4666666664998	51.707846024958926	7.099356345685481
155.9833333331044	51.81234216740371	7.116835644128263
159.5833333333139	51.91400131050611	7.152932046553246
163.2666666666046	52.0132962874899	7.218010023365941
167.033333333151	52.10880859868378	7.29211696419156
170.8999999998487	52.215196074023524	7.354765575149916
174.8499999998021	52.31874655002084	7.399010442302185
178.8833333330113	52.421351359570714	7.402965937801513
183.0166666665464	52.524901835568095	7.441973850302158
187.249999999709	52.62183264643319	7.4899650234579696
191.5833333331975	52.722073289864326	7.557339876026825
196.0166666666628	52.828933598427795	7.590320425799492
200.5499999997555	52.93768523988626	7.560711420449726
205.1833333331742	53.043127048778516	7.450140805931574
209.9166666665697	53.14478619188095	7.247248593394522