0.01000000000021828	0.2707558072442758	0.21985812149974282
0.02000000000043656	0.534326941884987	0.5406185275870797
0.03000000000065484	0.7915858995658018	0.7744929683800227
0.04000000000087312	1.0430046532839958	1.0022512528246543
0.05000000000109139	1.2889014322583798	1.2217446616233654
0.06000000000130967	1.5295494170601018	1.4327845325921515
0.07000000000152795	1.7651908485339733	1.6353572107214687
0.08000000000174623	1.9959819643561703	1.8298819860528295
0.09000000000196451	2.2221439113023926	2.0168370491569885
0.1009816608893743	2.465330352832926	2.213688976575665
0.1133032870638999	2.732001106982544	2.4241983371370774
0.1271283790192683	3.0236902954739797	2.6479162625460493
0.1426403873247182	3.3419117711128665	2.884130146263653
0.1600451469075779	3.6880367715189375	3.1315736183261866
0.1795736083513475	4.063288901376662	3.3885700817776376
0.2014849024762953	4.468654839961853	3.6526335394023577
0.2260697788424295	4.90478736056422	3.920809890833789
0.2536544638205669	5.371994636535784	4.189068892533456
0.2846049894233147	5.870003106700191	4.452955584038515
0.3193320503196446	6.398096823901918	4.7067542624480705
0.3582964535089559	6.9546875000507935	4.944553519336299
0.4020152329485427	7.537699226202913	5.159249379998685
0.4510685102795833	8.143908415212893	5.344016379425912
0.5061071926884324	8.769667573312034	5.491380133046093
0.5678616100522049	9.410030857379349	5.59481412864151
0.6371512059686211	10.059846125194454	5.648312552731644
0.7148954112781212	10.712781175296353	5.647445824494816
0.8021258443495753	11.362659695511674	5.58995945973503
0.900000000032378	12.00262476959965	5.475379921686928
1.009816608908295	12.62638482126054	5.3069520614430745
1.13303287065537	13.22782368209367	5.089182376365992
1.271283790205416	13.801680740163135	4.830834245453756
1.426403873265372	14.343852933054215	4.540774272573763
1.60045146909215	14.851116626789368	4.231038202151282
1.795736083535303	15.3221396823707	3.912514144570368
2.014849024782961	15.756205493954742	3.596807451622454
2.260697788438847	16.154659374466856	3.29370642643512
2.536544638227497	16.519044220494116	3.011062891350557
2.846049894251337	16.852523091397195	2.7551173580793535
3.193320503214636	17.15808613659203	2.5286193213438795
3.582964535107749	17.439540961168742	2.3335056118572735
4.020152329499979	17.700335915087827	2.168299601481758
4.510685102803109	17.943948641866125	2.0315388677146804
5.061071926889781	18.173501958593715	1.919588523973988
5.67861610052023	18.391643633550824	1.8292866992637504
6.371512059680754	18.60077695481731	1.7567758984229709
7.148954112768479	18.802665978964967	1.698724088979042
8.02125844348484	18.998952676239565	1.6521267425534092
9.000000000314685	19.190712720606026	1.6143382988192496
10.09816608907022	19.3789834380697	1.5834391173012423
11.33032870654279	19.564402344179747	1.5576772804489025
12.71283790204871	19.747607862871437	1.5359890612778264
14.26403873264826	19.928997625531714	1.5173548255118388
16.00451469090876	20.10898053535911	1.5012342050539884
17.95736083534575	20.2878359737694	1.4870790614578415
20.14849024781688	20.465852640904455	1.4746151738087276
22.60697788437392	20.643253367932466	1.4635507608626293
25.36544638226405	20.820265704758015	1.453729478812712
28.46049894250791	20.997082358496044	1.4449829099159353
31.93320503213545	21.173896912062414	1.437204166703762
35.82964535106476	21.35088119285072	1.4302811830337039
40.20152329498887	21.52820497398182	1.4241287574096197
45.10685102802745	21.706020360913612	1.4186615655155603
50.61071926889599	21.884474831163985	1.413810327739359
56.78616100519685	22.063698858443402	1.4095065023346607
63.71512059679299	22.243815051643608	1.4056921535563278
71.48954112767751	22.424927598848303	1.40231101554727
80.21258443483384	22.60712914039726	1.3993158587217496
90.00000000313776	22.79049166490849	1.396662300670105
100.9816608906967	22.975072019067294	1.3943108279104806
113.3032870654242	23.1609032334769	1.3921996157274399