0.001388667005812749	7.3385805212376765	0.05485193822379868
0.002777556044748053	9.354058327510014	5.759913694136432
0.004166444909060374	12.366238300826913	15.2218074381423
0.005555333773372695	18.336263546701833	15.676694678183804
0.006944222463062033	20.956214898915995	12.17776044056684
0.008333111501997337	23.24166824958377	18.139110239402868
0.00972200054093264	26.768329920710656	20.164454480275044
0.01111088940524496	29.147171038307555	17.90811027656584
0.01249977826955728	31.266224367901437	20.556486978280006
0.01388866695924662	33.673930795276455	22.207726884634564
0.01527755599818192	35.7012943173398	21.865446296824175
0.01666644486249425	37.51980883336141	21.86926414813778
0.01805533390142955	39.32134375539595	21.929644509630034
0.01944422276574187	40.992135803729504	22.140464548475187
0.02083311145543121	42.491433952793116	22.000711058249966
0.02222200049436651	43.904136172522314	21.809261658316995
0.02361088935867883	45.22854450351847	21.540661196550687
0.02499977822299115	46.4731487427751	21.314066265126254
0.02638866691268049	47.592103986527	21.03052015592644
0.0277775559516158	48.672006164108446	20.572734133644982
0.0291664449905511	49.67719812814658	20.37890351789519
0.03055533385486342	50.59239824405288	20.033880470678778
0.03194422271917574	51.49231672537078	19.713789178343994
0.03333311140886508	52.31752499314535	19.400445151442504
0.03472200044780038	53.10537815414815	19.228503255415788
0.0361108893121127	53.859272127176666	18.971690851182146
0.03749977835104801	54.56392527764266	18.829914008327854
0.03888866721536033	55.241411077729104	18.56801997658009
0.04027755590504967	55.898521365031044	18.378708079687566
0.04166644494398497	56.5250683831561	18.290389661057148
0.04305533380829729	57.105770497516005	18.111224040848484
0.04444422267260961	57.68817057127451	17.932112476798295
0.04583311136229895	58.2281216600653	17.84138193304018
0.04722200040123425	58.76637478945732	17.76116242271292
0.04861088944016956	59.274064649672496	17.703097382475445
0.04999977830448188	59.75968103770444	17.5673802002794
0.0513886671687942	60.25039130393248	17.66984209138159
0.05277755585848354	60.72751789497087	17.50410393809346
0.05416644489741884	61.17408121683236	17.46200416780153
0.05555533376173116	61.608758822902885	17.410901675740686
0.05694422280066647	62.06381194175798	17.33683983214522
0.05833311166497879	62.467926278651646	17.233652306546535
0.05972200035466813	62.85506102155824	17.178050938566173
0.06111088939360343	63.2676651554455	17.060957351413247
0.06388866712222807	64.01646525027796	16.8195697104931
0.06666644485085271	64.74149391352843	16.85926500756445
0.06944422275410034	65.40879195722258	16.63047469769354
0.072222000308102	66.0591104069297	16.55764627596414
0.07499977821134962	66.69075130325096	16.26060921001048
0.07777755611459725	67.28164117400304	16.08046832411019
0.08055533384322189	67.8572494101668	16.020291895801996
0.08333311157184653	68.37682498617296	15.73192188606506
0.08611088930047117	68.87772300879331	15.528881696570867
0.0888886672037188	69.3633393968252	15.555368295804024
0.09166644475772046	69.8591435412494	15.241245337727982
0.09444422266096808	70.30570686311096	15.23669410158292
0.0972220005642157	70.74038446918149	15.031141011254816
0.09999977829284035	71.1920416692391	14.92662543592477
0.102777556021465	71.57747845274697	14.73948905293254
0.1055553337500896	71.9832907490394	14.474764827913106
0.1083331116533373	72.33646630397168	14.350592493320374
0.1111108892073389	72.70831941228985	14.16586247477571
0.1138886671105865	73.06489088601961	14.127415350242527
0.1166664450138342	73.37731541538275	13.759857224717154
0.1194442227424588	73.71011545753055	13.759865183139194
0.1222220004710835	74.01405018990015	13.667875162417282
0.1263886672386434	74.49796861853335	13.285366390168026
0.1305553336569574	74.90378091482576	13.199834451014183
0.1347220004245173	75.34185443969373	12.829866163904095
0.1388886671920773	75.72898918260029	12.736659837672686
0.1430553336103912	76.07367494053902	12.413468268458729
0.1472220005525742	76.44213213005979	12.161782650849007
0.1513886671455111	76.75625461882164	11.766520476443226
0.1555553339130711	77.1043362955578	11.621434465446496
0.159722000506008	77.4116669467249	11.611799308986
0.163888667098945	77.68503840991767	11.28859116904373
0.168055333866505	77.95161803551562	11.219071973384683
0.1722220004594419	78.24027113329683	10.911757308858578
0.1763886670523789	78.4728915709205	10.83835259618398
0.1805553338199388	78.76324262810043	10.604229311954976
0.1847220005874988	78.99586306572414	10.548280169858241
0.1902775560447481	79.3116835138847	10.426735325714098
0.1958331115019973	79.60203457106466	10.317799740877955
0.2013886669592466	79.88049991245366	9.885290639759672
0.2069442227657419	80.15047545684897	9.89532853891205
0.2124997782229912	80.41196120425076	9.62208677476585
0.2180553338548634	80.65816531706419	9.478010509196762
0.2236108893121127	80.8805979982956	9.261317091051126
0.229166444943985	81.1352919081025	9.089764273675248
0.2347220004012343	81.35942254873262	8.805947447426226
0.2402775558584835	81.54789604198982	8.739196625666269
0.2458331116649788	81.74825525103792	8.368482395892437
0.2527775558119174	81.97408385106672	8.296491249775315
0.259722000308102	82.18632877590585	7.820011680084396
0.2666664448042866	82.41385533533342	7.805284170778537
0.2736108893004712	82.57516147821116	7.520856436476848
0.2805553337966558	82.78401048425285	7.399330683056347
0.2874997782928404	82.94531662713055	7.2554560468663265
0.2944442227890249	83.1388839985839	7.233198391495464
0.3013886671105865	83.2967942226642	6.989300257650961
0.3097220004710835	83.47847587832649	7.070675842787196
0.3180553336569574	83.65676161519134	6.951827828968796
0.3263886671920773	83.85372490544208	6.867338055787736
0.3347220005525742	84.0099371701236	6.781502639291935
0.3430553339130711	84.18312902879235	6.882849474224734
0.351388667098945	84.34613313106885	6.786754845454373
0.3597220004594419	84.49894947695302	6.7650897370323
0.3680553338199388	84.66874541682432	6.642215401682927
0.3777775560447481	84.82835360030334	6.705528669828031
0.3874997782695573	85.02022301235792	6.778609617830048
0.3972220004943665	85.16794548004587	6.721351361487318
0.4069442227191757	85.32415774472753	6.602221144150262
0.416666444943985	85.48546388760522	6.5766708863697945
0.4263886671687942	85.63318635529328	6.719816303073463
0.4374997782579158	85.83184760494274	6.542272771802955
0.4486108893470373	85.9880598696243	6.627092224199866
0.4597220002615359	86.14087621550844	6.712102349532971
0.4708331116999034	86.28859868319651	6.631085536832498
0.4819442227890249	86.46518646066268	6.737489939629119
0.4944442227424588	86.6146068877494	6.509604566088887
0.5069442226958927	86.78440282762072	6.663294423062265
0.5194442226493265	86.96268856448555	6.716997851422699
0.5319442226027604	87.10531715397748	6.716208353069906
0.5444442225561943	87.28020697204488	6.764415084775132
0.5583331115485635	87.41943964273938	6.844996789288584
0.5722220005409326	87.60961109539524	6.833971204943119
0.5861108893586788	87.77261519767173	6.667537523558877
0.599999778351048	87.91694174656224	6.6920379382765915
0.6138886671687942	88.10201932102198	6.6164993185299465
0.6291664448508527	88.2633254638997	6.660303100690773
0.6444442227075342	88.42463160677747	6.546948880772459
0.6597220005642157	88.55707243987712	6.518970422556717
0.6749997782462742	88.69970102936898	6.6169557802781505
0.691666444967268	88.86440309104415	6.351538930887299
0.7083331116882619	89.00533372113736	6.217091563307587
0.7249997780600097	89.15984802642025	6.186333007624024
0.7430553338199388	89.31945620989923	6.282388994729245
0.761110889405245	89.49095010916926	6.169780817350516
0.7791664449905511	89.61659910467401	6.231199888829702
0.7972220004012343	89.73545626258394	6.197505271378746
0.8166664448508527	89.88997056786683	6.19938176679698
0.8361108893004712	90.0461828325484	6.151202699994133
0.8555553337500896	90.16503999045827	6.021794939664994
0.8763886672386434	90.33992980852572	6.228727769073869
0.8972220005525742	90.47067268222669	6.258205621830693
0.918055333866505	90.62348902811082	6.290438647497248
0.940277556044748	90.76781557700146	6.163657882308741
0.9624997782229912	90.90535028829723	6.261671248229339
0.9847220004012343	91.0751462281685	6.120652063563985
1.008333111618413	91.20588910186936	6.190932177359214
1.031944222660968	91.36210136655106	6.283503041343777
1.056944222742459	91.49114628085317	6.283336524944099
1.081944222649327	91.63547282974379	6.208971461115007
1.106944222556194	91.76961162224211	6.105601827157736
1.133333111501997	91.91733408993016	6.2432619776278715
1.1597220004478	92.09222390799754	6.163257681830377
1.187499778257916	92.23485249748947	6.357952473288719
1.215277556068031	92.35370965539941	6.247933640356652
1.244444222742459	92.50482804188485	6.256084962186383
1.273610889416887	92.66443622536383	6.2207190459276545
1.304166444955627	92.80536685545705	6.023735067638018
1.334722000494367	92.97516279532834	6.051997877444001
1.366666444897419	93.095717912637	6.158320204418736
1.398610889300471	93.23325262393273	6.05475439816483
1.431944222742459	93.37248529462718	5.956685700999072
1.465277556009824	93.50153020892942	6.069301193593423
1.499999778316123	93.64925267661741	5.882309888055692
1.5347220004478	93.79188126610929	5.961299408830334
1.570833111618413	93.9158323022154	6.034791694519758
1.608333111653337	94.05506497290982	5.98906719055475
1.645833111688262	94.21806907518624	6.022001118777774
1.684722000587499	94.34541603008975	5.966490835389657
1.723610889312113	94.47955482258807	6.045993759464595
1.763888667250285	94.63406912787097	6.18774544438581
1.805555333703524	94.76141608277442	6.067171802437885
1.847222000506008	94.89725283467146	6.052571503243171
1.890277555998182	95.02969366777107	6.1227266454929685
1.934722000354668	95.19269777004762	6.082157417860658
1.98055533375009	95.35060799412784	6.089075932428139
2.026388667145511	95.45757943624679	6.1606246446502215
2.073610889405245	95.61718761972581	6.216491969694752
2.122222000354668	95.75981620921762	6.158365058414581
2.17222200051765	95.88716316412116	6.068426814619502
2.22361088937032	96.0450733882015	6.002924515232181
2.274999778222991	96.18600401829464	6.201998898682692
2.327777556114597	96.3354244453814	6.11896139003074
2.381944222695893	96.45428160329134	6.112987028013249
2.437499778316123	96.59521223338449	6.249761865433459
2.494444222800667	96.73614286347768	6.3080710620718845
2.552777555974899	96.89065716876058	6.259706063560132
2.61249977836269	97.03158779885376	6.228837207677968
2.67361088944017	97.1725184289469	6.4147060878579065
2.736110889207339	97.33042865302723	6.441361821074951
2.79999977836269	97.5002245928985	6.410335857638926
2.865277555858484	97.6309674665994	6.380598406862107
2.931944222742459	97.77359605609134	6.448682152194201
2.999999778316123	97.93490219896904	6.511812607737364
3.0694442227541	98.08092670725839	6.4380406151082505
3.14027755605639	98.21336754035795	6.347620939411593
3.213888666912681	98.36109000804603	6.504490462355489
3.288888667157153	98.51730227272766	6.420238526129331
3.365277556091314	98.67181657801048	6.4387702795188595
3.443055333889788	98.81104924870492	6.511551555647959
3.523610889416887	98.96046967579171	6.5108655202815156
3.605555333808297	99.12686969686555	6.510137732192571
3.688888667238643	99.24912277357294	6.435795682474046
3.774999778222991	99.41552279464682	6.504318681397305
3.862499778246274	99.57852689692331	6.543781728180688
3.952777555998182	99.71266568942151	6.50075330895
4.044444222789025	99.85869019771094	6.5325210963116
4.138888666959247	99.99792286840535	6.742973759547643
4.23472200051765	100.16771880827662	6.653539879051235
4.333333111455431	100.31713923536338	6.649002435680047
4.433333111606771	100.4546739466591	6.75065869727679
4.536110889312113	100.6278658053279	6.869044727632047
4.641666444920702	100.79935970459788	6.976844408632411
4.749999778257916	100.94538421288723	6.790194502677137
4.859722000459442	101.10669035576497	6.807152599390003
4.972222000564216	101.26290262044648	6.9294836011066945
5.087499778222991	101.43609447911523	6.84858895961365
5.205555333610391	101.59909858139167	6.941631436009961
5.326388667250285	101.72644553629522	7.060609642092168
5.449999778269557	101.87926188217938	6.9374586497422985
5.576388667192077	102.04566190325325	7.055027296234103
5.705555333843222	102.20017620853609	7.057897114344253
5.837499778222991	102.39204562059065	7.063755396821342
5.972222000506008	102.56353951986071	7.214453446609298
6.111110889207339	102.69767831235897	7.235873867748762
6.252777555811917	102.88105792742003	7.231111540573666
6.397222000494367	103.05424978608879	7.319689737944535
6.54583311159513	103.2189518477639	7.234686859885017
6.697222000424517	103.38025799064171	7.182699171297721
6.852777556021465	103.53816821472203	7.290540501685934
7.011110889347037	103.70287027639718	7.1585421087389305
7.17361088944017	103.87776009446456	7.105229726933666
7.340277555951616	104.05095195313326	7.352888513920382
7.509722000540933	104.21056013661232	7.29362233698748
7.683333111548564	104.3684703606927	7.4312982506724605
7.861110889323754	104.52128670657686	7.486993350957536
8.043055333866505	104.68259284945464	7.524334559218463
8.229166445002193	104.90332757128732	7.447082127756755
8.419444222556194	105.05105003897526	7.592084659606759
8.613888667052379	105.23952353223237	7.6448482673943
8.813888667005813	105.4178092690973	7.7927689345103
9.01805533390143	105.60118888415832	7.783879217773502
9.22638866721536	105.7557031894411	7.600704643901103
9.440277555811917	105.94927056089452	7.735076183576263
9.658333111699903	106.1190665007658	7.779883779724854
9.881944222695893	106.3058420346241	7.709899126930057
10.11111088932375	106.46545021810326	7.7211101439785175
10.34444422271918	106.64373595496814	7.867444050966606
10.58333311157185	106.82202169183296	7.736075638875175
10.82777755605639	107.02068294148235	7.818968598794996
11.07777755599818	107.18198908436003	7.686801812558566
11.33333311157185	107.36706665881974	7.844337096197961
11.5958331116417	107.55554015207692	7.844868271713
11.86388866716879	107.71854425435339	7.905082735503741
12.13749977815314	107.90701774761057	7.913320819410023
12.4180553338083	108.06323001229222	7.899482080749943
12.70555533361039	108.25849534314409	7.9417374372431535
12.9986108893936	108.43678108000904	7.921278525622936
13.29861088932375	108.62865049206354	8.019854230973058
13.60555533375009	108.8290097011117	7.996419135201151
13.91944422267261	108.98691992519207	8.122592231886323
14.24166644495563	109.18218525604404	8.041676429394592
14.57083311156021	109.36556487110498	8.136101588642092
14.90694422266097	109.5506424455648	8.194230279230423
15.25138866712223	109.73402206062579	8.104813803952274
15.60416644494399	109.91909963508553	8.172452865861006
15.96527755595162	110.09568741255157	8.174691739844297
16.33472200049437	110.29604662159979	8.219431132829055
16.71249977822299	110.50149970884405	8.306827491028198
17.09861088931211	110.68148340510767	8.284412634841589
17.49305533376173	110.85467526377633	8.345230521955326
17.89722200026154	111.04994059462834	8.489162020961793
18.31111088916077	111.24350796608165	8.416370100393204
18.73472200045944	111.44896105332583	8.441649729907956
19.1680553338083	111.62724679019085	8.503102802871595
19.61111088920734	111.8259080398402	8.667501820582524
20.06388866700581	112.03475704588188	8.692259168004705
20.52777755606803	112.21813666094285	8.739390235573788
21.00138866700581	112.42868362638326	8.793022745961387
21.48611088920734	112.62225099783664	8.83359565663193
21.98194422267261	112.83279796327703	8.948365726655629
22.48888866705238	113.03315717232522	9.008385197836098
23.00833311156021	113.23691230017072	9.055841360313178
23.54027755602147	113.454251103206	9.078520676823784
24.08333311157185	113.64102663706434	9.146138917486706
24.63888866725029	113.86515727769454	9.213889038843247
25.20833311157185	114.08758995892596	9.244629480568022
25.79027755602147	114.28115733037919	9.403043110792645
26.38611088946345	114.49679817401572	9.295419040428717
26.99583311154856	114.70564718005753	9.40786126140769
27.61944422280067	114.93147578008634	9.424116139713412
28.25694422269589	115.13862682672932	9.441664299970485
28.9097220004478	115.37803910194779	9.593694196506242
29.57638866719208	115.56990851400236	9.6412280723852
30.2597220003081	115.78215343884143	9.697079447742574
30.95833311145543	116.00967999826901	9.75221930276233
31.67361088932375	116.23550859829786	9.754245956362611
32.40416644487414	116.46303515772544	9.757980793510258
33.15277755600982	116.68886375775416	9.97624551082411
33.91805533386651	116.90959847958685	9.973586442733405
34.70138866695925	117.14731279540675	9.991563388094644
35.50277755581192	117.3544638420498	10.034329371535092
36.32222200042452	117.59387611726834	10.037335907560179
37.16111088931211	117.8349863518855	10.094893260277859
38.01805533361039	118.04553331732598	10.219386919167944
38.89583311157185	118.27645579555089	10.088880284654616
39.7930553338083	118.5107741925733	10.221338405381244
40.71111088935868	118.73830075200087	10.248550812631693
41.64999977822299	118.97601506782071	10.231307983073481
42.61111088944017	119.22391714003285	10.354342926405353
43.59444422266097	119.43106818667574	10.420922988020804
44.59999977806001	119.66708454309685	10.470285322541697
45.62916644485085	119.9115906965115	10.513141116765432
46.68194422250963	120.14760705293268	10.615471302409345
47.75972200042452	120.38532136875247	10.606458074271915
48.86111088920734	120.62982752216725	10.724904439203186
49.98888866711059	120.87433367558187	10.797950281014963
51.1416664449207	121.110350032003	10.834215324213915
52.32222200054093	121.37013782000601	10.86278687277355
53.52916644475772	121.61464397342063	10.930506908720268
54.76388866695925	121.84726441104426	10.837972354384917
56.02777755600982	122.09856240205391	10.958362079944358
57.32083311156021	122.34986039306344	11.04810184456133
58.64305533361039	122.59097062768066	10.881973265544799
59.99583311154856	122.84226861869018	10.980000476766588
61.38055533388979	123.06470129992162	10.99535379003748
62.79722200045944	123.3346768443169	11.017971591653046
64.24583311160677	123.58937075412392	11.041664769289495
65.72777755602146	123.81010547595668	11.050569283119593
67.24444422274246	124.07498714215586	10.981863398550074
68.79583311159513	124.30930553917815	11.212129452303428
70.38333311161841	124.56399944898517	11.030850512389405
72.00694422246306	124.81869335879212	11.0631761075688
73.6680553338665	125.05980359340933	11.148751025533821
75.36805533381994	125.29412199043169	11.17571324140967
77.10694422267261	125.56579549422588	11.138162418492668
78.88611088946345	125.7933220536534	11.14249296827188
80.70555533384322	126.0531098416565	11.199253676245633
82.56666644485085	126.29082415747644	11.202722259121488
84.4708331116999	126.55910174247293	11.281979903013598
86.4194442225562	126.7832323831031	11.172453548309747
88.41249977829284	127.03622833351135	11.32970279163586
90.45138866725028	127.30110999971066	11.108901084732514
92.53749977829284	127.54052227492919	11.158981790368818
94.67222200045944	127.79012230653991	11.242071237188435
96.85555533375009	128.0346284599546	11.378192890231313
99.09027755606803	128.29441624795766	11.281747961338656
101.3763886672386	128.5032652539994	11.212357100689207
103.7152775559516	128.74946936681275	11.303307309613926
106.1069442225562	129.03302858639782	11.190619906357806
108.5541664449556	129.28432657740734	11.344747049393623
111.058333111665	129.51355109623358	11.330337967290605
113.6194442225096	129.75975520904692	11.460755906825524
116.2402775560913	130.01614707825257	11.35767020410441
118.9208331113623	130.2385797594841	11.14035088847863
121.663888667099	130.51364918207557	11.130715086078444
124.4694442226028	130.76664513248377	11.066295673512034
127.3402775559516	131.00096352950618	11.050908996217343
130.2777775560098	131.22169825133898	10.974540130587727
133.2833331116417	131.45431868896256	11.172123371902247
136.3569442226726	131.70052280177595	10.984548106554053
139.5013886670058	131.9127677266151	10.797339104636649
142.7194442227192	132.15218000183367	10.845980168533865
146.0111108894635	132.38819635825473	10.822539672924014
149.3791664449673	132.64968210565655	10.95831762747532
152.8249997782696	132.8806045838815	10.76921246879456
156.34999977806	133.08945358992327	10.618916686205186
159.9555553339014	133.33056382454038	10.588797403478983
163.6444442226493	133.54280874937967	10.343280269437933
167.4180553338665	133.80089857798407	10.103598464992507
171.2791664447577	134.0029557464309	10.08378506935722
175.2291664447112	134.179543523897	10.218244094233519
179.2708331114554	134.4087680427233	10.067673509437629
183.4055553338549	134.58875173898676	10.20336130253916
187.6361108894635	134.7959027856298	9.925937779975765
191.9638886671455	135.01833546686132	10.12300756703231
196.3916664448043	135.2509559044849	10.325700598180312
200.9208331116533	135.45640899172906	10.34320365895579
205.5541664448974	135.6924253481503	10.4578808745973
210.294444222789	135.88769067900222	10.799980097519192
215.1444442227075	136.1271029542208	10.422913436699211