0.01516460480797832	7.1434397280047754	5.662852041472955
0.03183160480784864	11.57750366293029	6.2972063992404514
0.04849760480738041	14.304696482268291	6.158766434893502
0.06516460480725073	16.057891866128504	5.8677323995233905
0.08183160480712104	17.3822908180283	5.534752107131393
0.09849760480756231	18.36579066751087	4.9422063232594535
0.1151646048074326	19.090349735366352	4.176206633381843
0.1318316048073029	19.60110448811693	3.7595855512920413
0.1484976048068347	20.046530144585482	3.5176253646944127
0.165164604808524	20.39930726450854	3.2973525633407665
0.1818316048083943	20.715262530163507	3.1680844563703787
0.1984976048079261	20.999147148552844	2.9962258999500286
0.2151646048077964	21.229580688165882	2.8805980307353463
0.2318316048076667	21.429131382263797	2.769259883869194
0.2484976048071985	21.622743067608802	2.678634042958658
0.2651646048070688	21.800913330196227	2.651492072036561
0.2818316048069391	21.954139756021355	2.612258488135516
0.2984976048082899	22.1026149748442	2.5955677413643943
0.3151646048081602	22.24396338316361	2.6467386972376556
0.3318316048080305	22.381748386231234	2.6865170874787982
0.3484976048084718	22.51478218229641	2.7248951278344653
0.3651646048083421	22.643064771359377	2.732027170228635
0.3818316048082124	22.767783955170557	2.726084454358747
0.3984976048077442	22.885376328478312	2.743545177657258
0.4151646048076145	22.99584189128252	2.7824306314877596
0.4318316048074848	23.100368445333732	2.8055246790692885
0.4484976048070166	23.207270602886187	2.8234723302179914
0.4651646048068869	23.31536056218926	2.8509270542861436
0.4818316048076667	23.41751151273941	2.901135369665384
0.4984976048071985	23.514911256287192	2.8490256742136864
0.5151646048070688	23.609935396333814	2.6034017339485187
0.5318316048069391	23.703771734629804	2.557515588056478
0.5484976048082899	23.794044667674036	2.607148697008986
0.5651646048081602	23.862937169207957	2.6767072043252904
0.5818316048080305	23.88550540246898	2.7883024148074704
0.5984976048075623	23.969839326760415	2.8287452502760964
0.6151646048074326	24.062487863305787	2.8549290461842083
0.6318316048073029	24.151572994599594	2.985693726385931
0.6484976048068347	24.23828252239207	3.282174762476016
0.665164604808524	24.322616446683483	3.357665686786739
0.6818316048083943	24.40338696572311	3.356132058447262
0.6984976048079261	24.486533088263897	3.3220382483513835
0.7151646048077964	24.564928003802326	3.312645978338363
0.7318316048085762	24.63857171233844	3.3292665047509478
0.7651646048079783	24.795361543415442	3.3765441386578803
0.7984976048073804	24.92720753773007	3.3713157506214446
0.8293316048075212	25.056677928543635	3.4310354945621864
0.8626646048069233	25.196838535112423	3.344182431853169
0.8959976048081444	25.32512112417531	3.4062993553301917
0.929331604807885	25.45577931673941	3.443796215588727
0.9626646048072871	25.562681474291853	3.4805275457211624
0.9959976048085082	25.68027384759961	3.5113007067789326
1.029331604808249	25.80142962615893	3.5467998497407676
1.06266460480856	25.91902199946669	3.6362907617948723
1.095997604807963	26.035426571023816	3.779044675791556
1.129331604807703	26.143516530326803	3.835759637045673
1.162664604807105	26.25635769663225	3.783488936515335
1.195997604807417	26.366823259436366	3.7864594895523793
1.229331604807157	26.482040029242963	3.8204881990674076
1.262664604808379	26.585378781543657	3.8795098917921167
1.295997604807781	26.670900507585603	3.94008730646648
1.329331604807521	26.765924647632218	3.952141268682932
1.362664604806923	26.868075598182365	3.9599849136301084
1.395997604808144	26.966663143480766	4.00903634849532
1.429331604807885	27.06525068877907	4.104704481038672
1.462664604808197	27.16265043232682	4.221458659395634
1.512664604807469	27.30281103889561	4.321602168518313
1.562664604807651	27.444159447215018	4.4111973282466765
1.612664604806923	27.586695657284945	4.54879274663732
1.662664604808015	27.72329285860198	4.635598901387035
1.712664604807287	27.861077861669518	4.742887572166801
1.762664604808379	27.99648726123592	4.670604544950789
1.81266460480856	28.14258687655763	4.6558048939990275
1.862664604807833	28.27443287087233	4.722185277142931
1.912664604807105	28.40746666693761	4.880389354982631
1.962664604807287	28.50486641048538	4.9158118594489135
2.012664604808379	28.618895378541335	4.906855021033903
2.062664604807651	28.742426760601923	4.9407948580088545
2.112664604806923	28.867145944413124	5.0943273021817115
2.162664604808015	28.995428533476083	5.103137914746466
2.212664604808197	29.116584312035602	5.2328784267700055
2.279331604807339	29.279313151865317	5.35768499360381
2.345997604807053	29.432539577690545	5.414371659083044
2.412664604808015	29.582202598264022	5.444288046487707
2.479331604807157	29.723551006583318	5.533333097958455
2.545997604807781	29.874401828907345	5.56611394779836
2.612664604807833	30.014562435476105	5.615048312123866
2.679331604806976	30.158286447296565	5.666548321209397
2.745997604808508	30.304386062618367	5.787225574071644
2.812664604807651	30.442171065685915	5.829996318238399
2.879331604808613	30.581143870504082	5.887108664147546
2.945997604808326	30.71298986481881	5.893197198408598
3.029331604807339	30.874530902897998	5.909058098409441
3.112664604806923	31.040823147979594	5.855884740641269
3.195997604807417	31.204739789560048	6.140844662868148
3.279331604808249	31.348463801380582	6.197855386235584
3.362664604807833	31.494563416702203	6.282388873650243
3.445997604807417	31.62759721276755	6.228294150013524
3.529331604808249	31.780823638592757	6.322742134520342
3.612664604806923	31.97562312568832	6.332513119469411
3.695997604808326	32.120534939259386	6.601259228488885
3.795997604806871	32.298705201846815	6.5494810375230985
3.895997604808144	32.4543072311731	6.664131439743591
3.995997604808508	32.61347266575123	6.615334649280491
4.095997604807963	32.807084351096265	6.768998364743906
4.195997604807417	32.94130594891204	6.807141948989642
4.295997604807781	33.092156771236134	6.898146307155094
4.395997604808144	33.24419539531065	7.088749244022102
4.512664604807469	33.45324850341325	7.282497937826959
4.629331604808613	33.64092118000533	7.2421422790946
4.745997604808508	33.81315243383985	7.4855669349127405
4.862664604807833	33.999637308681315	7.6796802958529025
4.979331604807157	34.18018317476989	7.711927937921469
5.095997604807053	34.37617046361614	7.694816674605353
5.229331604808067	34.56740654545992	7.68780562068704
5.362664604806923	34.76814504130836	7.802936208657714
5.495997604808508	34.958193321401595	7.8869286378112555
5.629331604807703	35.14111479099132	8.123131326262996
5.762664604808379	35.32522406233173	8.161381279750271
5.895997604808144	35.49032850566272	8.305419383989243
6.045997604806871	35.69225480326177	8.377517484468312
6.195997604807417	35.900120109613766	8.483591520206826
6.345997604807963	36.13768045973032	8.56067236793052
6.495997604808508	36.343170162581075	8.547597425093468
6.645997604808144	36.546284261930836	8.661970963095872
6.812664604807651	36.76008857703567	8.702906974574878
6.979331604807157	36.97151728863949	8.73713936969189
7.145997604807235	37.1698801809867	8.6847977672922
7.312664604807651	37.34805044357413	8.730824077117353
7.495997604807599	37.5559157499261	8.776424698713322
7.679331604807885	37.759029849275784	8.748534774468727
7.862664604807833	37.966895155627775	8.732584931391363
8.04599760480778	38.184262875984444	8.808771113107092
8.245997604807599	38.41113301034582	8.971689909068616
8.445997604807417	38.63325193770467	9.086656462940086
8.645997604807235	38.828051424800314	9.28303387678103
8.845997604807053	39.02403871364647	9.373383440572972
9.062664604807651	39.24615764100542	9.51091823011763
9.279331604808249	39.467088766613855	9.641199156906696
9.495997604808508	39.686832090471576	9.839297073941768
9.729331604808067	39.93627045809407	10.06513247131704
9.962664604807287	40.166703997707145	10.24101760906639
10.19599760480742	40.41495456357884	10.399895847315841
10.44599760480833	40.6703319399542	10.569193738849442
10.69599760480742	40.93758733383536	10.842502876123453
10.94599760480742	41.178711089203595	11.016363055671102
11.2126646048082	41.426961655075424	11.28900602800729
11.47933160480716	41.67996342794959	11.332677557437929
11.74599760480851	41.93177739907312	11.477361291390071
12.02933160480734	42.2227888279659	11.500920915248543
12.31266460480856	42.50192223935276	11.615536173593945
12.61266460480692	42.79887267699845	11.733987200268121
12.91266460480802	43.06018906212675	11.931343886667044
13.21266460480729	43.335759068261936	12.110440260416723
13.52933160480734	43.60776566914544	12.169478947711994
13.84599760480796	43.87502106302646	12.15904637245868
14.17933160480789	44.14702766391001	12.159187334955465
14.51266460480838	44.44160249805455	12.307571585051672
14.86266460480692	44.74449194445313	12.390198779398336
15.21266460480729	45.04144238209886	12.487219424788165
15.57933160480752	45.32413919873754	12.695881610030856
15.94599760480742	45.610399420627935	12.749438546558453
16.32933160480752	45.90853766002415	12.52964119249511
16.71266460480729	46.204300295919325	12.30614185915347
17.11266460480692	46.497687328313255	12.344036863500238
17.51266460480838	46.81126699046717	12.234713544016167
17.92933160480789	47.091588203604644	12.349751890936242
18.34599760480796	47.33152415722246	12.285564205524322
18.77933160480734	47.576211317842436	12.533098629701811
19.21266460480729	47.875537358989284	12.548184770743621
19.66266460480802	48.12497572661168	12.435328914098925
20.12933160480861	48.438555388765565	12.457310202095904
20.59599760480796	48.70937418789838	12.57294938113896
21.07933160480752	49.0585879025698	12.756754575075222
21.57933160480752	49.35316273671432	12.621088613434566
22.07933160480843	49.63704735510358	13.155023056589346
22.59599760480705	49.91618076649052	13.083412330440106
23.18349760480851	50.21669460938798	13.396640693933284
24.1834976048076	50.720322551635036	13.351563269230889
25.18349760480851	51.30472101292176	13.57722476471848
26.18349760480851	51.85467322344159	13.749048941930063
27.1834976048076	52.368991381443934	14.012569551260444
28.18349760480851	52.84648768517819	14.002374134753019
29.18349760480851	53.30260355740203	13.845195856668607
30.1834976048076	53.75515602437412	13.999948428915946
31.18349760480851	54.19701827559078	14.241054633400458
32.18349760480851	54.642443932059365	14.348752097150726
33.1834976048076	55.04748432900808	22.896212181636425
34.18349760480851	55.49884899422955	26.721249285496107
35.18349760480851	55.916955210434686	29.45823287060653
36.1834976048076	56.310117589877485	31.99416414522396
37.18349760480851	58.43034371466785	31.44500002544772
38.18349760480851	59.515994514700466	32.800500137640775
39.1834976048076	60.339141127854354	34.55954081645341
40.18349760480851	61.101709851728565	37.02327768094173
41.18349760480851	61.77756904781003	34.07810559278905
42.1834976048076	62.342962681087485	27.71223810315009
43.18349760480851	62.77057131129725	26.106403374548545
44.18349760480851	63.30151869380774	24.907745175898
45.68349760480851	64.10328487545122	24.147463963737426
47.18349760480851	64.89079743608762	23.563525993481736
48.68349760480851	65.61179309869128	24.04229791778405
50.18349760480851	66.23657681949784	23.597892092116073
51.68349760480851	66.92312623133472	23.34991596354194
52.89710860480682	67.44100779458883	22.97669009588488
54.39710860480682	68.08360854165403	22.959395370152023
55.89710860480682	68.61336812241393	23.0963305006877
57.39710860480682	69.15975692768207	23.102486427018142
58.89710860480682	69.7441553889688	22.636235096359776
60.39710860480682	70.29885880649091	22.595621307015993
61.89710860480682	70.83218179250254	22.258064524028818
63.39710860480682	71.35362676100846	22.412158880834205
64.89710860480682	71.8620059102579	22.34705764374117
66.39710860480682	72.30980717022759	22.238986217341385
68.39710860480773	72.93221528753288	20.898213678397507
70.39710860480773	73.50117232606205	20.572020637019172
72.39710860480682	74.07012936459127	20.37729766245388
74.06933160480821	74.5476256683255	20.537553110425215
76.0693316048073	74.86120533047931	20.591448305887823
78.0693316048073	75.31138219395027	20.617880755448372
80.06933160480821	75.79719310993853	20.536394440074332
82.0693316048073	76.30082105218571	20.414498477454252
84.0693316048073	76.79257097692694	20.35865832073581
86.06933160480821	77.28194529816705	21.228525655389582
88.0693316048073	77.75587819664962	21.546326352097466
90.56933160480821	78.29514019141416	21.387489703999325
93.0693316048073	78.82727537567527	21.350769376601253
95.5693316048073	79.35584715468462	21.5233849818156
98.06933160480821	79.84997268292703	21.704598049892468
100.6562756048079	80.35835183217654	21.577288522822897
103.1562756048079	80.78477266063571	21.48253553223055
105.656275604807	81.26226896436998	21.520984811960084
108.1562756048079	81.77302371712052	21.45454335858164
110.6562756048079	82.2742760558665	21.633535080240797
113.6562756048079	82.78146740336528	21.609700243796087
116.6562756048079	83.24946129309495	21.891723724440016
119.6562756048079	83.74952583009028	21.95765093347512
122.6562756048079	84.22227092682222	22.03722570992002
125.6562756048079	84.71045744631178	21.840345481141632
128.6562756048079	85.15825870628142	22.036604865567547
131.6562756048079	85.60962337150288	22.120410280454205
135.1562756048079	86.1358195470111	23.64203388668832
138.656275604807	86.69171076628385	24.611170268858903
142.1562756048079	87.17752168227214	24.45773576302802
145.6562756048079	87.67283501226517	24.077619888089615
149.2496086048077	88.1182606687337	24.93065519183329
152.7496086048086	88.88914400486185	25.65394342993971
156.7496086048077	89.58044462370113	25.812301223129033
160.7496086048086	90.0424995046778	26.39070391707984
164.7496086048086	90.4166570561114	26.77416516686966
168.7496086048077	91.04975538917202	26.865393558403476
172.7496086048086	91.67335130822798	25.663389168690845
176.7496086048086	92.19479627673373	25.138455880082816
181.2496086048086	92.78750935027463	24.779153672079286
185.7496086048086	93.34102496604622	23.07124020903322