0.01651509702182352	0.14674859383116823	0.15386350987325678
0.03318176368847503	0.3035681695919138	0.29564652466039293
0.04984843035515496	0.4407253520615682	0.3966443396746604
0.06651509702180647	0.5673319820335465	0.5166559644012277
0.0831817636884864	0.6963364648459125	0.6062471024791235
0.09984843035516633	0.8114334011840796	0.6556774642461902
0.1165150970218178	0.9159797850245794	0.7390914673872925
0.1331817636884694	1.0219648805693133	0.8252946614824389
0.1498484303551493	1.1226746998652097	0.9192622620191894
0.1665150970218292	1.2257823720014844	1.0054929765096072
0.1831817636884807	1.3245739090250743	1.0670447798908742
0.1998484303551606	1.418090169799835	1.1262042114992061
0.2165150970218122	1.5116064305745958	1.1798417657124325
0.2331817636884921	1.601286126804753	1.2376635396642175
0.2498484303551436	1.6880883996264502	1.2550636626100067
0.2665150970218235	1.7724928196077776	1.2944040502677612
0.283181763688475	1.8477853987956552	1.348199226136003
0.299848430355155	1.9264349719600726	1.4041932174595564
0.3165150970218065	2.00508454512449	1.4532569777613806
0.3331817636884864	2.0837341182888993	1.494786852177348
0.3498484303551663	2.1542309917960285	1.5139598683740536
0.3665150970218178	2.22233001246277	1.5770490128623476
0.3831817636884694	2.293306456537989	1.5728006478022585
0.3998484303551493	2.3609259066366586	1.617934510520099
0.4165150970218292	2.4347797741203108	1.6233885907271142
0.4331817636884807	2.4942465245617003	1.6723253702913075
0.4498484303551322	2.55898855125191	1.6578962665763883
0.4665150970218122	2.6150983077167775	1.6454857876260147
0.4831817636884921	2.680319904975069	1.6823787774053491
0.4998484303551436	2.7316339557591696	1.67496855946925
0.5165150970218235	2.787743712224019	1.7181622900297686
0.533181763688475	2.843853468688886	1.736417294442404
0.549848430355155	2.8946879489049064	1.7095929033257238
0.5665150970218065	2.946961140825161	1.7261649401992463
0.5831817636884864	2.999713903313479	1.7522925316991258
0.5998484303551663	3.0510279540975795	1.7232057884171204
0.6165150970218178	3.0956280169286177	1.765203218363768
0.6331817636884693	3.139748509191583	1.7530719347889856
0.6498484303551493	3.1901034188395316	1.7647802869118205
0.6665150970218292	3.2294282054217494	1.7209689501418253
0.6831817636884807	3.2778648327973916	1.74671771407441
0.6998484303551606	3.317189619379591	1.7800209816913686
0.7165150970218122	3.3646671056190796	1.7783554027955955
0.7331817636884921	3.4039918922012884	1.7780909818879103
0.7665150970218235	3.4754479068445625	1.6724745447297673
0.799848430355155	3.556495332849367	1.683177870993584
0.8331817636884864	3.6322674826053167	1.7710823530175923
0.8665150970218178	3.674949263164066	1.8314599467209156
0.8998484303551493	3.747364418943492	1.6505216376824599
0.9331817636884807	3.83176883892482	1.6112317468735255
0.9665150970218122	3.895072153910796	1.8034744530737707
0.9998484303551436	3.9243259585634185	1.8351840663755692
1.033181763688475	3.982353997300583	1.6235062345477376
1.066515097021807	4.040382036037747	1.661146890069741
1.099848430355166	4.096012221934525	1.65161500213858
1.133181763688469	4.177539218507385	1.7244325074069147
1.166515097021829	4.200558605775017	1.7339790534124015
1.199848430355132	4.246597380310288	1.69976881316532
1.233181763688492	4.29503400768593	1.7027312914798116
1.266515097021824	4.340113641085058	1.5736757645216826
1.299848430355155	4.382315851075717	1.6903656814636316
1.333181763688486	4.4211610670898445	1.7689282546631016
1.366515097021818	4.466720271057036	1.796113420213855
1.399848430355149	4.507963339911551	1.7149377162035067
1.433181763688481	4.548726838197977	1.6929337230204526
1.466515097021812	4.588051624780194	1.6699887069484587
1.516515097021824	4.667180768512675	1.7018541845520694
1.566515097021807	4.7060259845268035	1.6277105355435673
1.616515097021818	4.753503470766309	1.5894409395396605
1.666515097021829	4.797144392461188	1.5274150472256753
1.716515097021812	4.845581019836828	1.4226323854605254
1.766515097021824	4.884905806419046	1.456620676856795
1.816515097021807	4.926628445841624	1.435995277502078
1.866515097021818	4.959718815038843	1.429214730962804
1.916515097021829	5.000961883893367	1.4055534404878907
1.966515097021812	5.038368388203267	1.3969130628367372
2.016515097021824	5.072417898536638	1.3809398510998645
2.066515097021807	5.1050286971657926	1.4036098427513373
2.116515097021818	5.139557778067231	1.3914512565721506
2.166515097021829	5.173127717832542	1.3658345463631856
2.216515097021812	5.201422381349003	1.346102722773945
2.283181763688475	5.242185879635439	1.321816507403002
2.349848430355166	5.281990236785731	1.3133427405563372
2.416515097021829	5.31891717052755	1.2948153471490225
2.483181763688492	5.35296668086093	1.2931065980063785
2.549848430355155	5.3841387677858386	1.2716711919855432
2.616515097021818	5.418188278119218	1.2824547088494034
2.683181763688481	5.450799076748356	1.241539307593503
2.749848430355144	5.481491593105215	1.2530507264195
2.816515097021807	5.51074539775782	1.2522122669912346
2.883181763688469	5.5390400612742985	1.246331749613542
2.949848430355161	5.574528283311895	1.2069395450524951
3.033181763688475	5.600904664556057	1.2043085160893021
3.116515097021818	5.637831598297889	1.1850621363180445
3.199848430355161	5.668044544086647	1.1727597086230739
3.283181763688475	5.694900495898891	1.1210410957614225
3.366515097021818	5.72511344168766	1.1532075872089298
3.449848430355132	5.751489822931822	1.1172805794500535
3.533181763688475	5.781223198152525	1.1622344792675317
3.616515097021818	5.802803873715922	1.167830500292145
3.716515097021812	5.833975960640843	1.1627309251492122
3.816515097021807	5.864668476997682	1.1747068725807626
3.916515097021829	5.903034122443746	1.1959589766641676
4.016515097021824	5.931808356528289	1.2281961667794083
4.116515097021818	5.956746026068214	1.2213012944770234
4.216515097021812	5.989836395265452	1.2383801350698052
4.316515097021807	6.018131058781916	1.2442076484595497
4.416515097021829	6.049303145706836	1.2169685835207849
4.533181763688475	6.080954803199836	1.2607327271698223
4.649848430355149	6.109249466716295	1.2646893522578202
4.766515097021824	6.142819406481594	1.2610524791733113
4.883181763688469	6.172073211134216	1.258170390872713
4.999848430355144	6.205163580331435	1.260315829584686
5.116515097021818	6.237774378960588	1.2823173149570946
5.249848430355144	6.265109901340898	1.3083087967912626
5.383181763688469	6.2986798411061855	1.3053507578501344
5.516515097021824	6.331770210303425	1.3416006342994808
5.649848430355149	6.360544444387962	1.3466099402459215
5.783181763688475	6.394114384153261	1.3281618559004311
5.933181763688481	6.429123035622784	1.3642456739064546
6.083181763688486	6.462213404820003	1.3631434628273926
6.233181763688492	6.500579050266067	1.371329958993046
6.383181763688469	6.53510813116752	1.3891981042760124
6.533181763688475	6.563402794683983	1.3922306096647037
6.699848430355161	6.598891016721577	1.3939630989158653
6.866515097021818	6.631501815350735	1.417853401654043
7.033181763688475	6.666030896252183	1.407631902678704
7.199848430355132	6.6986416948813226	1.411128931858325
7.366515097021818	6.732211634646624	1.4250134248343598
7.549848430355155	6.7662611449800085	1.4494502904398723
7.733181763688492	6.803667649289909	1.469316557462101
7.916515097021829	6.838196730191343	1.4910467514270926
8.099848430355166	6.872246240524723	1.5323549636975244
8.299848430355155	6.9058161802900315	1.5339723494562767
8.499848430355144	6.94514096687223	1.5810463753030188
8.699848430355132	6.980629188909834	1.5810772047528445
8.9165150970218	7.021392687196261	1.6120335487997086
9.13318176368847	7.065033608891154	1.6254078700329253
9.349848430355138	7.099562689792607	1.6412226061074404
9.566515097021806	7.142244470351352	1.669212509172032
9.799848430355155	7.180130545229332	1.6691894870066342
10.03318176368848	7.221853184651911	1.6778069082831883
10.26651509702182	7.2592596889618095	1.6578956401019673
10.51651509702182	7.296186622703643	1.6991104854072125
10.76651509702182	7.341745826670836	1.6684611740378106
11.01651509702182	7.376754478140364	1.6547962857291632
11.28318176368848	7.418477117562945	1.633320934811958
11.54984843035516	7.456363192440925	1.6384987773923634
11.81651509702181	7.499524543567741	1.6575344097515996
12.09984843035517	7.536451477309572	1.6056022423535585
12.38318176368847	7.569541846506789	1.6089365972322733
12.68318176368848	7.606948350816691	1.5736321635764106
12.98318176368849	7.646273137398893	1.5666803086983472
13.28318176368848	7.685597923981111	1.507984204243194
13.59984843035517	7.719167863746407	1.5069751375100344
13.91651509702183	7.755135656352074	1.5218596394015178
14.24984843035514	7.788226025549312	1.5122265596722604
14.58318176368849	7.8241938181549795	1.5162662032894232
14.93318176368848	7.854886334511831	1.4696043247692754
15.28318176368848	7.890854127117508	1.4875587814304014
15.64984843035515	7.928260631427418	1.4835844795572983
16.0165150970218	7.962310141760791	1.4950075546857131
16.39984843035515	8.003073640047212	1.485818520000294
16.78318176368848	8.031847874131756	1.499020150877259
17.18318176368848	8.069733949009743	1.4774502511066618
17.58318176368849	8.104742600479273	1.4714376498571056
17.99984843035514	8.140230822516857	1.4842041568007271
18.41651509702183	8.173800762282175	1.4566352695250497
18.84984843035517	8.20689113147939	1.4687033741509996
19.29984843035516	8.238542788972387	1.4781334702758901
19.74984843035514	8.273551440441917	1.4586219780735097
20.21651509702181	8.31095794475181	1.4544900245300603
20.68318176368848	8.34404831394904	1.4602712274367682
21.16651509702183	8.37569997144204	1.4754007330151002
21.66651509702183	8.415504328592322	1.479669103545882
22.16651509702183	8.445717274381078	1.4631532013459883
22.68318176368848	8.479766784714455	1.4598645321380046
23.21651509702181	8.515255006752062	1.4363004588967745
23.76651509702182	8.552181940493899	1.4444557437860688
24.31651509702181	8.583833597986887	1.4309584420426533
24.88318176368847	8.615005684911809	1.4155989945335128
25.46651509702181	8.651453048085555	1.409303562941097
26.06651509702181	8.679747711602017	1.4041108449298887
26.68318176368848	8.7137972219354	1.3811561679596274
27.29984843035516	8.749765014541081	1.3937701431231508
27.93318176368848	8.77662096635331	1.3787073558792893
28.58318176368849	8.809231764982467	1.3664298610152932
29.24984843035514	8.843281275315833	1.361270245911062
29.93318176368848	8.874453362240756	1.3607099170655066
30.63318176368847	8.909462013710286	1.330554475179998
31.34984843035514	8.937277106658675	1.331880085215518
32.08318176368849	8.970847046423966	1.3030552434327698
32.83318176368849	8.997702998236207	1.2976899034311775
33.59984843035514	9.031272938001507	1.2740218322329346
34.38318176368847	9.060526742654135	1.2614489463201486
35.18318176368848	9.08786226503444	1.2554113005142193
35.99984843035514	9.113759075710531	1.2335732778136672
36.83318176368849	9.146369874339673	1.2223829021505621
37.68318176368848	9.171787114447683	1.2054795341874427
38.56651509702181	9.20391834250877	1.1707209240776493
39.46651509702181	9.230294723752914	1.1731914405136823
40.38318176368847	9.258589387269392	1.1600580639454776
41.31651509702181	9.282567915673175	1.1596544752470663
42.28318176368848	9.31230129089387	1.131201596815535
43.2665150970218	9.333402395889195	1.1014737459927817
44.26651509702182	9.361217488837594	1.1074398758481578
45.29984843035516	9.38423687610523	1.0828694248016784
46.34984843035514	9.416847674734374	1.0963403491845702
47.43318176368848	9.436030497457391	1.0688081087231316
48.5331817636885	9.460968166997342	1.0874580897312296
49.6665150970218	9.488783259945725	1.070061534778383
50.81651509702181	9.511323076645287	1.0761400753274633
51.99984843035514	9.538658599025593	1.0290631022964658
53.19984843035513	9.56167798629323	1.050494480051883
54.43318176368848	9.587095226401232	1.0421562107728986
55.69984843035513	9.61107375480503	1.020034503871089
56.99984843035514	9.635531853776882	1.0195344743330321
58.31651509702181	9.657112529340292	1.0177684257697883
59.66651509702182	9.681091057744085	1.0048210400963975
61.04984843035516	9.704110445011707	0.9883378163625861
62.46651509702181	9.726650261711276	0.9847143332959989
63.9165150970218	9.749190078410827	0.9754070401632997
65.39984843035515	9.776046030223064	0.9725603105435356
66.9165150970218	9.796187994082242	0.9641090489570407
68.46651509702181	9.817768669645657	0.9726059821591001
70.04984843035515	9.840788056913294	0.9744677826640247
71.66651509702181	9.862848303044766	0.9788443112450511
73.33318176368849	9.883949408040095	0.9252322382821107
75.03318176368849	9.906009654171584	0.9563498734821336
76.76651509702182	9.930947323711521	0.9151809059736079
78.54984843035515	9.95396671097915	0.9454719937889602
80.36651509702182	9.977465668814865	0.949489756103652
82.23318176368845	9.991852785857137	0.9603392590148496
84.13318176368847	10.019188308237442	0.9378184692483134
86.08318176368849	10.031177572439336	0.9480091092640092
88.08318176368849	10.061390518228102	0.9497571596202853
90.11651509702182	10.084409905495734	0.9484263326694836
92.19984843035512	10.10790886333145	0.9605802190770318
94.33318176368849	10.1246938332141	1.1280675818713093