0.01616214292880613	10.777177923609912	11.511967214481283
0.0361621429274237	16.743781618342048	4.101444566963539
0.04616214292764198	17.247213805085078	2.5580741980475152
0.06616214292807854	17.722677537009034	1.8837970951941154
0.0861621429285151	18.19814126893298	2.2903704171960975
0.09616214292873337	18.64563654603791	2.467306034441442
0.1161621429273509	19.08380900486979	3.0098422454620413
0.1361621429277875	19.503335827155652	3.14544838953394
0.1461621429280058	19.91353983116846	3.446141697968371
0.1661621429284423	20.295775380362247	3.79199959452809
0.1861621429288789	20.678010929556027	4.316056131030966
0.1961621429272782	21.060246478749804	4.42180871036444
0.2161621429277147	21.414513573124527	4.6807349366357665
0.2361621429281513	21.768780667499236	4.880245516433176
0.2461621429283696	22.104402125327926	4.956520443934197
0.2661621429288061	22.44934640142959	5.228597722546008
0.2861621429274237	22.775645040985296	5.691543109325658
0.296162142927642	23.101943680540938	5.801376801625574
0.3161621429280785	23.418919501823616	5.980502680483799
0.3361621429285151	23.735895323106256	6.258929719462954
0.3461621429287334	24.03422550784284	6.347158652158798
0.3661621429273509	24.341878510852457	6.831134247933082
0.3861621429277875	24.64953151386209	7.090314910791013
0.3961621429280058	24.94786169859871	7.274988421595637
0.4161621429284423	25.236869065062276	7.531691947190979
0.4361621429288789	25.535199249798907	7.949983211247239
0.4661621429277147	26.131859619272078	8.463071227762018
0.4861621429281513	26.420866985735685	8.790417919832874
0.5161621429288061	27.017527355208916	9.418428358147835
0.5361621429274237	27.31585753994551	9.566476162423188
0.5661621429280785	27.903195091145697	10.42278771577229
0.5861621429285151	28.192202457609284	11.006709058720974
0.6161621429273509	28.78886282708252	11.62194389827842
0.6361621429277875	29.096515830092148	12.094517187757
0.6661621429284423	29.702499017838335	12.984366926146144
0.6861621429288789	30.010152020847993	13.713804808189728
0.7161621429277147	30.606812390321178	14.211250205982099
0.7361621429281513	30.923788211603842	15.012429551210374
0.7661621429288061	31.57638549071518	15.947959265605222
0.7861621429274237	31.912006948543855	16.490412013702894
0.8161621429280785	32.59257268247425	17.725077086350613
0.8361621429285151	32.928194140302885	18.406123003830988
0.8661621429273509	33.608759874233314	19.335605827350587
0.8861621429277875	33.953704150335	20.296475068197946
0.9161621429284423	34.662238339084425	21.43322466817367
0.9461621429272782	35.398740982652924	22.392635212536224
0.9861621429281513	36.163212081040506	24.174332994877986
1.016162142928806	36.94632881597409	25.52804220396922
1.046162142927642	37.75741400572674	26.52642918214215
1.086162142928515	38.5964676502984	28.332397846093045
1.116162142927351	39.444844113143134	29.364378483256658
1.146162142928006	40.30254339426087	30.618001637635228
1.186162142928879	41.188211130197715	31.801020361090128
1.216162142927715	42.07387886613449	32.1279777909041
1.24616214292837	42.98751505689034	31.667991843421902
1.286162142927424	43.910474065919225	30.98299927715897
1.316162142928079	44.86140152976717	29.8144396407214
1.366162142927351	46.287792725539035	29.2767748180832
1.416162142928442	47.74215237613002	28.448111841734317
1.466162142927715	49.21515766326703	26.13392675463524
1.516162142928806	50.660194495584946	25.895155669846094
1.566162142928079	52.077262873083804	24.26423560861712
1.616162142927351	53.34516615821441	23.750341948466886
1.666162142928442	54.193542621059116	22.30390443222548
1.716162142927715	54.63171507989098	20.79567022309127
1.766162142928806	54.78088017225932	20.037076439137692
1.816162142928079	54.79952580880529	18.718470976063195
1.866162142927351	54.864785536716475	17.641304962452967
1.916162142928442	54.95801371944662	16.349074085344235
1.966162142927715	55.05124190217687	15.704770311769813
2.016162142928806	55.172438539726116	14.502558465385885
2.066162142928079	55.30295799554836	13.093096503091541
2.116162142927351	55.461445906189674	11.635204281945498
2.166162142928442	55.629256635104035	11.892365586144606
2.216162142927715	55.81571300056442	10.771378101469185
2.286162142927424	56.08607473048191	10.46833509814998
2.346162142928733	56.35643646039949	10.624149199061906
2.416162142928442	56.63612100859006	11.497878420210936
2.486162142928151	56.94377401159969	12.595883444940998
2.546162142927642	57.27939546942838	13.411709992013376
2.616162142927351	57.624339745530044	14.405754544579551
2.686162142928879	57.987929658177784	15.441192379288271
2.766162142928806	58.4261021170097	16.542380119953684
2.836162142928515	58.81766048447649	17.51273123644715
2.916162142928442	59.311769852946504	18.591261128261426
2.986162142928151	59.73129667523233	19.512512521430445
3.066162142928079	60.28134295334047	20.519122282120435
3.146162142928006	60.85935768626765	21.52596155255138
3.236162142928151	61.446695237467836	22.622780464447096
3.316162142928079	62.04335560694108	23.730658019631854
3.396162142928006	62.64001597641422	24.32248245404408
3.486162142928151	63.264644800706506	25.212984143275197
3.586162142928515	64.01047026254805	26.30801611247113
3.686162142928879	64.78426417920859	27.114708679823853
3.786162142927424	65.53941245932316	28.14716355751572
3.886162142927788	66.31320637598374	29.126959342284152
3.986162142928151	67.09632311091733	29.93346207384245
4.086162142928515	67.87943984585091	30.8208189782938
4.186162142928879	68.65323376251149	31.552165119883902
4.286162142927424	69.44567331571804	32.04392585181436
4.386162142927788	70.23811286892467	32.640113922269265
4.49616214292837	71.17039469622658	33.13623866590778
4.616162142927351	71.88825170324904	33.652005072892635
4.736162142928151	72.78324225745881	34.255462438397885
4.846162142928733	73.62229590203054	34.75050091886171
4.966162142927715	74.45202672832926	35.236152583660136
5.086162142928515	75.300403191174	35.673386267793006
5.216162142927715	76.28862192811398	36.12347472325987
5.346162142928733	77.25819502850794	36.5293754960323
5.486162142928151	78.22776812890191	36.761747455311664
5.616162142927351	79.16937277447681	36.93919343169837
5.74616214292837	80.07368614695969	37.03017921792746
5.886162142927788	80.92206260980439	36.968828433153604
6.036162142927424	81.82637598228723	36.914354516651485
6.186162142928879	82.71204371822404	36.78606053949755
6.336162142928515	83.60703427243382	37.05024398194969
6.486162142928151	84.49270200837067	37.03524186180027
6.636162142927788	85.37836974430748	36.99121036877427
6.796162142927642	86.36658848124742	37.00062484848936
6.966162142927715	87.34548439991447	36.93959887269824
7.136162142927788	88.29641186376244	36.781514107757886
7.316162142928079	89.29395341897538	36.60211319963369
7.486162142928151	90.1236842452741	36.47666039842804
7.666162142928442	90.99070634466487	36.222675193137036
7.846162142928733	91.79246871614454	35.98767263179644
8.036162142927424	92.55693981453206	35.87954273344563
8.236162142928151	93.36802500428465	35.75311256965443
8.436162142928879	94.1884330123103	35.512320403611916
8.636162142927787	94.97154974724391	35.20923724367798
8.836162142928515	95.7546664821775	34.86054183118643
9.046162142927642	96.58439730847611	34.437290581677246
9.266162142928806	97.40480531650186	33.825201639607016
9.486162142928151	98.2065676879815	33.29120824711891
9.716162142927715	99.04562133255311	32.689826748141584
9.946162142927278	99.86602934057886	32.057013701568174
10.18616214292888	100.66779171205849	31.501534869593012
10.43616214292888	101.4788769018111	30.88158538419526
10.68616214292888	102.26199363674466	30.20635213914703
10.93616214292888	103.00781909858624	29.82939668453806
11.19616214292728	103.77229019697371	29.269619804476385
11.46616214292772	104.48082438572324	28.563969633033825
11.73616214292815	105.16139011965357	27.948689170794687
12.01616214292881	105.83263303531092	27.226562208424703
12.29616214292764	106.46658467787627	26.464503327559413
12.58616214292852	107.06324504734941	25.689845980869077
12.88616214292779	107.66922823509573	24.871227878626577
13.18616214292888	108.21927451320376	23.990543435307874
13.49616214292837	108.76932079131187	23.09503129626801
13.81616214292808	109.28207579632792	22.226594499402616
14.13616214292779	109.75753952825197	21.337970830860474
14.46616214292772	110.22368044190281	20.444426188850642
14.81616214292808	110.68049853728081	19.51656449353595
15.16616214292844	111.1093481778397	18.60274939743122
15.51616214292881	111.51022936357948	17.787078220077195
15.88616214292779	111.89246491277326	16.953634303737275
16.26616214292881	112.27470046196707	16.12068806946594
16.64616214292801	112.61032191979575	15.305819453446633
17.03616214292742	112.9366205593514	14.504083317726312
17.43616214292888	113.23495074408795	13.77278963973134
17.84616214292873	113.5146352922786	13.018524107558832
18.26616214292881	113.76635138565004	12.331758446923706
18.69616214292728	114.01806747902158	11.63691644196122
19.13616214292779	114.26046075412005	10.993170241368139
19.58616214292852	114.47488557439954	10.420646760919334
20.04616214292764	114.67998757640592	9.855018314523061
20.51616214292881	114.87576676013937	9.325940540906517
20.99616214292837	115.07154594387275	8.839504008953552
21.48616214292815	115.239356672787	8.371176940487551
21.98616214292815	115.39784458342842	7.964159276851142
22.49616214292837	115.54700967579672	7.54291425669294
23.01616214292881	115.6775291316189	7.213485367013653
23.56616214292808	115.79872576916813	6.859162087804614
24.11616214292735	115.91992240671748	6.571256293660137
24.68616214292888	116.03179622599372	6.310838645231825
25.26616214292881	116.14367004526986	6.0956996670222425
25.86616214292735	116.24622104627308	5.893611295329071
26.46616214292772	116.33944922900335	5.681617512766915
27.08616214292852	116.45132304827955	5.540757258000193
27.71616214292772	116.55387404928275	5.400014448430198
28.36616214292735	116.65642505028597	5.285896019845445
29.03616214292742	116.76829886956217	5.173069464947898
29.71616214292772	116.87084987056535	5.102738464736452
30.41616214292844	116.98272368984163	5.018861827356927
31.13616214292779	117.08527469084476	4.993179094072926
31.86616214292735	117.206471328394	4.995956974581559
32.61616214292735	117.30902232939732	5.005466805222038
33.38616214292779	117.42089614867353	5.024922366419579
34.16616214292844	117.53276996794972	5.059546339529582
34.96616214292772	117.64464378722597	5.079360331795912
35.78616214292742	117.76584042477516	5.131273943853019
36.61616214292735	117.86839142577843	5.194010318201356
37.46616214292772	117.98958806332767	5.227658885913339
38.33616214292852	118.10146188260383	5.291913809080241
39.23616214292815	118.22265852015308	5.342315505647021
40.14616214292801	118.34385515770232	5.380148135515436
41.08616214292852	118.46505179525163	5.460541187152721
42.03616214292742	118.56760279625482	5.498909530315074
43.01616214292881	118.69812225207708	5.567367884595844
44.01616214292881	118.82864170789932	5.618534443677731
45.03616214292742	118.94983834544858	5.68384322894686
46.08616214292852	119.08035780127088	5.7508479852655645
47.16616214292844	119.21087725709313	5.801969955092905
48.26616214292881	119.33207389464235	5.8682144646464005
49.38616214292779	119.46259335046467	5.920163977884871
50.53616214292742	119.59311280628692	6.031968330749085
51.71616214292772	119.72363226210912	6.09885949259523
52.91616214292844	119.86347453620445	6.165811452628198
54.14616214292801	119.99399399202673	6.234345773792991
55.39616214292801	120.12451344784891	6.301776584366804
56.68616214292888	120.27367854021725	6.371059344675238
57.99616214292837	120.40419799603951	6.468669224962216
59.33616214292852	120.54404027013484	6.523023727287952
60.71616214292772	120.69320536250319	6.593057915752311
62.13616214292779	120.83304763659838	6.67649809133529
63.58616214292852	120.98221272896674	6.747898413883298
65.06616214292808	121.122055003062	6.820434593328532
66.58616214292852	121.27122009543032	6.923793860130252
68.13616214292779	121.42038518779864	6.9796020943050125
69.71616214292771	121.58819591671293	7.096077076027058
71.33616214292852	121.74668382735426	7.170435378750947
72.98616214292815	121.89584891972252	7.2251817163465395
74.68616214292888	122.05433683036395	7.311576216874377
76.41616214292844	122.21282474100526	7.411354509074313
78.18616214292888	122.37131265164659	7.4818634100119406
79.99616214292837	122.52980056228793	7.567735834519248
81.84616214292873	122.68828847292913	7.667929487076435
83.73616214292815	122.85609920184353	7.741338241495187
85.68616214292888	123.02390993075792	7.8452289932616335
87.66616214292844	123.1917206596722	7.933289122861804
89.69616214292728	123.35953138858659	8.024233912751876
91.7661621429288	123.53666493577386	8.115000561115899
93.88616214292779	123.69515284641527	8.202569978726077
96.06616214292808	123.89093203014858	8.27814630818104
98.28616214292742	124.058742759063	8.407133574184115
100.5661621429281	124.23587630625028	8.512426049254177
102.8861621429278	124.40368703516464	8.647368608587406
105.2661621429288	124.58082058235206	8.754244253268938
107.6961621429273	124.76727694781248	8.889603514282733
110.1861621429289	124.95373331327275	9.011649607760175
112.7361621429282	125.13086686046013	9.148642706477771
115.3361621429285	125.32664604419351	9.270084921759604
117.9961621429284	125.5131024096539	9.39408898911904
120.7361621429282	125.70888159338729	9.519840558772488
123.5361621429274	125.9046607771207	9.62979571864213
126.3861621429278	126.09111714258113	9.741215072859418
129.3161621429281	126.28689632631449	9.86919033643469
132.3161621429281	126.48267551004783	10.010691323118358
135.3861621429278	126.68777751205431	10.127916323611307
138.5161621429288	126.9115251506068	10.239050817314961
141.7161621429277	127.12594997088617	10.385452065694272
144.9861621429282	127.34969760943872	10.527619649261684
148.3361621429285	127.56412242971814	10.659572091063314
151.7661621429288	127.79719288654351	10.7859187585206
155.2661621429288	128.020940525096	10.915910077849745
158.8661621429274	128.25401098192145	11.055803421678021
162.5361621429274	128.47775862047396	11.177993701876362
166.2861621429274	128.71082907729945	11.30272093042885
170.1361621429278	128.94389953412485	11.419088786377806
174.0661621429281	129.16764717267733	11.563642016051642
178.0861621429285	129.39139481122976	11.736255635805493
182.1961621429273	129.63378808632837	11.833878806837726
186.4161621429284	129.8668585431537	11.990228246789014
190.7161621429277	130.1185746365253	11.991215487243906
195.1161621429274	130.3423222750778	12.276491881881089
199.6161621429274	130.59403836844928	12.218065441235428
204.2361621429282	130.8364316435477	12.305629258890939
208.9461621429273	131.0788249186462	12.73630723329464