0.3330555557040498	1.2812306122960306	0.38112107237891113
0.6663888890761882	1.947357147449936	1.5405138065815107
0.9997222224483266	2.709150791375945	2.1355066931144897
1.333055555645842	3.3752773265298495	2.102466788830656
1.666388889192604	3.806842283879568	2.376376296123967
1.999722222390119	4.305019894744668	2.825391183447804
2.333055555587634	4.751466402347818	2.9676439738009734
2.666388889134396	5.154685549690982	3.271312504623669
2.9994444444892	5.564282504285615	3.4867127683285837
3.332777778035961	5.930652098620266	3.5066381875621717
3.6661111114081	6.230409039439527	3.88743331001228
3.999444444430992	6.574810631019095	3.637712676212531
4.332777777977753	6.955353130357022	3.973203476068652
4.666111111175269	7.145978702651063	4.143756737086959
4.99944444472203	7.4754987439772	3.7075708509776883
5.332777777919546	7.746201229539744	4.273461567790981
5.665833333623596	7.943913254335425	4.605783026201718
5.999166666821111	8.222410837649768	4.0910373606493176
6.332500000018627	8.537049328722466	4.974962245341164
6.665833333565388	8.653975794999482	4.749294428552682
6.999166666762903	8.888537372803679	4.587543380783007
7.332500000135042	9.189002958873099	4.329612527995624
7.665833333332557	9.43065098917893	4.563655798607921
7.999166666879319	9.525609452700873	4.74381347121165
8.332222222408745	9.723321477496551	4.630160017239025
8.665555555606261	9.877097496782088	4.7623481290169885
8.998888889153022	10.074809521577768	4.780407764629326
9.332222222350538	10.286694451376722	4.949251951982704
9.665555555722676	10.499288026425845	5.335047007855317
9.998888889094815	11.055828168209686	7.241412708590617
10.33222222246695	11.216078967254614	6.730181015507663
10.66555555566447	11.360821624456474	6.603423426929915
10.9986111111939	11.529195735895383	6.432011072554921
11.33194444474066	11.712339506232427	6.050988402588101
11.66527777793817	11.826804362693084	6.1328573714921575
11.99861111131031	11.971547019894947	6.771135350951167
12.33194444450783	12.131797818939873	6.500266098123501
12.66527777805459	12.27654047614173	6.294503932126775
12.9986111112521	12.391005332602388	6.3000304580132696
13.33194444444962	12.520978330906097	5.987085750153696
13.66500000015367	12.642828016815836	5.908468730885189
13.99833333335118	12.780185844568622	5.742363271638967
14.33166666689795	12.917543672321413	5.633939263320119
14.66500000027008	13.093302613209396	5.809053214079041
15.33166666683974	13.24543009986033	5.666931054701593
15.99833333358401	13.459590153883495	5.478463639864174
16.66472222248558	13.680396554410827	5.288791704893378
17.33138888888061	13.87166363714186	5.438560646146309
17.99805555562489	14.069577066377063	5.434233580775399
18.66472222219454	14.268228978557174	5.419286971274434
19.33111111127073	14.42109494815301	5.448499581590862
19.99777777801501	14.604238718490068	5.424136645438728
20.66444444458466	14.756366205141003	5.428304525531632
21.33111111132894	14.932125146028984	5.724743631192664
21.99750000005588	15.099760774522982	5.394088782716174
22.66416666680016	15.245241914669744	5.43799404105287
23.33083333336981	15.397369401320683	5.59173301730648
23.997222222446	15.618914284792936	5.378581458086175
24.66388888919028	15.672085056826262	5.66106109519052
25.33055555575993	15.82495102642211	5.387399762704607
25.99722222250421	15.977078513073048	5.3720961587060225
26.66361111123115	16.091543369533703	4.9258145209976645
27.33027777797543	16.221516367837417	4.991726595318724
27.99694444454508	16.412044967623547	5.240846216701962
28.66361111128936	16.450446080758734	5.262343306462178
29.33000000019092	16.56491093721939	5.136012765339759
30.33000000013271	16.73254656571339	5.308555337751098
31.33000000007451	16.89279736475831	4.749070300310506
32.32972222252283	17.05304816380323	5.35809916121531
33.32972222246463	17.198529303949993	5.3560623200019215
34.32972222223179	18.401220977785083	11.367675887419223
35.3294444445055	18.56269708093413	9.021482208655666
36.32944444462191	18.700657246731364	8.314422208147445
37.32916666689562	18.887217016388995	7.691201993936977
38.32916666683741	18.967955067963512	7.821213555596904
39.32916666695382	19.113753879544678	7.597387674718072
40.32888888905291	19.23525288919566	7.084864274202381
41.32888888916932	19.356751898846635	7.37286277482882
42.32861111109378	19.48608955428155	7.266403327644211
43.32861111138482	19.599749918148596	6.924327728514826
44.32861111132661	19.712626417437246	7.368692255499862
45.66166666697245	19.89918618709487	6.807694373312545
46.99500000011176	19.996385394815658	6.671645120663934
48.3280555557576	20.207244966403476	6.512158787164243
49.66138888907153	20.31228281990819	6.524732720596976
50.99444444454275	20.514519881133694	6.302990654750118
52.3277777780313	20.57958064114034	6.278520030557828
53.66083333350252	20.717540806937585	6.64301893106043
54.99416666664183	20.846878462372498	6.145542932129331
56.32722222228767	20.992677273953664	6.5181539229390575
57.66055555577623	21.08987648167445	5.870916491032197
58.99361111107282	22.72714428354447	7.259223109679945
60.66027777793352	22.891821558205272	13.654937541097201
62.3266666669515	23.048096931097664	12.044501024287138
63.99305555579485	23.23041819947214	11.225795571547504
65.6597222223063	23.40349737590134	10.137827752305531
67.32611111114966	23.55137084702533	9.874509869986507
68.99249999999302	23.681600324435657	9.20170013295693
70.65916666667908	23.794185808132326	9.119811727391937
72.32555555552244	23.950461181024714	9.098937634174408
74.32527777791256	24.124380547630782	9.032127573327637
76.32527777797077	24.32434580971888	8.9891206459939
78.32500000001164	24.497424986148108	11.168792752077417
80.32472222240176	24.60160856807636	9.382160629383835
86.32416666671634	28.48137818154995	78.03330485624463
88.32388888910646	28.63982547462736	73.73452116406662
107.6552777780453	31.369131884683927	10.475973675901955
110.3216666668304	31.544272804383965	11.331254973899204
112.9880555556156	31.76021359742325	12.283774889000641
115.65444444475	31.935354517123283	12.927243806703807
118.5402777779382	32.14034900268127	13.451440085600082
121.6019444445265	32.35628979572054	13.787005578724406
124.6016666668584	32.51053321932002	13.790413676866576
127.6013888891903	32.716522823739936	13.80562393404312
133.9338888890343	35.07688490746908	11.69697952853309
158.2647222225205	38.78329282883679	11.313893145835287
247.5888888890622	69.18118074332418	52.4004401131191
253.5883333333768	71.25530889569623	81.50226986818426
312.9155555556645	73.75260374295586	3.6099668668290543
320.2480555556249	73.77236596260833	6.377530847788801
327.9138888891321	72.80816177625964	6.161182979215596
335.5797222224646	72.80816177625964	4.831637571946808
343.5788888891693	72.78867403188019	3.450201871879429
368.2430555558531	72.88806152821564	57.00540276997853
376.9086111111101	73.89489172445352	3.3491399554517893
385.9077777779312	73.91465394410598	5.226145103624648
394.9069444444031	72.96991005460953	2.0765265828106028
423.2372222224949	75.05476462759836	15.600662547736032
433.2361111112405	74.24696978343319	15.570384631221536
453.567222222453	76.8990978566791	26.80981015892699
475.2313888891367	80.6706271613234	24.396068607257778
486.2302777779987	80.80446299349282	24.851108026738608
497.5622222223901	84.76188131495502	54.422033681714794
509.2277777779964	84.76188131495502	26.9380939366044
533.558611111308	87.75565147022571	38.213321691173526
571.5547222222667	90.83251095109875	33.50808316276272
584.8866666667163	90.90750516740049	31.48510892379756
598.55166666687	94.12914610917687	40.425833260559116
612.5502777780639	94.2068186903466	36.27214028961358
626.8822222224553	94.2068186903466	35.195516163286015
656.5458333335118	97.74792744166778	35.85716671908074
845.3933333333116	104.66976637599369	29.87250105769319