0.002777777728624642	1.1210038206964847	0.6401905732299067
0.005555555457249284	2.6455690168436354	3.7589619135877603
0.008333333185873926	4.539406059808506	5.489577464596169
0.01111111108912155	6.28553436404628	6.466599586555906
0.01388888881774619	7.796911279949957	7.154958287117181
0.01666666654637083	9.15794180107792	7.426710899829169
0.01944444444961846	10.297409214115257	7.846391744736024
0.0222222221782431	11.39731178642212	8.812410984952814
0.02499999990686774	12.494576702680273	9.607605308054312
0.02777777763549238	13.533813185867086	10.32872342182384
0.03055555553874001	14.602063885589613	11.07322941171137
0.03333333326736465	15.562170687315533	11.776724604826427
0.03611111099598929	16.530190457187533	12.190115089072604
0.03888888889923692	17.46128304237773	12.645869082003516
0.04166666662786156	18.352810786837498	13.210310174462752
0.0444444443564862	19.18631009822593	13.604746334852846
0.04722222208511084	20.05673659429613	14.071914133269376
0.04999999998835847	20.85858403310018	14.600341823630998
0.05277777771698311	21.66570678400161	14.655843020470279
0.05555555544560775	22.433264694172617	14.95502317638321
0.05833333334885538	23.14806948336967	14.991294824512675
0.06111111107748002	23.8417730241771	15.146525108358611
0.06388888880610466	24.522288284741062	15.131905907222526
0.0666666665347293	25.17906464086673	15.218354227025314
0.06944444443797693	25.809464436505497	15.201992404415103
0.07222222216660157	26.395024079316325	15.141002456285163
0.07499999989522621	26.970033097932408	15.053885443260675
0.07777777779847383	27.510752587915384	14.99305530243696
0.08055555552709848	28.033008485557453	14.761820318916811
0.08333333325572312	28.53943844690741	14.698196598262744
0.08611111098434776	29.032680128013855	14.509934414083634
0.08888888888759539	29.483719312341123	14.339122349264944
0.09166666661622003	29.90046896803533	14.13744406881142
0.09444444434484467	30.346232840265262	13.988284437494865
0.09722222207346931	30.726055311277673	13.858504963913385
0.09999999997671694	31.12434137463099	13.978284301922587
0.1027777777053416	31.483062597253852	14.249647701616022
0.1055555554339662	31.85497210012025	14.02791323052529
0.1083333333372138	32.213693322743104	14.180115994036504
0.1111111110658385	32.598791105852946	14.217663157781299
0.1138888887944631	32.981251232914055	14.452977603452227
0.1166666665230878	33.303045270855165	14.425334449397875
0.1194444444263354	33.648578213234565	14.475682010608981
0.12222222215496	33.97828521932175	14.61747349749036
0.1277777777868323	34.62187329520393	14.467523763953594
0.1333333332440816	35.233809498501806	14.54477818384584
0.1388888888759539	35.84047038970224	14.70104964347158
0.1444444443332031	36.418117064366946	14.653303888216326
0.1499999999650754	36.95883655434993	14.734703968088011
0.1555555554223247	37.51538198062516	14.79912765539535
0.161111111054197	38.013898973829015	14.939065382029614
0.1666666666860692	38.51505362308155	15.057771556172563
0.1722222221433185	39.01884592838279	15.109413468899168
0.1777777777751908	39.53582651392745	15.270343412978967
0.1833333332324401	39.986865698254796	15.257868438424307
0.1888888888643123	40.435267226533284	15.662195781754773
0.1944444443215616	40.89421937900668	15.781547605279247
0.1999999999534339	41.342620907285266	15.799093849702626
0.2055555554106832	41.7250810343464	16.10385737366351
0.2111111110425554	42.20249677916063	16.20096178249979
0.2166666666744277	42.627159403000974	16.40913493931042
0.222222222131677	43.04390905869519	16.482965586983145
0.2277777777635492	43.45538340229204	16.889281507846096
0.2333333332207985	43.85894477774269	16.864630186196553
0.2388888888526708	44.23876724875519	16.795360951442984
0.2444444443099201	44.650241592351996	16.79557746233336
0.252777777670417	45.20942467467585	16.72154837050401
0.2611111110309139	45.75014416465888	16.637227915475332
0.2694444443914108	46.28822599859315	16.626075631420942
0.2777777777519077	46.78938064784567	16.336588694630287
0.2861111111124046	47.25097045636775	16.268307503178242
0.2944444442982785	47.71519792093852	16.04020394144553
0.3027777776587755	48.17151241736318	15.951630471580925
0.3111111110192724	48.5908997291061	15.695053627031772
0.3194444443797693	49.012924696897755	15.681462340006643
0.3277777777402662	49.39538482395891	15.669738367823253
0.3361111111007631	49.80949682360437	15.596861556276707
0.34444444446126	50.16030507808117	14.93565229668905
0.3527777776471339	50.52166395675275	14.670358388697943
0.3611111110076308	50.88038517937562	13.895136033935346
0.3694444443681277	51.25756999433932	13.177995658904958
0.3805555554572493	51.71915980286143	11.781996400640361
0.3916666665463708	51.98556306377983	11.217237836128811
0.4027777776354924	52.257241636795726	9.915887115650754
0.4138888888992369	52.486717713032355	8.984786720600706
0.4249999999883585	52.65816535619769	8.69157077605782
0.43611111107748	52.87445315219091	8.484852857354715
0.4472222221666016	53.016886578820596	8.183355938913396
0.4583333332557231	53.22789906271641	8.101090119427754
0.4694444443448447	53.52595419621923	8.281558126405557
0.4805555554339662	53.74224199221236	8.239095205809226
0.4916666665230878	53.91105197932904	7.747433351680028
0.505555555515457	54.143165711614465	6.811931861023212
0.5194444443332031	54.35945350760762	5.409061543571113
0.5333333333255723	54.541451774967776	5.438852871478918
0.5472222221433185	54.646958016915676	5.60172426860505
0.5611111109610647	54.6364073927209	5.362355234122446
0.5749999999534339	54.615306144331285	5.1627693441257145
0.5888888887711801	54.675972233451354	5.969909317582526
0.6027777777635492	54.87907174920108	5.573189807447558
0.6194444443099201	55.15075032221692	4.979132260055672
0.6361111110309139	55.39605233474575	5.340216433375611
0.6527777777519077	55.57541294605723	5.168208460142654
0.6694444442982785	55.70993340454077	4.278252588383115
0.6861111110192724	55.731034652930354	3.195489027879038
0.7027777777402662	55.72575934083296	2.2035538841210984
0.71944444446126	55.68619450010248	1.2085296858199377
0.7361111110076308	55.68883215615122	0.16629018215830782
1.522222222178243	50.76432831323287	0.6015489070816806
1.558333333348855	50.92786298825212	2.5860430696474115
1.594444444344845	51.117774223758374	4.637515441374022
1.633333333244082	51.3208737395081	6.737865959489268
1.672222222143319	51.52661091130655	8.580866989881384
1.711111111042555	51.734985739153565	9.077331499261152
1.752777777670417	51.93544759885464	9.377816709837129
1.794444444298279	52.1570107069452	9.625463617785377
1.836111111100763	52.397037407376686	9.899993338618419
1.880555555457249	52.615962859418616	10.117219664389436
1.924999999988359	52.86390252799616	10.425577464518389
1.969444444344845	53.08810329213542	10.84324844313499
2.016666666604579	53.3413182728104	11.110265707461378
2.063888888864312	53.599808565582784	11.42384495058347
2.113888888852671	53.85829885835509	11.937957262866941
2.163888888841029	54.14052805556579	12.32613234846643
2.213888888829388	54.42539490882503	12.7796700292943
2.266666666546371	54.70762410603574	13.392166454459549
2.319444444437977	55.018867519782	13.905628353447522
2.374999999883585	55.3512121819179	14.513765992010232
2.430555555503815	55.68355684405383	15.079025283225025
2.488888888852671	56.02381447433577	15.686818142017323
2.547222222201526	56.408912257445664	16.32696846801124
2.608333333279006	56.79401004055553	16.973534566938735
2.669444444356486	57.17910782366529	17.565061446510345
2.733333333337214	57.59585747935951	18.289657668905463
2.797222222143319	58.01788244715114	18.94633861381272
2.863888888852671	58.44782038308886	19.667801105478816
2.930555555562023	58.901497223464816	20.47403114100887
3.0	59.36572468803554	21.341771023970963
3.069444444437977	59.853691057044585	22.170349003046823
3.141666666604579	60.33638211395626	23.130916881792835
3.216666666674428	60.890289884182764	24.170193897941548
3.291666666569654	61.44683531045789	25.212029366993104
3.369444444368128	62.0297572972201	26.394212049167347
3.447222222166602	62.61795459607961	27.464126175668177
3.5277777776937	63.253629703815754	28.788384835186736
3.611111111124046	63.91040605994145	29.86903907941498
3.694444444379769	64.59092132050539	30.83298755480822
3.78055555553874	65.30836376575115	31.753266259192397
3.869444444426335	66.04690745938649	32.707735546627376
3.961111111042555	66.83292896189836	33.56624475459551
4.052777777658775	67.60576218416674	34.37516074366021
4.147222222178243	68.37859540643504	35.08094076697462
4.244444444426335	69.16197925289822	35.68161522420958
4.344444444403052	69.97437731589713	35.985525817080344
4.447222222108394	70.80787662728552	35.96692668401896
4.549999999988359	71.62818765843039	35.59685890383957
4.655555555422325	72.46696228191625	35.13518658715017
4.763888888759539	73.31364987354814	34.19199659791236
4.875	74.11022200025475	32.459400618495486
4.988888888794463	74.87777991042587	30.804175540158155
5.105555555492174	75.57412110728197	28.24468236494106
5.224999999918509	76.24408574365111	25.58994857807682
5.347222222073469	76.81118179412108	22.935519164642628
5.472222222131677	77.22529379376664	20.545880141579868
5.599999999918509	77.67369532204513	18.51884369604696
5.730555555433966	77.9295479587689	16.902367366392685
5.863888888852671	78.1801252833951	15.415083448134473
6.0	78.43597792011877	14.505303927508512
6.138888888875954	78.69710586893983	14.305377308080509
6.280555555480532	79.00834928268614	14.229865452445734
6.427777777716983	79.33805628877332	15.425667657621087
6.577777777682059	79.67040095090917	16.703763375377562
6.730555555550382	80.0291221735321	18.17941486521006
6.886111110972706	80.39311870825233	19.614237749799322
7.047222222201526	80.82569430023884	20.994912741861096
7.211111110984348	81.34267488578351	21.962431962199176
7.377777777670417	81.87020609552299	22.37425024483342
7.549999999988359	82.45312808228512	22.40498911807663
7.724999999860302	83.03077475694994	22.394555729135657
7.90555555553874	83.6479862723452	22.208199198321736
8.08888888877118	84.18606810627944	21.636140481104302
8.277777777635492	84.6107307301197	20.986135502502123
8.469444444403052	84.97208960879135	20.219432414860993
8.666666666627862	85.33608614351155	19.237328007709266
8.866666666581295	85.72118392662136	17.937006238690103
9.072222222166602	86.10891936577993	15.985178057724598
9.283333333209157	86.49665480493842	14.472186921892142
9.499999999883585	86.90549149248656	13.329556734192883
9.71944444446126	87.26421271510947	12.22848248597646
9.944444444321562	87.58864440909925	10.96071243375669
10.17499999998836	87.69678830709586	9.836126814419401
10.41111111111241	87.7864686127515	8.692062549709757
10.6527777776937	87.89988782284554	7.47724135931392
10.89999999990687	88.01858234503699	6.500308626435124
11.15277777775191	88.12672624303362	5.696746775145888
11.4111111110542	88.26652201361456	5.820880109270363
11.67499999998836	88.40104247209807	6.086329799774591
11.94444444437977	88.54083824267906	6.246579250229667
12.22222222213168	88.68590932535746	6.405053556494711
12.50555555551546	88.83361806408455	6.541959381440328
12.79444444435649	88.96813852256804	6.579479883260651
13.09166666655801	89.11584726129514	6.662835186878086
13.39444444439141	89.26355600002218	6.652122252132521
13.70555555541068	89.41654005084662	6.608885755130092
14.02222222223645	89.55369816537892	6.708816920756858
14.34722222207347	89.70140690410592	6.696650604685343
14.68055555544561	89.85439095493048	6.724753378065806
15.01944444444962	89.9915490694627	6.629257954973414
15.3666666666395	90.12606952794626	6.683089190199357
15.72222222218989	90.29487951506299	6.619904562702721
16.08611111110076	90.42676231749779	6.60938114593995
16.45833333319752	90.57974636832223	6.407785470013839
16.83888888882939	90.70635385865974	6.672896433247494
17.22777777764713	90.86988853367905	6.698660897248991
17.62777777772863	90.99385836796779	6.468415079642935
18.03611111099599	91.1389294506461	6.589178530333107
18.45277777779847	91.24707334864274	6.579591090241179
18.88055555551546	91.44225989624634	6.4953033875577875
19.31666666659294	91.58205566682739	6.435256856720426
19.76388888875954	91.70075018901869	6.487977472983017
20.22222222218989	91.85900955194056	6.417453038115667
20.68888888880611	92.00935594671634	6.525136404565475
21.16666666668607	92.11749984471297	6.1268027821015565
21.65555555548053	92.26784623948863	6.103391148488383
22.15555555553874	92.40236669797225	6.031579876519519
22.66666666668607	92.53161184435842	5.862918603982133
23.19166666665115	92.66349464679334	5.619359805554
23.72777777770534	92.77163854478991	5.595033153584514
24.27499999984866	92.90615900327347	5.498128828449235
24.83611111098435	93.00902758917269	5.4860444263679105
25.41111111111241	93.13035976741274	5.435184989465733
25.99722222215496	93.22795304121463	5.363058773430757
26.59722222218989	93.33082162711379	5.412352757337762
27.21111111104256	93.46006677349992	5.325760341334003
27.8388888888876	93.59194957593485	5.8592256613858025
28.48333333327901	93.7106440981262	5.931658933287758
29.14166666666279	93.826700964269	6.244897415943285
29.81388888886431	93.9453954864603	6.400287975839039
30.50277777778683	94.06145235260304	6.674881611129958
31.20833333325572	94.28037780464493	6.598031398248692
31.93055555544561	94.41753591917718	6.842222407568047
32.66944444435649	94.58370825024515	6.4192502068205854
33.42499999998836	94.7208663647774	7.870704859265525