0.01111111126374453	1.1345701547281721	1.4316653924739469
0.01388888899236918	1.7018552320922637	1.1431127632853617
0.01944444444961846	1.7018552320922637	2.0145189654639646
0.02222222235286608	2.2039057233333166	1.7620051929098643
0.02777777781011537	2.2039057233333166	0.9955628960117465
0.03055555571336299	2.6995606669152403	1.1220222411906031
0.03333333344198763	2.6995606669152403	1.2453924317857927
0.03611111117061228	2.6995606669152403	2.1614389869328208
0.03888888889923692	2.6995606669152403	2.3043734247144365
0.04166666680248454	3.273880846704365	1.8723410931074604
0.0444444443564862	3.273880846704365	4.631985468761151
0.04722222225973383	3.273880846704365	2.7610208366110314
0.05000000016298145	3.8539570193867014	2.3251193648695705
0.05277777789160609	3.8539570193867014	5.07622802274477
0.05555555562023073	3.8539570193867014	1.5240974905326503
0.05833333334885538	4.349611962968625	2.8303494027212728
0.061111111252103	4.349611962968625	3.4023574577019327
0.06388888880610466	4.349611962968625	3.557362713168217
0.06666666670935228	4.349611962968625	1.9730217023318541
0.06944444461259991	4.787067422852543	3.620667046951277
0.07222222234122455	4.787067422852543	3.764922727437532
0.0750000000698492	4.787067422852543	3.909201595379669
0.07777777779847383	5.217487780311427	3.6865489621034735
0.08055555570172146	5.217487780311427	3.43002936557661
0.08333333325572312	5.217487780311427	3.5508297691377253
0.08611111115897074	5.5826735516472725	3.0275535393534674
0.08888888906221837	5.5826735516472725	2.57365493382398
0.09166666679084301	5.5826735516472725	2.654875641688575
0.09444444451946765	5.5826735516472725	4.1636051764166515
0.0972222222480923	5.869194086775917	2.577472710243658
0.1000000001513399	5.869194086775917	2.650586912934364
0.1027777777053416	5.869194086775917	3.83002240943608
0.1055555556085892	6.169145271988738	3.629955083647856
0.1083333335118368	6.169145271988738	2.3053683190379406
0.1111111112404615	6.169145271988738	3.187935990532224
0.1138888889690861	6.384675228101119	3.855646814175864
0.1166666666977108	6.384675228101119	2.8612697333037036
0.1194444446009584	6.384675228101119	3.265679827409219
0.12222222215496	6.384675228101119	2.84934883329046
0.1277777779614553	6.6782308656548075	2.8606710775831714
0.1333333334187046	6.8931212670013	3.112760434283283
0.1388888890505768	6.8931212670013	3.3934910087130135
0.1444444445078261	7.069638382393057	2.921604161080021
0.1500000001396984	7.069638382393057	2.174184121784388
0.1555555555969477	7.2192941976165	2.8470252938197826
0.161111111054197	7.362554465180828	2.2395399355428376
0.1666666665114462	7.362554465180828	2.580314075345259
0.1722222223179415	7.50645428751106	2.0959908825502898
0.1777777779498138	7.50645428751106	2.005191580658662
0.183333333407063	7.584479968952342	1.4700179370102542
0.1888888890389353	7.656110102734514	1.9094333301704662
0.1944444444961846	7.656110102734514	1.408473371111105
0.1999999999534339	7.7277402365166745	1.3766089138477138
0.2055555554106832	7.7277402365166745	1.464865791547565
0.2111111112171784	7.8255921157012205	1.101210000428335
0.2166666668490507	7.8255921157012205	0.9278817266374734
0.2222222223063	7.8255921157012205	0.8521198152210574
0.2277777779381722	7.8978618042493105	0.9559867218767668
0.2333333333954215	7.8978618042493105	0.4889074420502721
0.2388888888526708	7.923443994885796	0.500610696568783
0.2444444443099201	7.8518138611036274	0.18702159526833803
0.25277777784504	7.923443994885796	0.22998873073155604
0.2611111112055369	7.923443994885796	0.3282960684184556
0.2777777777519077	7.871640058846905	0.34782333846988944
0.2861111112870276	7.9496657402881885	0.007541613841867887
0.2944444444729015	7.975887485690596	0.10813813254012834
0.3027777776587755	7.9042573519084245	0.045383606430139015
0.3111111111938953	7.9304790973108314	0.34470786816081134
0.3194444445543923	7.9304790973108314	0.08353972288179905
0.3277777779148892	7.9560612879473185	0.006050048027171602
0.3361111111007631	7.9496657402881885	0.4286908635534969
0.34444444446126	7.9496657402881885	0.2853464150372825
0.3527777778217569	7.9042573519084245	0.41558263973566395
0.3611111110076308	7.975887485690596	0.8056105603008498
0.3694444445427507	7.982283033349711	0.6663437223639134
0.3805555554572493	8.002109231092993	0.35472909388065355
0.3916666667209938	8.002109231092993	0.9515972506518354
0.4027777778101154	8.10635665793667	0.7119594332959497
0.4138888888992369	8.10635665793667	0.6515361988641215
0.4250000001629815	8.034726524154507	0.9085809386281836
0.436111111252103	8.10635665793667	0.9994183227169766
0.4472222223412246	8.132578403339073	0.502101394018872
0.4583333332557231	8.132578403339073	0.7486925301964142
0.4694444445194677	8.20420853712123	0.8811201991514385
0.4805555556085892	8.230430282523638	1.642252823872737
0.4916666666977108	8.230430282523638	0.9697683414769135
0.5055555556900799	8.230430282523638	1.6143595829940285
0.5194444445078261	8.30206041630579	0.9949934815196009
0.5333333335001953	8.40630784314948	1.1552607012592626
0.5472222223179415	8.328282161708199	1.3157260746391866
0.5611111109610647	8.471542429272516	1.8018843849086477
0.5749999999534339	8.40630784314948	1.5759977181066327
0.588888888945803	8.549568110713798	1.3067946800503103
0.6027777779381722	8.471542429272516	1.0486239296282516
0.6194444443099201	8.549568110713798	1.9934406722810902
0.6361111112055369	8.621198244495954	1.7162028421411821
0.6527777777519077	8.628233346921002	1.5093275591897322
0.6694444444729015	8.628233346921002	1.8228018284277268
0.6861111111938953	8.771493614485326	1.9102018116118837
0.7027777779148892	8.771493614485326	1.6730952667272168
0.71944444446126	8.771493614485326	1.6904491381259563
0.7361111110076308	8.914753882049641	1.7555152967923924
0.7555555554572493	8.895567239072287	1.9094629437760218
0.7749999999068677	8.967197372854452	1.6063482716590811
0.7944444443564862	8.967197372854452	1.8940687595065948
0.8138888888061047	9.03882750663661	1.3023567460924554
0.8333333332557231	9.012605761234205	1.5188837824378603
0.8527777777053416	9.091270997441406	1.8939160410341638
0.8750000000582077	9.162901131223569	1.9192296372975592
0.8972222220618278	9.234531265005728	2.106471767308132
0.9194444445893168	9.208309519603334	2.1056789253381614
0.94166666676756	9.286974755810538	2.212497812160572
0.963888888945803	9.358604889592693	2.3945692910256033
0.9888888888526708	9.436630571033978	2.1049667809173647
1.013888888759539	9.482038959413742	2.113523387342077
1.038888889015652	9.554308647961808	2.4328339428437835
1.06388888892252	9.554308647961808	2.415773940182419
1.088888889004011	9.677742717782856	2.1142446167778726
1.116666666814126	9.677742717782856	2.0255684062208763
1.144444444449619	9.750012406330931	2.140612248655142
1.172222222259734	9.801816342369824	2.176639912203308
1.200000000069849	9.87344647615198	2.3688489752785102
1.227777777705342	9.87344647615198	2.150337637238648
1.258333333418705	9.92588996695678	2.462459129757299
1.288888888957445	9.997520100738939	2.392308772721965
1.319444444496185	10.075545782180226	2.46552788927968
1.349999999860302	10.121593725325903	2.185136994200956
1.383333333302289	10.193223859108059	2.480731781823774
1.416666666744277	10.264853992890218	2.799687663866563
1.450000000186265	10.317297483695018	2.499293999027001
1.486111111007631	10.388927617477192	2.4676148096653994
1.522222222352866	10.395323165136304	2.5003173479908196
1.558333333348855	10.466953298918476	2.500442034827721
1.594444444519468	10.591026923505435	2.500953365934448
1.633333333418705	10.591026923505435	2.507558414383386
1.672222222317942	10.662657057287593	2.51186434835866
1.711111111217178	10.715100548092382	2.820833056310658
1.75277777784504	10.786730681874559	2.5225846122553595
1.794444444472902	10.858360815656717	2.603542436871626
1.836111111100763	10.910804306461518	2.525405267346633
1.880555555457249	10.982434440243672	2.520181478463168
1.925000000162982	11.060460121684956	2.5957204685117325
1.969444444519468	11.060460121684956	2.6396900311060763
2.016666666604579	11.204359944015192	2.6404491334832008
2.063888889038935	11.184533746271924	2.4157962557761543
2.113888888852671	11.25616388005407	2.670050471405048
2.163888889015652	11.327794013836236	2.6461707792528495
2.213888889004011	11.406459250043438	2.965123946235877
2.266666666720994	11.47808938382559	2.6640488642609097
2.3194444446126	11.47808938382559	3.0449476612363537
2.375000000058208	11.60855855607168	2.753863288823412
2.430555555503815	11.680188689853841	2.752133365684936
2.488888888852671	11.758214371295127	3.0777391818098967
2.547222222201526	11.829844505077299	3.1039491245626056
2.608333333453629	11.90211419362537	3.1006828519857406
2.669444444356486	11.90211419362537	3.0502194976166206
2.733333333511837	11.973744327407516	2.7507398071756777
2.797222222317942	12.130435245056008	3.0604941004021926
2.863888888852671	12.208460926497283	3.08124936567156
2.930555555736646	12.208460926497283	2.782387302291179
3.0	12.325499448659222	3.085268464941825
3.0694444446126	12.325499448659222	3.0981061107829118
3.141666666604579	12.475794818648577	3.0953060061803126
3.216666666849051	12.553820500089856	2.762663418733256
3.291666666744277	12.553820500089856	3.4120537613181052
3.369444444542751	12.626090188637919	2.9149188563272506
3.447222222341225	12.697720322420093	3.5498511600367286
3.527777777868323	12.85377168530266	2.9022036667036804
3.611111111298669	12.85377168530266	3.22203092922936
3.694444444554392	13.004067055292026	3.222082536459475
3.780555555713363	13.004067055292026	3.4440349341433043
3.869444444600958	13.153722870515468	3.1329430718004128
3.961111111217178	13.153722870515468	3.12912589839241
4.052777777658775	13.30401824050482	3.138083768767671
4.147222222352866	13.30401824050482	2.795841447667202
4.244444444600958	13.42809186509179	3.4646308948648716
4.344444444403052	13.42809186509179	2.7996303806261857
4.447222222108394	13.58478278274027	3.1355429773587535
4.550000000162982	13.58478278274027	3.1351763181701866
4.655555555596948	13.65641291652243	3.130872424039523
4.763888888759539	13.812464279404988	3.243355114138835
4.875	13.806068731745867	3.5786238760390936
4.988888888969086	13.884733967953077	3.2419816052952073
5.105555555666797	14.034389783176513	3.5537966513107935
5.225000000093132	14.034389783176513	3.5783134906081524
5.347222222248092	14.184685153165878	3.2442870759838907
5.4722222223063	14.262710834607157	3.5793215836783996
5.600000000093132	14.340736516048448	3.891968122468822
5.730555555608589	14.413006204596515	3.474200257171759
5.863888888852671	14.491031886037806	3.780383289829697
6.0	14.56905756747908	3.5001058735468837
6.138888889050577	14.64068770126125	3.475555695638897
6.280555555655155	14.790983071250617	3.479055524189469
6.427777777891606	14.8434265620554	3.167905862284639
6.577777777856682	14.91505669583757	3.4760435538035037
6.730555555550382	14.999477924937969	3.4763737520390636
6.886111111147329	15.071108058720142	3.4754530387889133
7.047222222201526	15.149773294927337	3.160142480073811
7.211111111158971	15.149773294927337	3.2754466016864274
7.37777777784504	15.299429110150779	3.6082220866467765
7.550000000162982	15.378094346357978	3.2474419934378678
7.724999999860302	15.449724480140132	3.2745346507166295
7.905555555713363	15.527750161581423	3.6109147860135886
8.088888888945803	15.606415397788608	3.9186189368862543
8.277777777810115	15.756071213012069	3.271294233780753
8.469444444403052	15.756071213012069	3.607278172935547
8.666666666802485	15.83473644921927	3.608608721214541
8.866666666755918	15.990787812101823	3.6136675185253284
9.072222222341225	16.06241794588398	3.6103290940045416
9.283333333209157	16.06241794588398	3.3034161275212743
9.500000000058208	16.219108863532465	3.94777116699036
9.71944444446126	16.29073899731462	3.498466436130624
9.944444444496185	16.369404233521823	3.1638587455689655
10.17500000016298	16.447429914963113	3.163587510410116
10.41111111128703	16.5254555964044	3.499929881376857
10.65277777786832	16.675750966393753	3.5032119519045697
10.89999999990687	16.649529220991347	3.5279479888099745
11.15277777775191	16.72819445719856	3.189242560320142
11.4111111110542	16.799824590980727	3.500614970800492
11.67500000016298	16.877850272422005	3.164268432113609
11.94444444455439	17.034541190070474	3.1895331420617508
12.2222222223063	17.11256687151176	3.639500471965276
12.50555555569008	17.11256687151176	3.6096675602497204
12.79444444435649	17.262862241501114	3.6371775329792855
13.09166666655801	17.262862241501114	3.637060579956653
13.39444444456603	17.418913604383675	3.2720672183855664
13.70555555541068	17.497578840590883	3.2736680259763493
14.02222222206183	17.569208974373044	3.639050350313346
14.34722222224809	17.647234655814334	3.300621248678919
14.68055555562023	17.725899892021523	3.63592872432603
15.01944444444962	17.797530025803688	3.3044110005803593
15.36666666681413	17.875555707244963	3.3033623583876537
15.72222222236451	17.9606164911113	3.329083194141698
16.08611111110076	18.032246624893457	3.331965619590961
16.45833333337214	18.11027230633473	3.303629890866546
16.83888888900401	18.18893754254193	3.360150641581087
17.22777777782176	18.266963223983225	3.3330875417352956
17.62777777790325	18.344988905424497	2.9676743420741527
18.03611111117061	18.423654141631697	3.329785218990802
18.45277777779847	18.49528427541386	3.3336998604101655
18.88027777784737	18.580345059280166	3.304101012057853
19.31638888875023	18.651975193062338	3.304523975272191
19.76361111109145	18.651975193062338	3.338329941190941
20.22194444434717	18.808026555944906	2.99962098375305
20.68861111113802	18.886691792152103	3.366109294680879
21.16638888884336	18.958321925934268	3.0011526354978404
21.65527777781244	19.036347607375557	3.0020543063412397
22.15527777769603	19.12140839124187	3.338788457477002
22.66638888884336	19.12140839124187	3.0354375973759704
23.19138888898306	19.27809930889037	2.8649304920350054
23.72750000003725	19.27809930889037	2.9222765224194402
24.27472222235519	19.349729442672505	2.9263032701734337
24.83583333349088	19.427755124113787	2.897530932203764
25.41083333344432	19.5128159079801	2.8677057761136657
25.99694444448687	19.551828748700757	2.5625765380401555
26.59694444434717	19.636249977801146	2.5621000914989085
27.21083333319984	19.71491521400835	2.562747214691047
27.83861111104488	19.792940895449632	2.5920493583463053
28.48305555561092	19.78654534779051	2.566903179647037
29.1413888889947	19.871606131656833	2.7083830747588973
29.81583333341405	19.871606131656833	2.711464768472899
30.50472222233657	19.943236265438998	2.344095365735724
31.21027777763084	20.02765749453941	1.8923570200586257
31.93250000016997	20.106322730746605	2.601405725990497
32.6713888887316	20.17795286452876	2.2327044623313586
33.42694444453809	20.26237409362917	2.5744323247655636
34.19916666671634	20.255978545970034	2.608053455424904
34.98805555561557	20.229756800567653	2.6152116988650524
35.79638888896443	20.386447718216118	2.2708583025250957
36.6241666667629	20.386447718216118	1.9623802218467077
37.471388889011	20.465112954423326	1.9120201254062614
38.33805555570871	20.54313863586462	2.2813904516329164
39.22416666668141	20.627559864965026	2.7365037107062222
40.12972222227836	20.627559864965026	2.0584202805467626
41.05749999987893	20.627559864965026	2.061355510309256
42.00472222227836	20.699829553513084	2.0647754472326567
42.97416666668141	20.777855234954362	1.9516722209719048
43.96583333343733	20.855880916395652	1.580031001264666
44.97972222237149	20.855880916395652	1.5824686704687805
46.01861111121252	20.855880916395652	1.90466772310163
47.08250000013504	20.93454615260284	1.615380895701956
48.16972222225741	20.98635008864173	1.969465349181879
49.28083333326504	20.98635008864173	1.278586956745123
50.41972222225741	20.98635008864173	1.6321821765921947
51.58361111115664	21.057980222423897	1.6291213344930322
52.775277777866	21.06501532484893	1.6389244354312424
53.99472222221084	21.221066687731504	1.39793645331403
55.2419444443658	21.14304100629023	1.7629299695927068
56.5169444445055	21.221066687731504	1.7590272944413852
57.82250000000931	21.221066687731504	2.7559060438570713
59.15861111122649	21.299731923938694	5.232205197330818
60.52527777780779	21.299731923938694	7.097101731535733
61.92250000010245	21.37775760537999	10.736944568220894
63.35305555566447	21.37775760537999	13.37602381604023
64.81416666676523	21.664917695274536	16.189913880758912
66.31138888886198	22.212376574895345	19.15430935350436
67.84305555559695	22.766870556941207	22.12423635106619
69.4097222223063	23.478055456635527	25.133986610893444
71.01250000018626	24.116970667781782	27.764687884352984
72.65138888906222	24.72326858586651	29.531098922234435
74.32916666683741	25.44084903321994	30.067627223160823
76.04583333351184	26.07976424436621	30.254561038072712
77.80138888891088	26.803740239378772	29.673269547594987
79.59583333320916	27.364629769083756	29.484852129591314
81.43194444430992	28.016975630314153	29.053668761695786
83.31250000011642	28.66228638911954	27.53821909723081
85.23472222220153	29.236606568908645	26.928860569912654
87.20138888899237	29.80389164627275	25.57094562392488
89.2125000001397	30.37757227129595	25.094691771383
91.27083333337214	30.87322721487788	23.622470330135005
93.37694444437511	31.251843636297895	22.106069635324506
95.53250000003027	31.740463477454785	21.01882032020217
97.73805555567378	32.1580927395954	20.395598848829778
99.99361111113103	32.60130419237253	18.88108230295889
102.3019444444799	32.92747712298775	18.414661585244964
104.6630555557204	33.23446341062558	18.226442310165268
107.0769444443286	33.56703188889991	17.16288026458286
109.5463888887316	33.984021596274665	16.918559022623192
112.0741666668328	34.23216884544855	15.986933303048799
114.6602777779335	34.56473732372286	15.715882017182919
117.3063888887409	34.903701349656316	17.692231374550104
120.0119444446173	35.23626982793065	20.177464586340612
122.7813888889505	35.48441707710457	21.484936541445585
125.6147222220898	35.816985555378906	22.057089937197123
128.5119444443844	36.07088879744602	23.017327437779606
131.4758333333884	36.325431594279095	23.606274890442887
134.5086111109704	37.08202488235315	23.651040096621948
137.611388889025	37.92943494718677	23.65850818084432
140.7863888890715	38.52294176995327	24.14686504048434
144.0336111111101	39.032027363619335	24.073777983258328
147.3558333332185	39.46244772107824	23.94583721974228
150.7558333334746	39.886472530878	23.144991116002075
154.2336111111799	40.23183210447058	21.258111876468092
157.7919444444124	40.57079613040401	19.891554658554384