0.04736901195792598	3.6088813275210763	6.17276970082287
0.08136901195757673	7.460747778853837	10.472595259763667
0.1143690119570238	11.743360586034514	15.311293573612232
0.1473690119564708	16.139182371354753	18.283035703441428
0.1813690119579405	20.093213022471925	20.56198030348199
0.2143690119573876	23.73246749046945	24.046833555764422
0.2813690119564853	31.273289912397566	36.39978847305293
0.3143690119577514	35.69948483819425	38.203820167522665
0.4143690119562962	45.057173299532344	36.41339110086909
0.6973690119575622	66.45643136249198	45.57636106671656
1.197369011957562	93.5382278891382	49.41594951040516
1.697369011957562	110.57203730725409	43.845233903436544
2.197369011957562	120.8906214854838	39.158902901376315
2.697369011957562	128.73793650676527	33.20706175893955
3.197369011957562	133.62801212347512	30.80023544990432
3.697369011957562	138.316520535205	30.75912893050026
4.197369011957562	142.01099889497766	27.66747944765427
4.697369011957562	144.94338754825043	25.007633823842074
5.197369011957562	147.34562684047947	25.814880247035877
5.697369011957562	150.07092589959439	26.41312411912853
6.197369011957562	152.42898607840317	26.02022980226232
6.697369011957562	154.25965809075694	27.01440674095318
7.197369011957562	155.897046481897	25.752807561069215
7.697369011957562	158.08943498537963	26.06406098973704
8.197369011957562	159.4783158635303	25.18504443666228
8.697369011957562	161.05771916830633	23.02406575946536
9.197369011957562	162.0821223607396	24.315480520984018
9.697369011957562	163.38816740122738	23.785955336944834
10.19736901195756	164.694212441715	25.955937454227637
10.69736901195756	166.0527201793893	24.90597400321457
11.19736901195756	167.16548159866315	25.46118722359531
11.69736901195756	168.27272062875966	25.85858571333942
12.19736901195756	169.08727303244646	26.38353268566492
12.69736901195756	170.20003445172037	26.10771424817318
13.19736901195756	171.29070631428408	27.08932420960822
13.69736901195756	172.4007065389692	27.90337816946284
14.19736901195756	173.2318261101888	27.486795903320274
14.69736901195756	174.32525916734136	24.552368760957798
15.19736901195756	175.15637873856076	21.860039873299332
15.69736901195756	175.97093114224737	19.96473334203487
16.19736901195756	176.78548354593448	18.074980818605255
16.69736901195756	176.802050713467	13.300505311341613
17.19736901195756	177.0809313669327	14.308225402492386
17.69736901195756	177.63593147927514	13.71070015210336
18.19736901195756	177.9120509381522	13.32062648947866
18.69736901195756	177.6469762576302	16.424613024609243
19.19736901195756	178.48085702343855	17.686678888391498
19.69736901195756	179.03861833036976	18.65059571314069
20.19736901195756	179.59361844271243	21.107898346861525
20.91236901195589	180.40935816007234	26.0301167691565
21.70236901195676	181.2423277316665	25.504580528024114
22.70236901195676	182.61364741223272	26.74002525774499
23.70236901195676	183.72516629394175	27.672723642508803
24.70236901195676	184.8179366643927	27.53253497259772
25.70236901195676	185.91338539359523	24.956850879700585
26.70236901195676	187.02490427530418	27.270859982607725
27.70236901195676	187.83912533564035	25.7724676312739
28.70236901195676	188.39622395587025	22.90279988715796
29.70236901195676	189.76754363643659	24.130092529310566
30.70236901195676	190.32196389791554	23.060894447260132
31.70236901195676	190.8790625181454	21.94082871821697
36.70236901195676	193.8359705793665	22.089708083360797
39.70236901195676	195.67332468262506	25.087903130512633
43.70236901195676	197.86690049978085	24.350961660572437
47.70236901195676	200.6175749371667	24.824862434405773
49.70236901195676	200.9657615748103	23.8228878179724
64.70236901195676	206.5367477771106	25.682861612491518
69.70236901195676	208.566943710449	21.729791365799045
73.70236901195676	210.00522235979267	21.894378400336784
80.70236901195676	211.54527864167875	15.640135199275923
82.70236901195676	211.87739512681577	14.891872384963174
85.70236901195676	212.43717210579695	20.807190436404312
89.70236901195676	212.7371482859208	14.661704432550309
92.70236901195676	213.29692526490194	16.116254600357884
95.70236901195676	214.9575076905878	20.239359554322206
112.5723690119557	217.2983932390542	19.731392537798317
115.5523690119408	217.31982010906296	18.29463490693053
118.5523690119408	217.87959708804433	15.721628188602983
121.5523690119408	219.2375249748548	10.5757124640538
124.5523690119408	219.79730195383604	6.9596091846999935
127.5523690119408	220.07852962270223	14.705045112366436
130.5523690119408	219.84015569385383	17.660635606286988
134.5523690119408	219.88033107512047	17.95988060093
138.5523690119408	220.00353557767124	14.61114889231221
142.5523690119408	220.8257917142607	16.585536943860653
146.5523690119408	221.36682018198422	20.40596169078385