0.08338348282086372	1.9740650184345454	3.1688553399657637
0.1833834828212275	5.329424834196234	5.401660443698325
0.2833834828215913	7.916786745246131	6.534977449236991
0.3833834828201361	9.965949342368267	6.238907942195678
0.4833834828204999	11.267640706286555	4.354794516939617
0.6833834828212275	12.042147067817945	1.3564876671638963
0.8833834828201361	12.205859789356897	0.9635177925068352
0.9833834828204999	12.280957368044495	1.2030820008143885
1.4833834828205	12.972856393019525	2.2697966720772844
1.9833834828205	13.674768428486228	2.704691566117376
2.4833834828205	14.243006773889027	3.0888671615721184
2.9833834828205	14.791219098308465	3.4676044000949418
3.4833834828205	15.2798540103024	3.7330165153041643
3.9833834828205	15.748963551837566	3.72895903518021
4.4833834828205	16.150485272553908	3.8280388533072656
4.9833834828205	16.456382743074702	3.724764436010551
5.4833834828205	16.782306234578847	3.463864015496591
5.9833834828205	17.03213084634626	3.3626821713428905
6.9833834828205	17.420135002898814	2.9271128128118655
7.9833834828205	17.725031172370446	2.490342901752521
8.9833834828205	17.98236554200661	2.46343971236492
9.9833834828205	18.114036629972194	2.334660851779799
10.9833834828205	18.342833919707054	1.9839743517563067
11.9833834828205	18.474505007672644	1.93356358162167
12.9833834828205	18.578640316786103	1.670142599124921
13.9833834828205	18.65323724494911	1.6056094431151127
14.9833834828205	18.700298394260003	1.7191058459890007
15.9833834828205	18.833471433799335	1.5632644398899038
16.9833834828205	18.900057953569	1.5110217543051747
17.9833834828205	19.003692612157877	1.4017912342813497
18.9833834828205	19.05075376146877	1.2900163143250902
19.9833834828205	19.087801900287978	1.4282160643465496
20.9833834828205	19.105324668648418	1.0904261287138326
21.9833834828205	19.143374108516802	1.0677216868734711
22.9833834828205	19.19994761779478	1.0177495158461982
23.98338348278594	19.298075120613245	1.0311246354228745
24.98338348278594	19.30558487848201	0.9223501164391237
25.98338348278594	19.314095937399944	0.9921152090387656
26.98338348278594	19.34113106572748	0.7758190039433999
27.98338348278594	19.387691564513766	0.6108384928359331
28.98338348278594	19.368166194055004	0.8336334716316721
29.98338348278594	19.43475271382466	0.5440567712000115
30.98338348278594	19.42123514966091	0.7999097337876854
31.98338348278594	19.407717585497153	0.7121039195185486
32.98338348278594	19.45978524005387	0.6853031119753826
33.98338348278594	19.53137826506937	0.7746656199031302
34.98338348278594	19.47230150316847	0.6763185233235945
35.98338348278594	19.533881517692283	0.6651198156259287
36.98338348278594	19.52587110929895	0.8353073646483357
37.98338348278594	19.563419898642742	0.7310049750355192
38.98338348278594	19.55641079129858	0.8093575717800293
39.98338348278594	19.57894006490486	0.6643759184414465
40.98338348278594	19.626501864740312	1.0208296011596916
41.98338348278594	19.595962182740703	0.9295440122327095
42.98338348278594	19.62499991316658	1.0560721264097632
43.98338348278594	19.645526584674514	0.7198863087046883
45.98338348278594	19.702100093952495	0.750379751211259
47.98338348284415	19.76418075900091	0.9146414024508868
49.98338348284415	19.82125491880349	1.0136633283539123
51.98338348284415	19.77769832316468	0.9319646746169974
53.98338348284415	19.77819897368927	0.6837570092390833
55.98338348284415	19.820754268278904	0.2915211451759777
57.98338348284415	19.911372013228586	0.07908645796784812
59.98338348284415	19.919883072146533	0.36480710421316515
61.98338348284415	19.89434989539274	0.2724333636578984
63.98338348284415	19.848790697655595	0.489851726146754
69.98338348284415	19.86280891234396	0.07867811036755232
71.98338348284415	19.922386324769445	0.2953390785656375
73.98338348284415	19.970448775129505	0.5961739685962562
75.98338348284415	19.88533818595022	0.6018523515787834
77.98338348284415	19.88533818595022	0.5433311960055558
79.98338348284415	19.927893480539865	0.5497052165169113
81.98338348284415	19.97795853299826	0.6374529284584874
83.98338348284415	20.02602098335832	0.5622820291467578
85.98338348284415	20.01700927391582	0.7547372577684687
87.98338348284415	20.02802358545665	0.7984138253148294
90.98338348284415	20.01951252653873	0.7530557006153517
93.98338348284415	20.115136776734264	0.5465974592692698
96.98338348284415	20.0891029494559	0.8097631281357901
99.98338348284415	20.09961661047215	0.8929694982812074
102.9833834828442	20.142672555586387	1.1296254946307764
105.9833834828442	20.16670378076641	0.756148940480296
108.9833834828442	20.238296805781925	0.9001218819008295
111.9833834828442	20.268836487781556	0.4513531796106513
114.9833834828442	20.323407394961187	0.8206092366341831
117.9833834828442	20.310390481322017	0.8991720649687314
120.9833834828442	20.329915851780793	0.8245658327689727
123.9833834827277	20.231287698437747	0.8243804058846441
126.9833834827277	20.265331934109454	0.9859910803495748
129.9833834827277	20.35094317381331	0.6858942949103011
132.9833834827277	20.407516683091302	0.9316313033695801
136.9833834827277	20.478108407057636	1.8678967168238898
140.9833834827277	20.512152642729347	1.6191632752694256
144.9833834828442	20.512152642729347	1.6989478476587705
148.9833834828442	20.584746968794025	1.7969834974133625
152.9833834828442	20.731437572497114	1.7278427330239785
156.9833834828442	20.705403745218764	2.4548154030079887
160.9833834828442	20.823056618495997	2.4054267882857183