0.006944444496184588	6.3595497993647765	0.685854678610423
0.008333333360496908	6.58676478248768	0.5709486570813957
0.01388888899236918	6.58676478248768	0.4564241690848618
0.0152777778566815	6.813979765610632	0.5143876785979307
0.01666666672099382	6.813979765610632	0.5709511416147091
0.02083333331393078	6.813979765610632	0.6420795826424165
0.0222222221782431	6.813979765610632	0.6796245297195632
0.02361111086793244	6.964633178333424	0.5663518631649785
0.02499999990686774	6.964633178333424	0.6039429110637408
0.02777777781011537	6.964633178333424	0.6152459863546227
0.02916666667442769	6.964633178333424	0.6418326099571097
0.03055555536411703	7.164681152604728	0.635622096266531
0.03194444440305233	7.164681152604728	0.6688779190533666
0.03333333326736465	7.164681152604728	0.7021406064270015
0.03472222230629996	7.164681152604728	0.35811040275796235
0.03611111117061228	7.164681152604728	0.3708380734397743
0.03749999986030161	7.164681152604728	0.3835683473283932
0.03888888889923692	7.241242723004842	0.31966203412149463
0.04027777776354924	7.241242723004842	0.8264958229575914
0.04166666662786156	7.241242723004842	0.8545099345126734
0.0430555553175509	7.241242723004842	0.4734166954220917
0.0444444443564862	7.241242723004842	0.5682196414001416
0.04583333339542151	7.367198854953422	0.45780133117664806
0.04722222225973383	7.367198854953422	1.3082831441651235
0.04861111112404615	7.367198854953422	1.345862018341352
0.04999999981373549	7.367198854953422	1.383445891882005
0.05138888885267079	7.367198854953422	0.9003743235957878
0.05277777771698311	7.542549548450471	0.7467232529852659
0.05416666675591841	7.542549548450471	1.8417485905086468
0.05555555562023073	7.542549548450471	1.7237324263593987
0.05694444430992007	7.542549548450471	1.9350510758255068
0.05833333334885538	7.542549548450471	0.8082506560899556
0.0597222222131677	7.542549548450471	1.2118208918494304
0.06111111107748002	7.794461812347634	1.8436660127439188
0.06388888880610466	7.794461812347634	1.9291172030830546
0.06666666670935228	7.794461812347634	3.250020595680136
0.06944444426335394	7.996979514696331	2.1538750555315684
0.07222222216660157	7.996979514696331	2.237653484746358
0.0750000000698492	8.29828634014196	3.034426994140584
0.07777777779847383	8.29828634014196	2.3063609426227574
0.08055555552709848	8.29828634014196	2.659934517589297
0.08333333325572312	8.500804042490655	1.5036499883580945
0.08611111115897074	8.500804042490655	2.409657093471338
0.0888888887129724	8.500804042490655	2.304124364735784
0.09166666661622003	8.626760174439237	2.2472845955205463
0.09444444451946765	8.626760174439237	2.625187165575886
0.0972222222480923	8.853975157562191	2.469770255917834
0.09999999997671694	8.853975157562191	2.541868284248473
0.1027777777053416	8.853975157562191	2.8668884239985273
0.1055555556085892	9.078720412607703	2.717093740668453
0.1083333331625909	9.078720412607703	2.576236584039782
0.1111111110658385	9.078720412607703	3.1141550791406494
0.1138888889690861	9.22937382533054	3.772564891311923
0.1166666666977108	9.22937382533054	2.4922400407262617
0.1194444444263354	9.456588808453445	3.0989012987859983
0.12222222215496	9.456588808453445	3.0470236946562412
0.12638888892252	9.634409230027934	3.7797173765006042
0.1305555555154569	9.634409230027934	3.679072087078418
0.1347222221083939	9.83445720429919	3.190606162009538
0.1388888888759539	9.83445720429919	3.1567652504400807
0.1430555556435138	10.086369468196354	3.1768375196930436
0.1472222220618278	10.086369468196354	4.256788160081587
0.1513888888293877	10.212325600144933	3.439589337033925
0.1555555555969477	10.212325600144933	4.582253431387721
0.1597222220152617	10.39014602171942	3.5880281227844466
0.1638888889574446	10.590193995990726	3.872789580643138
0.1680555555503815	10.590193995990726	4.3730868192412204
0.1722222223179415	10.792711698339378	5.255522269642389
0.1763888889108785	10.792711698339378	5.243237115533624
0.1805555555038154	10.943365111062214	4.925428054412329
0.1847222222713754	10.943365111062214	4.047651905078686
0.1902777777286246	11.24467193650784	4.777108726904988
0.1958333333604969	11.395325349230676	5.470998121712146
0.2013888889923692	11.521281481179258	5.421964827796173
0.2069444444496185	11.521281481179258	5.405688776888849
0.2124999999068677	11.723799183527955	5.101940660641155
0.218055555364117	11.95101416665091	5.30697565772961
0.2236111111706123	12.101667579373702	5.450475789054081
0.2291666666278616	12.101667579373702	5.847177117220333
0.2347222222597338	12.304185281722399	5.800988687076347
0.2402777777169831	12.454838694445236	5.732517330227921
0.2458333333488554	12.605492107168072	4.683908288161883
0.25277777784504	12.756145519890861	4.809563224135277
0.2597222221666016	12.857404371065194	5.334901281343666
0.2666666666627862	13.032755064562286	5.557487286142001
0.2736111111589707	13.032755064562286	4.967484034086941
0.2805555556551553	13.210575486136722	4.9277225267813956
0.2874999999767169	13.385926179633767	5.218095508712872
0.2944444444729015	13.53657959235661	6.47091834765532
0.3013888889690861	13.714400013931048	6.184564632217371
0.30972222215496	13.78849185625377	6.941043019081046
0.3180555555154569	13.91444798820235	6.2843809732541
0.3263888888759539	14.2923163840481	6.466293103375907
0.3347222220618278	14.418272515996675	6.012196604033685
0.3430555555969477	14.568925928719514	6.983471726175184
0.3513888889574446	14.670184779893843	6.672513892030067
0.3597222223179415	14.845535473390887	7.157546450752496
0.3680555555038154	14.946794324565252	6.4460891735015045
0.3777777777286246	15.048053175739579	6.663942079675854
0.3874999999534339	15.324662720410997	7.3590217009653545
0.3972222221782431	15.45061885235958	7.431520608527227
0.4069444444030523	15.677833835482534	7.999525804619789
0.4166666666278616	15.880351537831185	7.991708627532518
0.4263888888526708	16.03100495055402	8.276047111332403
0.4374999997671694	16.357009056773865	7.659878756809733
0.4486111112055369	16.48296518872249	7.953540078211147
0.4597222222946584	16.759574733393904	8.158906675601516
0.470833333209157	16.91269787419414	7.625000207902975
0.4819444444729015	17.063351286916927	8.033927459936589
0.4944444444263354	17.189307418865507	7.552015643103086
0.5069444443797693	17.38935539313681	7.9738713899160185
0.5194444445078261	17.668434665885624	7.888047942506274
0.53194444446126	17.742526508208304	8.32628768326473
0.5444444444146939	17.994438772105518	8.342010898403212
0.558333333407063	18.196956474454158	9.004169124165324
0.5722222222248092	18.421701729499667	10.213214357956481
0.5861111108679324	18.673613993396835	10.798332310595812
0.5999999998603016	18.925526257294038	11.679098474183688
0.6138888888526708	19.078649398094278	12.128585615438746
0.6291666667093523	19.355258942765644	12.512541831865713
0.6444444442167878	19.831916461708367	12.893224964437685
0.6597222222480923	20.236951866405757	14.126503220404635
0.6750000001047738	20.513561411077134	13.87102524136461
0.6916666666511446	20.89142980692288	15.421495940454028
0.7083333333721384	21.1680393515943	15.85534772090926
0.7250000000931323	21.469346177039927	15.619949952517851
0.7430555555038154	22.025034994460153	15.310899792871796
0.7611111109144986	22.225082968731414	16.314744981272188
0.7791666666744277	22.753604777299994	16.938328680674132
0.7972222222597338	23.10677589237153	17.802215759874688
0.8166666667093523	23.53403884976573	18.375951172192757
0.8361111111589707	23.862512684063013	17.88785619277537
0.8555555556085892	24.36633721185734	18.56651776643704
0.87638888892252	24.894859020425926	18.844843436735136
0.8972222220618278	25.373986267446046	19.633845418852427
0.9180555555503815	25.80124922484025	19.71948611690827
0.9402777777286246	26.23098191031184	20.106723527717197
0.9624999999068677	26.581683297305936	20.729321030571928
0.9847222222597338	27.162069395500403	20.608325444917092
1.008333333302289	27.71528848484322	21.13510642060221
1.031944444519468	28.145021170314873	21.14326795160493
1.056944444426335	28.57228412770909	22.13653882459564
1.081944444507826	29.226762068226193	23.021940291297753
1.106944444414694	29.70588931524632	23.14231646782783
1.133333333360497	30.30850296613758	23.208018012693902
1.1597222223063	30.738235651609216	23.99661157938506
1.187499999767169	31.39271359212639	24.942345976929264
1.215277777751908	31.945932681469174	24.5866858105739
1.244444444426335	32.57571334121208	24.88951724589469
1.273611111100763	33.131402158632305	25.539580358974
1.30416666646488	33.76118281837522	26.407149734627943
1.334722222178243	34.38849375004075	26.53782082044974
1.366666666755918	34.968879848235176	27.13182143388195
1.398611111158971	35.52209893757803	27.831547777031556
1.431944444426335	36.27783572926944	28.308739488604616
1.465277777868323	36.90761638901237	28.60407046716845
1.5	37.58679161030377	28.913847491238144
1.5347222223063	38.268436559672594	29.55261685903458
1.570833333302289	39.048870632138325	30.428499902818196
1.608333333162591	39.72804585342967	30.234514708548513
1.645833333372138	40.40969080279852	31.140467255856343
1.684722222271375	41.113563304864115	31.5164261004734
1.723611111170612	41.81990553500713	31.90261110399335
1.763888888759539	42.57564232669865	32.303790696045276
1.805555555562023	43.2795148287643	33.0728469816616
1.847222222015262	44.111813190855884	34.25448387971761
1.890277777856682	44.865080254469994	34.39391128419251
1.934722222213168	45.647984055013126	35.30335248284775
1.980555555608589	46.5272072505758	36.036218406417376
2.026388888829388	47.359505612667384	36.986329527573204
2.073611110914499	48.31529037863016	37.18668994342063
2.122222222213168	49.046329889547465	37.75431544286419
2.172222222201526	49.97741737473599	38.64401633732738
2.223611111054197	50.91097458800197	39.15214946589143
2.274999999906868	51.8173647924163	39.32188960963254
2.327777777798474	52.69905771605636	39.85466617748787
2.381944444379769	53.580750639696426	40.84536720105991
2.4375	54.56123268643345	40.98311516286072
2.49444444430992	55.54418446124793	41.464802205733854
2.552777777658775	56.425877384888	41.98970927328101
2.612500000046566	57.50761828279938	42.63799635571429
2.673611111124046	58.465872776839554	43.199207869493364
2.736111111065839	59.42165754280234	43.34448111243051
2.800000000046566	60.45400387916524	43.62589275591693
2.865277777716983	61.48881994360555	44.266781335495416
2.931944444426335	62.52116627996847	44.38883779469718
3.0	63.5288153355571	44.527215069960526
3.069444444263354	64.53399466306836	45.354199517692116
3.140277777565643	65.56881072750869	45.78359445458117
3.213888888945803	66.6011570638716	45.89666403830387
3.288888888666406	67.7075952425572	46.2661068595344
3.365277777775191	68.6905470173716	46.56496672256391
3.443055555573665	69.82415220490888	46.78662354863847
3.523611111100763	70.95775739244614	47.388022867574016
3.605555555317551	72.01480100958328	47.44024242018307
3.68888888892252	73.12370891634629	47.55721638282659
3.774999999906868	74.20544981425763	48.11381779494637
3.862500000104774	75.26249343139477	47.63947168606049
3.952777777856682	76.44796290855795	48.04171141591194
4.044444444472902	77.4803092449208	48.059786659148024
4.138888888992369	78.61391443245803	48.247418574682676
4.234722222201526	79.72035261114367	48.26047196916001
4.333333333313931	80.7526989475066	48.61682103774479
4.433333333116025	81.96286570544396	48.21023341841577
4.536111111170612	83.0199093225811	48.87354266672368
4.641666666604579	84.17821179089258	49.015484749197746
4.749999999767169	85.26242241688135	49.35526291524325
4.859722222317942	86.39602760441858	49.588956554865646
4.972222222248092	87.47776850232995	49.56957256919962
5.087499999906868	88.66076825141569	49.684980631167065
5.205555555643514	89.81907071972712	49.7195838180341
5.326388888759539	91.00454019689025	50.330593293595804
5.449999999953434	92.08628109480173	50.51870786273526
5.576388888875954	93.29644785273896	50.51403323127177
5.705555555527099	94.37818875065042	50.87479896387719
5.837499999906868	95.53649121896186	50.980802985758004
5.972222222015262	96.74665797689927	50.667328484397906
6.111111111065839	97.92965772598491	51.11196108582393
6.25277777784504	99.01139862389634	51.027816219722546
6.397222222178243	100.2709599433822	51.47341244991268
6.545833333279006	101.45395969246793	51.4547068758616
6.697222222108394	102.56286759923097	51.44866517747729
6.852777777705342	103.74586734831662	51.387024976919186
7.011111111205537	104.93133682547983	51.84583787812843
7.173611111124046	106.11433657456554	51.16981425503627
7.340277777810115	107.27263904287689	51.20705573274449
7.509722222224809	108.48033607273688	51.53831260286905
7.683333333407063	109.64110826912587	51.128565306405626
7.861111111007631	110.82410801821149	51.436138689110116
8.043055555550382	111.93054619689715	51.12030398386216
8.229166666511446	113.11601567406032	51.3728117504443
8.419444444414694	114.29901542314605	50.92389378607931
8.613888888910878	115.38075632105732	51.26049084485934
8.813888888864312	116.64031764054319	51.04760691374827
9.018055555410683	117.74922554730622	51.273157453139866
9.226388888899237	118.95692257716615	50.837578802180985
9.44027777784504	120.06583048392913	51.080832297372325
9.658333333209157	121.30069452264081	51.314022688536596
9.88194444437977	122.43429971017797	50.79706549164304
10.11111111100763	123.5926021784895	50.93349092406222
10.34444444440305	124.67434307640086	50.484767432147045
10.58333333325572	125.90920711511254	50.95261813390247
10.82777777756564	127.04281230264972	50.18535125474936
11.07777777785668	128.17641749018708	50.3116408243789
11.33333333325572	129.3100226777241	50.22070719602312
11.59583333332557	130.41646085640977	50.46115914212742
11.86388888885267	131.62662761434729	50.13566134713718
12.13750000001164	132.6836712314843	50.477296754388725
12.41805555531755	133.84197369979574	50.72092091982984
12.70555555564351	134.9755788873331	50.93332154108761
12.99861111107748	136.1091840748703	51.073464117332406
13.29861111100763	137.26748654318172	51.19397567161826
13.60555555560859	138.47518357304168	51.31460223704079
13.91944444435649	139.66065305020493	51.54103539617114
14.24166666646488	140.84365279929068	51.44600645156884
14.57083333341871	141.97725798682788	51.550954429605376
14.90694444451947	143.20965229746201	51.22588000528051
15.25138888880611	144.29386292345077	50.89512257110734
15.60416666662786	145.50155995331076	50.78759986093175
15.96527777781012	146.6104678600737	50.483205884254915
16.33472222217824	147.76877032838522	50.15409176536508
16.71249999990687	148.8529809543741	49.948248259262805
17.09861111117061	149.98411641383387	49.94569965753589
17.49305555562023	151.14241888214534	49.29679593112803
17.89722222229466	152.2513267889084	49.43279372587742
18.3111111111939	153.30837040604555	49.234165108681076
18.73472222231794	154.49383988320878	49.249166453967035
19.16805555531755	155.57558078111992	49.06188995134583
19.61111111106584	156.6326243982571	48.85920389327987
20.06388888886431	157.76622958579446	48.87321431072002
20.52777777775191	158.87513749255743	49.23610864821929
21.00138888886431	159.95687839046875	48.91827656143927
21.48611111106584	161.04108901645768	48.94900820786219
21.98194444435649	162.14999692322064	48.98732181397794
22.48888888891088	163.2564351019062	48.55507238296971
23.00833333341871	164.39004028944336	48.460223174556695
23.54027777770534	165.4989481962065	48.814604841804496
24.08333333325572	166.58068909411773	48.71939267827462
24.63888888875954	167.6402024393324	48.504827996635214
25.20777777774492	168.6725487756953	48.192274086789375
25.78972222219454	169.75428967360665	48.32467765347091
26.38555555563653	170.91259214191822	48.126731125760074
26.99527777754702	171.97210548713267	48.154139791907355
27.61888888897374	173.0291491042699	48.727455252207804
28.25638888869435	174.06149544063283	48.97990058429706
28.90916666644625	175.21979790894414	49.47323343774793
29.57583333319053	176.27684152608145	49.167574632641184
30.2591666666558	177.36105215207024	49.30980859452533
30.95777777780313	178.54405190115583	49.78982231000527
31.67166666663252	179.62579279906703	50.26958541081418
32.4022222221829	180.81126227623022	49.84693695018342
33.14944444445428	181.8930031741418	50.21346545336733
33.91472222213633	182.9772138001303	50.24276892155655
34.69805555557832	184.13551626844193	49.94088685584306
35.49944444443099	185.26912145597927	49.97008380188571
36.31888888869435	186.3261650731163	49.54898070378915
37.15777777775656	187.45977026065356	49.357122471638405
38.01472222222947	188.54151115856487	49.72962943209929
38.89249999984168	189.65041906532807	49.547940664729325
39.78972222225275	190.73215996323947	49.8170602339734
40.70777777780313	191.81637058922814	49.967786094551215
41.64666666649282	192.84871692559108	49.9035980234878
42.60777777771	194.00701939390257	49.82347130442008
43.59111111110542	195.11592730066545	49.87098802389777
44.59666666667908	196.29892704975126	49.794463990207575
45.6258333332953	197.38066794766272	50.06554028933332
46.6786111111287	198.48957585442562	50.33956218934279
47.75638888869435	199.54661947156293	50.15522643612624
48.85777777782641	200.65552737832596	49.854989458745536
49.98555555555504	201.7125709954629	49.45428657469851
51.13833333319053	202.84617618300035	50.65525719796454
52.31888888898538	203.93038680898883	51.401543190918524
53.5258333333768	205.0368249876746	52.27467477300581
54.76055555557832	206.06917132403748	53.0237948997766
56.02444444445428	207.15338195002616	54.128452153526496
57.31750000000466	208.48703511183484	55.34133731728483
58.63972222222947	209.74659643132057	56.438621179639384
59.99249999999302	210.98146047003235	57.320062837217655
61.37722222215962	212.2410217895179	58.54401864602177
62.79388888890389	213.52528038977817	59.764177384187214
64.24250000005122	214.91079784121246	60.20844896923773
65.7244444442913	216.2197537222467	60.40010619893869
67.24111111118691	217.50401232250687	61.40936378190124
68.79250000003958	218.78827092276686	61.95704896570136
70.37999999988824	220.1219240845754	62.875697092772015
72.00361111108214	221.5346085448616	62.60960998216359
73.66472222213633	222.8188671451217	63.18306757507946
75.36472222208977	224.25377915810438	64.34165328215128
77.10361111094244	225.6121296006873	64.7998698488499
78.88277777773328	227.0742086225217	65.7265107982319
80.70222222228767	228.38316450355617	65.718956318591
82.5633333332953	229.7933792357648	66.6649655680408
84.46749999979511	231.30485281914795	66.66108062783563
86.41611111117527	232.66567298980792	67.14826891870344
88.40916666673729	234.17467684511337	67.26058029717836
90.44805555534549	235.5601942965478	68.34605281468801
92.53416666673729	237.0222733183825	68.4713273853686
94.6688888889039	238.43248805059116	68.38168802341588
96.85222222219454	239.86740006357408	69.47716486584457
99.08583333331626	241.3270093573311	69.51929504698514
101.3719444444869	242.8384829407141	69.89350087067074
103.7108333331998	244.24869767292273	70.04051812539218
106.1024999998044	245.71077669475727	70.56731324237582
108.5497222222039	247.2716448396886	71.32836386685874
111.0538888889132	248.7584211422976	71.62767601244676
113.6155555556179	250.19333315528038	71.43867188366946
116.2363888886757	251.65294244903745	72.4720319019939
118.9169444444706	253.13971875164637	72.65440202042659
121.6600000000326	254.7005868965778	72.96755123593412
124.4655555555364	256.18736319918656	73.04348573334546
127.3363888888853	257.62227521216954	73.78372521063604
130.2738888887689	259.2078406378753	73.9382054502686
133.2780555555364	260.66991965970976	74.7716228498671
136.3516666665673	262.2554850854155	72.58375965774323