0.002440000000007103	0.06667920089987504	0.05349039776108473
0.004880000000014206	0.13249798838073346	0.13643042317954024
0.00732000000002131	0.19764674995744222	0.1980202082516278
0.009760000000028413	0.2622268754905395	0.2598003347481178
0.01220000000003552	0.3262998429906552	0.3211615315722123
0.01464000000004262	0.38990711570258235	0.38195844088618763
0.01708000000004972	0.4530789999112576	0.44215197786217236
0.01952000000005683	0.5158389815352284	0.5017368411554757
0.02196000000006393	0.5782060570163593	0.5619162318034427
0.02463952525653212	0.6465124537683473	0.6275358753225435
0.02764600204307044	0.7226589034189345	0.6973361982011616
0.03101932447998479	0.8070269217796365	0.7746289040501341
0.03480425450652547	0.9009575761637458	0.8608067082517922
0.03905101584453519	1.0051524500325495	0.9578996147652225
0.04381596043680247	1.1214190375622854	1.066397194555892
0.04916231620305211	1.2505707833421016	1.1841160774505795
0.05516102603604622	1.393911544389784	1.3115023454136816
0.06189168917066468	1.5523562483742575	1.4522072727202968
0.06944361741742	1.728047275485579	1.6078405406699943
0.07791702027583369	1.922268085349738	1.7741999307543042
0.08742433465371846	2.1361918543482674	1.9585686151285444
0.09809171683653517	2.372774506821816	2.159395243202435
0.110060716504762	2.6328291848435965	2.3713833318208213
0.1234901550120355	2.918089250966677	2.6059882839438875
0.1385582328481121	3.231997080689884	2.8570460652939773
0.1554648942510539	3.574863240452438	3.120469665714359
0.1744344803457807	3.9491828498346027	3.407129170162986
0.1957187060145316	4.357756915371255	3.7074216750706226
0.2196000000004119	4.800864451502752	4.0217492358905345
0.2463952525651791	5.281386633507979	4.355119397421772
0.2764600204305339	5.800740449543223	4.694976862565899
0.3101932447997626	6.358909538539873	5.047395784403073
0.348042545065141	6.958687360830102	5.408988021152554
0.3905101584453234	7.59926350958016	5.764438654913433
0.4381596043680247	8.279898212472514	6.12552572905997
0.491623162030578	9.002458549775072	6.479468112060092
0.5516102603606043	9.763256982434843	6.811274928854266
0.6189168917069026	10.56070241960723	7.131201758115445
0.6944361741743421	11.393433655177374	7.423046839742072
0.7791702027584506	12.256136283637433	7.67759601385001
0.8742433465371846	13.145323506084765	7.89697065368491
0.980917168365437	14.056155560758297	8.068631747596381
1.100607165047649	14.982279528064517	8.189037112664174
1.234901550120441	15.918048983094579	8.256434885955327
1.385582328481235	16.856725686383836	8.267209556429274
1.554648942510625	17.791860986760035	8.220147481396971
1.744344803457949	18.716476378615432	8.118259670526369
1.957187060145543	19.624846280510855	7.969049930281488
2.196000000004318	20.511740500285796	7.769714077772188
2.463952525651962	21.370867758875026	7.533616055695479
2.764600204305424	22.200060970705437	7.274004757240323
3.101932447997655	22.996077116603793	6.988211133351996
3.480425450651438	23.756213088350883	6.695036809675188
3.905101584453149	24.48146775424699	6.402557497458532
4.381596043680275	25.170991558427716	6.111072673694853
4.916231620305751	25.825869112586986	5.836702316352648
5.516102603605901	26.448818730500594	5.577115479483778
6.18916891706894	27.040425793870853	5.334340517960789
6.94436174174345	27.60381748743111	5.118212763785389
7.791702027584677	28.14169420690525	4.917746318325153
8.742433465372045	28.65478247020032	4.736348346911971
9.809171683654512	29.146447459839777	4.578256625941482
11.00607165047663	29.618289093548434	4.434366788093591
12.22607165047663	30.032494762020114	4.3158615332311765
13.44607165047663	30.39506106665617	4.213292177506303
14.66607165047662	30.716471683382615	4.129527129149539
15.88607165047662	31.00407021677029	4.056601413976182
17.10607165047662	31.2645044346567	3.9945716154797464
18.32607165047662	31.501393035490647	3.9428776233137213
19.54607165047662	31.718996840154887	3.895523522939012
20.76607165047662	31.919765824394716	3.8587185923570724
21.98607165047662	32.105821909019035	3.824744056388676
23.20607165047662	32.27934310695316	3.799225670611777
24.42607165047662	32.441846724285185	3.7766596317841215
25.64607165047661	32.59462749807834	3.7596441286723525
26.86607165047661	32.73879529775324	3.7467192343674807
28.08607165047661	32.87530317427113	3.7387840741492515
29.30607165047661	33.00497063166607	3.733525280248006
30.52607165047661	33.12846370088592	3.7318886234699677
31.74607165047661	33.24628669437186	3.7351122861512636
32.96607165047661	33.359135751011365	3.739434440586837
34.18607165047661	33.467466936233556	3.746504084426215
35.40607165047661	33.57166711534933	3.755813461798113
36.6260716504766	33.671939893024806	3.7698187397115537
37.8460716504766	33.76877434283661	3.78393710232369
39.0660716504766	33.862411184391746	3.7996269790188717
40.2860716504766	33.95301375318102	3.8169556858048206
41.5060716504766	34.04088538053385	3.837791182194692
42.7260716504766	34.12617552734101	3.8583951457329864
43.9460716504766	34.209077030652374	3.881129620617526
45.1660716504766	34.28971241079814	3.9032101427806616
46.3860716504766	34.36827915859154	3.9267266093763884
47.60607165047659	34.44482518069377	3.951641518467402
48.82607165047659	34.519546082579936	3.975343880874689
50.04607165047659	34.59245516519564	4.002786370335755
51.26607165047659	34.663740089181246	4.0289571840742475
52.48607165047659	34.73337706681517	4.053859853147276
53.70607165047659	34.80156982246729	4.0804199042824365
56.14607165047659	34.93362138839487	4.132849980023623
58.58607165047658	35.060384576968545	4.186438427403237
61.02607165047658	35.18227464408633	4.238561369551709
63.46607165047658	35.2996633320065	4.29154524114973
65.90607165047658	35.41291649823501	4.342022213443209
68.34607165047657	35.5222308022476	4.391618149835845
70.78607165047657	35.62785072202395	4.440096068035859
73.22607165047657	35.730024226383364	4.488053218733504
75.66607165047657	35.828948736525035	4.534040823478525
78.10607165047657	35.92476570319681	4.578189441071683
80.54607165047656	36.01766342307402	4.619660522434343
82.98607165047656	36.10776445677694	4.658588034557202
85.42607165047656	36.19523638996291	4.69675856135094
87.86607165047656	36.28014945796072	4.733025328026526
90.30607165047655	36.36267383844292	4.76711447220101
92.74607165047655	36.44288383947093	4.797482457265555
95.18607165047655	36.520592443127086	4.826920581620744
97.62607165047655	36.59595060246304	4.861834234331555