0.03333333344198763	1.2925022080172472	0.9495745051014985
0.05000000016298145	1.9038932939672848	23.915008511152504
0.06666666688397527	13.363453845755219	44.42660220787224
0.08333333325572312	24.08156862883609	40.0029512498663
0.1000000001513399	30.187434868784955	36.47449362659133
0.1166666666977108	36.20749183351267	42.03478253958837
0.1333333334187046	42.17525877115247	49.712273547782246
0.1500000001396984	48.56402746534579	60.10373762361179
0.1666666668606922	55.463629501089315	73.90115212130152
0.183333333407063	63.18646427098501	85.49727093913023
0.1999999999534339	71.64270019003574	87.49861501396998
0.2166666668490507	79.26497721553172	82.12680615661584
0.2333333333954215	85.00883557564163	70.6356272688746
0.2500000001164153	89.3234331953507	57.18046861426412
0.2666666668374091	92.61368259210838	45.800165171728786
0.283333333558403	95.07131386523662	36.736692435283715
0.3000000001047738	96.87062710502829	29.56346386246736
0.3166666666511446	98.26636859729594	24.326946243137776
0.3333333335467614	99.37920763531912	21.037652735814238
0.3500000000931323	100.31640581312413	18.548187321974716
0.3666666668141261	101.10880083899363	16.97224436294595
0.3833333335351199	101.82343120919413	15.500930478533663
0.3999999999068677	102.46431923350139	14.400737802873355
0.4166666668024845	103.02073875251294	13.662478207955013
0.4333333333488554	103.52084593466074	13.023645462618921
0.4500000002444722	103.99547848822723	12.528334976799831
0.466666666790843	104.4486587229884	12.20430323463369
0.4833333335118368	104.87234201939248	11.98022310096705
0.5000000002328306	105.27993607669245	11.806331836562027
0.5166666666045785	105.66339627533661	11.603689537649858
0.5333333335001953	106.01735953562348	11.53575239010748
0.5500000000465661	106.3726635658358	11.376560411314701
0.56666666676756	106.71321912686938	11.222613586841419
0.5833333334885538	107.03634467887363	11.130221832246075
0.6000000002095476	107.3648333105793	11.165783947961772
0.6166666667559184	107.66114346407694	11.137124979706277
0.6333333333022892	107.94940899802283	10.984367296875943
0.650000000197906	108.23365222219253	11.089116905371766
0.6666666667442769	108.52594006591423	11.078414861409321
0.6833333334652707	108.80347944045742	11.150070935403027
0.7000000001862645	109.04749956686729	11.05814496152381
0.7166666669072583	109.32101663163445	11.114747654686397
0.7333333334536292	109.5891706167003	10.983498104706902
0.7666666668956168	110.10402626802669	10.863771612525047
0.8000000001629815	110.55854727271321	10.899886731559373
0.8333333332557231	110.97552671949063	10.745428941730003
0.8666666666977108	111.3951877061186	10.69404375425698
0.9000000001396984	111.81484869274665	10.79703819394703
0.933333333407063	112.19830889139072	11.027607542481979
0.9666666668490507	112.59383601936283	11.187318428438624
1.000000000116415	112.97997775785765	11.17506245085555
1.033333333558403	113.35807487680043	11.331470966636328
1.066666666651145	113.73349045589252	11.354260641840478
1.100000000093132	114.09549833573142	11.389399442072833
1.13333333353512	114.4199646576611	11.55349457096078
1.166666666802485	114.74845328936668	11.537439537918353
1.200000000244472	115.07694192107236	11.478307117379625
1.233333333511837	115.3960451633007	11.373317706126981
1.266666666604579	115.73123764463294	11.332756075529993
1.300000000046566	116.02620702820528	11.267390408942994
1.333333333488554	116.31447256215111	11.049025685282214
1.366666666755918	116.58530808706759	10.846056619530147
1.400000000197906	116.84541745258142	10.453900248104514
1.433333333465271	117.10686758802068	10.1927175939053
1.466666666907258	117.3415023249532	9.949257140043438
1.516666666895617	117.6606055671815	9.58700869618086
1.566666666883975	117.96227880038062	9.259039058329993
1.616666666697711	118.25054433432634	8.86961380631849
1.666666666860692	118.51333523969082	8.638132371196278
1.716666666849051	118.76942229542867	8.418249032394053
1.766666666837409	119.01612396168927	8.305859503041145
1.816666666651145	119.23869176929391	8.236618058677548
1.866666666814126	119.4626003468239	8.191516829330116
1.916666666802485	119.6677381453992	8.108398405170009
1.966666666790843	119.88494287330249	8.096551003601428
2.016666666604579	120.09946606135527	8.154528765166871
2.06666666676756	120.30192232007992	8.164877814562509
2.116666666755918	120.49097087955121	8.31158039672652
2.166666666744277	120.69476790820134	8.329917815125695
2.216666666907258	120.88381646767276	8.30998095664199
2.283333333441988	121.13319967378396	8.401271949511427
2.35000000015134	121.39062749944705	8.498308369556948
2.416666666860692	121.62794377623038	8.42503155327064
2.483333333395422	121.85453389361103	8.490941032857844
2.550000000104774	122.10257632979696	8.507977076881474
2.616666666814126	122.3251441374016	8.556613940180059
2.683333333348855	122.52894116605162	8.675666641152459
2.750000000232831	122.7461458939548	8.796477736205414
2.81666666676756	122.95530600230617	8.654225627844646
2.883333333302289	123.17385150013487	8.839537085237
2.950000000186265	123.37496698893425	8.911242153594893
3.033333333441988	123.64848405370134	9.046511071693137
3.116666666697711	123.8764149410073	9.246452489233372
3.199999999953434	124.14188738622249	9.33732368311928
3.283333333558403	124.38322597278169	9.49657841382933
3.366666666814126	124.61786070971425	9.557382634736284
3.450000000244472	124.8739477654521	9.7228557226818
3.533333333500195	125.113945582086	9.791084056781136
3.616666666755918	125.35930647842132	9.858968880731108
3.716666666907258	125.63282354318844	10.111406620013222
3.816666666883975	125.89561444855292	10.121971147638764
3.916666666860692	126.17315382309604	10.286325360698909
4.016666666837409	126.43594472846053	10.230166077060721
4.116666666814126	126.70678025337715	10.418266140659169
4.216666666790843	126.96018576926424	10.569738001135843
4.31666666676756	127.2283397543301	10.655344287599311
4.416666666744277	127.46431526118795	10.836049232542644
4.533333333441988	127.74587694550709	11.008955102689958
4.650000000139698	128.04486863885558	11.196552723215305
4.766666666837409	128.33045263295057	11.302276767376197
4.88333333353512	128.6227404766724	11.601365654057048
5.000000000232831	128.90162062114084	11.84504086062045
5.116666666755918	129.1858638453106	12.113938985319
5.25	129.5197155567175	12.129085252533107
5.383333333418705	129.83613725909527	12.268329289355936
5.516666666837409	130.15255896147286	12.51786208181028
5.649999999906868	130.48238836310392	12.569725110522812
5.783333333500195	130.76797235719891	12.621414955872142
5.933333333465271	131.1004832986805	12.745014942336528
6.083333333255723	131.4490834792661	12.885809700618202
6.233333333395422	131.76282364179312	12.892556040794693
6.38333333353512	132.08460842387217	13.008433703992434
6.533333333500195	132.40237089617506	13.146206037077048
6.700000000186265	132.75901569631273	13.207834968503859
6.866666666697711	133.10091202727153	13.398615776195932
7.033333333558403	133.42135603942523	13.481258951238274
7.200000000244472	133.75520775083217	13.620367855099222
7.366666666755918	134.06090329380723	13.804394734966781
7.550000000162982	134.44034118267538	13.936869289947808
7.733333333395422	134.79162290311174	14.105195095323234
7.916666666802485	135.1362007739213	14.322530063389381
8.100000000209548	135.48346018458142	14.49747039261715
8.300000000162981	135.86423884337484	14.68011613757246
8.500000000116415	136.2369728826164	14.671222624565036
8.700000000244472	136.60434384215662	14.77853323382803
8.916666666744277	136.99316712050202	15.071244172558192
9.133333333418705	137.36858269959424	15.154341444686285
9.350000000093132	137.73327211928375	15.17632242783158
9.56666666676756	138.09930230889861	15.280550749191612
9.800000000162981	138.49885174664652	15.45088819749509
10.0333333335584	138.89840118439474	15.646837632026156
10.26666666660458	139.28320215296415	15.808857019852741
10.51666666689562	139.6720254313094	15.967350014175334
10.76666666683741	140.07157486905774	16.074615324628418
11.01666666660458	140.46844276695506	16.186431784475925
11.28333333344199	140.90017068291107	16.14493182562972
11.55000000010477	141.30106089058452	16.17241549032355
11.81666666676756	141.7019510982578	16.3473009871667
12.10000000015134	142.11624900518456	16.445842543757397
12.38333333353512	142.5064130534554	16.4705502933453
12.68333333346527	142.9260740400834	16.418605274052734
12.98333333339542	143.34975733648733	16.46744633874069
13.2833333335002	143.75198831408602	16.595922341677255
13.60000000015134	144.17433084056478	16.604694755572982
13.91666666680249	144.5886287474915	16.675265526930286
14.25	145.0096305040448	16.851336969550985
14.58333333354676	145.4386768801501	16.860494339535304
14.93333333346527	145.8489524773008	17.030907657320665
15.2833333335584	146.27799885340607	17.1776511840823
15.65000000019791	146.74190524756983	17.25037301035027
16.01666666683741	147.15486238457137	17.40117465837811
16.40000000019791	147.61742800880995	17.661510303249717
16.7833333335584	148.06658593379504	17.73546898943683
17.18333333346527	148.5036769294525	17.714001125257333
17.58333333354676	148.9649017837657	17.883136326210384
18.0	149.42612663807884	17.882008374161845
18.41666666680249	149.86858071343744	17.924021882322275
18.85000000015134	150.32310171812406	18.13475448943329
19.30000000004657	150.78298580251197	18.155062644227673
19.75000000011642	151.23750680719854	18.12112858085013
20.21666666690726	151.704094741213	18.157092324975213
20.68333333334886	152.17336421507824	18.21086826438019
21.16666666686069	152.64397445886868	18.31287201019774
21.66666666674428	153.1011770034058	18.303567502393587
22.16666666680249	153.55301646824182	18.390366873221662
22.68333333340706	154.01826363233113	18.330625570161537
23.21666666690726	154.49557772574826	18.397209729146773
23.76666666660458	154.95948411991222	18.391850091404272
24.31666666665115	155.43813898325465	18.403702269094605
24.88333333341871	155.90338614734375	18.50919532376979
25.46666666690726	156.3927671700889	18.61401926428312
26.06666666676756	156.85131048455145	18.68366801896812
26.68333333334886	157.3205799584167	18.59184613808533
27.30000000010477	157.8072794413111	18.678884851254097
27.93333333340706	158.30336431368298	18.667536828952056
28.58333333325572	158.77665609732415	18.902558340876713
29.25	159.24324403133872	18.912820550785337
29.93333333346527	159.7312842841585	19.123355306149083
30.63333333330229	160.2206653069036	19.054130405844266
31.35000000020955	160.727476338678	19.146884097546693
32.08333333348855	161.19674581254318	19.11246909934011
32.83333333348855	161.73573532252541	19.054617436331387
33.60000000020955	162.22377557534534	18.999152031758506
34.38333333330229	162.719860447717	18.946151685997886
35.18333333346527	163.18108530203014	19.06710078263842
36.0	163.65705862552204	18.753673467217325
36.83333333325572	164.13303194901385	18.715441241093263
37.68333333340706	164.62509451160972	18.763443913449127
38.56666666665115	165.12252015390686	18.885020070135315
39.46666666679084	165.59849347739865	18.936220943348424
40.38333333330229	166.0784891106664	19.035465445773706
41.31666666688398	166.58261860259014	19.039327395971462
42.2833333335584	167.07334039526066	19.006812219258492
43.26666666660458	167.56272141800582	19.165082669105775
44.26666666689562	168.06014706030282	19.11161012140688
45.30000000010477	168.56025424245064	19.120862959040696
46.35000000020955	169.04695372534493	19.050697652832035
47.43333333340706	169.5577870668953	19.050694672890018
48.5333333335002	170.0270565407606	18.876463140738064
49.66666666686069	170.53923065223623	18.85128773709698
50.81666666676756	171.01118166595225	18.673117598326293
52.00000000011642	171.50190345862262	18.599434715387005
53.20000000018627	171.9631283129359	18.428158412200066
54.43333333334886	172.45519087553168	18.314040785638383
55.69999999995343	172.90703034036767	18.22927546408795
57.0	173.4017744428141	18.260482453429898
58.31666666676756	173.83350235876995	18.338009021978444
59.66666666680249	174.31752030181386	18.231031796040753
61.05000000010477	174.77204130650034	18.076383907862333
62.46666666684905	175.26678540894682	18.02337373801926
63.91666666686069	175.74544027228927	18.303182832441337
65.4000000001397	176.21470974615445	18.11100141872943
66.91666666686069	176.63168919293182	18.11096983640101
68.46666666684905	177.11034405627436	17.890449296205063
70.05000000010477	177.59838430909426	17.730635218401808
71.66666666680248	178.03949761452748	17.698583622539758
73.33333333348855	178.49267784928878	17.876970373830787
75.03333333344199	178.93915423442334	17.672285591798186
76.76666666683741	179.3802675398566	17.25287671057277
78.55000000004657	179.84015162424453	17.25504841754848
80.36666666669771	180.28930954922973	17.232357617020497
82.23333333351184	180.72371900503614	17.157082630675735
84.1333333334187	181.121927672859	17.074872389375923
86.08333333348855	181.56170020836686	17.05566181792316
88.08333333354676	182.00549505365095	17.003449938094093
90.11666666669771	182.43051911998026	17.096055461684376
92.20000000018626	182.85018010660838	17.670431083791566