0.04808599570787919	1.3702296488283088	1.7198731483122414
0.07808599570671504	2.40020092848449	2.528953810392728
0.1080859957073699	3.3106219703234188	3.1729460944900088
0.148085995708243	4.423358799237676	5.083938487996172
0.1780859957070788	5.5085071117325715	5.7072524129393445
0.2080859957077337	6.722401834184488	6.790622382612683
0.2480859957067878	7.687999908862159	8.555021663322416
0.2780859957074426	8.699578844238749	7.545883555099419
0.3080859957080975	9.821511845292795	9.161505756396714
0.3480859957071516	10.520420927916634	8.13176774706413
0.5080859957070061	13.610334766885138	7.818369538919417
0.6780859957070788	15.789827564014722	9.803479818976191
0.8480859957071516	18.373951935294937	11.419842269199611
1.008085995707006	20.351128945349195	11.219892434799778
1.508085995707006	24.7560954003073	10.736405827981198
2.008085995707006	27.79083220643708	8.681502373410895
2.508085995707006	29.390966158760055	7.221191788785606
3.008085995707006	31.119846521040074	7.034985871903657
3.508085995707006	31.827951775803665	6.692939338500827
4.008085995707006	32.894707744019016	4.909334245503689
4.508085995707006	33.400497211707304	4.339999539129127
5.008085995707006	33.76834409729879	2.6308126234871985
5.508085995707006	33.96146371223433	1.5975377940664315
6.008085995707006	34.338506769965605	2.7208067537748226
7.008085995707006	33.998248400793464	2.140988057043581
8.008085995707006	34.96384647547114	0.7415418941352174
9.008085995707006	35.055808196869	1.6663040639984097
10.00808599570701	34.88108092621305	1.0739515116416865
11.00808599570701	34.98223881975071	1.0834000249230886
12.00808599570701	35.51561680385836	1.4197644046238742
13.00808599570701	35.60757852525625	2.0174665703305155
14.00808599570701	35.66275555809495	2.106347892257049
15.00808599570701	35.800698140191784	1.5102497672984532
16.00808599570701	35.90185603372944	1.6314526579227069
18.00808599570701	36.0030139272671	0.7043187294415703
19.00808599570701	36.21452588648221	0.3552916481073468
20.00808599570701	36.31568378001987	0.37083051152728547
21.00808599570701	36.18693737006286	0.3410420511396194
22.00808599570701	36.039798615826236	0.5835371581285556
26.00808599570701	36.140956509363896	0.11877580510516743
27.00808599570701	36.24211440290157	1.0328224475606094
91.40808599570664	35.80989431233157	0.04268711559963309
127.4080859957066	35.59838235311647	0.9432295390339478
130.4080859957066	35.78230579591222	0.8772967571678008
136.4080859957066	35.791501968051996	1.7031166037163665
142.4080859957066	35.800698140191784	1.1421429506452256
148.4080859957066	35.70873641879391	1.6800463628440128
154.4080859957066	35.45124359887988	3.3765295339011625
160.4080859957066	36.11336799294453	1.4718870775885904
176.1780859957071	36.24211440290157	3.0881703050348146