0.008966104880528292	0.14411243496531756	0.11992647911852278
0.01793220976105658	0.27131891167536804	0.24711466302193594
0.02689831464158488	0.38659817856360223	0.3330430352890842
0.03586441952211317	0.49235420013639836	0.40744353586197474
0.04483052440264146	0.590165345913697	0.47183673283778105
0.05379662928316975	0.6811810893943783	0.5278693057275403
0.06276273416369804	0.7662870166606068	0.5769129228473908
0.07172883904422633	0.8461920117162605	0.6200743438618971
0.08069494392475463	0.9214764417987928	0.6582404275005693
0.09054121625194966	0.9994021258142087	0.6952606432739232
0.1015889155096375	1.0815635558299594	0.731661358942434
0.113984637953763	1.1678703513330875	0.7671185482543672
0.1278928672909387	1.2581955675170378	0.8013421276522078
0.1434981572747347	1.3523820214322901	0.8340928862914355
0.1610075806202076	1.4502476788580505	0.8651941327248927
0.180653476738371	1.5515946620491077	0.8945449087099847
0.2026965347340592	1.6562176788967313	0.9221339714361778
0.2274292525944475	1.7639162497490275	0.9480556302394142
0.25517981845951	1.8745067825274033	0.9724943084446409
0.2863164654772845	1.987831244225035	0.9957242667381853
0.3212523580368725	2.1037691714805886	1.018101619430221
0.3604510742061393	2.222244502820274	1.0400440485256301
0.4044327571318718	2.3432329171644746	1.0620059320987547
0.4537810170259036	2.4667629381324563	1.0844488909029575
0.5091506753142312	2.592916489503926	1.1078207418157364
0.571276453722021	2.7218251521352825	1.1326052742682244
0.6409827235838748	2.8536821776984773	1.1592265447142163
0.7191944447495189	2.9887167087946556	1.187922173636761
0.8069494392402703	3.127176619554896	1.219023506288717
0.9054121625158587	3.269367235170562	1.252835379462165
1.015889155092737	3.4156064892024536	1.2894339788566507
1.139846379539449	3.566217101153705	1.3289105945534625
1.278928672913025	3.721537850255965	1.3713267080092832
1.434981572743709	3.8819054100378403	1.4166813881582607
1.610075806202076	4.0476581114241466	1.4650196250977183
1.80653476738371	4.219142711720422	1.5162610593631118
2.026965347342411	4.396678727326721	1.5701799024311824
2.274292525948113	4.580560576561509	1.6267493744648616
2.5517981845951	4.771101189270843	1.685836682197978
2.863164654769207	4.968563936167817	1.7472299055860334
3.212523580355992	5.173212412637976	1.810946371713611
3.604510742039565	5.385313336214606	1.8766586916693322
4.044327571298709	5.605054230432548	1.9439393778639897
4.537810170239027	5.8326026077196085	2.012776337962045
5.09150675312776	6.068142263780938	2.083104232775206
5.712764537212934	6.311824600021395	2.1545829702007695
6.40982723583511	6.5637539429212275	2.2265720048862327
7.191944447495189	6.823932980318805	2.2990358367319788
8.069494392404522	7.09245631003993	2.3721207152452273
9.054121625164044	7.3693585113039815	2.444947153606044
10.15889155092918	7.654529991835593	2.517087387596297
11.39846379539449	7.947904791947787	2.5889171304258087
12.7892867291248	8.249457235357049	2.659689049558738
14.34981572743709	8.558946929353063	2.7289534091362415
16.10075806201712	8.876241795956558	2.7971077307797776
18.06534767383346	9.20118942615386	2.8632512593819017
20.2696534734223	9.533447230187408	2.9269567286835407
22.74292525948658	9.872760617241651	2.9884772759260785
25.51798184595464	10.218840693437688	3.047667925190714
28.63164654770299	10.571394648984192	3.104125552634711
32.12523580357447	10.930035806695134	3.157912240811009
36.04510742041202	11.294479569717057	3.208377982255594
40.44327571299982	11.664184229989718	3.255853597682576
45.37810170240846	12.038933591446497	3.3004960429106056
50.91506753129397	12.418214614759336	3.341836271036837
57.12764537214207	12.801695212605118	3.38054835138673
64.09827235836201	13.18900735555609	3.4165374836553646
71.91944447495553	13.579787216855163	3.4496444878804247
80.69494392404522	13.973619759532186	3.4788062081537956
90.54121625164044	14.369888369324201	3.5048046845364915
101.5889155092846	14.768343230190414	3.5313108388863275
113.9846379539395	15.169185485218247	3.5557180236816546
127.892867291248	15.571560860936167	3.5735991890420307
143.4981572743727	15.974654438907896	3.591658352554689
161.0075806201712	16.37910554468078	3.6096819490157106
180.6534767383437	16.78403682355701	3.62393742989076
196.5	17.07993826078666	3.6345297333919957