0.0166666668956168	0.46661662356481115	2.4103001032684617
0.03333333344198763	2.073851660287703	2.227442409737673
0.05000000016298145	2.955238615910132	2.800127541711697
0.06666666688397527	3.8884718630395625	3.598433018181335
0.08333333360496908	4.752576721492798	4.246036570125261
0.1000000001513399	5.582117385607905	4.758477048385131
0.1166666666977108	6.342529661046753	5.2730749785054405
0.1333333335933276	7.085659839316536	5.884335080522674
0.1500000001396984	7.811507920417319	6.2884293031806875
0.1666666668606922	8.485509710010778	6.658497178049049
0.183333333581686	9.14222940243524	7.236783731294205
0.2000000003026798	9.798949094859697	7.668194014238589
0.2166666668490507	10.421104592946032	7.978685328615168
0.2333333333954215	11.025977993863297	8.349957401643554
0.2500000002910383	11.613569297611491	8.686776344603544
0.2666666668374091	12.183878504190629	8.989118977250621
0.283333333558403	12.736905613600705	9.412694201708973
0.3000000002793968	13.289932723010777	9.80174568118167
0.3166666666511446	13.825677735251777	10.017857168018885
0.3333333335467614	14.344140650323721	10.381110761587887
0.3500000000931323	14.862603565395661	10.519488252541978
0.3666666668141261	15.346502286129478	10.657939742961156
0.3833333335351199	15.830401006863289	11.142467836776673
0.4000000002561137	16.3142997275971	11.41076119190701
0.4166666669771075	16.78091635116191	11.679108136149711
0.4333333333488554	17.2475329747266	11.912874175826708
0.4500000002444722	17.696867501122274	11.904439429932202
0.466666666790843	18.128919930348893	12.112326337603522
0.4833333335118368	18.56097235957551	12.285618527359896
0.5000000002328306	18.97574269163307	12.458952408074584
0.5166666669538245	19.390513023690623	12.874565128689834
0.5333333335001953	19.805283355748237	12.719130117801067
0.5500000000465661	20.185489493467596	12.857938037811882
0.5666666669421829	20.582977728356088	13.230346047595134
0.5833333334885538	20.963183866075514	13.325912248345375
0.6000000002095476	21.343390003794934	13.707046067045972
0.6166666669305414	21.723596141514356	13.759359028510634
0.6333333333022892	22.08652018206471	13.474188865653087
0.650000000197906	22.43216212544601	13.846751618755935
0.6666666667442769	22.795086165996366	14.18467831634898
0.6833333336398937	23.14072810937759	14.193786909740407
0.7000000001862645	23.48637005275903	14.168256260513301
0.7166666669072583	23.814729898971184	14.142753855529014
0.7333333336282521	24.14308974518342	14.340610027985162
0.7666666668956168	24.78252734043888	14.528440899051583
0.8000000001629815	25.404682838525073	14.529102429406153
0.8333333336049691	25.992274142273338	14.94549791748789
0.8666666666977108	26.597147543190534	15.526432510186046
0.9000000001396984	27.184738846938806	15.4146799639018
0.933333333581686	27.737765956348877	15.519503561059116
0.9666666668490507	28.290793065758947	16.07470130648686
1.000000000291038	28.84382017516902	16.36146382488762
1.033333333558403	29.379565187410027	16.09391314610139
1.066666666651145	29.880746005312904	16.363498527911254
1.100000000093132	30.39920892038492	16.85827627226533
1.13333333353512	30.90038973828773	16.781371605300894
1.166666666977108	31.384288459021537	16.669813026278607
1.200000000244472	31.850905082586287	17.164825167976392
1.233333333511837	32.33480380332016	17.295859368707145
1.266666666953825	32.78413832971578	16.785735984639878
1.300000000046566	33.216190758942396	17.592899417340313
1.333333333488554	33.68280738250714	18.00999420366549
1.366666666930541	34.11485981173376	17.76856123046753
1.400000000197906	34.54691224096038	17.83041293941253
1.433333333639894	34.96168257301794	18.27378254655771
1.466666666907258	35.393735002244554	18.336958616226365
1.516666666895617	35.98132630599276	18.15737476281784
1.566666666883975	36.586199706910016	18.459677170312442
1.616666666697711	37.15650891348916	18.507796966057928
1.666666666860692	37.726818120068216	19.08208858514096
1.716666666849051	38.29712732664743	19.043445279950607
1.766666666837409	38.83287233888842	19.00493410187253
1.816666666651145	39.368617351129444	19.220834587588893
1.866666666814126	39.8870802662013	19.43685657590058
1.916666666977108	40.405543181273316	19.276778781723976
1.966666666790843	40.88944190200714	19.466905890433328
2.016666666953825	41.39062271990994	19.5874223282202
2.066666666942183	41.85723934347476	19.742918176744382
2.116666666930541	42.341138064208565	20.205012601513953
2.166666666744277	42.80775468777338	20.31713026857659
2.216666666907258	43.27437131133807	20.53377897557034
2.283333333441988	43.879244712255264	20.21037401157796
2.35000000015134	44.44955391883447	20.52379247041565
2.416666666860692	45.03714522258266	20.767547345414684
2.483333333395422	45.59017233199274	21.046404322935963
2.550000000279397	46.160481538571936	21.255551948931
2.616666666814126	46.69622655081296	21.4998155589478
2.683333333348855	47.249253660223026	21.67432406864618
2.750000000232831	47.76771657529482	21.149252695948
2.816666666942183	48.268897393197776	21.306585329995222
2.883333333302289	48.77007821110066	21.813930672067286
2.950000000186265	49.27125902900346	21.97007935542189
3.033333333441988	49.87613242992079	22.165440423367496
3.116666666697711	50.48100583083812	22.10999994442709
3.20000000030268	51.051315037417176	22.39770747174378
3.283333333558403	51.6389063411654	22.61553706410317
3.366666666814126	52.19193345057545	22.508180296021028
3.450000000244472	52.74496055998553	22.70011786130213
3.533333333500195	53.28070557222652	22.514253590527698
3.616666666930541	53.799168487298495	22.680683712281734
3.716666666907258	54.421323985384824	22.98060465742561
3.816666666883975	55.02619738630207	23.280299896945852
3.916666666860692	55.631070787219336	23.545124986084595
4.016666666837409	56.218662090967534	23.451272810764635
4.116666666814126	56.78897129754667	23.690250416087046
4.216666666790843	57.35928050412583	23.894296696190313
4.316666666942183	57.91230761353588	23.713248040123503
4.416666666744277	58.44805262577689	23.839560834699068
4.533333333441988	59.07020812386323	24.06830775979102
4.650000000139698	59.67508152478049	24.354889079793015
4.766666666837409	60.27995492569776	24.240953718430568
4.88333333353512	60.85026413227689	24.127324466163532
5.000000000232831	61.420573338856016	24.709834055251772
5.116666666930541	61.99088254543515	24.421089123470182
5.25	62.595755946352426	24.444422375360137
5.383333333593328	63.21791144443876	25.05437194374775
5.516666666837409	63.822784845356026	24.58796515295294
5.650000000256114	64.39309405193517	24.84561778557661
5.783333333500195	64.98068535568336	25.40255530873001
5.933333333639894	65.62012295093874	25.26731178022679
6.083333333604969	66.24227844902506	25.204285864891702
6.233333333395422	66.84715184994236	25.479050287240202
6.38333333353512	67.45202525085962	25.718711907820865
6.533333333500195	68.0396165546078	25.699322777249428
6.700000000186265	68.6790541498632	26.082641006701255
6.866666666697711	69.31849174511859	26.00034780384135
7.033333333558403	69.92336514603588	25.160173156103816
7.200000000244472	70.49367435261502	26.189611321388654
7.366666666930541	71.11582985070133	26.70223362137681
7.550000000162982	71.73798534878767	26.04474687539574
7.733333333395422	72.360140846874	26.307921637102464
7.916666666977108	72.96501424779127	26.571590616029816
8.100000000209548	73.56988764870854	26.784966101617552
8.300000000162981	74.20932524396392	27.01827470559021
8.500000000291038	74.84876283921933	27.29797681829491
8.700000000244472	75.47091833730565	26.882372418558948
8.916666666744277	76.11035593256105	26.82825594341629
9.133333333593328	76.74979352781641	27.11221520550656
9.350000000093132	77.37194902590277	27.396773937230275
9.566666666942183	77.9941045239891	27.413113463169736
9.800000000162981	78.63354211924448	27.051642334706088
10.0333333335584	79.25569761733081	27.33888100983771
10.26666666695382	79.87785311541714	27.78346854958385
10.51666666689562	80.5345728078416	27.879618700397224
10.76666666683741	81.17401040309701	27.795836135177456
11.01666666695382	81.79616590118333	27.568173221790126
11.28333333344199	82.43560349643873	28.10639024069786
11.5500000002794	83.0923231888632	28.3756628003293
11.81666666694218	83.71447868694953	28.555747075423
12.10000000015134	84.38848047654304	28.768230256007552
12.38333333353512	85.02791807179844	28.273397654223007
12.68333333363989	85.68463776422291	28.91769105033678
12.98333333339542	86.35863955381643	28.814493961112902
13.2833333335002	86.98079505190275	29.089557346483126
13.60000000015134	87.67207893866535	29.395842652709657
13.91666666697711	88.31151653392075	28.97424776944063
14.25	88.98551832351426	29.70920846381382
14.58333333354676	89.65952011310777	29.701312251259733
14.93333333363989	90.33352190270132	29.694046761428027
15.2833333335584	91.00752369229482	30.093095997201605
15.65000000019791	91.69880757905742	30.121602760835756
16.01666666683741	92.37280936865095	30.180604197650197
16.40000000019791	93.06409325541355	30.24035118365325
16.7833333335584	93.73809504500704	30.32719789487341
17.18333333363989	94.42937893176963	30.41450352564005
17.58333333354676	95.10338072136315	30.52617885417487
18.0	95.79466460812574	30.240711220407817
18.41666666697711	96.4513843005502	30.376388233793836
18.85000000015134	97.1426681873128	30.723494484162327
19.30000000004657	97.83395207407541	30.89559620998953
19.75000000029104	98.52523596083797	31.46086605774106
20.21666666690726	99.23380194476965	31.248019550833426
20.68333333334886	99.90780373436316	31.455261259200142
21.16666666686069	100.6163697182948	31.916610986524837
21.66666666674428	101.32493570222643	31.752547879524528
22.16666666697711	102.01621958898912	31.604973060463827
22.68333333358169	102.70750347575165	31.736655822769972
23.21666666690726	103.41606945968333	32.296285779836
23.76666666695382	104.14191754078396	32.58724634757585
24.31666666665115	104.85048352471571	32.497166785590224
24.88333333359333	105.55904950864735	32.32783903015419
25.46666666690726	106.26761549257897	32.58305329607835
26.06666666694218	106.9934635736797	33.64984697881832
26.68333333334886	107.75387584911861	32.78927733793082
27.3000000002794	108.42787763871205	31.989801720155707
27.93333333358169	109.13644362264381	33.121364917535054
28.58333333360497	109.86229170374445	33.476978546033365
29.25	110.58813978484515	32.66082098137367
29.93333333363989	111.27942367160769	33.06241248507613
30.63333333330229	112.02255384987745	33.882785807036804
31.35000000020955	112.74840193097823	33.92868032431273
32.08333333348855	113.49153210924803	34.39179801016083
32.83333333348855	114.23466228751774	34.072600327960906
33.60000000020955	114.96051036861853	34.17360581088858
34.38333333330229	115.70364054688837	34.28559067962482
35.18333333363989	116.42948862798913	34.418490918823764
36.0	117.17261880625877	34.55934151995922
36.83333333360497	117.89846688735953	34.72099819409328
37.68333333358169	118.64159706562936	35.37320451529309
38.56666666665115	119.40200934106822	35.24157543201518
39.46666666679084	120.14513951933802	35.881603520547735
40.38333333330229	120.92283389194593	35.28242331635336
41.31666666688398	121.63139987587755	35.62178939392029
42.2833333335584	122.42637634565452	37.647156911542154
43.26666666695382	123.22135281543146	37.117685176641814
44.26666666689562	123.98176509087031	37.122883910775634
45.3000000002794	124.77674156064732	36.72870491774245
46.35000000020955	125.51987173891706	36.78535277753164
47.43333333358169	126.31484820869407	37.26905408010952
48.5333333335002	127.07526048413294	37.37021968558396
49.66666666686069	127.87023695390982	37.05738501077105
50.81666666694218	128.6133671321797	37.61712359434663
52.00000000029104	129.42562569912582	37.754780658186554
53.20000000018627	130.1687558773955	36.678414630407275
54.43333333334886	130.92916815283434	37.87781776778124
55.70000000030268	131.72414462261133	38.26687533916511
57.0	132.50183899521917	37.224822113627454
58.31666666694218	133.244969173489	37.47983491479873
59.66666666697711	134.02266354609702	38.361450540559304
61.0500000002794	134.80035791870475	38.84568077959589
62.46666666684905	135.59533438848175	39.355076343618926
63.91666666686069	136.39031085825883	39.03218929826736
65.4000000001397	137.16800523086664	39.595613074960845
66.91666666686069	137.9802637978127	41.4758297207008
68.46666666684905	138.827086559097	41.21229680573583
70.0500000002794	139.62206302887392	38.794103435552444
71.66666666697711	140.36519320714368	40.10792605427752
73.33333333348855	141.21201596842792	40.57953123485903
75.03333333344199	141.97242824386663	39.54543341933105
76.76666666683741	142.76740471364377	41.8246816545341
78.55000000004657	143.61422747492784	42.37789922906985
80.36666666669771	144.42648604187397	40.75905463400815
82.23333333351184	145.2041804144819	40.47872667998194
84.13333333359333	145.99915688425887	41.10539973817682
86.08333333348855	146.79413335403567	42.48311514943614
88.08333333354676	147.64095611532	42.7098376916116