0.008333333360496908	0.04119617207974896	0.03212675869164419
0.01666666672099382	0.07401346170260344	0.062567435008915
0.02499999990686774	0.10299043019937561	0.08503933386930132
0.03333333326736465	0.13022179818430044	0.11361263758263064
0.04166666662786156	0.15884964657869802	0.07982792944703594
0.04999999981373549	0.16618116872848152	0.15712420742235536
0.05833333334885538	0.2056317402963831	0.14683254572528634
0.06666666670935228	0.21261414234379192	0.08752238385906166
0.0750000000698492	0.22657894643862891	0.16620960586883957
0.08333333325572312	0.2485735128879858	0.21651250053490015
0.09166666661622003	0.2695207190302317	0.23185467050555988
0.09999999997671694	0.29046792517247755	0.24770570526613392
0.1083333331625909	0.3107168911099807	0.2649840607742925
0.1166666666977108	0.33096585704749015	0.2803526919811361
0.1250000000582077	0.3508657028826186	0.29468610032788334
0.1333333330694586	0.3704164286153853	0.3071061042745716
0.1416666666045785	0.38926891414340276	0.31734935292081146
0.1499999999650754	0.4077722795690585	0.3265528746554925
0.1583333333255723	0.42557740478996475	0.3383895662879806
0.1666666665114462	0.4430334099085033	0.3499067998977417
0.1750000000465661	0.4604894150270412	0.36087385510207143
0.183333333407063	0.47759630004320486	0.37265716598105636
0.191666666418314	0.4947031850593751	0.38080068560164954
0.1999999999534339	0.5107627097684341	0.3893022617187755
0.2083333333139308	0.5271713545798549	0.3947768679019557
0.2166666666744277	0.5425326390841709	0.4004916295946895
0.2249999998603016	0.5578939235884808	0.4060964077647394
0.2333333333954215	0.5725569678880542	0.41024788101435167
0.2416666665812954	0.5872200121876278	0.4176328069643366
0.2499999997671694	0.6011848162824583	0.42229034591338976
0.2583333333022893	0.6151496203772889	0.4286897057706258
0.2666666666627862	0.6291144244721195	0.43825057375052034
0.2750000000232831	0.6423809883622073	0.4436219393123637
0.283333333209157	0.6556475522522949	0.45276311786016044
0.2916666667442769	0.6685649960400146	0.45687373390548397
0.2999999999301508	0.6821806800324769	0.4650153147823531
0.3083333331160247	0.694749003717822	0.4714529541595258
0.3166666666511446	0.7076664475055416	0.47805393836817117
0.3250000000116415	0.7195365309861501	0.48553738652115924
0.3333333333721384	0.7324539747738631	0.4872942089806441
0.3416666665580124	0.744324058254472	0.4932104602510396
0.3499999999185093	0.756194141735074	0.4962286610135441
0.3583333332790062	0.7680642252156826	0.4993071027096825
0.3666666664648801	0.7799343086962847	0.5047918936902158
0.3833333333604969	0.8022779952480165	0.5126955040290024
0.3999999999068677	0.8239234415950049	0.5165648350251312
0.4166666666278616	0.8448706477372507	0.5251408168131426
0.4333333333488554	0.8661669739818652	0.531961018062326
0.4500000000698492	0.8857176997146317	0.5387902502986841
0.46666666661622	0.9059666656521347	0.5486044359855959
0.4833333331625909	0.9251682712825267	0.5510483829006694
0.5000000000582077	0.9436716367081758	0.562120878920561
0.5166666666045785	0.9625241222362	0.5668373694012878
0.5333333333255723	0.9806783675594807	0.5749814426593595
0.5500000000465661	0.9977852525756511	0.5821057716709733
0.566666666418314	1.0155903777965571	0.5871328868582298
0.5833333333139308	1.032697262812721	0.5942259201752256
0.5999999998603016	1.049804147828891	0.6000095673647047
0.6166666665812954	1.0662127926403182	0.6102227312521303
0.6333333333022892	1.0819231972470025	0.6133805914597477
0.6500000000232831	1.09833184205843	0.6179020498731953
0.6666666667442769	1.114042246665114	0.6219205287329165
0.6833333331160247	1.1297526512717988	0.6275142306019097
0.7000000000116415	1.1447648156737404	0.6281767959491705
0.7166666665580124	1.159776980075682	0.6397981771083554
0.7333333332790062	1.1740909042728804	0.641425355157449
0.7583333333604969	1.1957363506198695	0.6481905177435724
0.7833333332673647	1.215985316557379	0.6531175584609362
0.8083333333488554	1.2376307629043612	0.6588981394086996
0.8333333332557231	1.2575306087394962	0.6676289104964241
0.8583333331625909	1.277779574676999	0.6706225445170563
0.8833333330694586	1.2966320602050232	0.6743836589372268
0.9083333333255723	1.3154845457330402	0.6751420056660764
0.933333333407063	1.3343370312610645	0.6694726073790069
0.9583333333139308	1.352142156481977	0.664560932786712
0.9833333333954215	1.3688999213957727	0.6758458825767919
1.008333333302289	1.3863559265143108	0.6968359648374561
1.033333333209157	1.401368090916246	0.7095527364621643
1.058333333116025	1.4149837749087084	0.7383664296904099
1.083333333372138	1.431741539822504	0.7580868378931244
1.108333333279006	1.4495466650434168	0.7816845790551741
1.141666666720994	1.4750324325164876	0.8122694966169371
1.174999999813736	1.5001690798871774	0.8691684576147942
1.208333333255723	1.5246074870531314	0.887663855398923
1.241666666697711	1.549395014321453	0.8897453626827307
1.274999999965075	1.5738334214874066	0.880545687444855
1.308333333407063	1.5989700688581028	0.874730915854032
1.341666666674428	1.6206155152050914	0.8613820528521268
1.374999999767169	1.640515361040226	0.8437127861450984
1.408333333209157	1.6600660867729868	0.8193704249956469
1.441666666651145	1.6792676924033785	0.8086815544217036
1.474999999918509	1.6970728176242915	0.795881595675501
1.516666666720994	1.7173217835617949	0.7875565562940751
1.558333333348855	1.7375707494992978	0.7711308160538352
1.599999999976717	1.7585179556415436	0.7697526213890031
1.641666666604579	1.7794651617837896	0.77810872185789
1.683333333407063	1.7986667674141816	0.7758654775592067
1.724999999860302	1.8157736524303516	0.7774821054518711
1.766666666662786	1.834277017856001	0.7888335076774579
1.808333333116025	1.8531295033840245	0.7908822894160464
1.858333333279006	1.8761714301404862	0.7909661760083581
1.908333333267365	1.8943256754637734	0.7983086339747987
1.958333333255723	1.9163202419131307	0.796718910537465
2.008333333069459	1.9369183279530022	0.7751456581583124
2.058333333407063	1.957167293890505	0.7541902441339013
2.108333333395422	1.976718019623272	0.7405999727191085
2.158333333209157	1.9945231448441842	0.752542372016054
2.208333333372138	2.010931789655605	0.7451743011698894
2.266666666720994	2.026293074159921	0.7445707960912478
2.325000000069849	2.0423525988689804	0.7428266825249753
2.383333333069459	2.0598086039875123	0.7399624349918312
2.441666666418314	2.0786610895155366	0.732741475283348
2.499999999767169	2.0968153348388174	0.7269860252643092
2.558333333116025	2.1160169404692093	0.7278095618019593
2.625	2.13661502650908	0.7447262097468575
2.691666666709352	2.156165752241847	0.7600077837023064
2.758333333069459	2.1729235171556427	0.7594377525479719
2.824999999953434	2.1886339217623267	0.7590201261967797
2.891666666662786	2.2022496057547896	0.7516545371638058
2.966666666558012	2.2224985716922863	0.7477501079631471
3.041666666627862	2.2437948979369065	0.7610862940922729
3.116666666697711	2.262647383464924	0.8081020125917695
3.191666666418314	2.280801628788205	0.8435313802855106
3.266666666662786	2.2982576339067435	0.8714935718905631
3.349999999918509	2.317459239537142	0.8682192726215673
3.433333333348855	2.339802926088867	0.8524095508107049
3.516666666604579	2.36738341417616	0.8453657037550042
3.599999999860302	2.3911235811373706	0.8414972322329556
3.683333333116025	2.4110234269725055	0.8430842737804113
3.774999999906868	2.4295267923981547	0.8420697621116181
3.866666666697711	2.4462845573119503	0.8306990941437251
3.958333333313931	2.4630423222257454	0.7923891829373185
4.049999999930151	2.479800087139547	0.7666375365207249
4.149999999906868	2.4983034525651964	0.7621983033665196
4.250000000058208	2.5161085777861034	0.7692917761364594
4.349999999860302	2.534611943211752	0.7747984638843595
4.458333333372138	2.553464428739776	0.779372609427836
4.566666666709352	2.5716186740630516	0.785410639387443
4.675000000046566	2.5908202796934496	0.7939413082814969
4.783333333209157	2.609672765221473	0.8040351755926716
4.899999999906868	2.627827010544748	0.8070084227080868
5.016666666604579	2.6456321357656547	0.8048455493184052
5.133333333302289	2.6637863810889355	0.810113054616958
5.258333333360497	2.6840353470264384	0.80957051485521
5.383333333069459	2.7039351928615734	0.8084990083623829
5.508333333302289	2.7227876783895977	0.8089240334532818
5.641666666720994	2.74059280361051	0.8183086485553756
5.774999999965075	2.7594452891385273	0.8125545956472229
5.908333333209157	2.7779486545641765	0.8155582898244962
6.049999999813736	2.7971502601945692	0.8094699163624204
6.191666666418314	2.814606265313107	0.804935589019292
6.341666666558012	2.83485523125061	0.8074392069707714
6.491666666697711	2.85196211626678	0.8055099267300501
6.641666666662786	2.8718619621019084	0.8086862274391836
6.799999999813736	2.890365327527564	0.8046486097763167
6.958333333313931	2.908170452748471	0.8045046255503199
7.125	2.9263246980717517	0.7982504287931638
7.291666666511446	2.9444789433950334	0.8036617476508765
7.466666666558012	2.9643787892301616	0.7983716895582269
7.641666666604579	2.9821839144510744	0.8001579319892715
7.825000000011642	2.9999890396719873	0.7943237350441948
8.008333333069459	3.0181432849952614	0.7923561755588644
8.200000000011642	3.036646650420917	0.7964290974647312
8.391666666604578	3.055499135948935	0.7890779358937999
8.591666666558012	3.074351621476952	0.7723869932775611
8.791666666511446	3.0907602662883855	0.767354169699567
9.0	3.108216271406924	0.7546157333901456
9.20833333331393	3.127068756934942	0.7638761721440143
9.424999999813735	3.144873882155848	0.7610062339738536
9.650000000023283	3.1591878063530525	0.7713802480310338
9.875000000058208	3.1752473310621054	0.8157963018786704
10.10833333327901	3.1906086155664157	0.8520167108020372
10.34166666667443	3.2105084614015507	0.8813598375880175
10.58333333325572	3.2286627067248386	0.9313316326326022
10.83333333337214	3.2496099128670837	1.0028758096453618
11.08333333331393	3.2757939205448845	1.0642350978779058
11.34166666661622	3.3009305679155814	1.1220889287057432
11.60833333327901	3.32676545549102	1.1561809874766287
11.88333333330229	3.3560915440901606	1.1955046864544503
12.15833333332557	3.385766752791682	1.240024560514767
12.44166666670935	3.415791081595565	1.247592325757232
12.73333333327901	3.4440698098875946	1.2729932417964762
13.03333333320916	3.4719994180772615	1.2961842140911746
13.34166666667443	3.499230786062175	1.3033474988133034
13.64999999996508	3.5296042349684327	1.311680058120104
13.96666666661622	3.557533843158094	1.3178338709420923
14.29166666662786	3.588256412166728	1.3323887250899924
14.625	3.6189789811753443	1.3570790701448638
14.96666666655801	3.649352430081605	1.381030906195974
15.31666666665115	3.681122359397348	1.3975664062147897
15.67499999993015	3.7125431686107153	1.422676566901638
16.04166666674428	3.7439639778240865	1.4377124251570155
16.41666666674428	3.777130387549308	1.459694790662308
16.79999999993015	3.809249436967419	1.477743083912597
17.19166666665115	3.8434632069997536	1.488691009289927
17.59166666655801	3.876978736827343	1.4957212517477394
18.0	3.9108433867573065	1.508183960720651
18.41666666662786	3.946104517096754	1.508809381355788
18.84166666661622	3.9799691670267197	1.5107259046718804
19.28333333332557	4.014182937059054	1.491254551513727
19.73333333339542	4.047000226681913	1.4707226961875912
20.19166666665115	4.080864876611866	1.4375312205548985
20.65833333326737	4.113682166234728	1.3579359690966246
21.14166666660458	4.146150335755205	1.2871702614291132
21.63333333330229	4.17582554445672	1.1933660833966817
22.1333333333605	4.2044533928511285	1.1351484578630904
22.64999999996508	4.230986520631301	1.0424924523243322
23.17499999993015	4.24844252574984	0.9842571237167039
23.71666666661622	4.266945891175487	0.9101539903966641
24.26666666666279	4.279863334963215	0.8387373452235777
24.83333333325572	4.299414060695969	0.7722519005414749
25.40833333320916	4.312680624586061	0.7037057052626304
26.00000000005821	4.332580470421191	0.6945351136399671
26.59999999991851	4.3482908750278835	0.6641096133677772
27.21666666667443	4.361906559020339	0.6865433128896047
27.84999999997672	4.375871363115163	0.6667885769340053
28.5	4.387043206391034	0.6891646592790454
29.15833333320916	4.402404490895352	0.6469361736196215
29.83333333331393	4.413925454273579	0.6565105467382765
30.52499999996508	4.431730579494484	0.6424780489730443
31.23333333316259	4.44674274389643	0.6764850841169121
31.95833333325572	4.464896989219721	0.7043985540255903
32.70000000006985	4.4753705922908305	0.7155275800084238
33.45833333325572	4.493175717511742	0.7314733346685764
34.23333333316259	4.503649320582866	0.7339367254884175
35.02499999996508	4.5249456468274865	0.7466435046998716
35.83333333331393	4.542052531843649	0.7281034113328023
36.66666666674428	4.559857657064564	0.7537575068000844
37.51666666672099	4.574869821466506	0.7400662081741293
38.38333333306946	4.593024066789785	0.7625931157452297
39.27500000002328	4.610829192010691	0.7322966120340949
40.18333333334886	4.624793996105528	0.7039030247642967
41.1166666665813	4.6408535208145825	0.6790608035324093
42.06666666670935	4.655516565114155	0.6651668534931362
43.04166666674428	4.670877849618459	0.6365457500897889
44.04166666651145	4.685540893918032	0.60988363882485
45.05833333334886	4.696363617091528	0.5991126582629304
46.09999999991851	4.708582820674505	0.5870450183911179
47.16666666674428	4.720452904155115	0.5726862620985977
48.25833333330229	4.732322987635717	0.5474079157078803
49.37499999976717	4.744193071116325	0.5608773451463744
50.51666666666279	4.755714034494564	0.5930051181443048
51.68333333311603	4.768980598384648	0.6077752555013743
52.8833333333605	4.780501561762885	0.6418964457396327
54.10833333316259	4.790276924629268	0.6775369936009371
55.35833333339542	4.807732929747806	0.7085062541009766
56.64166666672099	4.825538054968715	0.7330921788761405
57.94999999995343	4.840899339473029	0.736620560844048
59.29166666662786	4.8601009451034125	0.7694498688508611
60.66666666674428	4.8796516708361795	0.7988952803016096
62.06666666641831	4.898155036261831	0.7731998361034249
63.50000000005821	4.914912801175626	0.7415562581119658
64.96666666661622	4.928877605270458	0.7048384167377533
66.46666666661622	4.947380970696104	0.6730394527931738
68.00000000005821	4.9634404954051705	0.6301020404267855
69.57499999995343	4.975310578885773	0.6239406003142659
71.18333333311602	4.986133302059262	0.6179697840755184
72.82500000006985	4.993464824209049	0.6218073005834694
74.50833333330229	5.005684027792025	0.6159310225970362
76.23333333316259	5.015808510760775	0.6277671844689648
77.99166666646488	5.032915395776941	0.6507207746736364
79.79166666674428	5.048276680281266	0.6901694267338597
81.63333333330229	5.062939724580831	0.7277107288539549
83.51666666666279	5.080046609596995	0.7100316375205588
85.45000000001164	5.098549975022653	0.7233696568847285
87.42499999981374	5.115307739936452	0.6991346174239232
89.44166666641831	5.134509345566839	0.6847401417260927
91.5083333333605	5.149870630071153	0.6622297598189988
93.62499999976717	5.15824951252805	0.6709291520446472
95.79166666651145	5.171166956315775	0.674932205006106
98.00833333306946	5.183037039796378	0.7000826165545048
100.2749999999651	5.195256243379355	0.7055900475406979
102.5916666666744	5.205031606245728	0.7242236024132171
104.9583333333721	5.223884091773754	0.7341113488426038
107.3833333330695	5.2430856974041475	0.6886560817445818
109.8666666664649	5.265080263853501	0.6905536618360993
112.4083333332092	5.285329229791013	0.6687365512938545
115.0083333333023	5.304530835421396	0.6024080313371621
117.6666666667443	5.31500443849252	0.5018470840315314
120.3833333333605	5.318146519413868	0.5962014811227053