0.500000000001819	3.222567069185325	15.691742240261679
1.500000000001819	0.6208615454402022	2.445453432860499
2.000000000001819	0.8869450649122452	4.601771357476963
2.500000000001819	1.359982432866892	6.367891470151756
6.500000000001819	0.532167038947347	15.486814680391594
8.000000000001819	133.81044545992557	10.608820662938063
8.500000000001819	131.20873993617946	9.249192590421412
9.000000000001819	133.3374080919709	7.625527775972344
9.500000000001819	134.4017421698667	6.128937717331369
10.00000000000182	130.58787839073926	5.307840690227493
11.00000000000182	144.0990082129207	0.7317385807847512
57.50000000000182	85.11716139618409	5.916823576061572