0.05747347177236861	0.010561970086405761	0.013153308527858508
0.1574734715744626	0.010561970086405761	0.08944998088277209
0.2908068051677901	0.010561970086405761	0.04092126436975735
0.3908068049698841	0.010561970086405761	0.03614193056821699
0.490806805121224	0.010561970086405761	0.03801531370242924
0.5241401383885886	0.010561970086405761	0.057427046943420164
0.5408068049349595	0.021123940172850363	0.07543899223656637
0.5574734718305763	0.021123940172850363	0.03904106238511525
0.5741401383769471	0.010561970086405761	0.04036293109344963
0.5908068049233179	0.010561970086405761	0.05229943884135649
0.6074734718189347	0.021123940172850363	0.053622422637270635
0.6408068050862994	0.010561970086405761	0.040984817784063016
0.6574734716326702	0.021123940172850363	0.024218945792363833
0.7908068048767518	0.010561970086405761	0.04912802108427288
0.8574734717607271	0.021123940172850363	0.09103068915416279
0.9241401384700794	0.021123940172850363	0.03309424756253574
0.957473471737444	0.031685910259294923	0.014750712101462345
0.9908068048301857	0.010561970086405761	0.03839815645147029
1.057473471539538	0.021123940172850363	0.04746776863009568
1.124140138423513	0.021123940172850363	0.039469443988264435
1.157473471690878	0.010561970086405761	0.05145003110394052
1.190806805132866	0.031685910259294923	0.04212253747428334
1.224140138225607	0.021123940172850363	0.10821472697808338
1.29080680493496	0.021123940172850363	0.09258138903389887
1.357473471818935	0.04224788034573952	0.002692399523391371
1.390806805086299	0.021123940172850363	0.08835974445940181
1.424140138179041	0.04224788034573952	0.039599286596960846
1.457473471621029	0.031685910259294923	0.12514113218051862
1.557473471772369	0.04224788034573952	0.09680216513125733
1.607473471760727	0.031685910259294923	0.002919060007669076
1.657473471574463	0.052809850432145276	0.07753749989692454
1.707473471737444	0.04224788034573952	0.18178235558121458
1.757473471725803	0.04224788034573952	0.052125804673715075
1.807473471539538	0.04224788034573952	0.14968198539194685
1.857473471527896	0.052809850432145276	0.10959035496509029
1.907473471690878	0.06337182051866756	0.10096898468337534
1.957473471679236	0.052809850432145276	0.177500252809093
2.007473471667595	0.06337182051866756	0.14893905237579977
2.057473471830576	0.07393379060507327	0.18888440211842666
2.107473471818935	0.06337182051866756	0.20422360971370282
2.15747347163267	0.06337182051866756	0.10273224585020428
2.207473471621029	0.08449576069151786	0.17708209831264418
2.274140138330381	0.07393379060507327	0.19265688165452938
2.340806805039733	0.09505773077796248	0.25137671802279393
2.407473471574463	0.08449576069151786	0.19853397365534706
2.474140138458438	0.09505773077796248	0.1538583968875916
2.54080680516779	0.10561970086440707	0.2744337986111894
2.607473471527896	0.11618167095081286	0.187837545835694
2.674140138237249	0.10561970086440707	0.2691050750653439
2.740806805121224	0.11618167095081286	0.22910290846934042
2.807473471830576	0.12674364103733507	0.22913750960991214
2.874140138365306	0.1373056111237408	0.28469637340416437
2.940806805074658	0.1373056111237408	0.18858910241105525
3.024140138330381	0.14786758121018542	0.32480775308410553
3.107473471760727	0.14786758121018542	0.3144517769902907
3.190806804841827	0.16899152138307458	0.28541281905327864
3.274140138272173	0.15842955129663008	0.35782634370108385
3.357473471527896	0.17955349146951918	0.3274761438766518
3.440806805132866	0.19011546155592499	0.38678559988061456
3.524140138388589	0.20067743164244722	0.42711574042273076
3.607473471818935	0.20067743164244722	0.42636037903787916
3.690806805074658	0.22180137181529752	0.5268589891690543
3.790806804876752	0.22180137181529752	0.43442316061888153
3.890806805028092	0.2323633419017421	0.3957502905320653
3.990806804830186	0.25348728207459253	0.434934951427511
4.090806805156149	0.2746112222475206	0.44209442580097574
4.190806805132866	0.2746112222475206	0.42790772107127484
4.29080680493496	0.2851731923339651	0.5616570852906573
4.390806805086299	0.2851731923339651	0.5211278527267925
4.50747347178401	0.3062971325068542	0.484442187021177
4.624140138481721	0.31685910259326006	0.4390534601983996
4.740806804830186	0.32742107267978227	0.5250577667946917
4.857473471527896	0.3591069829390772	0.5651641599556074
4.974140138225607	0.3591069829390772	0.5630741845592909
5.090806804923318	0.3696689530255218	0.5265562974313545
5.224140138342023	0.3802309231119276	0.6229597512394174
5.357473471760727	0.40135486328485565	0.5758257827121951
5.490806804830186	0.42247880345774474	0.5321590872667299
5.624140138423513	0.42247880345774474	0.6229273077767056
5.757473471667595	0.43304077354418935	0.6229503513547295
5.890806805086299	0.46472668380356197	0.6729255277655166
6.040806804876752	0.46472668380356197	0.6755752195618179
6.190806804841827	0.4858506239764123	0.6773608392771563
6.340806805156149	0.5069745641493014	0.7683538017029407
6.490806805121224	0.5175365342357073	0.8158978529433991
6.640806805086299	0.5386604744086353	0.7633190654046256
6.807473471772369	0.5597844145815245	0.8122605840545181
6.974140138458438	0.5809083547543747	0.8158292182175795
7.140806804969884	0.6020322949273028	0.8649658809694434
7.307473471830576	0.623156235100192	0.9063410360121051
7.490806805063016	0.6442801752730424	0.9025661275081573
7.674140138470079	0.6548421453595646	0.9094763880664829
7.857473471527896	0.675966085532415	0.9151613762849754
8.04080680493496	0.7076519957917486	0.9576333395515759
8.240806805063016	0.7287759359646767	0.910603676399982
8.440806804841827	0.7498998761375271	0.9176926891534959
8.640806804969884	0.7710238163104163	1.0557084080197963
8.840806804923318	0.7921477564833442	1.0096850234723542
9.057473471772369	0.8238336667426392	1.0100100249323232
9.274140138272173	0.8343956368290839	1.0581345495593517
9.490806805121224	0.8555195770020119	1.1953698752210304
9.724140138342023	0.8977674573477513	1.201474583985814
9.957473471737444	0.9083294274341571	1.1975669346980704
10.19080680513287	0.9400153376935297	1.2458556839448476
10.44080680507466	0.9717012479528634	1.2985411890836414
10.69080680484183	1.0245110983850865	1.2911115292395432
10.94080680513287	1.0456350385579367	1.3006232686367927
11.20747347162103	1.0667589787308644	1.4861963082224179
11.47414013845844	1.109006859076605	1.5313874132993253
11.74080680512122	1.130130799249532	1.6806537785438012
12.02414013833038	1.1512547394224213	1.6370584384909699
12.30747347153954	1.1935026197681997	1.7326275163198959
12.60747347181894	1.2463124702003834	1.971263757869896
12.90747347157446	1.2885603505462009	1.9288531570106968
13.20747347167924	1.3519321710648684	2.06047131986979
13.52414013833038	1.3941800514106468	2.0663589166355205
13.84080680515615	1.436427931756386	2.111291398712292
14.17414013817904	1.5103617223614982	2.0730330886927195
14.5074734717258	1.5420476326208712	2.0276259955381155
14.85747347181894	1.594857483053094	1.8829887379682042
15.20747347173744	1.6159814232259833	1.8402587534244352
15.57414013837695	1.6687912736582062	1.887647010740019
15.94080680484183	1.7110391540040237	1.6567163469006332
16.32414013837695	1.7427250642633183	1.7075436184157484
16.70747347173744	1.774410974522613	1.6677556596368162
17.10747347181894	1.806096884781986	1.7695167250549844
17.5074734717258	1.8589067352142088	1.776308475254547
17.92414013817904	1.880030675387098	1.781069361164938
18.34080680515615	1.9222785557328763	1.884692242579456
18.77414013833038	1.9645264360786154	2.033707674859189
19.20747347167924	2.0067743164244334	2.0827553431006987
19.65747347157446	2.059584166856656	2.088127795791627
20.12414013836531	2.1018320472023966	2.1917702472938454
20.59080680515615	2.1546418976346575	2.2883469518119255
21.07414013831874	2.218013718153325	2.345410339750534
21.57414013837695	2.260261598499103	2.4469895494477707
22.07414013843516	2.3130714489313653	2.549682889313809
22.59080680503973	2.355319329277105	2.7531454731479954
23.12414013836531	2.418691149795772	2.8516784471758485
23.65747347169088	2.471501000227995	2.9592665919059735
24.20747347173744	2.5348728207466626	3.2654424458653004
24.77414013833038	2.6088066113517745	3.170135481641743
25.35747347181894	2.6933023720432936	3.1731605536310155
25.95747347167924	2.7672361626484827	3.0794202725294153
26.55747347153954	2.8517319233400005	3.076992350937364
27.17414013847008	2.9573516242044082	3.2780951247748833
27.80747347177237	2.9890375344637805	3.1870129741432454
28.45747347162103	3.0312854148095973	3.146490286297715
29.12414013836531	3.0735332951553365	3.2063401510347607
29.80747347183058	3.12634314558756	3.160778027392528
30.5074734716676	3.2319628464520447	2.9136558581301646
31.22414013822561	3.284772696884191	3.375806630415593
31.95747347167924	3.3587064874893016	3.5350483128832457
32.70747347167924	3.443202248180897	3.7973620242842605
33.47414013822561	3.5171360387860098	3.9112505719851614
34.2574734716676	3.569945889218233	3.730390160075468
35.05747347183058	3.696689530255607	3.881505622044938
35.87414013836531	3.7706233208606803	3.9460721074016845
36.70747347162103	3.8656810516386804	4.010963488483306
37.55747347177237	3.9396148422437927	4.39463219352995
38.42414013847008	4.002986662762461	4.561467430013278
39.32414013843516	4.087482423454056	4.477781376505041
40.24080680512122	4.171978184145574	4.591021465806895
41.17414013817904	4.267035914923576	4.602514527025247
42.12414013848172	4.414903496133761	4.660337585019939
43.1074734715279	4.499399256825357	4.919243269001394
44.10747347181894	4.605018957689764	5.091779869871447
45.14080680502809	4.700076688467804	5.284100213358138
46.19080680513287	4.795134419245806	5.095214260199645
47.25747347178401	4.879630179937401	4.806689333999074
48.3574734715279	4.985249880801808	4.795744376901881
49.47414013834202	5.0908695816662535	4.947682823443063
50.62414013842351	5.207051252617105	5.053541307077911
51.80747347177237	5.33379489365444	5.1143436232525055
53.0074734716676	5.376042774000258	5.18638850613626
54.24080680483019	5.471100504778221	5.38388830571719
55.50747347178401	5.555596265469816	5.731743289639665
56.79080680493496	5.671777936420745	5.978262634200959
58.1074734715279	5.798521577458003	6.090436974435153
59.45747347173744	5.904141278322488	6.212923172459463
60.84080680503973	6.009760979186972	6.649083754515691
62.25747347178401	6.136504620224306	6.6257911132148575
63.70747347162103	6.316058111693826	6.781387391813377
65.19080680507466	6.474487662990496	6.795958811927629
66.70747347162103	6.611793274114275	6.773217991757602
68.25747347178401	6.759660855324499	6.890341955646173
69.84080680503973	6.896966466448279	7.010193086627288
71.45747347173744	6.981462227139796	7.154775334630636
73.1074734715279	7.097643898090727	7.009784097293274
74.80747347183058	7.213825569041616	6.806943525134
76.54080680487675	7.330007239992546	6.897207900630015
78.30747347153954	7.45675088102988	6.886459322266848
80.1241401383653	7.583494522067139	6.8225826120012245
81.97414013845844	7.731362103277402	7.239132042872303
83.8741401383653	7.86866771440118	7.316972950744789
85.82414013843515	7.9742874152655885	7.86619116027129
87.80747347177237	8.12215499647589	8.20303970625704
89.84080680492332	8.259460607599632	8.2928089473098
91.92414013823725	8.375642278550481	8.239821309008288
94.05747347153954	8.544633799933633	8.123964230196425
96.24080680483019	8.67137744097097	8.330333993368933
98.47414013845844	8.893178812786305	8.500709903277762
100.7574734717258	9.072732304255863	9.917856270800234
103.0908068051562	9.210037915379642	11.692598875659604
105.4741401382256	9.315657616244089	11.73068146642842
107.9074734716327	9.431839287194942	11.444536227312664
110.4074734715745	9.600830808578092	11.561747305683701
112.9574734716792	9.738136419701872	11.240078206521147
115.5741401383187	10.160615223159699	11.000293323449068
118.2408068051212	10.635903877049657	10.857758726918123
120.9741401384584	10.857705248864997	10.414234094237187
123.7741401383304	11.026696770248149	10.50253342746029
126.6408068050863	11.121754501026116	10.476339536892675
129.574140138377	11.248498142063447	10.069392236255753
132.574140138377	11.396365723273675	10.776436680300877
135.6408068050863	11.438613603619453	12.179456035208977
138.7741401383304	11.438613603619453	10.004812393880103
141.9908068048302	11.628729065175447	9.586253929147187
145.2741401383886	11.744910736126384	9.531818176839673
148.6241401384817	11.839968466904345	9.035273097509146
152.0574734718306	11.903340287423012	9.817569383849982
155.5741401384352	12.177951509670569	8.937293762178305
159.1741401384701	12.843355625116573	14.270947354655483
162.8574734717607	12.801107744770837	14.194072466570468
166.6241401384817	12.917289415721692	14.766250262774905
170.4741401384584	13.054595026845446	16.01611998229191
174.4074734716909	13.033471086672579	19.251065929231753
178.4408068050747	13.297520338833696	21.855601263135917
182.5574734715395	13.265834428574403	33.049652232859714
191.0908068049233	14.374841287651016	16.949028889222117