0.1572741665386275	0.799657180581844	0.3735755174031357
0.1872741665374633	0.9683225059677227	1.0013498965441674
0.2272741665365174	1.1180011155503151	1.3698699999628645
0.2572741665371723	1.306602492529651	1.4857377503577034
0.2872741665378271	1.5141905853122732	1.7323934512820285
0.3272741665387002	1.7407653938981849	1.987900264060468
0.3572741665375361	1.900253806645809	1.7450270123222191
0.3872741665363719	2.094867643629518	1.834773183217637
0.427274166537245	2.3249233501126985	1.9010098813234424
0.4572741665378999	2.3236575690591463	1.7552157468725
0.6272741665379726	2.8942083789479685	1.7374832710369723
0.7872741665378271	3.2777400381744	1.948513372269327
0.9572741665378999	3.7384843416675384	2.2636954058123786
1.127274166537973	4.124231117737691	2.5287696474194665
1.627274166537973	5.115654127932743	2.8347749614735025
2.127274166537973	5.900438381135344	2.825204269515788
2.627274166537973	6.478583877345482	2.703234739742972
3.127274166537973	6.934581501887801	2.729977637041914
3.627274166537973	7.330454526386371	2.619983708819176
4.127274166537973	7.6994297034969446	3.4285165313824284
4.627274166537973	7.962712162635882	3.2656766744694425
5.127274166537973	8.554781250435099	3.530551931699908
5.627274166537973	8.58579288624714	2.8461624783948296
6.127274166537973	9.092105307668172	3.251011795085932
9.127274166537973	9.943975956709057	2.623183582433229
12.12727416653797	10.782872349951024	3.2471079771784455
15.12727416653797	11.545188989453067	3.657659490095895
18.12727416653797	12.168902603591102	4.433466905514207
21.12727416653797	12.85463948935321	4.906408129721928
24.12727416653797	13.621702807806065	5.5092940218094135
27.12727416653797	14.248897319841376	6.036932724623683
30.12727416653797	14.900774562420944	6.197869612811684
33.12727416653797	15.550120242893422	6.382871471859226
36.12727416653797	16.09503898644781	6.795293660941793
39.12727416653797	16.62065456893552	6.684632679416706
42.12727416653797	17.11019539139697	6.55564321907334
45.12727416653797	17.637076754938235	6.52660211335131
48.12727416653797	17.992444785723112	6.509503378218661
51.12727416653797	18.34401547334735	6.4583390039652535
54.12727416653797	18.728496468363947	6.287339086301767
57.12727416653797	19.033866147533505	6.135092992631734
60.12727416653797	19.373095469885588	6.268312479151107
63.12727416653797	19.67403491536772	6.234711843079675
66.12727416653797	19.969911236635635	6.331192276032491
69.12727416653797	20.18192956310569	6.326373964189448
72.12727416653797	20.4698947527889	6.365762166464181
75.12727416653797	20.740455452985767	6.407552287074881
78.12727416653797	20.94456264787112	6.230005715393187
81.12727416653797	21.227781158603516	6.671210744574993
84.12727416653797	21.473975573519485	6.5091410822568205
87.12727416653797	21.681563666302118	6.760252042825172
90.12727416653797	21.88377218960714	6.8457308883278145
93.12727416653797	22.123954144518734	6.88624944798276
96.12727416653797	22.24420334460623	7.260637589521049
99.12727416653797	22.53438365113316	7.202012982317617
102.127274166538	22.836588877668838	6.553546344329167
105.127274166538	22.925193551417518	7.746768797379526
108.127274166538	23.142907892628564	7.996964405526839
111.127274166538	23.360622233839607	7.557964934582828