0.008333333535119891	0.17873181722029746	3.324785886626967
0.0166666668956168	3.441248751427531	6.08922711292058
0.02500000025611371	6.237853781548855	7.58399962377213
0.03333333344198763	8.559478062735947	8.302160584917772
0.04166666697710753	10.451843687766031	8.616478729249303
0.05000000033760443	12.042670221587251	8.744785922795371
0.05833333334885538	13.392794498390872	8.688793303305207
0.06666666688397527	14.544537794136014	8.556388117267453
0.07500000024447218	15.54475580720603	8.35628033463295
0.08333333360496908	16.41196409583303	8.106068799349117
0.09166666679084301	17.17790361698639	7.8471062568078045
0.1000000003259629	17.849376004302368	7.559396696871264
0.1083333335118368	18.44754189576057	7.251170876710578
0.1166666666977108	18.971645554290276	6.931660646859322
0.1250000002328306	19.441714012265	6.572919972100718
0.1333333335933276	19.856235795543363	6.269561029787929
0.1416666669538245	20.222768274832326	5.957400297123126
0.1500000001396984	20.557181928616597	5.675055078128307
0.1583333336748183	20.856831677148726	5.433480964549952
0.1666666668606922	21.128519154064975	5.187702591414396
0.1750000000465661	21.376023044718877	4.973247012529561
0.183333333581686	21.603877771534602	4.776669182884256
0.1916666669421829	21.80906038622935	4.591668198443714
0.2000000003026798	22.00101760218688	4.41594160539306
0.2083333334885538	22.17823794526578	4.251145604117424
0.2166666668490507	22.34147715253674	4.089412932225637
0.2250000002095476	22.49300243521188	3.949660379810864
0.2333333333954215	22.635081004503284	3.8173377241810793
0.2416666669305414	22.762800569451393	3.6974050419388176
0.2500000002910383	22.887119317581366	3.5793872136289098
0.2583333336515352	23.003502826469003	3.462836039355267
0.2666666668374091	23.113840438791048	3.3794309309645763
0.2750000001979061	23.215109206264707	3.298800260663434
0.283333333558403	23.310332077172756	3.2129269616994667
0.2916666667442769	23.400264788585925	3.1149354036847194
0.3000000002793968	23.489819631463753	3.028463100206665
0.3083333336398937	23.571439235099234	2.9679495783531293
0.3166666670003906	23.650413758987277	2.9140795423073875
0.3250000001862645	23.721830912168315	2.8507990545983177
0.3333333335467614	23.792870196814015	2.784283265773146
0.3416666669072583	23.862020138782963	2.736248889037509
0.3500000000931323	23.925879921257028	2.6958957721083467
0.3583333336282522	23.99011757226642	2.647667066146638
0.3666666669887491	24.0486871952456	2.6185843726523883
0.3833333335351199	24.163937098527192	2.5370393289416713
0.4000000002561137	24.270873894031066	2.4617621578283093
0.4166666669771075	24.370253318827984	2.4120375091920483
0.4333333333488554	24.462831109988606	2.3451682743585716
0.4500000002444722	24.54860726751293	2.2942905603150257
0.466666666790843	24.63249408236052	2.222983726274736
0.4833333335118368	24.709201395036455	2.139724538661697
0.5000000002328306	24.783641496500298	2.0604471095375443
0.5166666669538245	24.84976849018644	1.9582370464330947
0.5333333336748183	24.91098319291306	1.8602928791562123
0.5500000000465661	24.966907736144787	1.775425129906124
0.5666666669421829	25.015274908669507	1.6924052929760762
0.5833333334885538	25.060997001446808	1.6320917008892197
0.6000000002095476	25.10596335715338	1.6026333347704724
0.6166666669305414	25.14715102750648	1.600086916859615
0.6333333336515352	25.187205092253517	1.6482156670666313
0.650000000197906	25.226503419929873	1.6942642516527373
0.6666666667442769	25.26920256442435	1.7363627797114682
0.6833333336398937	25.313035314524882	1.81042373226998
0.7000000001862645	25.35875740730217	1.885857955237535
0.7166666669072583	25.4041016315441	1.950382807133498
0.7333333336282521	25.452090935533477	2.0004023124487276
0.7583333335351199	25.52124087750243	2.073690729318019
0.7833333334419876	25.591524425077424	2.1176118633084533
0.8083333333488554	25.660674367046386	2.1226136163647173
0.8333333336049691	25.724156280985106	2.1248275556280474
0.8583333335118368	25.787638194923804	2.1309406898720384
0.8833333335933276	25.850742240327175	2.0960540857973338
0.9083333336748183	25.905911046488182	2.06272382328206
0.933333333581686	25.9633470638613	2.049470878998462
0.9583333334885538	26.01927160709302	2.044253009271379
0.9833333333954215	26.06839451668845	2.0051626208980595
1.008333333651535	26.116383820677843	2.011808850039735
1.033333333558403	26.16512886173791	1.9918839451588568
1.058333333639894	26.212740297191946	1.9930066824948993
1.083333333546761	26.260351732645972	1.978553125459302
1.108333333628252	26.303428745675813	1.977474514358416
1.141666666895617	26.36388771133174	1.9486285873100793
1.175000000337604	26.420567991634147	1.9372103324184347
1.208333333604969	26.476114666330528	1.9147735706344338
1.241666666697711	26.527882655673384	1.9187001829094024
1.275000000139698	26.573226879915325	1.8913543942603368
1.308333333581686	26.621594052440063	1.882261921547965
1.341666666849051	26.66882761935874	1.8717206409610443
1.375000000291038	26.716816923348123	1.8669199526480482
1.408333333558403	26.759893936377974	1.8728483915767078
1.441666667000391	26.802970949407815	1.8895570710158196
1.475000000093132	26.84680369950834	1.883555588261948
1.516666666895617	26.900461031527954	1.8530365703688354
1.558333333348855	26.9503396781941	1.8411429858178359
1.600000000325963	26.999840456324872	1.8808664445565297
1.641666666953825	27.047074023243564	1.878575325838404
1.683333333581686	27.08863956213201	1.8642838487797677
1.725000000209548	27.131338706626487	1.8782038569286341
1.766666666837409	27.181595221827962	1.9079400160411222
1.808333333639894	27.22618370899919	1.947592264045231
1.858333333628252	27.278329566877424	1.9716943030011418
1.908333333441988	27.328586082078907	1.9789952142575529
1.958333333604969	27.381487677027824	1.9592339577451745
2.008333333593328	27.43703435172419	1.9495341050173987
2.058333333581686	27.486535129854975	1.945877535685088
2.108333333395422	27.531501485561556	1.9021421267764678
2.158333333558403	27.572689155914663	1.8950229240352983
2.208333333546761	27.616144037479838	1.8630234075217291
2.266666666895617	27.661110393186423	1.8167714397685801
2.325000000244472	27.706832485963698	1.7881636165389185
2.383333333593328	27.74915376192285	1.775981107519601
2.441666666942183	27.792230774952696	1.778118684919968
2.500000000291038	27.832284839699724	1.7765392747873807
2.558333333639894	27.873472510052824	1.7916839106927165
2.625	27.918060997224053	1.7859702404863462
2.691666666883975	27.961893747324588	1.7944829052671387
2.758333333593328	28.005348628889777	1.8217836525879434
2.82500000030268	28.04993711606101	1.8272752492680564
2.891666666837409	28.093769866161544	1.8343005134257742
2.966666666907258	28.13835835333278	1.8388427409680834
3.041666666977108	28.182946840504027	1.8257144835078787
3.116666666697711	28.232825487170146	1.8180100787536488
3.191666666942183	28.274391026058595	1.8205907064591067
3.266666666837409	28.31746803908844	1.827628433259124
3.350000000093132	28.362056526259664	1.8601167861029382
3.433333333348855	28.401732722471372	1.8576733420699396
3.516666666953825	28.44254252428911	1.8246563487393759
3.600000000209548	28.486753142924986	1.82826636416528
3.683333333639894	28.531341630096215	1.8141744608542747
3.775000000256114	28.581598145297704	1.8280739933397925
3.866666666697711	28.623541552721495	1.8548937092257913
3.958333333488554	28.663595617468516	1.8849255149226536
4.050000000279397	28.704405419286278	1.8743380977251414
4.150000000256114	28.746348826710058	1.8561920873765343
4.250000000232831	28.791693050952002	1.8181242926725238
4.350000000209548	28.83514793251719	1.8419408441527738
4.458333333546761	28.88389297357726	1.851430367167423
4.566666666883975	28.926592118071753	1.8408662866672862
4.675000000046566	28.967779788424842	1.8543939584380154
4.783333333558403	29.005944510495144	1.84668273715555
4.900000000256114	29.053555945949167	1.8345384978019152
5.016666666953825	29.095877221908307	1.8100035612636547
5.133333333651535	29.134419812513965	1.8271909503169876
5.25833333353512	29.178630431149855	1.841272987859513
5.383333333593328	29.221329575644333	1.8636435347592801
5.508333333651535	29.261383640391387	1.8588625861667343
5.641666666895617	29.302949179279818	1.843446316191284
5.775000000139698	29.348293403521758	1.8805724990511479
5.908333333558403	29.39137041655159	1.932057854721061
6.050000000337604	29.435958903722828	1.960693356648853
6.191666666942183	29.480547390894053	1.9959692820515031
6.341666666907258	29.519845718570405	2.0210643136928486
6.491666666697711	29.567457154024446	2.017573116821579
6.641666666837409	29.621114486044064	2.031452386348952
6.800000000337604	29.670237395639496	2.065245563901466
6.958333333488554	29.71822669962886	2.089361021620211
7.125	29.764704529476866	2.1273568947655406
7.291666666860692	29.80853727957738	2.139158778809914
7.466666666907258	29.85652658356678	2.130186448739173
7.641666666953825	29.907538835838942	2.137656544703715
7.825000000186265	29.958551088111136	2.1310831809469915
8.008333333593328	30.004651049423767	2.1177480518773653
8.200000000186265	30.05528543316059	2.142565944711603
8.391666666953824	30.107053422503473	2.144522212332088
8.591666666907258	30.15768780624029	2.126731636586995
8.791666666860692	30.203787767552935	2.1196590261651878
9.0	30.246486912047416	2.148133120354545
9.208333333488554	30.295231953107503	2.1791083042740023
9.425000000337604	30.342465520026188	2.1928797254944623
9.650000000197906	30.39007695548021	2.2359341622668985
9.87500000023283	30.437688390934248	2.2840421993491624
10.10833333362825	30.490212117347827	2.3847018709436045
10.34166666684905	30.545758792044197	2.4290830561273067
10.58333333360497	30.600171861134502	2.4587829552805154
10.83333333354676	30.659497221184374	2.4987355060889347
11.08333333348855	30.715421764416106	2.5241647620146366
11.34166666679084	30.779281546890157	2.5197877286885553
11.60833333362825	30.83860690694001	2.491012460740541
11.88333333365154	30.892642107494982	2.4676126855122495
12.15833333367482	30.94705517658531	2.428065042265984
12.44166666688398	30.99995677153424	2.401326074200533
12.73333333362825	31.05059115527107	2.3306066992143557
13.0333333335584	31.10046980193719	2.268057205619415
13.34166666684905	31.149970580067972	2.2477896433810756
13.6500000001397	31.19871562112805	2.2276115973123396
13.96666666679084	31.248594267794193	2.2120557360700115
14.29166666697711	31.296205703248223	2.2029888493368666
14.625	31.34079419041945	2.2037819175080036
14.96666666690726	31.389161362944176	2.20041625307764
15.31666666700039	31.439040009610313	2.207916853645171
15.6750000002794	31.48816291920574	2.1960337628947237
16.04166666674428	31.536152223195124	2.2113521385955117
16.41666666674428	31.58527513279055	2.2397433051673903
16.8000000002794	31.632886568244587	2.2172137539762176
17.19166666700039	31.683143083446065	2.1983236794486194
17.59166666690726	31.729998781829387	2.159766368151453
18.0	31.780255297030877	2.1147640553755545
18.41666666697711	31.830133943697003	2.03388136611203
18.84166666679084	31.872455219656132	1.962084229249599
19.28333333367482	31.917799443898076	1.9032336829141976
19.73333333339542	31.957853508645105	1.8539452791545437
20.19166666700039	31.99526249364472	1.782349983981622
20.65833333344199	32.025869845008025	1.669261025222732
21.14166666695382	32.05723293344202	1.6098629896375705
21.63333333365154	32.09426404990627	1.5899286529080898
22.13333333353512	32.12978369222912	1.5838468018894265
22.6500000001397	32.16416972894592	1.6227208458765947
23.1750000002794	32.18910905227899	1.6977366411544925
23.71666666679084	32.21858279803625	1.737619068508118
24.26666666683741	32.258636862783284	1.7623438445186312
24.83333333360497	32.296801584853576	1.7952717823229098
25.4083333335584	32.34176794056016	1.8725341360005276
26.00000000023283	32.387867901872795	1.9416576514344812
26.60000000009313	32.42641049247844	2.042050463219496
27.21666666684905	32.46797603136689	2.142029976707366
27.85000000032596	32.50991943879067	2.280018910215893
28.5	32.56017595399216	2.2822806498618293
29.1583333335584	32.59909641313316	2.3628233772079277
29.83333333348855	32.64859719126393	2.590887983647016
30.5250000001397	32.7086782883845	2.7380189116125697
31.23333333351184	32.77442741353529	3.0065460630714758
31.95833333360497	32.819015900706525	3.1799836549012706
32.70000000024447	32.8806084719685	3.2865355897202835
33.45833333360497	32.965628892422124	3.313601064235113
34.23333333351184	33.036668177067824	3.332394742586717
35.0250000001397	33.13264678504658	3.229704054916273
35.83333333348855	33.21615573135881	3.305805060594046
36.66666666674428	33.27623682847939	3.2346900878994465
37.51666666689562	33.33064989756969	3.1175860509939817
38.38333333359333	33.39299820590235	3.013774803672028
39.27500000019791	33.43720882453824	2.771194452990078
40.18333333334886	33.49615631605277	2.552094657796767
41.11666666693054	33.54187840883006	1.882236069964202
42.06666666688398	33.60082590034455	1.768978703137048
43.04166666674428	33.64919307286929	1.5851024021423017
44.04166666686069	33.69415942857587	1.5360762800504357
45.05833333334886	33.73194628211082	1.507620207101545
46.10000000009313	33.67224305352562	1.3934972107056216
47.16666666674428	33.66279634014186	1.336968305579448
48.25833333365154	33.68433484665679	1.5319495372674272
49.37500000029104	33.703606141959604	1.5561901488896186
50.51666666683741	33.733835624787574	1.6610142780511303
51.68333333363989	33.792405247766744	1.8542268981573962
52.88333333353512	33.82792489008958	2.4811256876760357
54.10833333351184	33.85739863584684	3.107116379736362
55.35833333339542	33.95904527185585	2.910023296586517
56.64166666689562	34.01081326119873	3.386639663255305