0.1339262801338919	0.39301038282720796	2.130129390194403
0.6339262801338919	3.713663327584362	15.003131361085883
1.133926280133892	15.33310073290907	1.96163604753782
2.133926280133892	16.543458795963943	3.3533758101939615
2.633926280133892	17.152909679478462	7.441567595289638
4.133926280133892	19.0980262843405	9.004504826248652
4.633926280133892	15.538149628297322	11.39316479386927
5.133926280133892	15.321709127610008	6.388308461911488
5.633926280133892	16.970643994688913	10.642217633183389
6.633926280133892	26.009882799713864	6.6239718803983765
7.133926280133892	25.716548963255875	0.5779464085354252
7.633926280133892	25.488716857269097	2.687198102796398
8.133926280133892	25.71085316060625	0.5240807116976864
36.13392628013389	12.86966608692719	0.5225486044190739
37.13392628013389	12.903840902825364	0.6196739301489216
39.13392628013389	11.425780115236117	2.1014082379558627
40.13392628013389	11.209339614548822	1.2418802406559064
41.13392628013389	14.09141575528134	1.969369641931777
42.13392628013389	10.941636890014465	1.59574394261821
43.13392628013389	10.582801323085224	0.8834145673454401
44.13392628013389	10.85904775159413	1.2601299219094821
45.63392628013389	10.770762810524392	2.042733560606407
47.13392628013389	10.417623046244774	2.796113690971178
48.63392628013389	12.832643369704506	1.6892859905810405
53.13392628013389	12.909536705474991	1.736796878081765
54.63392628013389	12.977886337270947	3.9548723698204764
56.13392628013389	12.621898671666631	2.0433509776513556
59.13392628013389	12.638986079615716	1.6693411564212317
60.63392628013389	12.157690755718555	1.7753395453940806
62.13392628013389	11.665003826522348	1.222605111849012
63.63392628013389	12.149147051744217	2.1392219635518694
65.13392628013389	14.387597493064037	2.5480346489623336
82.93392628013498	12.208952979565826	0.0781847653746248
84.93392628013498	12.077949518623356	0.7631614467966983
86.93392628013498	11.801703090114238	1.2030306298876476
96.93392628013498	11.71057024771957	1.8675575312766732
99.43392628013498	12.368435453756442	0.8528737924885382
109.433926280135	12.368435453756442	1.0560476414206554
112.433926280135	12.354195947132261	1.9516064574805911