0.06666666688397527	0.07666698378084968	0.5943958836117121
0.1333333334187046	0.22520926485621465	0.21900890118216718
0.1666666668606922	0.46479358917134156	0.8660077619575658
0.1999999999534339	0.5917732810583497	0.7737668345272412
0.2333333333954215	0.7211488161885136	0.908611741878425
0.2666666668374091	0.8505243513186775	0.951354007286803
0.4333333333488554	1.2817761350858943	0.35640510471747544
0.6000000002095476	1.2817761350858943	1.487923191446984
0.7666666668956168	1.9214662810072467	2.2016282009210553
0.933333333407063	2.2904261404525377	1.2854983597370988
1.433333333465271	2.2904261404525377	1.1403743970508735
1.933333333348855	2.8702202052951202	2.2239494546319922
2.433333333407063	3.4332433674356437	2.007584971665547
2.933333333465271	3.7423071458021533	2.578748541372128
3.433333333348855	4.271788502538566	3.6150429255933
3.933333333407063	4.794082329545512	1.7958137045854698
4.433333333465271	4.794082329545512	1.1821122940292808
4.933333333348855	5.033666653860639	2.961056120697853
5.433333333407063	5.306792783579878	3.615288018558869
5.933333333465271	5.812315707884768	4.540570857140202
6.433333333348855	6.07346262138824	5.743727529250177
6.933333333407063	6.564610486234235	5.164928847112588
7.433333333465271	7.055758351080214	4.203901845352207
7.933333333348855	7.302530205124797	3.6616701810426484
8.433333333407063	7.302530205124797	3.221652810293745
8.93333333346527	7.549302059169379	3.356920447556857
9.433333333348855	7.791282226727652	4.51977369860064
9.933333333407063	8.028470707799611	5.206809089292857
10.43333333346527	8.263263345628426	5.680925767592487
10.93305555568077	8.73764030777237	5.387610149041056
11.93333333346527	9.209621426673143	6.627736370578881
12.93333333340706	9.451601594231391	4.640714991015279
13.93333333334886	10.167958723933598	5.726846276586057
14.93333333346527	10.170354567176771	6.353196615290255
15.93333333340706	10.886711696878963	4.620395470122703
16.93333333334886	11.12150433470778	4.66184539297959
17.93333333346527	11.358692815779731	5.437277265552416
18.93333333340706	11.35629697253659	5.983582981571853
19.93333333334886	12.072654102238783	6.026875767709827
20.93333333346527	12.309842583310765	7.696654179800778
21.93333333340706	12.786615388697848	5.486428788517905
22.93333333334886	12.786615388697848	6.46267495916675
23.93333333346527	13.023803869769814	7.749466132127689
24.93333333340706	13.019012183283518	7.591093184651744
25.93333333334886	13.730577626499398	10.45525930091763
28.93333333334886	15.14652098320175	12.347562407240535
31.93333333334886	16.330067545318425	12.463906195856827
34.93305555568077	17.281217312849456	10.897575441276992
37.93333333334886	18.4671597182093	8.425186105868184
40.93333333334886	18.943932523596352	8.665116141968994
43.59777777793352	19.18591269115463	8.858756772719518
46.93333333334886	19.904665664099994	12.886257840202688
49.93333333334886	20.860607118117308	17.137641012798607
52.93333333334886	22.05134120996344	17.856823420964744
55.93333333334886	23.227700242350657	17.36255166080158
58.93305555568077	23.934473999080275	15.907850744177308
61.93333333334886	24.641247755809864	14.874717958572468
64.93333333334886	25.113228874710668	15.910706257490048
67.93333333334886	25.82479431792656	17.719312484234553
70.93333333334886	26.773548242214435	19.35575718846449
73.93333333334886	27.485113685430335	19.948126127769125
76.93333333334886	28.43626345296133	19.36540216426355
79.93333333334886	29.38501737724919	18.942962797660357
82.93305555568077	29.859394339393155	14.954968421719407
85.93333333334886	30.333771301537052	12.917842870577292
88.93333333334886	31.042940901509812	11.296456976308043
91.93333333334886	30.805752420437866	9.698101602683947
94.93333333334886	30.805752420437866	9.969730873794083
97.93333333334886	31.280129382581798	8.02721858204022
100.9333333333489	31.756902187968855	5.05612928410765
103.9333333333489	31.99409066904084	5.895526887050516
106.9330555556808	32.23127915011281	7.058786201925224
109.9333333333489	32.23127915011281	6.310030367958179
112.9333333333489	32.23127915011281	4.190776410343366
115.9333333333489	32.23127915011281	3.124804829565376
118.9333333333489	32.46846763118476	2.846201406330946
121.9333333333489	32.46846763118476	3.1694136987559185
124.9333333333489	32.70565611225674	3.794098374068679
127.9333333333489	32.70565611225674	4.261216948535418
130.9333333333489	32.70565611225674	4.9399221383816485
136.9333333333489	32.942844593328715	4.187769184002794
142.9333333333489	33.18003307440065	3.354043780593102
148.9333333333489	33.417221555472615	1.5462566137442226
154.9330555556808	33.417221555472615	1.9079843834375518
160.9333333333489	33.417221555472615	2.850952891678518
166.9333333333489	33.18003307440065	0.5675290619957513
172.9333333333489	33.417221555472615	2.7419049849417267
178.9330555556808	33.89399436085973	2.742945731809356
184.9333333333489	33.89399436085973	1.7130847520307
190.9333333333489	33.65441003654462	2.9625147606884488
196.9333333333489	34.1311828419317	0.614558455518536
202.9333333333489	34.1311828419317	0.9828510336845886
208.9333333333489	33.89399436085973	1.183251065031682
214.7230555554852	33.89399436085973	1.084888645358395
222.302777778008	33.65680587978774	1.9325811482293507
228.302777778008	34.1311828419317	2.116498861608359
234.3361111111008	34.1311828419317	4.420903192398612
240.3361111111008	33.89399436085973	4.894561820544292
246.3361111111008	34.1311828419317	3.9401806500373273
252.3361111111008	34.60795564731876	4.412481422353626
258.3361111111008	34.60795564731876	2.1184527273490663
264.3361111111008	34.84514412839072	3.3985002311799564
273.3361111111008	35.08472845270587	1.686280145549719
282.3694444445428	34.84753997163387	2.756025865652801
291.3694444445428	34.61035149056194	2.4266156611095244
300.3694444445428	34.84753997163387	0.9721180339631451
318.4027777779847	34.84993581487706	0.011896299423299651
327.4027777779847	35.087124295949025	2.46394815540388
336.4027777779847	34.61274733380506	1.2209997649201254
345.4027777779847	35.087124295949025	0.9328145226701713
354.4027777779847	34.84993581487706	3.128897644872817
363.4361111112521	34.84993581487706	2.213917574583972
372.4361111112521	35.08952013919214	1.0591549392754134
381.4861111112405	34.8523316581202	3.1662333164983383
390.4861111112405	35.08952013919214	0.9724404409100643
402.5027777779615	35.08952013919214	3.194003639495872
414.5027777779615	35.329104463507285	2.19787744810151
426.5361111110542	35.329104463507285	0.9398337927035625
438.5361111110542	35.33150030675041	1.4839937852562572
450.5861111112172	35.33150030675041	0.5388062122769793