0.0004321549664041413	0.02834780603357257	0.01649552178818454
0.001265488145293148	0.0460710319244503	0.06448343032831404
0.002098821324182154	0.09012590771033513	0.054710833777614425
0.002932154852317126	0.10126622112746352	0.04900023008475746
0.003765488031206132	0.1164575576053422	0.07765713094847619
0.004598821559341104	0.1346871613788101	0.1260405622059781
0.005432154738230111	0.1605124333912367	0.10404805812349137
0.006265488266365082	0.16912085739537558	0.08438176741501648
0.007098821445254089	0.18228668234288398	0.10516899446556091
0.00793215497338906	0.19393337364260255	0.10833166787535073
0.008765488152278067	0.20507368705972126	0.12535569056457863
0.009598821505790056	0.21570762259424983	0.1157254907045103
0.01043215485930205	0.22937982542434834	0.1232690515234803
0.01126548821281403	0.23444360425030794	0.12908185231841426
0.01209882156632602	0.24558391766743637	0.13059301804419468
0.01293215491983801	0.25368596378897545	0.1652933391465539
0.01376548827335	0.26482627720609425	0.15932435968662698
0.01459882162686199	0.2764729685058129	0.16289899632283167
0.01543215498037398	0.2840686367447618	0.15510370614733363
0.01626548798464	0.29166430498370116	0.14254938817695043
0.01709882151277498	0.29875359534005985	0.15022349104926128
0.01793215469166398	0.3068556414615991	0.14945848724055588
0.01876548821979895	0.3124257981701585	0.15847118866103047
0.01959882139868796	0.32052784429170716	0.15322270327613724
0.02043215492682293	0.3260980010002666	0.18560590947281716
0.02126548810571194	0.33369366923920596	0.18616272848101173
0.02209882163384691	0.338251070182585	0.16699638972196365
0.02293215481273592	0.35141689513009333	0.17336741911071524
0.02376548816624791	0.3559742960734531	0.17756630458112635
0.0245988215197599	0.35799980760383304	0.19295293762597626
0.02543215487327188	0.3650890979601919	0.1525342694580391
0.02626548822678387	0.37167201043394127	0.16269120745012772
0.02709882158029586	0.37876130079029036	0.16951317525280896
0.02793215493380785	0.38382507961625956	0.20265758604362766
0.02876548828731984	0.3868633469118391	0.19811614193475505
0.02959882164083183	0.3919271257377987	0.20782902286554858
0.03043215464509785	0.3980036603289579	0.1966029517716331
0.03126548817323283	0.4066120843330969	0.2036277492655676
0.03209882135212183	0.4106631073938665	0.21449995997973625
0.0329321548802568	0.41775239775022527	0.21001761047581105
0.03376548805914581	0.42129704292838543	0.22926775938226793
0.03459882158728078	0.4273735775195446	0.20281961457803013
0.03543215476616979	0.4299054669325244	0.20097099828067774
0.03626548829430476	0.4364883794062833	0.19821074327785046
0.03709882147319377	0.438513890936673	0.20788015462413603
0.03793215482670576	0.4486414485885922	0.1879449308394899
0.03876548818021774	0.4501605822363915	0.19675412538627302
0.03959882153372973	0.453705227414571	0.22929571657363162
0.04043215488724172	0.4567434947101505	0.20118271187991385
0.04126548824075371	0.46383278506649006	0.23421549691315338
0.0420988215942657	0.46383278506649006	0.1929196435042125
0.04293215494777769	0.46990931965764926	0.22644749085931953
0.04376548830128968	0.47801136577919806	0.23870415520239413
0.0445988213055557	0.47953049942697823	0.22583596082018123
0.04543215483369067	0.48206238883995794	0.2612639804015594
0.04626548801257968	0.4901644349614972	0.23895606631161379
0.04709882154071465	0.49117719072669674	0.2580990205122424
0.04793215471960366	0.49877285896564577	0.26112916852544354
0.04876548824773863	0.5033302599090151	0.22701498876797002
0.04959882142662764	0.5043430156742051	0.2534570132764583
0.05043215495476261	0.5134578175609439	0.26912651819764993
0.05126548813365162	0.5154833290913241	0.24568877729624258
0.05209882148716361	0.5185215963869036	0.26221887438177965
0.05293215484067559	0.5210534857998831	0.2729796308820045
0.05376548819418758	0.5286491540388324	0.26040115400179376
0.05459882154769957	0.5281427761562422	0.2545504088312868
0.05626548825472355	0.5392830895733511	0.25124621144253373
0.05793215496174753	0.5453596241645102	0.2726676125646519
0.05959882149414852	0.5554871818164486	0.28046709700417627
0.0612654882011725	0.5615637164075982	0.2974550447970975
0.06293215490819648	0.5691593846465475	0.28260862252444496
0.06459882161522046	0.5772614307680962	0.3143089825366274
0.06626548814762145	0.587388988420015	0.2940971608767385
0.06793215485464543	0.5929591451285746	0.30513455215651153
0.06959882156166941	0.5990356797197337	0.3004328843887815
0.07126548826869339	0.6071377258412824	0.3037788133923799
0.07293215497571737	0.6182780392584011	0.30786293751348176
0.07459882133349538	0.6213163065539806	0.30946414834937486
0.07626548804051936	0.62840559691033	0.3096667674249297
0.07793215474754334	0.6334693757362897	0.3095770211516808
0.07959882145456731	0.6405586660926487	0.3278626331270788
0.08126548816159129	0.6486607122141879	0.2948752144839449
0.08293215486861527	0.656256380453127	0.3146286609015787
0.08459882157563925	0.6608137813964963	0.3410715802220766
0.08626548828266323	0.6653711823398655	0.33405171224336083
0.08793215481506422	0.6734732284614143	0.3551005264760839
0.0895988215220882	0.6825880303481533	0.3395508599623374
0.09126548822911218	0.684613541878533	0.3442903645253181
0.09293215493613616	0.6901836985870926	0.3447201260931843
0.09459882164316014	0.7023367677694011	0.34587732197702786
0.09626548817556113	0.7043622792997812	0.35059551696940866
0.09793215488258511	0.7139834590691196	0.379304427824301
0.09959882158960909	0.7170217263646997	0.34377520404481127
0.1012654882966331	0.7236046388384583	0.36688617290252074
0.1029321546544111	0.7296811734296081	0.3591090915646558
0.1045988213614351	0.7347449522555679	0.33762146629570455
0.106265488068459	0.7387959753163468	0.3472247710289581
0.107932154775483	0.7438597541423064	0.3688363063422394
0.109598821482507	0.7570255790898148	0.3644370143847273
0.112098821543043	0.7600638463853944	0.3684921349971734
0.1145988216035789	0.765127625211354	0.3738563912815094
0.1170988213148689	0.7747488049806927	0.391381413100135
0.1195988215500279	0.7838636068674311	0.40594654993850887
0.1220988214359409	0.79449754240196	0.36523405365572476
0.1245988214964768	0.8000676991105191	0.39369070232084746
0.1270988215570128	0.8081697452320581	0.39275788010110374
0.1295988216175488	0.8177909250013872	0.41389644884034427
0.1320988215034618	0.8238674595925466	0.4237142048178126
0.1345988213893747	0.8339950172444653	0.4079256356580304
0.1370988216245337	0.8390587960704443	0.39797418686957464
0.1395988215104467	0.846654464309384	0.4319651841420634
0.1420988215709826	0.8491863537223636	0.45323212457369455
0.1445988216315186	0.861845800787272	0.41815929162759036
0.1470988213428086	0.8709606026740112	0.435410200456061
0.1495988215779676	0.8755180036173804	0.4335195749654613
0.1520988214638805	0.8815945382085395	0.44567360757849017
0.1545988215244165	0.8927348516256581	0.4534701228269167
0.1570988215849525	0.9023560313949966	0.4821466711709375
0.1595988216454884	0.9048879208079769	0.4822621385302125
0.1620988215314014	0.9114708332817261	0.4463527456820114
0.1645988214173144	0.9195728794032652	0.4415665117990945
0.1679321548313624	0.930713192820384	0.47291407864578583
0.1712654882454103	0.9393216168245231	0.4635412962907493
0.1745988214848353	0.9479300408286713	0.4538253782722632
0.1779321548988833	0.9575512205979906	0.47283963434982335
0.1812654883129312	0.9626149994239694	0.4889120297833751
0.1845988215523562	0.9712234234281086	0.48052544366163874
0.1879321549664041	0.9833764926104176	0.46704469255854403
0.1912654880312061	0.9914785387319562	0.50193070429773
0.1945988214452541	0.9995805848534954	0.5016902027038026
0.1979321548593021	1.0066698752098544	0.5059708907801137
0.20126548827335	1.0167974328617835	0.4981843891227732
0.204598821512775	1.0233803453355423	0.49770339469212377
0.2079321549268229	1.030469635691882	0.5063566891530229
0.2112654881662479	1.0416099491090105	0.5031433451502463
0.2145988215802959	1.0527502625261291	0.5223511212959913
0.2179321546450979	1.059333174999888	0.5156964471209259
0.2220988215872808	1.070473488416997	0.5229758369147033
0.2262654881802177	1.0724989999473864	0.5404367280241136
0.2304321549477777	1.0866775806600948	0.534474037832626
0.2345988215407147	1.0947796267816339	0.5244472728702114
0.2387654881336516	1.1074390738465425	0.526291545269382
0.2429321549012116	1.1140219863203014	0.5525844632629198
0.2470988214941485	1.1231367882070205	0.5373205042441046
0.2512654880870855	1.1347834795067488	0.580507348957937
0.2554321548546454	1.1403536362153086	0.555498956383538
0.2595988216222054	1.1494684381020472	0.5697951991386955
0.2637654880405194	1.1626342630495459	0.5830190415314024
0.2679321549827023	1.1697235534058952	0.5789229403698489
0.2720988215756393	1.1823830004708131	0.5844273125787176
0.2770988215220882	1.1899786687097524	0.6009200164860544
0.2820988216431601	1.2001062263616815	0.59793706051762
0.2870988215896091	1.2097274061310201	0.6155277889281084
0.2920988213614351	1.2223868531959283	0.6118667461178641
0.297098821482507	1.2330207887304476	0.6178625782932979
0.3020988216035789	1.241629212734586	0.6152341361906463
0.3070988215500279	1.2532759040343047	0.6368614328182944
0.3120988214964768	1.2634034616862337	0.6446599852122191
0.3170988216175488	1.2709991299251728	0.6581666575073878
0.3220988213893747	1.2826458212249108	0.6714617619524014
0.3270988215104467	1.2947988904072196	0.678694264017101
0.3329321546357846	1.3039136922939583	0.6596150973585517
0.3387654882849915	1.3180922730066564	0.6703549122880303
0.3445988215849525	1.3292325864237657	0.6718944637893607
0.3504321547102904	1.3403728998408848	0.6939418944703151
0.3562654881848744	1.3535387247884023	0.7028652156886934
0.3620988214848353	1.367210927618511	0.6960835470810317
0.3679321547847962	1.3763257295052298	0.7002787732497315
0.3737654882593802	1.3844277756267789	0.7119209436298901
0.3795988215593411	1.3945553332787077	0.7098562467653006
0.3854321548593021	1.405695646695836	0.731645972035208
0.392098821512775	1.4213933610563245	0.7261726131508236
0.3987654881662479	1.4325336744734432	0.7270614028550868
0.4054321546450979	1.4436739878905618	0.7281039152719951
0.4120988214731938	1.4563334349554704	0.7402553906882159
0.4187654883012897	1.4669673704899895	0.7636865633272563
0.4254321549547626	1.4796268175549074	0.7825748443840019
0.4320988216082355	1.4948181540327956	0.769659611428095
0.4387654880870855	1.5034265780369347	0.768895828306371
0.4462654882686934	1.517098780867043	0.7781546403017305
0.4537654882756783	1.5312773615797413	0.7941089133878199
0.4612654882826632	1.5434304307620594	0.8077960238216801
0.4687654881150252	1.5571026335921678	0.8192149515344722
0.4762654882966331	1.5717875921874562	0.8193172327603994
0.483765488303618	1.5803960161915955	0.7926301518147448
0.4912654883106029	1.5945745969042937	0.8242089840015171
0.4995988214964768	1.607740421851802	0.8189641331273255
0.5079321546823508	1.6224253804471	0.8112722563537097
0.5162654882174706	1.6381230948075882	0.8169012834368348
0.5245988215779676	1.651288919755087	0.8297853123827201
0.5329321549384645	1.6639483668200052	0.8152649898990791
0.5412654881243384	1.673063168706744	0.8303414141145391
0.5495988214848353	1.688760883067232	0.8355589299067714
0.5587654881988442	1.7009139522495407	0.84730371605253
0.5679321547382301	1.7130670214318595	0.8408229836111974
0.577098821626862	1.7262328463793581	0.836555477867625
0.5862654881662479	1.7424369386224456	0.8595286891373134
0.5954321548802568	1.7535772520395645	0.8634509729046794
0.6045988215942657	1.7652239433392831	0.8833189656437666
0.6145988214871636	1.781428035582371	0.8748111450694398
0.6245988213800615	1.7966193720602688	0.8897570419655032
0.6345988216222054	1.809278819125178	0.897881514779969
0.6445988215151033	1.823457399837876	0.9009719120321269
0.6545988214080012	1.841180625728744	0.8908290912093509
0.6654321546544111	1.855359206441452	0.919228789478215
0.6762654882500669	1.8695377871541503	0.9363415078093832
0.6870988214964768	1.8837163678668485	0.9342104298236358
0.6979321549175097	1.8984013264621469	0.9385972460693357
0.7087654881639196	1.9115671514096555	0.9634420232872631
0.7204321549384645	1.9257457321223537	0.9707750878422414
0.7320988215383863	1.9399243128350614	0.9276975574191417
0.7437654883129312	1.9576475387259293	0.9533996190166443
0.7554321547382301	1.973345253086408	0.9724562472405366
0.767098821512775	1.9880302116817161	0.9595403903166814
0.7795988216408318	2.004234303924794	0.988250758019387
0.7920988215942657	2.0224639076982713	0.9916688997094397
0.8045988215476996	2.0381616220587597	1.00063984191777
0.8170988215011334	2.046263668180299	1.03645011377193
0.8304321549827023	2.0660124056015667	0.9998980122812434
0.8437654881150252	2.0842420093750342	1.02306849007338
0.857098821596594	2.0953823227921533	1.0326885088996405
0.8704321547289169	2.1161438159786106	1.039806598891907
0.8845988213893747	2.1308287745738994	1.019909255442669
0.8987654880498326	2.146526488934387	1.0421092174240794
0.9129321547102904	2.1683007378860437	1.0862546705969531
0.9270988213707483	2.177415539772773	1.0952100603586616
0.9420988215593411	2.1986834108418307	1.0717565579997292
0.957098821398688	2.2159002588500982	1.1340102650777466
0.9720988215872808	2.2331171068583764	1.0922375727588551
0.9870988214266276	2.246282931805885	1.1197846939027267
1.00293215479411	2.267044424992342	1.1273798504942147
1.018765488161591	2.2852740287658104	1.1142551658104864
1.034598821529073	2.3060355219522677	1.1610062170953006
1.051265488250067	2.3192013468997765	1.139719587117756
1.067932154971061	2.344013863146993	1.1664743994553541
1.084598821342809	2.3556605544467213	1.1520148660074552
1.101265488238425	2.37540929186797	1.1891390927788006
1.118765488312931	2.392626139876248	1.1682759354585197
1.136265488212814	2.411362121532315	1.177598816132626
1.15376548828732	2.430604481070983	1.1505076884032064
1.172098821540715	2.446808573314061	1.2027244970963185
1.19043215479411	2.4695955780309076	1.167076881523766
1.208765488222127	2.4832677808610066	1.2086054752553381
1.227932154654411	2.505042029812654	1.1919512914457417
1.247098821435941	2.520739744173151	1.2133591780001116
1.266265488217471	2.5404884815943998	1.2183466778427687
1.286265488003267	2.5556798180722975	1.19447558237001
1.306265488312931	2.5794795785543245	1.2169144901142677
1.327098821626862	2.5966964265626125	1.2062918804482015
1.34793215476617	2.61745791974906	1.2300305868644568
1.368765488254724	2.633662011992138	1.2201898312320238
1.390432154747543	2.655436260943795	1.235461951697438
1.412098821589609	2.675184998365062	1.2389824631054256
1.434598821435941	2.689869956960351	1.266690965810243
1.457098821631519	2.7106314501468085	1.2571372123407598
1.47959882147785	2.7308865654506564	1.27655435032151
1.502932154852317	2.7501289249893235	1.2582072116156795
1.526265488226784	2.7693712845279816	1.30306780256041
1.550432154954763	2.7886136440666487	1.2878071030116214
1.574598821333495	2.8093751372531064	1.2770101595724757
1.599598821589609	2.830643008322154	1.3396621525223815
1.624598821496477	2.852417257273802	1.3317879923835612
1.649598821577968	2.8731787504602493	1.318664704160771
1.675432154663724	2.889889220585927	1.354244300175862
1.70126548827335	2.9157144925983536	1.3555876189969012
1.727932154887242	2.9339440963718215	1.363248184262585
1.754598821501133	2.9511609443801	1.3681342296450856
1.78209882164316	2.9790117279229062	1.3828498051048528
1.809598821435941	2.9977477095789737	1.3835228809603959
1.837932154756857	3.0154709354698523	1.367572818147015
1.866265488077772	3.041802585364859	1.3831549529852454
1.895432154926823	3.061551322786117	1.3653781867543326
1.924598821426628	3.081806438089984	1.3861257346939824
1.954598821454567	3.103580687041621	1.4091574104639994
1.985432154836019	3.127886825406249	1.3879652965537521
2.016265488217471	3.149661074357896	1.4375316914456338
2.047932154952434	3.167384300248764	1.445300955592858
2.079598821512775	3.1871330376700318	1.4624162313019662
2.112098821426628	3.2094136645042686	1.4590165526725527
2.144598821515103	3.2316942913385156	1.483618011939915
2.177932154957091	3.2539749181727626	1.4781919952258102
2.212098821577968	3.2772683007722	1.4806413833425018
2.246265488198844	3.306638217962787	1.4711142959631125
2.281265488173233	3.3258805775014553	1.4951983426965312
2.317098821501133	3.3562632504572405	1.5286977052905397
2.352932154654411	3.3749992321132987	1.527514953315366
2.389598821510447	3.400824504125725	1.5238826236475127
2.427098821370748	3.421585997312173	1.5682668762286678
2.464598821580296	3.4458921356768	1.582212863313216
2.50293215479411	3.4656408730980583	1.5635616063867783
2.542098821361435	3.4884278778149045	1.5877192303488608
2.581265488278007	3.5152659055925115	1.5765528483237057
2.621265488198844	3.537040154544159	1.6107336675840627
2.662098821473194	3.5588144034957963	1.6005824766457846
2.703765488275678	3.590716210099382	1.614249473200946
2.745432154728917	3.616541482111789	1.6187755571457405
2.78793215471029	3.6418603762416164	1.6380103483682027
2.831265488219799	3.6661665146062434	1.6696408881014608
2.875432154908197	3.69401729814905	1.6566149591894819
2.920432154775483	3.720348948044067	1.6747986249078783
2.965432154817393	3.7436423306434943	1.7098371919148896
3.011265488212814	3.766935713242931	1.664731915811378
3.057932154961748	3.7922546073727483	1.6745478101566806
3.10543215488957	3.816054367854785	1.6634666266142157
3.153765488170905	3.8454242850453726	1.6739560223681944
3.202932154980374	3.8697304234099987	1.6853341214337114
3.25293215479411	3.895555695422426	1.6850159190912368
3.302932154957091	3.9244192347304123	1.6991116821570806
3.353765488124338	3.9461934836820687	1.7141564237998197
3.405432154645098	3.9740442672248757	1.7173773410230464
3.457932154868615	3.9968312719417036	1.7547520223627027
3.511265488096399	4.023162921836711	1.7494535106332714
3.565432154852317	4.053039216909907	1.7663526597537857
3.620432154961748	4.078864488922323	1.7742812454760177
3.676265488250067	4.105196138817341	1.7638799696876533
3.732932154891898	4.131527788712346	1.8088176731610113
3.790432154887242	4.157353060724773	1.8254611385400494
3.848765488236097	4.18874848944574	1.8617846021190243
3.907932154938465	4.216599272988546	1.8656898340545451
3.968765488173233	4.244450056531353	1.8653222710460184
4.030432154936136	4.2717944621915604	1.9036016190295335
4.092932154877929	4.298632489969167	1.916114276721614
4.156265488173233	4.330027918690153	1.943936075240107
4.220432154822049	4.3614233474111295	1.9196720263468035
4.285432154824377	4.391806020366916	1.891084187254298
4.35209882153373	4.419150426027122	1.8842734683468325
4.419598821596594	4.449026721100308	1.88773495601935
4.487932154663724	4.482954039234275	1.9105676115311019
4.557098821608236	4.51181757854226	1.9158046328751068
4.627932154910525	4.544225763028428	1.9259177803600425
4.699598821566326	4.564987256214894	1.8888668656851246
4.772098821575639	4.590306150344702	1.8794488340588045
4.845432154938465	4.616637800239719	1.883839889248231
4.920432154833691	4.644994961665126	1.8776071896529256
4.996265488257052	4.676896768268691	1.8861066605449752
5.073765488212814	4.704747551811498	1.903333072945146
5.152098821522088	4.738168492062864	1.8968259793965998
5.231265488184874	4.761461874662291	1.984377325085561
5.312098821380062	4.789819036087698	2.032633897185415
5.393765488278007	4.817669819630504	2.0652926895757338
5.47709882153373	4.846026981055891	2.095353567139233
5.561265488142965	4.881473432837656	2.1193467698380672
5.647098821633847	4.913881617323822	2.1272417886911703
5.734598821482507	4.944770668162208	2.143073621550626
5.822932154859302	4.983761765122135	2.193679547545428
5.912932154943121	5.01920821690388	2.2353578878014315
6.004598821559341	5.052629157155247	2.2592629822992736
6.097098821529073	5.087062853171792	2.2981543844707644
6.191265488031206	5.12402843860134	2.3024789625255226
6.287098821589609	5.153398355791922	2.3075845403224884
6.383765488152278	5.189857563338869	2.344374930545519
6.482098821596594	5.223784881472824	2.3346386851831813
6.582098821398688	5.260750466902369	2.3399179030120627
6.683765488257052	5.293665029271136	2.3746455943372684
6.787098821473194	5.330124236818083	2.3604575564252834
6.892098821570983	5.3665834443650295	2.3781298973773226
6.998765488201173	5.400004384616383	2.4156627895481892
7.107098821538386	5.43848910369371	2.408973608900853
7.217098821408001	5.4754546891232545	2.424511563562362
7.32876548798464	5.511913896670181	2.446821636522785
7.442098821617549	5.552424127277904	2.464483271315048
7.557098821608236	5.583819555998893	2.5052064127582234
7.673765488305946	5.624329786606597	2.5132545513600837
7.792098821361435	5.66129537203613	2.529189756940515
7.912098821473194	5.696235445935288	2.5241418902828197
8.033765488291976	5.733201031364823	2.527977742981466
8.15793215482205	5.774724017737729	2.5614472161427604
8.283765488059146	5.811183225284676	2.548446916737908
8.411265488003266	5.8557444789531585	2.5986059018077583
8.541265488182546	5.893722820147891	2.600129882040924
8.672932154719604	5.93018202769484	2.630249501919575
8.806265488312931	5.967147613124366	2.6486255734429403
8.942098821617549	6.004619576436513	2.66660129142154
9.079598821454567	6.047661696457206	2.6851858281204897
9.219598821352122	6.085133659769333	2.700901000968418
9.361265488305946	6.1266566461422345	2.6942120150598905
9.50543215497106	6.167166876749962	2.712498941464589
9.652098821522088	6.210208996770652	2.7473717224547975
9.800432154954763	6.248693715847979	2.7744987420204072
9.95126548827335	6.289203946455694	2.804793643034609
10.10459882147785	6.334271578006782	2.820063495064499
10.26043215491751	6.373769052849287	2.8336272218669487
10.41876548806846	6.416811172869992	2.8638640725665843
10.57959882145457	6.458334159242898	2.8679729318379006
10.74293215490121	6.501882657146189	2.8717927302004984
10.90876548805915	6.544418399284286	2.9191730868647965
11.07709882162686	6.587966897187572	2.964897954804539
11.24793215490587	6.634047284503856	2.9539878230553924
11.42126548824541	6.674051137228968	3.0052162958761204
11.59709882164549	6.7216506581930355	3.0141607786458606
11.77543215475686	6.762667266683342	3.0314191574164866
11.95709882163152	6.806215764586633	3.055880827452697
12.14126548821747	6.854321663433299	3.089642664999224
12.32793215486396	6.903946695927754	3.1059135529844606
12.5179321549245	6.946482438065836	3.1307482507553566
12.71043215487094	6.99610747056029	3.1424435687149357
12.90626548823144	7.040668724228774	3.1619021766736957
13.10459882147785	7.085229977897258	3.2006088035823823
13.30626548831293	7.133335876743914	3.2376825811206573
13.51126548821281	7.182454531355776	3.2615194807142616
13.71959882135212	7.229041296554653	3.2606634423373304
13.93043215490121	7.279679084814286	3.2996571969472037
14.1445988215151	7.32170844906979	3.302046802459307
14.36209882154304	7.372852615212025	3.323616312807774
14.58293215463579	7.4214648919412864	3.384865945637474
14.80709882149182	7.472102680200926	3.466022359718073
15.03543215476617	7.524765979990957	3.491107017250884
15.26709882145457	7.5738846346028	3.623087411498523
15.50209882155701	7.624016044979854	3.647399371844956
15.74043215489888	7.673641077474298	3.7135815114984365
15.98293215483369	7.722253354203556	3.7440543051393393
16.22876548818255	7.77896767705436	3.7863794957549377
16.47876548812434	7.843277668144099	3.8035572335336743
16.73209882130556	7.896953723699325	3.823855626281078
16.98959882160358	7.969872138793205	3.805596820102204
17.25126548814529	8.025067327996231	3.843318080609504
17.51709882145457	8.080262517199218	3.830865235040025
17.78626548800327	8.136976840050032	3.8436876498573707
18.05959882149415	8.193691162900826	3.899589384531575
18.33709882157797	8.24736721845605	3.795656912737977
18.61959882160824	8.303575163424245	3.865912575779092
18.90626548823144	8.348642794975328	3.749590994868426
19.19709882162221	8.405863495708719	3.7153245316440326
19.49209882160591	8.452450260907597	3.719556167343289
19.79209882136144	8.503088049167237	3.730605920601566
20.09626548805915	8.570436307552562	3.745203621501187
20.40543215487793	8.612972049690665	3.7537469006813033
20.71959882164316	8.68032030807598	3.734099337400889
21.03876548818022	8.728932584805241	3.8435639886247244
21.36209882148484	8.776532105769297	3.8198375512145266
21.69043215491053	8.831727294972309	3.901024960504948
22.02376548828266	8.889960751470902	3.9852337301322653
22.36293215495476	8.949206963734682	3.947552014164044
22.70709882139869	9.003895775055096	4.047092008095344
23.05626548831293	9.055546319079932	4.005440396662834
23.41126548800327	9.121881821700061	4.011887018878692
23.77126548816392	9.1735323657249	4.056065897159877
24.13709882162453	9.235816845284253	4.074441390212468
24.50876548821049	9.302658725786982	4.117902198940648
24.88543215491751	9.364436827463749	4.139899421441034
25.2679321549245	9.423176661844925	4.167083189634124
25.65626548823144	9.485461141404292	4.225089200139309
26.05126548819186	9.546226487315867	4.332566577898841
26.45209882162686	9.590281363101749	4.3350355302996055
26.85876548801258	9.646489308069953	4.323445867799773
27.27209882157564	9.703203630920758	4.310953596816466
27.69126548826404	9.76852637777569	4.298039590014741
28.11709882160591	9.831823613100243	4.293917473229957
28.54959882142663	9.896133604189993	4.341689581489359
28.98876548825007	9.962975484692715	4.387429025262185
29.43459882155236	10.037919411316983	4.403396722658301
29.8870988213335	10.103242158171918	4.509534589523974
30.34709882164549	10.15134805701858	4.552431799304547
30.81376548808709	10.20958151351717	4.597010738819577
31.28793215471029	10.27237237095912	4.633039119463565
31.76876548816159	10.332124961105494	4.653330613345187
32.25709882144525	10.400485975256018	4.673107711038751
32.75293215491053	10.471885256702103	4.658544887530764
33.25626548820816	10.53518249202666	4.691329425918742
33.76793215469166	10.602024372529398	4.780867694516004
34.2870988215314	10.666334363619141	5.001062829977992
34.81459882155701	10.73165711047408	5.130107855954102
35.34959882158961	10.803562769802772	5.196875853561041
35.8929321549827	10.869898272422907	5.289484671960022
36.44459882156167	10.937246530808213	5.295149887429335
37.00459882150113	10.999531010367585	5.3643771721064795
37.57376548815461	11.080045093700413	5.391850180343584
38.15126548799395	11.163597444328822	5.433689393767404
38.73793215489656	11.258796486256946	5.3943764420651155
39.33376548816392	11.343867970533154	5.428793114662329
39.93876548814529	11.41982465292261	5.469666862936975
40.55293215484068	11.498313224725043	5.497962227773429
41.17626548825007	11.566167860992985	5.54230041727101
41.80959882155236	11.650732967386572	5.612399624869109
42.45209882156865	11.718587603654488	5.580850397467773
43.10459882147785	11.793025152396172	5.532125602564185
43.76709882145457	11.847713963716574	5.4379049497909255
44.44043215485232	11.919113245162686	5.440053274178961
45.12376548814297	11.998108194847726	5.401957196080538
45.81793215485465	12.069001098411215	5.300371987413807
46.52209882163385	12.143945025035485	5.34258898865859
47.23709882148484	12.219901707424949	5.360967619012585
47.96376548828499	12.291300988871042	5.391972872043902
48.70126548815694	12.362193892434545	5.3737243779063855
49.44959882162453	12.434099551763232	5.4250264756884
50.20959882134281	12.517145524509038	5.310688259076466
50.98126548818487	12.582974649246568	5.187310896236219
51.76543215498037	12.637663460566994	5.005830803846647
52.56126548820117	12.712607387191262	4.813706498949151
53.36959882155003	12.798691627232655	4.653280225926681
54.19043215485232	12.871103664443954	4.47205063879533
55.02376548828266	12.939464678594462	4.162870512467439
55.86959882149182	13.003268291801616	3.7644537102176208
56.72876548818255	13.048842301235291	3.184216326324
57.60126548818022	13.099480089494932	2.958287763213611
58.48709882148484	13.129862762450728	2.6862504556072593
59.3862654880964	13.162777324819483	2.209943974797558
60.29959882154304	13.203793933309802	1.6454623321169342
61.22626548829663	13.23569573991337	1.063210903438213
62.16709882136144	13.24075951873932	0.5106165146219015
63.12293215496408	13.228606449557013	0.07329777332371792
64.09293215487793	13.189615352597102	0.1741603885926698