0.006944444496184588	0.8061628552935425	2.1629354323196597
0.008333333185873926	1.5226924237468589	1.8005540229981203
0.01388888899236918	1.5226924237468589	0.6048893657027896
0.01527777768205851	1.5226924237468589	0.9836836597836602
0.01666666654637083	1.8237958603778082	0.7566612014560394
0.01805555558530614	1.8237958603778082	0.8316726168939158
0.02083333348855376	1.8237958603778082	0.910513437014278
0.0222222221782431	1.8237958603778082	0.9637600212772272
0.02361111104255542	2.0374129152425433	0.8031174253278875
0.02500000008149073	2.0374129152425433	0.8564281789709313
0.02777777763549238	2.0374129152425433	0.5547042235752461
0.02916666667442769	2.0374129152425433	0.5786779352890169
0.03055555553874001	2.21775294146	0.5730626555150709
0.03194444457767531	2.21775294146	0.6030486709119727
0.03333333344198763	2.21775294146	0.6330412887378276
0.03472222213167697	2.21775294146	0.6402739342145112
0.03611111117061228	2.21775294146	0.6630337034269516
0.0375000000349246	2.21775294146	0.6857984567314568
0.03888888889923692	2.354618139928619	0.5715218538496324
0.04027777793817222	2.354618139928619	1.088534276782929
0.04166666662786156	2.354618139928619	1.1268991457935336
0.04305555566679686	2.354618139928619	0.43380941898727504
0.04444444453110918	2.354618139928619	0.5206835925814229
0.04583333339542151	2.4700142876570426	0.4194865810532345
0.04722222208511084	2.4700142876570426	0.8504580529467125
0.04861111094942316	2.4700142876570426	0.8757729550740316
0.05000000016298145	2.4700142876570426	0.9010912839885951
0.05138888902729377	2.4700142876570426	0.44931784844999473
0.05277777789160609	2.5575006694232565	0.37262633629298186
0.05416666658129543	2.5575006694232565	0.6619710437651891
0.05555555544560775	2.5575006694232565	0.6584804405748231
0.05694444448454306	2.5575006694232565	0.6969088385092038
0.05833333334885538	2.5575006694232565	0.1929219398785367
0.05972222203854471	2.5575006694232565	0.2892504638523869
0.06111111107748002	2.6176140114957493	0.4848353056048874
0.06388888898072764	2.6176140114957493	0.5070178361621177
0.0666666665347293	2.6176140114957493	0.5974477000547751
0.06944444443797693	2.6777273535682307	0.2988949823315514
0.07222222234122455	2.6777273535682307	0.3116669033736708
0.0750000000698492	2.6943658678918654	0.3615723141536435
0.07777777779847383	2.6943658678918654	0.12507492696244213
0.08055555552709848	2.6943658678918654	0.13970781840910007
0.0833333334303461	2.7051003932619633	0.07494453539731948
0.08611111098434776	2.7051003932619633	0.03719796147141059
0.08888888888759539	2.7051003932619633	0.013466024160259236
0.09166666679084301	2.710467655947002	0.008757838682561005
0.21805555553874	2.5462294177846716	0.03152550629579929
0.3972222221782431	2.4861160757121796	0.0007322451234641297
0.6444444445660338	2.4152682082696098	0.048107273651981614
0.6597222222480923	2.4206354709546476	0.04419599807262238
0.6749999999301508	2.4206354709546476	0.09020348096335397
0.6916666668257676	2.4367372590097847	0.09250483455270252
0.7083333333721384	2.4313699963247464	0.11605521481895763
0.7250000000931323	2.453375773333419	0.1406003727164563
0.7430555556784384	2.453375773333419	0.09161722285351125
0.7611111112637445	2.4480085106483696	0.13615931342296647
0.7791666666744277	2.442641247963331	0.07080855873496021
0.7972222220851108	2.4480085106483696	0.07057295747883581
0.8166666665347293	2.4480085106483696	0.0008033839673737429
0.8361111109843478	2.442641247963331	0.04649234211050019
0.8555555554339662	2.453375773333419	0.06869452096860694
0.876388888747897	2.453375773333419	0.11759075606413748
0.8972222222364508	2.4480085106483696	0.046447200862559164
0.9180555555503815	2.453375773333419	0.09447963394933324
0.9402777777286246	2.464110298703497	0.0684842610038583
0.9625000000814907	2.464110298703497	0.0941398353252988
0.9847222220851108	2.4700142876570426	0.04648516555116066
1.008333333476912	2.4587430360184572	0.16378421977028493
1.031944444344845	2.4700142876570426	0.16383863361794854
1.056944444426335	2.4587430360184572	0.11856336115971827
1.081944444333203	2.4753815503421017	0.09478460426328081
1.106944444589317	2.464110298703497	0.04604851393335435
1.133333333185874	2.4861160757121796	0.07125608998692154
1.159722222131677	2.4914833383972286	0.06969021530764716
1.187499999941792	2.4914833383972286	0.1898277960453924
1.215277777926531	2.4861160757121796	0.14039933625181295
1.244444444426335	2.4807488130271405	0.1893046953934681
1.273611111100763	2.4753815503421017	0.09392621400468336
1.304166666639503	2.4861160757121796	0.04924378865346536
1.334722222178243	2.5027545900358126	0.1409983957365339
1.366666666581295	2.5081218527208624	0.09361819489590868
1.398611110984348	2.5081218527208624	0.18742964123908826
1.431944444426335	2.5081218527208624	0.18654054982619447
1.465277777868323	2.5027545900358126	0.11827391625368829
1.5	2.524223640775998	0.09221723191310191
1.534722222131677	2.5081218527208624	0.06981315137818751
1.570833333476912	2.524223640775998	0.14200870338161173
1.608333333337214	2.51885637809095	0.16581024852830806
1.645833333372138	2.513489115405901	0.09330603552220976
1.684722222271375	2.524223640775998	0.07312700265234638
1.723611111170612	2.524223640775998	0.18927360994092982
1.763888888934162	2.540862155099623	0.1679499611601053
1.8055555553874	2.5462294177846716	0.16824230717869146
1.847222222364508	2.524223640775998	0.21521364674977636
1.890277777682059	2.540862155099623	0.19186906473531645
1.934722222038545	2.5515966804697103	0.23848638850925022
1.980555555433966	2.562867932108295	0.19152091382840764
2.026388888829388	2.5575006694232565	0.11934883922886284
2.073611111263745	2.562867932108295	0.26439311200968957
2.122222222038545	2.568235194793355	0.1659698863394611
2.172222222376149	2.5789697201634323	0.11882141750972733
2.22361111122882	2.584873709116988	0.06943459891002846
2.275000000081491	2.573602457478394	0.1666290729845302
2.327777777798474	2.584873709116988	0.09584414774811108
2.381944444379769	2.5789697201634323	0.07269686273758014
2.4375	2.5789697201634323	0.11948286416869414
2.494444444484543	2.5789697201634323	0.04658411977537535
2.552777777833398	2.595608234487066	0.07301194097263937
2.612500000046566	2.584873709116988	0.04704601974566487
2.673611110949423	2.584873709116988	0.12013045081050411
2.736111111240462	2.606342759857164	0.14527080518806304
2.800000000046566	2.595608234487066	0.14606884022912126
2.865277777891606	2.5902409718020274	0.07385269190699073
2.931944444426335	2.595608234487066	0.04689403696990629
3.0	2.606342759857164	0.04667890783610101
3.069444444437977	2.6122467488107106	0.04960206431131586
3.140277777740266	2.6122467488107106	0.07345711753335255
3.213888888945803	2.6122467488107106	0.09693892976044692
3.288888888841029	2.595608234487066	0.12089307467537902
3.365277777775191	2.595608234487066	0.07351540046923644
3.443055555573665	2.6176140114957493	0.12064152245872387
3.523611111100763	2.6122467488107106	0.023704298227856677
3.605555555666797	2.6122467488107106	0.07113517999359842
3.688888888747897	2.6229812741807983	0.16810900342691062
3.775000000081491	2.6229812741807983	0.1443116537850396
3.952777777682059	2.6176140114957493	0.09494933918975032
4.044444444472902	2.628348536865837	0.12089032647209244
4.138888888992369	2.6337157995508753	0.07337343827125078
4.234722222376149	2.628348536865837	0.04742447018288686
4.333333333488554	2.6176140114957493	0.04859235946697499
4.433333333465271	2.6337157995508753	0.07115525534975642
4.536111111170612	2.639619788504422	0.09742727843534338
4.641666666779202	2.639619788504422	0.07376541792923906
4.749999999941792	2.6337157995508753	0.07384668525847071
4.859722222143319	2.6503543138745203	0.0972766935162433
4.972222222248092	2.6337157995508753	0.07391387761741319
5.087500000081491	2.6503543138745203	0.09522897115880939
5.205555555643514	2.6503543138745203	0.047550562524460195
5.326388888934162	2.644987051189471	0.02607563962342912
5.450000000128057	2.639619788504422	0.024200811676162587
5.576388888875954	2.6503543138745203	0.12160045389143734
5.705555555527099	2.6610888392446075	0.023610222990559638
5.837500000081491	2.6503543138745203	0.09813253846089554
5.972222222364508	2.639619788504422	3.122529901103358e-05
6.111111111240462	2.655721576559559	0.16976981165519808
6.25277777784504	2.6610888392446075	0.04775391577186928
6.397222222178243	2.655721576559559	3.825454348043347e-05
6.545833333279006	2.672360090883193	0.0979420867343205
6.697222222283017	2.644987051189471	0.09587156449395946
6.852777777879965	2.6777273535682307	0.04984554685568834
7.509722222050186	2.6610888392446075	0.071777890406382
7.861111111182254	2.6337157995508753	0.07527916923092014
8.043055555550382	2.655721576559559	0.05079302239590259
8.22916666668607	2.655721576559559	0.0003545661790592567
8.613888888736255	2.6610888392446075	0.04838499444961221
8.813888889038935	2.6777273535682307	0.17280131713252803
9.017222222057171	2.672360090883193	0.1470520889341869
9.225555555371102	2.672360090883193	0.0746709291510659
9.439444444491528	2.6610888392446075	0.12347360295308772
9.657499999855645	2.6777273535682307	0.1497416866233105
9.88111111120088	2.672360090883193	0.04865055379140981
10.11027777765412	2.688461878938319	0.04787777662354647
10.58249999990221	2.688461878938319	0.07448811634154608
10.82694444456138	2.6943658678918654	0.0991677819933924
11.07694444450317	2.688461878938319	0.14793754412920457
11.33249999990221	2.68309461625328	0.026794280621184358
11.59500000014668	2.666992828198154	0.19741593925439224
11.86305555549916	2.6777273535682307	0.12469994275666116
12.13666666665813	2.6997331305769254	0.07302323761674234
12.41722222231329	2.7051003932619633	0.1508638039752499
12.70472222229	2.6943658678918654	0.22447724438536643
12.99777777789859	2.715834918632051	0.3211471203707571
13.29777777765412	2.715834918632051	0.27283465938875257
13.60472222225508	2.710467655947002	0.2248167141509179
13.91861111100297	2.721738907585597	0.20025429148598003
14.24083333346061	2.7324734329556755	0.24889338076800044
14.57000000006519	2.737840695640734	0.20035920241515023
14.90611111116596	2.737840695640734	0.20045990201248995
15.25055555545259	2.749111947279319	0.27377758909890837
15.60333333344897	2.749111947279319	0.22267086745696768
15.9644444444566	2.749111947279319	0.20111654165864157
16.33388888899935	2.759846472649407	0.17644062364895635
16.71166666655336	2.759846472649407	0.25047184580221094
17.0977777778171	2.7705809980194838	0.14953350094859522
17.49222222226672	2.7705809980194838	0.17436985901323318
17.89638888876652	2.776484986973041	0.25089048115502294
18.31027777766576	2.776484986973041	0.20206811712292716
18.73388888896443	2.7925867750281776	0.2511806862477096
19.16722222231329	2.7818522496580793	0.22760998004990643
19.61027777788695	2.7872195123431287	0.2276096101301451
20.06305555568542	2.8038580266667634	0.2247775439050043
20.5269444443984	2.8038580266667634	0.2773023754031048
21.00055555568542	2.81459255203685	0.20316599821934975
21.48527777788695	2.819959814721889	0.2774021062445374
21.98111111100297	2.819959814721889	0.33046767108123676
22.48805555555737	2.825327077406928	0.30379418665592595
23.00750000006519	2.8365983290455334	0.2786065078616521
23.53805555566214	2.8365983290455334	0.2793337857633566
24.08111111121252	2.841965591730572	0.25445201025970865
24.63666666671634	2.858604106054206	0.3067109600759429
25.20611111121252	2.869338631424284	0.35693712661618776
25.78805555566214	2.863971368739245	0.3052823946845945
26.38388888875488	2.874705894109342	0.25481545979542025
26.99500000005355	2.874705894109342	0.33095830532689224
27.61861111095641	2.8859771457479284	0.3569723243879687
28.25611111120088	2.902078933803054	0.23060217797698643
28.90888888895279	2.902078933803054	0.33189414234774806
29.57555555569707	2.891344408432977	0.3364410272976817
30.25888888898771	2.9128134591731527	0.3354740173769833
30.95749999996042	2.9348192361818244	0.33264636339031706
31.67138888896443	2.9187174481266984	0.28426395271209703
32.40194444451481	2.9348192361818244	0.33720151549280797
33.14916666678619	2.94609048782041	0.41291852017209485
33.91444444446825	2.94609048782041	0.36379246342611327
34.69777777791023	2.956825013190498	0.28563176468829243
35.4991666667629	2.9621922758755366	0.4155209909181902
36.31861111120088	2.9734635275141423	0.4705830563464562
37.15611111104954	2.978830790199181	0.5233590689168411
38.01305555569707	2.989565315569268	0.6007956185562991
38.8908333334839	2.994932578254307	0.6566226006802552
39.7880555553711	3.006203829892913	0.7117269673821263
40.70611111109611	3.033576869586624	0.7609869124094814
41.64499999996042	3.0555826465953073	0.9221579539925306
42.60611111100297	3.0716844346504337	0.8973532772377492
43.5894444443984	3.0936902116591067	0.8714912139603865
44.59500000014668	3.1103287259827512	0.9510673267899915
45.6241666667629	3.1317977767229164	0.9534317174274533
46.6769444445963	3.170442068055233	0.39102456189949014
47.75333333329763	3.175809330740292	0.4745454462104475
48.85472222225508	3.175809330740292	0.34303380535088557
49.98250000015833	3.203182370434004	0.5567755232369842
51.13527777779382	3.2305554101277156	0.3956319635021099
52.31444444454974	3.1377017656764625	0.2743737165831052
53.52138888876652	3.170442068055233	0.5173040817225534
54.75611111096805	3.1650748053701947	0.5993570227767051
56.02000000001863	3.2251881474426765	0.48754804204173324
57.31305555556901	3.2139168958040916	0.4933501783543984
58.63472222228302	3.2251881474426765	1.0312143116675663
59.98750000004657	3.279934226830131	0.9203558322585681
61.37083333334886	3.296036014885256	1.0805900952109653
62.78611111122882	3.3014032775702953	0.9146287384873828
64.23472222237615	3.3287763172640266	1.0199999750514464
65.71666666679084	3.345414831587651	1.1137448787724396
67.23333333333721	3.356149356957749	0.9427534403705327
68.78472222236451	3.378155133966422	0.9681312230447391
70.37222222203854	3.3947936482900554	1.0651337312956963
71.99500000005355	3.432901213353866	1.1834451347638606
73.65611111110775	3.432901213353866	1.1423700831360277
75.35472222219687	3.465641515732636	1.2130161920555744
77.09361111104954	3.4930145554263583	1.3120966773195448
78.87138888880145	3.5096530697499917	1.3146883116621912
80.69083333335584	3.5477606348138013	1.4116601151581434
82.55194444436347	3.58103766346108	1.3439034329965092
84.45611111121252	3.597139451516206	1.492145072742613
86.40472222206881	3.6298797538949663	1.3998373033740683
88.39777777780546	3.663156782542235	1.4035746664260986
90.4366666667629	3.6846258332824102	1.431382941611262
92.52277777780546	3.7232701246147273	1.4122760906353065
94.65750000014668	3.7447391753548915	1.36888785799952
96.84083333326271	3.7780162040021708	1.397080639202688
99.07416666671634	3.788750729372258	1.3555821299400541
101.358888888848	3.8161237690659804	1.310635335735078
103.6963888890459	3.8381295460746534	1.2935089033210567
106.0880555556505	3.870869848453424	1.2481242125176555
108.5352777777007	3.892875625462106	1.178879198822877
111.0394444445847	3.9148814024707796	1.1587764598246786
113.6005555556039	3.9363504532109657	1.1885543297923475
116.221388889011	3.9583562302196373	1.0919967519342044
118.9019444444566	3.974994744543262	1.1230446365406617
121.6450000000186	4.002367784236993	1.0507781067836488
124.4505555556971	4.007735046922033	0.9807589692112993
127.3213888890459	4.035108086615764	0.9838306499671673
130.2575000000652	4.051746600939388	0.9664817520071634
133.2616666666581	4.057113863624437	0.895411179596996
136.3352777778637	4.084486903318159	0.9227367566219797
139.4797222221969	4.100588691373285	0.8494547001284818
142.6961111112032	4.105955954058325	0.8824945349925136
145.9877777775982	4.127961731067017	0.8594874576678393
149.354444444587	4.144600245390642	0.8373509833173045
152.798888889025	4.149967508075701	0.8683894575713506
156.3225000001257	4.171973285084373	0.7646396084580778
159.9280555554433	4.182707810454451	0.7731558581137665
163.6169444445404	4.193979062093046	0.8026444974526971
167.3905555554084	4.21544811283322	0.7414783578257514
171.2516666668234	4.226719364471816	0.7106976342142275
175.2016666666023	4.237453889841894	0.7228756737403934
179.2419444443076	4.242821152526953	0.7954876291888014
183.3752777778427	4.259459666850577	0.6661752001000112
187.604444444587	4.270194192220664	0.7151849585704727