0.0005555555108003318	0.006639099166541942	0.01065305182425566
0.003333333064801991	0.02572650927036776	0.07584509431782759
0.006111111142672598	0.08506345807135703	0.17770550970729407
0.00888888887129724	0.17012691614271408	0.2953285082284563
0.01166666659992188	0.26390419187015646	0.41182968942932
0.01444444432854652	0.36307573567042106	0.509916119747741
0.01722222205717117	0.4593426735853187	0.5740600009985125
0.01999999996041879	0.5485555686357705	0.6308827931208753
0.02277777751442045	0.634448914102943	0.7196354105098989
0.02555555559229106	0.723246865455475	0.8017985684630613
0.0283333333209157	0.8087252672247519	0.8782599395056541
0.03111111104954034	0.8950335563898284	0.9440593344804716
0.03388888877816498	0.9813418455549131	1.0107164719603678
0.03666666650678963	1.0597662044597203	1.0744083203107377
0.03944444441003725	1.1406802255519828	1.1355125881647026
0.04222222196403891	1.219934471852614	1.183736262287712
0.04500000004190952	1.3000186055490686	1.2396069309196402
0.04777777777053416	1.3713889215894215	1.282116350553913
0.0505555554991588	1.447323618306774	1.3039521511987648
0.05333333322778344	1.5178640469513192	1.364470264532756
0.05611111095640808	1.5867447008042255	1.3814603154999316
0.05888888885965571	1.6535506361675805	1.4294945052263626
0.06166666641365737	1.7220163463225668	1.474312293548743
0.06444444431690499	1.7859176758005628	1.5128600449619638
0.06722222222015262	1.8514787800701975	1.5602935578208634
0.06999999994877726	1.9162099969440012	1.5971224239761324
0.0727777776774019	1.9776216642345419	1.634558489708332
0.07555555540602654	2.0402781626188102	1.6621122682210445
0.07833333330927417	2.102104773607262	1.6806999855747777
0.08111111086327583	2.1601968913145315	1.728358990372816
0.08388888876652345	2.2182890090217935	1.7546860535601232
0.08666666666977108	2.274306408239512	1.7767587415970678
0.08944444439839572	2.330323807457246	1.8096509592502652
0.09222222212702036	2.3884159251645074	1.8560527300687095
0.094999999855645	2.444018380684322	1.8964938008911127
0.09777777775889263	2.4987909488083124	1.9449615420062003
0.1005555553128943	2.551073854744857	1.9997043740052989
0.1033333332161419	2.607091253962583	2.0247210898392627
0.1061111111193895	2.661448878388669	2.077012414189391
0.1088888888480142	2.715806502814756	2.124275598244481
0.1116666665766388	2.7709940146366505	2.196292780777675
0.1144444443052635	2.822861976875282	2.2344756656395703
0.1172222222085111	2.875974770207649	2.280551469447701
0.1199999997625127	2.9315772257274557	2.3299141013767954
0.1227777776657604	2.9846900190598227	2.359642546673809
0.1283333332976326	3.0938202116099	2.4425696702242
0.1338888887548819	3.1992159108787948	2.508676600630364
0.1394444442121312	3.3004621731686106	2.519330694437396
0.1450000000186265	3.401293491760507	2.5494914517394864
0.1505555554758757	3.500879979258683	2.546712440264443
0.156111111107748	3.588018155819576	2.5409128915610126
0.1616666665649973	3.68096554415121	2.509784201706204
0.1672222221968696	3.765199114826751	2.4638487081086065
0.1727777776541188	3.844453361127375	2.4569117592148357
0.1783333331113681	3.9237076074280055	2.4161019988818424
0.1838888889178634	3.9938330923746315	2.3855588862652204
0.1894444443751127	4.063543633623353	2.3655369973815943
0.1950000000069849	4.130349568986715	2.3480205132184446
0.2005555554642342	4.19549572955844	2.2999452287633995
0.2061111110961065	4.260641890130157	2.2962005217939367
0.2116666665533558	4.3224685011186	2.2790755778201155
0.217222222010605	4.381390506221686	2.272984370798774
0.2227777778171003	4.434918243251962	2.247416393653129
0.2283333332743496	4.49093564246968	2.2201226754883434
0.2338888889062218	4.544463379499943	2.212490086738642
0.2394444443634711	4.594671566946943	2.212859608536611
0.2449999999953434	4.646539529185575	2.2160888403430756
0.2533333333558403	4.717494901528018	2.226623256298607
0.2616666663670912	4.788450273870467	2.25651944277152
0.2699999999022111	4.859820589910829	2.301927932700436
0.278333333262708	4.929531131159545	2.3518237074956123
0.286666666623205	4.997996841314546	2.410664391561832
0.2949999998090789	5.068122326261173	2.4609629410686495
0.3033333333441988	5.137002980114071	2.514017453327639
0.3116666667046957	5.207543408758616	2.573603187312053
0.3199999997159466	5.275594175215698	2.654891139618823
0.3283333332510665	5.342400110579053	2.704134284700274
0.3366666666115634	5.410035933338231	2.7658934305071448
0.3449999999720603	5.4780866997953135	2.800230282305003
0.3533333331579343	5.5482121847419466	2.8266086365899263
0.3616666666930541	5.6162629511990305	2.8514469802351825
0.3727777776075527	5.704645958853652	2.89000065308088
0.3838888888712972	5.790539304320828	2.8644718367654143
0.3949999999604188	5.872283212808916	2.834500463477033
0.4061111110495403	5.951952402807449	2.7937855336129624
0.4172222219640389	6.0274721558268975	2.7408531521935577
0.4283333332277834	6.095107978586069	2.6785100938017563
0.439444444316905	6.164818519834791	2.627228844378577
0.4505555554060265	6.230379624104428	2.5678635276813417
0.4616666666697711	6.2913763476970574	2.5061084392921127
0.4727777777588926	6.3482236343105996	2.4488442431122204
0.4838888888480142	6.405070920924141	2.430489809729899
0.4977777776657604	6.472291799985405	2.365815756261732
0.5116666666581295	6.536193129463399	2.315058766156049
0.5255555554758757	6.594700190868577	2.282813306016508
0.5394444444682449	6.656111858159107	2.243612299082246
0.5533333331113681	6.711299369981016	2.186273823761314
0.5672222221037373	6.765656994407108	2.145099257130567
0.5811111110961065	6.816280125552003	2.1024679391180388
0.5949999999138527	6.868148087790633	2.0665112847228277
0.6088888889062218	6.915866613050176	1.9931247761802426
0.6255555554525927	6.966074800497179	1.958742281870732
0.6422222221735865	7.016697931642085	1.902237706832935
0.6588888888945803	7.065246344297442	1.8429251663583264
0.6755555552663282	7.107155657786261	1.7613572586838906
0.692222222161945	7.152384520858337	1.709746208067703
0.7088888887083158	7.194293834347156	1.6384626327760525
0.7255555554293096	7.231638767158967	1.5696975676317475
0.7449999998789281	7.275207855439422	1.5045184404777605
0.7644444443285465	7.31006312606379	1.4377630186872692
0.783888888778165	7.342013790802787	1.3728965798095787
0.8033333332277834	7.37313456814596	1.3156236727437207
0.8227777776774019	7.401350739603776	1.2991310337878923
0.8422222221270204	7.432056573249039	1.2579633742002725
0.8616666665766388	7.4561233077277675	1.2668562364474103
0.8838888887548819	7.486829141373034	1.2761117385722451
0.906111111107748	7.518364862414125	1.285639166083849
0.9283333331113681	7.549900583455209	1.3143216083571847
0.9505555554642342	7.579361586006752	1.3257563244585464
0.9727777778171003	7.612972025537388	1.3786594136869756
0.997777777723968	7.647412352463844	1.4200504685570996
1.022777777805459	7.681022791994475	1.4458670059686998
1.047777777712327	7.716293006316743	1.4785635948208027
1.072777777793817	7.7499034458473695	1.511208167731053
1.097777777700685	7.78683343496128	1.5332041485777745
1.1255555555108	7.826668029960545	1.5680723618945884
1.153333333320916	7.863598019074456	1.601127026495191
1.181111110956408	7.902187782980004	1.6288699448889268
1.208888888766524	7.938702828395996	1.662389970785199
1.239444444305264	7.980612141884809	1.6670208542165073
1.270000000018627	8.021691567977806	1.661363584516285
1.300555555557367	8.061526162977069	1.679867583963349
1.331111111096107	8.101775701674251	1.6779907693218596
1.364444444363471	8.145344789954702	1.675446230319238
1.397777777805459	8.184764441256066	1.6831302580660346
1.431111111072823	8.220864542974157	1.6678332892039973
1.464444444165565	8.2598692505776	1.6611379080455722
1.5005555555108	8.298873958181053	1.639461688628655
1.53666666650679	8.33580394729496	1.6340135704275474
1.572777777677402	8.376468429690053	1.6371055400083496
1.611666666576639	8.413813362501863	1.6308628063496082
1.650555555475876	8.451988182709492	1.616259300550144
1.689444444375113	8.48725839703177	1.6094917617992224
1.731111111002974	8.528752766822667	1.5982109962426225
1.772777777805459	8.568172418124032	1.5525126523240538
1.814444444258697	8.602197801352567	1.528546715063679
1.858888888615184	8.639542734164385	1.5163263901689747
1.903333333320916	8.675642835882476	1.4813594304323687
1.947777777677402	8.708838331715196	1.4537438618084808
1.994999999762513	8.739959109058384	1.469342275121399
2.04222222219687	8.769835055307823	1.5469722851352927
2.089444444456603	8.803860438536375	1.5795384110398352
2.139444444444962	8.831661666296274	1.6127999005939084
2.189444444258697	8.864442218431092	1.6538157648746785
2.242222222150303	8.907181419315725	1.7041648284374002
2.29500000004191	8.958634437856448	1.759406912829207
2.350555555312894	9.003448357230633	1.744799568668034
2.406111111107748	9.046602501813162	1.7913612977886109
2.461666666553356	9.088511815301981	1.8023523874026575
2.519999999902211	9.130006185092894	1.7569203816946377
2.578333333251067	9.171500554883796	1.6710064565518288
2.639444444328547	9.203036275924878	1.6289402115764073
2.700555555406027	9.240381208736697	1.5952767450294987
2.764444444212131	9.276066366756881	1.5596754264683652
2.828333333367482	9.306772200402138	1.5104959401491223
2.894999999902211	9.338307921443226	1.4658819600975448
2.964444444165565	9.372748248369678	1.4708677943295496
3.033888888778165	9.407603518994039	1.4502240475664252
3.10611111111939	9.442458789618401	1.4511333028680802
3.178333333111368	9.471919792169944	1.4318284386760791
3.25333333335584	9.503870456908944	1.4302141387849043
3.331111111154314	9.536651009043757	1.42249947056065
3.408888888778165	9.569431561178577	1.417743748187354
3.489444444305264	9.605116719198751	1.390381096249151
3.570000000006985	9.631258172167023	1.3721219406916358
3.653333333262708	9.661964005812294	1.4729926055761453
3.739444444421679	9.693914670551282	1.695915547296641
3.828333333309274	9.727940053779836	1.8349601768285189
3.91722222219687	9.755741281539734	1.8615784332971101
4.00888888881309	9.781052847112191	1.8974630842656246
4.103333333157934	9.83541047153828	1.8882866292332452
4.200555555406027	9.917984267422177	1.9215753700956835
4.297777777654119	9.980640765806436	1.9729549670057513
4.397777777805459	10.02172019189944	2.0014655677994417
4.5005555555108	10.055745575127986	2.0002120853238625
4.60611111111939	10.084376690283701	1.8781044611466284
4.714444444456603	10.12421128528298	1.6299611336412334
4.825555555522442	10.169025204657157	1.4805286068448795
4.939444444316905	10.203465531583609	1.4157592628228124
5.056111111014616	10.228362153458145	1.3846970345672873
5.172777777712327	10.254503606426416	1.3733128974344675
5.292222221964039	10.280645059394686	1.3199838364125067
5.414444444468245	10.31010606194623	1.2513159252600659
5.53944444435183	10.336662458612407	1.2255646058985106
5.667222221964039	10.363218855278593	1.2454290109800132
5.800555555557367	10.38894536454895	1.2555212209636346
5.936666666704696	10.416331648610951	1.2753275211187747
6.075555555406027	10.445377707464578	1.2675156738217517
6.217222222010605	10.473593878922404	1.2753880059659661
6.361666666693054	10.502224994078123	1.2780755386480496
6.508888888754882	10.530441165535949	1.306434900212684
6.661666666623205	10.56114699918121	1.2992876073784283
6.817222222220153	10.588948226941117	1.2907881402619266
6.975555555545725	10.61716439839893	1.3056271530488106
7.136666666599922	10.644135738763023	1.305771483968155
7.303333333111368	10.675671459804109	1.2888945904629125
7.472777777700685	10.70098302537656	1.2811684427672438
7.647777777747251	10.727954365740652	1.273607217282677
7.825555555522442	10.759075143083825	1.2817681932528158
8.006111111026257	10.787291314541651	1.2981698680053788
8.192222222161945	10.81177299271828	1.279350795908804
8.383888888754882	10.840404107874	1.2992274146909226
8.578333333251067	10.86613061714437	1.3046809783407156
8.7783333332045	10.896006563393822	1.2991446077450157
8.981111111061182	10.926297453341176	1.2727953159171348
9.189444444375113	10.953268793705261	1.3013393655461611
9.403333333320916	10.98272979625681	1.2843243400141937
9.622777777723968	11.010531024016716	1.3106172394822801
9.844999999855645	11.039992026568248	1.2913531529138098
10.07277777779382	11.062398986255346	1.2927407839262393
10.30611111101462	11.092689876202702	1.2961429762186552
10.54500000004191	11.117171554379334	1.2890224692232433
10.78944444435183	11.148292331722525	1.2962971588189136
11.03944444446825	11.173603897294967	1.2854833910416332
11.29500000004191	11.203894787242334	1.3157539901354909
11.55611111107282	11.23128107130433	1.324458837508431
11.82277777756099	11.258667355366333	1.3043107303617478
12.09777777775889	11.28771341421996	1.3130188163468568
12.3783333330648	11.31468475458405	1.3222514120125881
12.66444444435183	11.343315869739776	1.311464424107919
12.95888888882473	11.375266534478772	1.316659421197525
13.25888888875488	11.395183831978406	1.3298247907886247
13.56722222222015	11.427964384113213	1.3077713588677524
13.88111111114267	11.454935724477306	1.3267757876953672
14.20333333325107	11.482736952237213	1.319722713005043
14.53111111081671	11.510953123695035	1.3056380125715954
14.86722222226672	11.540829069944488	1.3359190955408946
15.21166666655336	11.564895804423212	1.3163166572896916
15.56444444437511	11.59560163806847	1.32345667328342
15.92555555555737	11.622572978432558	1.335425964573598
16.29499999992549	11.651204093588294	1.3500000409507533
16.67277777765412	11.677345546556559	1.3218231480674838
17.05888888891786	11.705561718014375	1.3545549978342428
17.45333333336748	11.733777889472192	1.354541839659814
17.85611111100297	11.763653835721648	1.343995959977589
18.26999999990221	11.794774613064828	1.3492652045056306
18.69222222216195	11.818426403845633	1.366523986030254
19.1255555555108	11.849132237490915	1.366248813035612
19.56722222222015	11.879423127438264	1.3450592618651576
20.02000000001863	11.903904805614912	1.3519121330303812
20.48388888890622	11.93336580816645	1.3494000851811778
20.95888888870832	11.962826810717988	1.3644125149509208
21.44222222222015	11.990628038477894	1.3678065360081644
21.93944444437511	12.014279829258719	1.3551647206390711
22.44777777779382	12.045400606601891	1.353937252411891
22.96722222212702	12.07569149654925	1.3737493970859664
23.49777777772397	12.102247893215425	1.3816605239870632
24.04222222196404	12.133368670558614	1.3905345389342962
24.5977777778171	12.160754954620616	1.4223492636727924
25.16722222196404	12.184821689099335	1.4204675201419
25.74777777772397	12.21801718493205	1.4132477493866495
26.34222222212702	12.248723018577325	1.4242692160887584
26.95055555552244	12.27818402112887	1.413430457374568
27.57277777756099	12.308059967378318	1.4206522074634296
28.20888888876652	12.338350857325683	1.4401053156845018
28.86166666669305	12.366981972481407	1.4369677407893908
29.52833333326271	12.395613087637123	1.4237859570904092
30.21166666655336	12.424244202792854	1.445214798499947
30.90888888866175	12.452875317948576	1.4479749386382683
31.62277777766576	12.480676545708487	1.4489065742831784
32.35333333321614	12.513042154145387	1.447800744508751
33.10055555531289	12.540843381905301	1.4546257385905017
33.86444444430526	12.574453821435933	1.4778193383440648
34.64777777774725	12.604744711383294	1.5007829584216315
35.44777777756099	12.635035601330657	1.5158347340695923
36.26722222217359	12.66325177278847	1.517019011354875
37.10611111106118	12.693127719037923	1.5198684065929633
37.9644444443984	12.726323214870652	1.5184781355570545
38.84222222201061	12.759518710703368	1.5111410674588046
39.73944444442168	12.790224544348643	1.5220634699525233
40.65611111110775	12.82259015278555	1.5413630225607762
41.59499999997206	12.850806324243365	1.5382340588922168
42.55611111101462	12.884001820076088	1.53903199578578
43.53944444441004	12.912632935231807	1.556171148968197
44.54499999980908	12.944998543668717	1.5628605572727519
45.57277777756099	12.976949208407717	1.5735846872980512
46.62555555556901	13.005995267261348	1.600674444450087
47.70333333330927	13.039190763094071	1.591326041489984
48.80611111095641	13.075705808510069	1.6166301975451243
49.93388888885966	13.107656473249069	1.613018988672905
51.08666666666977	13.142096800175507	1.6298560371373108
52.26722222211538	13.175707239706158	1.6549442918636446
53.4727777778171	13.206828017049327	1.6453766354954957
54.70611111115431	13.240438456579957	1.6420229560883242
55.96999999985565	13.27197417762105	1.6363211935260793
57.26166666636709	13.307244391943316	1.6347811824617975
58.58388888876652	13.341269775171863	1.6477673897980099
59.9366666667047	13.372390552515036	1.6602264088116536
61.32000000000699	13.408075710535222	1.6728206401029606
62.73666666657664	13.438781544180486	1.6980168473889152
64.18388888885966	13.47280692740903	1.6942748148175073
65.66444444441004	13.508907029127121	1.7109668659811326
67.18111111095641	13.542517468657753	1.7279120649889848
68.73111111111939	13.578617570375842	1.725995444703314
70.31722222210374	13.615132615791843	1.7613432741245212
71.9394444442587	13.649572942718288	1.7634989264805918
73.6005555553129	13.686917875530103	1.7677231434321534
75.29777777771233	13.72135820245656	1.7887329053625087
77.036666666565	13.756628416778824	1.7827698019850067
78.8144444443169	13.794388293288543	1.7912644862151026
80.6338888888713	13.828828620214999	1.8037155873211197
82.49499999987893	13.8657586093289	1.8060103445701063
84.39777777751442	13.903518485838632	1.8122358263713805
86.34499999985565	13.938373756462985	1.833086277879834
88.33666666655336	13.97654857667062	1.8394267547377048
90.3755555555108	14.013478565784526	1.8500764385715225
92.46166666655336	14.051238442294249	1.8833507443605688
94.59499999985565	14.086923600314433	1.8710840859440745
96.77833333332092	14.12634325161579	1.9020654121994955
99.01166666659992	14.165347959219245	1.9145713547171996
101.2950000000419	14.201863004635229	1.9375914170138184
103.6311111110263	14.245432092915692	1.932441137165046
106.0227777778055	14.280702307237952	1.9983609721643003
108.4699999998557	14.321781733330951	2.005527064201262
110.9727777777007	14.362446215726031	1.9984958229750696