0.01000000000021828	1.5682859918142638	1.130111324757911
0.02000000000043656	2.6200473269506332	1.9046358728002397
0.03000000000065484	3.4841595311412923	2.415835487408654
0.04000000000087312	4.237252968970914	2.852034870221232
0.05000000000109139	4.914202973685531	3.2367068929852194
0.06000000000130967	5.534559423681678	3.583812393591311
0.07000000000152795	6.110624448256642	3.9021287788000776
0.08000000000174623	6.650770072041696	4.19786614769197
0.09000000000196451	7.161071022714268	4.474990628070885
0.1009816608893743	7.692291366172026	4.761813889882655
0.1133032870638999	8.257505270538461	5.064910028363478
0.1271283790183588	8.858513386978679	5.385282297321806
0.1426403873238087	9.497492526646978	5.723928298110342
0.1600451469057589	10.176472950780063	6.0819810593712385
0.1795736083495285	10.897892243260973	6.460589871680447
0.2014849024735668	11.664045163178542	6.860799511536255
0.2260697788387915	12.477609699658204	7.283795339702536
0.2536544638169289	13.341153359656031	7.730284588087148
0.2846049894187672	14.257516752414478	8.201241583030129
0.3193320503141877	15.229491465629266	8.696825487999696
0.3582964535025894	16.259954448815655	9.217541411700147
0.4020152329412667	17.351813230900994	9.762906022805936
0.4510685102704883	18.50783305455122	10.33273359910659
0.506107192678428	19.730878194150993	10.926085610273827
0.5678616100403815	21.023497231062056	11.542257991728315
0.6371512059549786	22.388391667465704	12.179953325806565
0.7148954112626598	23.82781060288904	12.837751683572627
0.802125844332295	25.344127726665292	13.514878357578903
0.9000000000132786	26.939412757481172	14.210471926668221
1.009816608886467	28.615839875465454	14.923800343485988
1.133032870630814	30.37530890752654	15.653745478602902
1.271283790178131	32.219735042557595	16.400540003686295
1.426403873234449	34.15106987415391	17.163949152819796
1.600451469056679	36.17117246303075	17.94501435071553
1.795736083496195	38.282231737793666	18.743895195187047
2.014849024738396	40.48614071738638	19.563530418312702
2.260697788388825	42.78576156066221	20.408090034649593
2.536544638172018	45.18394342178898	21.276416353846574
2.846049894189491	47.683277497248305	22.163615262020887
3.193320503144605	50.28548129737133	23.079927251434032
3.582964535029532	52.99549703910952	24.040093040594776
4.020152329412667	55.81842793131749	25.038000435277493
4.510685102705793	58.75780087928095	26.06159098166964
5.061071926780642	61.81593421567336	27.126545809658417
5.678616100397449	64.99995196890691	28.253145657976532
6.371512059542511	68.31682583218763	29.436846715412784
7.148954112613865	71.77261771154043	30.671480422481515
8.021258443311126	75.37286095446646	31.964032979647243
9.000000000120963	79.12520228412795	33.32341103298652
10.09816608885376	83.03719774161395	34.74801232756406
11.33032870629995	87.11609452704782	36.23868033156392
12.71283790177586	91.36960650966243	37.79057316765885
14.26403873234176	95.80382619019778	39.40135897497076
16.00451469056588	100.42588294728402	41.06171815039718
17.95736083496195	105.23967315998176	42.764399573461844
20.14849024738669	110.25059674243718	44.49713245161915
22.60697788389098	115.45966231835774	46.24901575054431
25.365446381722	120.86968600206816	48.00609891584231
28.46049894189946	126.47838814987976	49.75445838754429
31.93320503145242	132.285290335545	51.48136595457549
35.82964535029805	138.2850891669326	53.17162349165861
40.20152329412849	144.47370211423964	54.81894763445538
45.10685102706248	150.84426051215647	56.41816618568577
50.61071926781369	157.3913540030391	57.957661866533186
56.78616100398267	164.1053031916922	59.42150294301743
63.71512059543147	170.97688329885904	60.81159524038628
71.48954112614956	177.99667163632557	62.125869702465934
80.21258443311854	185.15477209630257	63.3717614533992
90.00000000121327	192.44323540789654	64.56379100921524
100.9816608885376	199.8552244659665	65.6883243414257
113.3032870630022	207.37941088507046	66.72019475682956
127.1283790177613	215.00293830815798	67.68523865871256
142.6403873234231	222.72001610669523	68.6182010306575
160.0451469056607	230.52529485407132	69.50768770800403
179.5736083496204	238.4099744105769	70.33106326910467
201.4849024738669	246.36313315008937	71.1211738414322
226.0697788389098	254.3828392168491	71.92744342197518
253.65446381722	262.46866815633047	72.72557059566024
284.604989418991	270.6125439772005	73.47814137817255
319.3320503145224	278.8049348541702	74.21941397269698
358.2964535029769	287.04456393587054	74.99013820142886
402.0152329412849	295.3300006730753	75.79081530326916
447.0152329412849	303.0045083221749	76.56350429729636
492.0152329412849	309.97267909853235	77.30193575766984
537.0152329412849	316.3554346104654	77.99815558081475
582.0152329412849	322.2451184906198	78.67420634584323
627.0152329412849	327.7135936348025	79.33561652549955
672.0152329412849	332.8185323281106	79.98534703040238
717.0152329412849	337.606390442243	80.62778662777926
762.0152329412849	342.1151468334184	81.26484197911384
807.0152329412849	346.3765783662466	81.9099703355879
852.0152329412849	350.4173289812771	82.54099965720725
897.0152329412849	354.25994482099907	83.1712279527594
942.0152329412849	357.9236374639381	83.78377484030415