0.03733333314630727	0.2879107191195448	0.5921022495691417
0.06649999999535794	0.5033105904608264	0.15411945921031442
0.09983333343734557	0.5033105904608264	0.2815444873251659
0.1664999997974519	0.5033105904608264	0.1391069423823688
0.1998333332394395	0.6419342700369008	0.3494534185632143
0.2664999999487918	0.6419342700369008	0.08538188746154346
0.2998333333907794	0.6419342700369008	0.1151309494404804
0.4665000000768487	0.7826906216064523	1.0880844893704193
0.6331666665882949	1.277470524093365	1.3848080422096756
0.7998333334489871	1.5589832272324682	0.9501841840072399
0.9664999999604333	1.6997395788020195	0.9349194746664538
1.466499999844018	2.264897657073707	2.148053173030741
1.966500000076849	3.0582516386475453	3.1506924825244584
2.466499999960433	3.8494729482279118	2.428948446123993
2.966499999844018	4.137383667347451	2.2304418648180904
3.466500000076849	4.57244875401698	3.356855258764914
3.966499999960433	5.508691759153851	3.8598661582779337
4.466499999844018	5.653713454710355	3.2819555792588657
4.966500000076849	6.225269548962472	2.946259290379598
5.466499999960433	6.157024045171175	3.6630823134397454
5.966777777861353	6.7285801394233	3.5530428823917477
6.966499999960433	7.383310441421065	4.413938437524576
7.966500000076849	8.052969447373181	4.993503062880922
8.966499999844018	8.56907606979487	5.379151036316028
9.966499999960433	9.238735075746984	5.970854191699758
10.96650000007685	9.756974370162155	6.575503920715853
11.96649999984402	10.426633376114266	5.361376411800095
12.96649999996043	10.94700534252291	7.350894515856206
13.96677777774494	11.102690398046805	6.436245097751888
14.96649999984402	11.629460380435901	7.078164132259336
15.96649999996043	12.529447961683632	7.873676960078223
16.96650000007685	12.84934876070534	10.009875526479803
17.96649999984402	13.167116887733576	9.347426621665964
18.96649999996043	13.913552085450902	8.532484446601915
19.96650000007685	14.606670483331271	9.667651142179968
20.96649999984402	14.719702098985604	10.476235456794651
21.96677777780315	15.259268113335562	10.792840170283641
22.96650000007685	15.634618384187693	10.39096449395074
23.96677777786135	16.123000270694178	10.481572682013297
24.96649999996043	16.61138215720066	12.218773895740325
25.96650000007685	17.099764043707125	12.689700865477345
26.96649999984402	17.472981642565795	13.030932427750445
27.96649999996043	18.006149640935305	13.193013314090418
28.96650000007685	18.537184967311344	14.396484055149637
29.96649999984402	19.076750981661302	14.264468288417278
30.96649999996043	19.61631699601124	15.420751891840853
31.96650000007685	19.942615811013386	16.089576373683894
32.96649999984402	20.31796608186552	16.466044840193693
33.96649999996043	21.01961516771981	17.12490769968792
34.96650000007685	21.345913982721946	17.296610699556265
35.96649999984402	22.04756306857624	17.988985444904763
38.96649999984402	23.43379986433699	19.60831981968821
41.96677777786135	24.999181107549873	19.640966759026924
44.96677777786135	26.547500974814948	20.936794907538264
47.96649999984402	27.669286443384426	24.3181408926843
50.96649999984402	28.848654055777807	25.956685864234604
53.96649999984402	30.405504611016763	27.409523379511626
56.96649999984402	32.316378717173116	30.07558943426086
59.96649999984402	33.80285109662734	32.536487665573084
62.96649999984402	35.340507603925005	34.54295221792758
65.96649999984402	37.09143131057051	36.14865238752452
68.96677777786135	38.53738292214865	36.45107340677917
71.96649999984402	39.970538501765915	39.229491108449245
74.96649999984402	41.66388006458747	41.856498789460964
77.96649999984402	43.344425595448186	42.749295044763656
80.96649999984402	44.722131703235014	43.80791310406515
83.96649999984402	46.522106865730514	46.3710470456107
86.96649999984402	48.375398828062956	48.72219049032217
89.96677777786135	50.06874039088454	50.95333387220912
92.96677777786135	51.54881475435833	52.4893755285945
95.96649999984402	52.798560542536464	55.75322809627203
98.96649999984402	54.491902105358065	55.82584307111779
101.966499999844	56.39424552354051	53.20449331306073
104.966499999844	58.23260878191858	54.981859852204536
107.966499999844	59.91528698477277	57.7007098430844
110.966499999844	61.44441280409656	58.26831937618895
113.966499999844	63.344623550285526	61.05941158950013
116.9667777778614	64.59650201045709	60.901217823198174
119.966499999844	65.06568984902233	59.09839482530383
122.966499999844	66.80595019570042	59.26100208174283
125.966499999844	68.68696689394802	62.05352235698992
128.966499999844	70.26727684111529	62.60600491534271
146.6831666666349	77.58020910675158	64.38554194370525
149.683444444303	79.51027726084922	64.07500884347611
152.6831666666349	80.87518733667521	62.31640543406909
155.6831666666349	82.18038259668383	62.42301634515739
158.6831666666349	83.16780972966414	61.81493811412194
161.6831666666349	84.37490207797273	59.24287408930768
164.683444444303	85.67369932200079	58.71776093156244
167.683444444303	86.0362535608921	60.54447932310547
173.6831666666349	88.22224235420713	62.90757962029979
176.6831666666349	89.58501975803964	60.71335161614579
179.6831666666349	90.19922929216128	59.06553579451392
182.6831666666349	91.34873949664599	58.3963889214642
185.683444444303	92.174083558122	58.12043425718036
188.683444444303	92.95677417972843	57.82814942444882
191.6831666666349	93.36411453048272	56.25934902410434
194.6831666666349	94.35154166346307	55.41810858755049
197.6831666666349	95.38802025229344	57.43044296453132
203.6831666666349	97.41405864609763	55.11184930971642
209.683444444303	99.07114478503004	53.60744960819358
215.6831666666349	100.35501332510385	54.77964978261868
221.6831666666349	101.64954522514506	53.56082135089644
227.6831666666349	102.73720794181882	53.96457853716506
233.683444444303	104.17676153741645	53.3816421781429
239.6831666666349	105.07461644667079	51.32318127333458
245.6831666666349	106.35421964275766	50.357330221555934
251.6831666666349	107.49946450325533	50.212309547991524
257.683444444303	109.16081598617482	50.904932308691976
263.6831666666349	109.85180171206169	45.01741963247478
269.6831666666349	110.80723876513983	47.74109151009725
275.6831666666349	112.15935280900487	49.36577325956675
281.683444444303	113.08919779816138	48.77577871471257
287.6831666666349	113.80577558796996	48.88558343898856
293.6831666666349	114.7612126410482	49.863411497467915
299.6831666666349	115.90219215755894	50.502094905322956
305.6831666666349	117.04317167406968	44.32222822736942
311.683444444303	116.10266332494584	47.62865331061053
317.6831666666349	117.65951388018485	47.58616414103654
323.6831666666349	119.06067937989992	42.19187741127825
329.683444444303	119.99905505703029	41.96521853672522
335.6831666666349	120.30189448010412	42.62703744044038
341.6831666666349	121.27865825311711	42.45140327022923
347.6831666666349	122.47935258544526	39.884244314739696
353.6831666666349	123.48810643836045	38.345368761454075
359.6831666666349	122.97199981593863	35.37770260919215
365.6831666666349	123.72696570162994	34.41156598418798
371.6831666666349	125.08974310546243	40.192993970499415
377.683444444303	125.66556454370146	38.913158383943
383.6831666666349	124.72505619457763	29.67583511895454
389.6831666666349	125.69328927961674	33.7636855428434
395.6831666666349	126.48024524521016	34.36609600653717
404.683444444303	127.17549631508399	29.909483506104504
413.6831666666349	127.26506853881013	27.354902893972586
422.6831666666349	127.77904248923825	23.270943064036494
431.6831666666349	128.08188191231218	26.952710332205275
440.6831666666349	129.05011499735124	22.92499343527504
449.683444444303	130.01834808239022	21.207493383960564
458.6831666666349	128.4103133993078	25.029965800405222
467.6831666666349	130.65175166445326	21.10832822208955
476.683444444303	130.34891224137934	22.257304283533966
485.6831666666349	130.64961899245972	21.765128757810146
494.6831666666349	131.19345035079664	26.183005166263435
503.6831666666349	130.95032574354016	23.67851973418407
512.6831666666349	131.9185588285792	25.792567307946968
521.683444444303	132.0998359480248	23.051415826088526
530.6831666666349	131.79486385295755	22.5261014553818
539.6831666666349	132.40054269910522	21.19851542910523
548.683444444303	132.73110685809442	26.279340121865523
557.6831666666349	132.88252656963132	21.081942376982376
566.6831666666349	133.63749245532256	23.046703420890747
575.6831666666349	133.57564496751175	23.873544647323882
584.6831666666349	134.3007534452942	22.51129113184113
593.6831666666349	135.66353084912672	22.461985786805283
605.6831666666349	135.35855875405935	24.266720645658467
617.683444444303	136.26494435128743	22.928871679788102
629.6831666666349	136.38437398292228	23.159949360160113
641.683444444303	136.50380361455709	21.54245967059152
653.6831666666349	136.5933758382831	22.79525431444248
665.683444444303	137.13507452462662	22.903803235414543
677.6831666666349	137.43791394770037	21.121375642558114
689.683444444303	137.94975522613512	21.088649950551783
701.6831666666349	137.8580503304156	20.767276577959798
713.683444444303	138.3698916088504	16.88929440710935
725.6831666666349	138.67059835993084	17.48977422086263
737.6831666666349	139.2144297182677	12.183273552939307
749.6831666666349	139.3338593499024	11.60051181773207
761.683444444303	139.666556180885	4.714107405708788
773.6831666666349	138.96917243901768	55.51143573743328
785.683444444303	139.72413832470886	17.440251152113603