0.1743654636775318	2.248871133823659	2.3554565110985166
0.2076984636773887	2.2078254551083614	0.21859879276207309
0.2410314636772455	2.7867855548823584	0.9677977300989733
0.2743654636774409	4.020316215221754	4.514309107650795
0.3076984636772977	2.6938927030529367	4.153544511652726
0.3410314636776093	2.8645563145534783	6.587525540927697
0.3743654636773499	5.55196812096714	6.279187162942638
0.4076984636772068	4.303315368469501	6.448140015425464
0.4410314636775183	5.150152529332957	10.081866999979566
0.474365463677259	7.033933152478218	11.501494506854042
0.6410314636773364	10.183648919159197	11.658695642920804
0.8076984636772977	13.467303216384902	13.32342925317711
0.974365463677259	15.757220028923877	17.77031229306485
1.141031463677336	18.343097787989123	20.067409835498346
1.641031463677336	27.898099733139972	34.55298829780767
2.14075446367724	39.34120289919557	44.50508848198874
2.641031463677336	49.43627956428485	53.02508157041189
3.141031463677336	58.958877026239385	59.032183217893056
3.641031463677336	68.08830009207874	65.14699982735932
4.141309463677317	77.12267000720894	71.31170109649659
4.641309463677317	85.02504330934818	77.75267727045237
5.141309463677317	93.05919484315237	83.08128941705647
5.641309463677317	101.12575086015286	88.34325847356939
6.141031463677336	108.82937666535479	96.77391125388084
7.141309463677317	123.50860755328148	110.13595502212823
8.141309463677317	137.89187749468195	123.1111702348188
9.141309463677317	153.5129986941814	134.27992094138682
10.14130946367732	168.25055765186133	144.6639546583812
11.14103146367734	182.2147296105896	153.92707752434765
12.14103146367734	195.87645972615243	155.69952032812262
13.14103146367734	208.88145898226992	157.9677912263791
14.14103146367734	221.03962107752417	157.93931631056344
15.14103146367734	232.47840364582012	158.50996272132025
16.14103146367734	242.66205256497935	153.49464817153867
17.14103146367734	251.85844489609119	149.4577722039275
18.14103146367734	260.47155652966944	144.8799973949994
19.14103146367734	268.4689829825176	136.3293061197904
20.14103146367734	275.4445880652426	130.57877424472596
21.14103146367734	282.2992164107013	124.47676921173206
22.14103146367734	287.609231057136	118.00439692413417
23.14103146367734	292.7507423909498	111.40027403346443
24.14103146367734	297.4817969376105	105.04359007396138
25.14103146367734	301.5971663035415	98.26955752746204
26.14103146367734	304.2651354200374	93.78245310270914
27.14103146367734	307.55743091278197	88.57732661484872
28.14103146367734	310.6466583108299	82.99775788921606
29.14103146367734	313.52849701642134	76.05745444052022
30.14103146367734	315.69095619505515	78.9115767080035