0.002777777728624642	0.03946161544280089	0.031838577125778825
0.008333333185873926	0.038188660105922735	0.02194241781869223
0.01666666672099382	0.04709934746397607	0.04669407341965251
0.01944444444961846	0.05219116881141843	0.0613179228638356
0.0222222221782431	0.06364776684320458	0.011498764310271466
0.02500000008149073	0.05728299015888411	0.07654381142426145
0.02777777763549238	0.0776502755487236	0.1378904759340369
0.03055555553874001	0.07510436487496738	0.08611296477553901
0.03333333309274167	0.08528800756989878	0.010244678386377147
0.03611111117061228	0.08910687358048645	0.06265133298682428
0.03888888889923692	0.082742096896166	0.03321465021520459
0.04166666662786156	0.0954716502648069	0.042470276754144796
0.04444444453110918	0.09292573959109743	0.07022817269973765
0.04722222208511084	0.10056347161227258	0.1343461266282773
0.04999999998835847	0.10056347161227258	0.14548568427099087
0.05277777754236013	0.12474962301267634	0.09634242306552486
0.05555555562023073	0.12347666767582159	0.143646411228527
0.05833333334885538	0.12347666767582159	0.041767431692280386
0.06111111107748002	0.12984144436014206	0.11732714848392124
0.06388888898072764	0.12984144436014206	0.06557193982495677
0.0666666665347293	0.1387521317181954	0.18007306430567221
0.06944444443797693	0.1540275957605691	0.12471640201039991
0.07222222199197859	0.14002508705505007	0.13788369279982932
0.0750000000698492	0.16675714912918674	0.048514626371131284
0.07777777779847383	0.16166532778174433	0.09126212928260566
0.08055555552709848	0.16039237244488955	0.16438923550938
0.0833333334303461	0.1540275957605691	0.07858675211364737
0.08611111098434776	0.17312192581353045	0.15704513810650084
0.08888888888759539	0.17694079182411807	0.12263327766073007
0.09166666644159704	0.17821374716097285	0.1534313450324534
0.09444444451946765	0.1934892112033466	0.221263498900701
0.0972222222480923	0.1985810325508123	0.13009430407828965
0.09999999997671694	0.19221625586646843	0.20174521878642024
0.1027777778799646	0.1973080772139342	0.2622159082852771
0.1055555554339662	0.20876467524572045	0.1944369958566963
0.1083333333372138	0.20494580923510944	0.12596190967706625
0.1111111108912155	0.22022127327748317	0.2457807212337128
0.1138888889690861	0.2329508266461475	0.25680858564007253
0.1166666666977108	0.2265860499618036	0.21624178399790703
0.1194444444263354	0.24058855866732273	0.18266374302009444
0.12222222215496	0.22913196063553645	0.2339838037551576
0.1277777777868323	0.2507722013622308	0.2058350974260855
0.1333333334187046	0.25331811203596366	0.2062653302879728
0.1388888888759539	0.2635017547308717	0.2636547929932061
0.1444444443332031	0.282596084783833	0.24594664719007173
0.1499999997904524	0.28896086146815353	0.27083058518270864
0.1555555555969477	0.29277972747874115	0.27421500950843086
0.161111111054197	0.30805519152111493	0.20790992389386082
0.1666666666860692	0.31441996820543533	0.28973557442766273
0.1722222223179415	0.32205770022661045	0.35322687338477454
0.1777777777751908	0.3373331642689843	0.27169337955825434
0.1833333332324401	0.33096838758466385	0.2903739033805263
0.1888888886896893	0.35770044965882375	0.38158429750570333
0.1944444444961846	0.37424886903802895	0.3962490472248272
0.1999999999534339	0.3627922710062661	0.35150475733189845
0.2055555555853061	0.375521824374907	0.37447540344961544
0.2111111110425554	0.4035268417859218	0.34928262657078674
0.2166666666744277	0.41371048448082975	0.30264643010764997
0.222222222131677	0.41243752914397497	0.4067875249019515
0.2277777775889263	0.41243752914397497	0.38221259834452753
0.2333333333954215	0.43407776987066926	0.38598340195134767
0.2388888888526708	0.43789663588125693	0.293267923793324
0.2444444444845431	0.4417155018918445	0.3136222335745927
0.25277777784504	0.4544450552604854	0.47381835653221654
0.2611111110309139	0.4697205193028592	0.3695676907022524
0.2694444443914108	0.4748123406503014	0.43483042892344576
0.2777777777519077	0.4926337153664081	0.4982035950302129
0.2861111109377816	0.5231846434511324	0.537872954175705
0.2944444444729015	0.5206387327774229	0.5590434176230532
0.3027777778333984	0.5397330628303844	0.5346305991199295
0.3111111111938953	0.5588273928833455	0.653992777315207
0.3194444443797693	0.5804676336100398	0.4718233438735057
0.3277777777402662	0.5931971869786807	0.6101562182412087
0.3361111111007631	0.5931971869786807	0.5750025488507824
0.344444444286637	0.6313858470846034	0.6320212717845427
0.3527777778217569	0.6250210704002598	0.6268096885765426
0.3611111111822538	0.6313858470846034	0.5862637798518406
0.3694444445427507	0.6568449538218853	0.6408478253958272
0.3805555556318723	0.6733933732010904	0.6847647759661624
0.3916666667209938	0.6988524799383957	0.6699960985428658
0.4027777776354924	0.7115820333070131	0.7100028963574616
0.4138888888992369	0.740860006054906	0.6748706936426446
0.4249999999883585	0.7523166040866922	0.6931210388415986
0.43611111107748	0.7663191127921878	0.6802312956588813
0.4472222219919786	0.7828675321714398	0.7100815566005486
0.4583333334303461	0.8032348175612325	0.6780091741783962
0.4694444445194677	0.823602102951072	0.7004607391367891
0.4805555554339662	0.8337857456459801	0.757471588681769
0.4916666666977108	0.8541530310358195	0.8018009614531577
0.505555555340834	0.8732473610887809	0.8511998795781688
0.5194444443332031	0.8974335124891846	0.8135778801585062
0.5333333333255723	0.9203467085527336	0.8501609657337572
0.5472222223179415	0.9458058152900389	0.9021215761639381
0.5611111111356877	0.9712649220273206	0.9516510834160229
0.5749999999534339	0.9878133414065258	0.9609013256386668
0.588888888945803	0.999269939438312	0.9621050094074415
0.6027777775889263	1.0260020015124485	1.0517205523534483
0.619444444484543	1.0629177062815165	1.1164677473927314
0.6361111110309139	1.0909227236925312	1.1084373089819852
0.6527777777519077	1.1100170537454925	1.163627828312816
0.6694444444729015	1.152024579862003	1.1887496920202818
0.6861111111938953	1.1902132399679257	1.180974020910534
0.7027777777402662	1.2042157486734213	1.2238661834876767
0.719444444286637	1.2385855427687564	1.24852907800317
0.7361111111822538	1.2602257834954742	1.2959094921508787
0.7555555556318723	1.292049666917053	1.2452726701401124
0.7750000000814907	1.3226005950018	1.2509487162192319
0.7944444445311092	1.3646081211183114	1.302575588651706
0.8138888889807276	1.3964320045399137	1.302896205310765
0.8333333334303461	1.4244370219509275	1.4348995684134647
0.8527777778799646	1.4511690840250644	1.453662111161745
0.8749999998835847	1.4919036548047204	1.4695500615479185
0.8972222222364508	1.5199086722157344	1.4685226856252354
0.9194444442400709	1.555551421647925	1.5157243815668153
0.94166666676756	1.6102885011330756	1.5203204855747032
0.963888888945803	1.6433853398915335	1.593354580196319
0.9888888888526708	1.6777551339868677	1.6295864995681082
1.013888888934162	1.719762660103379	1.696494640891779
1.038888888841029	1.763043141556767	1.6728007443211086
1.06388888892252	1.7923211143046358	1.7010236933871417
1.088888888829388	1.8368745510948792	1.7412077400041035
1.116666666639503	1.8852468538957334	1.7906914218601329
1.144444444449619	1.9285273353490986	1.8640617550255736
1.172222222085111	1.957805308096968	1.8140480569537702
1.200000000069849	2.0176342089295853	1.948412035174287
1.227777777879965	2.059641735046119	1.9603841990901127
1.258333333418705	2.1041951718363627	1.983705304006052
1.288888888782822	2.161478161995247	2.126399406156758
1.319444444496185	2.1907561347431157	2.2061726023647106
1.350000000034925	2.250585035575709	2.1561075729751242
1.383333333302289	2.3002302937134185	2.252489267976697
1.416666666744277	2.351148507187982	2.2965500437936397
1.449999999837019	2.4249799167260946	2.3168951213470654
1.486111111182254	2.474625174863803	2.4758058688202187
1.522222222178243	2.524270433001489	2.451672529636582
1.558333333348855	2.589191155181571	2.4908285587501324
1.594444444519468	2.6401093686561348	2.598851177991694
1.633333333418705	2.702484180162461	2.534808952754529
1.672222222317942	2.7686778576793993	2.6507157779133164
1.711111111042555	2.8221419818276963	2.7841471056576226
1.75277777784504	2.8806979273234585	2.779796027175733
1.794444444472902	2.955802292198426	2.8255021448789237
1.836111111100763	3.0130852823573098	2.8259121670728145
1.880555555631872	3.0881896472323	2.9223736793488793
1.924999999988359	3.167112878117879	3.006521081484741
1.969444444519468	3.2282147342873504	3.089884425174626
2.016666666604579	3.2918625011305327	3.1407998423297205
2.063888888689689	3.35169140196315	3.1865458247913105
2.113888888852671	3.440798275543658	3.2697391917430085
2.163888888841029	3.5146296850817706	3.275533571546427
2.213888888829388	3.5884610946198845	3.3629133009027314
2.266666666720994	3.6750220575266614	3.4894321475238845
2.319444444437977	3.742488690380453	3.7206192838133996
2.374999999883585	3.8354144299715025	3.6966232259711695
2.430555555503815	3.9143376608570817	3.809504527503417
2.488888888852671	3.998352713090126	3.8611748929330094
2.547222222201526	4.088732542007468	3.928586597011737
2.608333333279006	4.203298522325236	4.077083211448956
2.669444444531109	4.283494708547669	4.179394233159982
2.733333333337214	4.384058180159942	4.339982787730617
2.797222222317942	4.46934618772984	4.406172600490381
2.863888888852671	4.5711826146789445	4.480105638861827
2.9305555553874	4.671746086291216	4.460795175783751
3.0	4.786312066608985	4.617364627330698
3.069444444437977	4.899605091589898	4.641215759956656
3.141666666604579	4.996349697191559	4.8659705639762825
3.216666666674428	5.104550900825007	4.925240228433019
3.291666666744277	5.211479149121601	4.973000411884688
3.369444444542751	5.327318084776247	5.042747458039937
3.447222221991979	5.42915451172535	5.095870789586279
3.527777777868323	5.564087777432934	5.338772115969058
3.611111111124046	5.6773808024138495	5.377007651129647
3.694444444379769	5.786854961384174	5.449195233401616
3.78055555553874	5.91415049507056	5.599822565685782
3.869444444426335	6.040173073420092	5.7541341716879115
3.961111111042555	6.191654758506928	5.809571769511111
4.052777777833398	6.303674828150988	5.935484850877978
4.147222222178243	6.425878540489953	6.116486098379915
4.244444444426335	6.57354135956618	6.2845605802101465
4.344444444403052	6.711020535947496	6.359227452022837
4.447222222283017	6.858683355023721	6.41037716758797
4.549999999988359	6.996162531405036	6.679961649576238
4.655555555596948	7.1450983058181645	6.8436640127672845
4.763888888934162	7.3080365889367425	7.03025911882752
4.875	7.448061675991814	7.065214017581075
4.988888888969086	7.607181093099825	7.278049796686148
5.105555555492174	7.779030063576478	7.419607517016642
5.225000000093132	7.936876525347612	7.641911960459838
5.347222222248092	8.124000959866615	7.651730883735625
5.472222222131677	8.266571957595422	7.872542192910025
5.600000000093132	8.45751525812501	8.018527383494188
5.730555555433966	8.625545362591076	8.16795677999786
5.863888888852671	8.821580484468154	8.346952950859778
6.0	8.984518767586778	8.3824500172236
6.138888888875954	9.169097291432072	8.747952552518239
6.280555555480532	9.356221725951073	8.79081337143698
6.42777777754236	9.558621624512472	9.10039265145188
6.577777777682059	9.753383791052652	9.179585760080732
6.730555555550382	9.944327091582288	9.416784272144326
6.886111111147329	10.16200245418604	9.610868302838481
7.047222222201526	10.360583486736823	9.804017468895546
7.211111110984348	10.592261358046118	10.029401405818144
7.37777777784504	10.80102603329182	10.20849424789764
7.549999999988359	11.013609574548129	10.424823583089369
7.725000000034925	11.23764971383622	10.564729672757734
7.90555555553874	11.465508719134858	10.87207259838651
8.088888888945803	11.711189099149642	10.988293538766452
8.277777777635492	11.941594015122055	11.240805529270988
8.469444444403052	12.174544841768181	11.534960320718772
8.666666666627862	12.420225221782925	11.819754802380169
8.866666666581295	12.677362199829526	12.072124218212057
9.072222221991979	12.929407356528575	12.288632296375356
9.28333333338378	13.18909024524886	12.46301444205548
9.499999999883585	13.460229732000915	12.781590513032274
9.719444444286637	13.739006950774142	13.00206771436335
9.944444444496185	14.013965303536796	13.308452145842484
10.17499999998836	14.300380254331191	13.57310260133031
10.41111111093778	14.561336098388356	13.856259647512662
10.65277777786832	14.85666173654082	14.158444019781307
10.90000000008149	15.143076687335226	14.352576387062498
11.15277777775191	15.460042566214392	14.663619458344144
11.4111111110542	15.761732981051164	14.843257603432889
11.67499999998836	16.072334083246016	15.312243771506752
11.94444444437977	16.396937694146374	15.574165254420958
12.22222222213168	16.7113576623518	16.015132067313704
12.50555555534083	17.04487196061019	16.24052293787749
12.79444444453111	17.36056488415248	16.642613594209603
13.09166666673264	17.711900557126974	16.887688289124597
13.39444444439141	18.05305258740654	17.16991123541862
13.70555555558531	18.42220963509713	17.60664139888704
14.02222222223645	18.77609121874537	17.953080490650386
14.34722222224809	19.151613043120257	18.353109275459353
14.68055555562023	19.505494626768467	18.707926869160996
15.01944444444962	19.878470540469646	19.04627255435583
15.3666666666395	20.270540784223787	19.37796162640692
15.72222222218989	20.663883983314797	19.859673264804876
16.08611111110076	21.043224673700294	20.24166801188287
16.45833333337214	21.444205604812485	20.59237987627673
16.83888888882939	21.871918597998828	21.102691347631087
17.22777777782176	22.274172484447877	21.570470439031368
17.62777777772863	22.7057043436448	21.871316386598497
18.03611111117061	23.155057577557848	22.25429189067997
18.45277777779847	23.58658943675476	22.83391834091374
18.88055555534083	24.030850849320313	23.292821882564578
19.31666666676756	24.489114770591417	23.683239363621006
19.76388888893416	24.957562334557398	24.144894578574053
20.22222222218989	25.40564261313356	24.588549653238598
20.68888888898073	25.871544266425822	25.062649318972916
21.16666666668607	26.367996847802793	25.52707250238871
21.65555555548053	26.85681169715861	26.00176651102172
22.15555555553874	27.355810189209315	26.568906873680056
22.66666666668607	27.845897993902028	26.997338664363564
23.19166666665115	28.35762603932139	27.68146310517158
23.72777777787997	28.89354023614116	28.10372649552178
24.27500000002328	29.41036010290799	28.72420048795585
24.83611111098435	29.939909523043422	29.233978898230347
25.41111111093778	30.505101692611106	29.830887528898625
25.99722222215496	31.04483475544147	30.51047588313084
26.59722222218989	31.620210567704007	31.091738529173863
27.21111111104256	32.15739771986072	31.615606210051343
27.8388888888876	32.76459741554484	32.333643820570636
28.48333333327901	33.34124618314428	32.97580152790972
29.14166666648816	33.945899968154755	33.49859903544494
29.81388888868969	34.55691852984949	34.3297835908201
30.50277777778683	35.16666413620739	35.010315232876195
31.20833333343035	35.78532042992337	35.83732156331936
31.93055555562023	36.43070878571346	36.35390625646402
32.66944444453111	37.067186454145514	37.35970555210642
33.42499999998836	37.71130185459876	38.072716125373375
34.19722222199198	38.3961518258316	38.91343153547116
34.98611111089122	39.07972884172763	39.84231155123398
35.79444444424007	39.756941080939335	40.647402002061774
36.62222222203855	40.43669923082476	41.533576771702805
37.46944444428664	41.18392401356393	42.3673581068765
38.33611111098435	41.89677900220785	43.44747475112701
39.22222222213168	42.6427308296102	44.22444769020591
40.12777777772863	43.40141221038123	45.0876865902227
41.05555555550382	44.140999261099246	46.05812854160529
42.00277777772863	44.91750201658634	47.125752849407284
42.97222222213168	45.677456352694186	47.862489332351
43.9638888888876	46.48451003626604	48.78009080606961
44.97777777782176	47.28774485382728	49.827231698681395
46.01666666648816	48.08461489470423	50.81069919937166
47.08055555558531	48.896760399623474	51.70678252326324
48.16666666668607	49.725454323922	52.87822351849314
49.27777777786832	50.56687780158921	53.77170394974979
50.41666666668607	51.41593901127756	54.91303845735805
51.58055555558531	52.26372726562901	55.8692750390809
52.77222222229466	53.14333940340208	56.815825789933015
53.9916666666395	54.03568109454382	57.79701157191861
55.23888888896909	54.91911209832754	58.90563764444559
56.51388888893416	55.84073176221712	59.7908310366476
57.81944444443798	56.73689231936946	60.90122371013737
59.15277777775191	57.664876759943304	61.995845235243785
60.5194444443332	58.595407111190966	63.171874045945366
61.91666666662786	59.519572685754355	64.3423284267124
63.34722222218989	60.4424653049808	65.31431582989597
64.80833333329065	61.398454762965706	66.49134186686528
66.3055555553874	62.327712158876494	67.48712971619672
67.83611111110076	63.30661481292501	68.61808396084373
69.40277777763549	64.28806337764722	69.73921978386745
71.00555555534083	65.28096854040119	70.87161500155824
72.64444444439141	66.25605232843907	72.15724492889213
74.32222222199198	67.28841910663583	73.3549273695416
76.03611111093778	68.28132426938988	74.57401844548333
77.79166666668607	69.30350740489173	75.69569543601479
79.58611111098435	70.32696349573044	76.95725715142834
81.42222222208511	71.3389629885374	78.14096472744207
83.29999999998836	72.38151340942916	79.42452150383845
85.22222222224809	73.42151791964706	80.72895524310088
87.18888888868969	74.47934380458113	82.09891769483191
89.19999999983702	75.53207786816773	83.19450546063243
91.2583333334187	76.57844715507004	84.59178876305494
93.36388888873626	77.6337271293304	85.79109643823547
95.51944444439141	78.68900710359067	87.10331181378919
97.72222222213168	79.7646543632409	88.45331663210692
99.97777777758893	80.86194186361773	89.69345076239492
102.2833333333838	81.93631616793101	91.09556526962662
104.6444444444496	83.05142504302394	92.31117678832346
107.0583333332324	84.15380436474825	93.54636140699793
109.5277777776355	85.24981890978825	94.85545325805442
112.0555555553874	86.36747369555488	96.13148473341099
114.6416666664882	87.46476119593171	97.57809655275122
117.2861111109378	88.58241598169836	98.84984751580991
119.9916666666395	89.68861416943331	100.17265213507284
122.7611111111473	90.79735826784199	101.55650890365202
125.5944444442866	91.92010487495598	102.89076825813113
128.4916666665813	93.02121124134348	104.15132579685874
131.4555555555853	94.13377420576273	105.51720845676086
134.4888888888527	95.2399723934976	106.99393031025585
137.5916666667326	96.36399195594859	108.48304411442889
140.7666666666046	97.46127945632547	107.7197052348267
144.0138888889924	98.59802857214513	109.69412702347503
147.3361111111008	99.69022425117447	111.42397899605281
150.7361111111823	100.80915199227805	113.12046173108794
154.2138888888876	101.9548117954557	114.38901957877556
157.7722222222947	103.06228293852743	115.62436676198958
161.4111111110542	104.18757545631534	116.88795979986442
165.1333333334187	105.29250068871326	118.14701965736357
168.9416666667676	106.42288502784866	119.15063453744604
172.8388888888294	107.55581527765764	119.9096582867052
176.8249999999534	108.69383734881423	120.05705454441451
180.9027777778683	109.3761414093734	132.28563399535977
185.0749999999534	110.60708922012091	132.98233466043047
189.3444444442866	111.796029504752	134.08863875584782