3.459402178923483	1.9460393907025995	15.25966383961519
3.959402178923483	3.574897488523281	12.737848405675212
4.459402178923483	5.193843670941402	12.742437078351164
4.959402178923483	6.498912532278462	12.245343186768878
5.459402178923483	7.704862239589919	15.069641955634758
5.959402178923483	9.26764090139353	16.54445354926129
6.459402178923483	10.549581960124613	15.389720019156625
6.959402178923483	11.70266811862243	12.680392221853463
7.459402178923483	11.864562736864237	19.915835996462995
7.959402178923483	12.826018530912547	25.71441048652979
8.459402178923483	15.664130307845534	34.933688856414534
8.959402178923483	17.821623893802762	38.31159320852384
9.459402178923483	20.220307421222266	29.42243397952751
9.959402178923483	21.703790759805397	24.669476617730293
10.45940217892348	22.298505683958982	19.13293949014199
10.95940217892348	23.14762643677828	12.626668454916652
11.45940217892348	24.016571020402708	8.477427941856357
11.95940217892348	24.118994146229163	3.3484505043845125
12.95940217892348	23.828244627754067	0.16033659820926277
13.45940217892348	23.91745186637711	1.152683165547831
13.95940217892348	24.102474287224908	4.492120555520989
14.45940217892348	23.993443217796735	5.697397997359052
14.95940217892348	24.32384039788207	5.458848031275646
15.45940217892348	24.717013042183606	4.954461515873905
15.95940217892348	24.974722842650166	5.783936779163305
16.45940217892348	25.027586391463828	1.4862057394277468
27.57690217892377	10.44055089069646	15.66648346475396
28.57690217892377	10.638789198747656	16.25657466833431
29.57690217892377	11.236808094702107	22.973660805059755
30.57690217892377	12.921833713137291	47.498634504615744
31.57690217892377	13.632187650320757	66.63062845357996
32.57690217892377	14.811705583225386	72.65561998051773
33.57690217892377	20.05841280298044	60.60444269668765
34.57690217892377	23.686173840317384	60.07733373991575
35.57690217892377	25.139921432692827	59.00005671505263
36.57690217892377	24.86238780142116	27.27543998963972
37.57690217892377	25.61899734381656	14.499459238156593
38.57690217892377	26.36239099900856	7.447540932383699
40.57690217892377	26.30952745019491	0.2441581914999432
48.07690217892377	15.000031975874021	4.7028604108781025
49.57690217892377	15.835936841489904	10.209660247009786
51.07690217892377	24.81943616801005	23.66649380485497
52.57690217892377	24.948291068243346	49.29436063638197
54.07690217892377	25.00445858885786	46.9017444277016
55.57690217892377	25.126705545489433	2.9169972851372634
66.07690217892377	15.257741776340591	50.39281881646752
68.07690217892377	16.196069767782916	64.91458140738287
70.07690217892377	14.567211669962251	65.91425348996911
72.07690217892377	19.595856750860985	61.88447577944246
74.07690217892377	26.920762233352757	48.35903231090332
75.93718017892388	26.785299389517768	60.915415908006125
77.93718017892388	26.742347756106682	34.757919711787316
95.43718017892388	25.087057883879194	0.18836975507252174
97.93718017892388	25.268776332926123	4.911824742796242
100.4371801789239	25.440582866570484	5.135891185152803
102.9371801789239	25.579349682206338	5.0061151001135515
110.4371801789239	25.969218354707014	1.566573875002758
116.4371801789239	14.623379190576754	2.8337220147091684
119.4371801789239	25.79410784926179	3.1734980691813752
122.4371801789239	25.51987818979096	109.16204312438614