0.00843267363961786	32.78840457762607	7.033758037369549
0.01843267364165513	37.81313729584564	5.816862994342181
0.03843267364209169	41.66730031019248	6.6935765005861025
0.05843267363889027	44.81787621529671	14.022038631613833
0.06843267364092753	47.42052587603497	13.396524127422493
0.08843267364136409	49.574872245928354	8.654405215083115
0.1084326736418007	51.380538278497966	10.079480961358502
0.1184326736401999	52.918467623479664	9.342327016204642
0.1384326736406365	54.20111315006357	8.215007374168152
0.1584326736410731	55.30941850798564	9.236849895886277
0.1684326736394723	56.28074230481617	8.72766953978735
0.1884326736417279	57.13999027893548	6.585117755905836