0.0001440083333363873	616.3646983452063	506.2573602960908
0.0002880166666727746	1212.846664485672	1214.8261860676917
0.0004320250000091619	1789.4458984213982	1722.2202609773262
0.0005760333333455492	2346.162400152578	2300.5685309936457
0.0007200416666819365	2922.761634088302	2722.339575916216
0.0008640500000183238	3439.7126714101946	3186.0474459845473
0.001008058333354711	3976.546440936633	3690.893673744708
0.001152066666691098	4493.497478258526	4236.113500591774
0.001296075000027486	5030.331247784964	4698.287782230464
0.001454220068126233	5587.04774951595	5008.2854540944
0.001631661753094704	6183.529715656413	5699.0846449744
0.001830754598131534	6899.308075025126	6303.534314361361
0.002054140444442965	7634.969166598391	6821.634812445763
0.002304783486465567	8470.043919195157	7426.085467120471
0.002586009605010986	9344.884136201212	8030.536889691141
0.002901550499700534	10319.138014230566	8980.38852567947
0.003255593206858976	11412.688285488197	9584.841362388956
0.00365283565770369	12526.121288950366	10448.345531065987
0.004098549018522135	13818.498882255004	11484.55052298024
0.004598647634679765	15170.524672173464	12261.707547655307
0.005159767510917845	16641.846855319996	13211.566344429915
0.005789354367152555	18212.582699489816	14161.427525509533
0.006495762438476049	19902.614936887894	15111.291207905466
0.007288365330737179	21692.060835309505	15974.807685593005
0.008177680402809528	23580.920394754427	17011.028477116473
0.009175508325370174	25608.959079632124	17788.201369257218
0.01029508966860249	27676.763228919102	18479.028816236958
0.01155128059690469	29863.863771434124	19256.210841250613
0.01296075000050223	32110.61251056341	19601.644244827934
0.01454220068217182	34377.24398189738	19860.731962886995
0.01631661753162916	36683.64091764072	20119.82459813846
0.01830754598222484	39009.9205855887	20129.123834033227
0.02054140444499808	41318.44851832669	19797.83536444609
0.02304783486465567	43568.43652541131	19178.34616702543
0.0258600960497688	45734.31283129636	18356.474049840544
0.02901550499791483	47795.049510682424	17260.624845287184
0.03255593206858976	49708.59071296925	15982.122583601056
0.0365283565779464	51474.93643815733	14703.6172784655
0.0409854901856761	53094.0866862463	13607.763401257262
0.04598647634691133	54608.097307835786	12511.904260613026
0.0515976751096332	55974.9124523264	11233.38484714569
0.05789354367209398	57194.532119717966	10411.505408358764
0.06495762438498787	58372.095936510035	9954.937753191653
0.07288365330759916	59486.57597740244	9681.036296543572
0.08177680402809528	60601.056018294614	10046.461728781926
0.09175508325336068	61799.64776038654	10594.566371705516
0.1029508966862522	63040.2953530783	11599.376610294963
0.1155128059689332	64470.194273468354	12786.886678703635
0.1296075000052497	65984.20489505789	14157.143111849895
0.1454220068219456	67729.52269494618	15710.130354665433
0.1631661753158369	69601.00804663316	17354.56824273672
0.1830754598221347	71724.82850191873	19273.125776959972
0.2054140444503219	74037.90028490307	20917.79961624113
0.230478348646102	76540.22339558598	22562.623990357697
0.2586009604979154	79231.79783396747	24390.327749223365
0.2901550499789209	82154.67945064741	26035.522281310292
0.3255593206852154	85224.75654442652	27680.978613080322
0.3652835657787819	88526.14081650371	29326.675475487198
0.4098549018569884	91974.72056568024	30698.610891945846
0.4598647634696818	95591.52371725554	32436.36832714812
0.5159767510962183	99439.63404712908	34083.13778428005
0.5789354367207125	103434.9398541018	35730.434067164846
0.6495762438499924	107661.55283937299	37378.2268302648
0.7288365330757642	112035.36130174309	39075.15056721151
0.8177680402804981	116651.61970206423	40777.7165235794
0.9175508325331521	121416.21938650384	42390.6055951387
1.029508966862295	126402.42835859177	44226.61280418571
1.155128059688877	131588.0856895631	45871.039428207165
1.296075000052838	136951.03045065305	47516.76385597412
1.454220068218774	142513.4235706269	49260.32913941247
1.631661753157687	148275.26504948386	50812.72342145704
1.830754598221574	154192.233029695	52174.14418699809
2.054140444502878	160264.32751125985	53634.09867368581
2.304783486460224	166513.70942294333	54999.87207740319
2.586009604978813	172896.0569072157	56175.32306539144
2.9015504997883	179411.3699640775	57353.68453832414
3.255593206851586	186059.6485935275	58245.46295513853
3.652835657787591	192774.41000927272	59257.2529934212
4.098549018569884	199648.7839432848	60258.299090397246
4.598647634696704	206586.32462715433	61075.70786440864
5.159767510961729	213640.26700035034	61825.31597143427
5.789354367206784	220740.77004927662	62275.45880615663
6.495762438499696	227887.8337739341	62833.419542435164
7.288365330758211	235104.7385121874	63398.046203363236
8.177680402805322	242368.20392617167	63766.32172233968
9.175508325331066	249654.94967802078	64269.67801495957
10.17550832533107	256266.5656317755	64655.921572769046
11.17550832533107	262272.8928010313	64747.549904058986
12.17550832533107	267743.7721993849	65012.148802753625
13.17550832533107	272795.6055161621	65175.631072727076
14.17550832533107	277521.9733907351	65310.16995675903
15.17550832533107	281911.21948716627	65541.6532836729
16.17550832533107	286007.84917716833	65524.33974037248
17.17550832533107	289885.0165623489	65527.37933526338
18.17550832533107	293518.3369421721	65626.49327752933
19.17550832533107	296956.5797177093	65742.66638026215
20.17550832533107	300224.1295894967	65742.5890189366
21.17550832533107	303345.3712580702	65792.18872599286
22.17550832533107	306344.6894239645	65965.20341107796
23.17550832533107	309148.9299855733	66110.22985667299
24.17550832533107	311855.6317450388	66174.90106463188
25.17550832533107	314489.17940289725	66065.37471776437
26.17550832533107	317000.8035580773	66380.81054241184
27.17550832533107	319414.8889111139	66386.4615870218
28.17550832533107	321731.43546200835	66242.2443836485
29.17550832533107	323999.21261183114	66248.2635031922
30.17550832533107	326145.06625897466	66144.17460732753
31.17550832533107	328217.7658045116	66293.03302196274
32.17550832533107	330241.6959489767	66398.19252949361
33.17550832533107	332192.47199183475	66161.16132258759
34.17550832533107	334070.0939330859	66212.29927625261
35.17550832533107	335947.71587433695	66189.54907005109
36.17550832533107	337752.18371398083	66463.72396209656
37.17550832533107	339459.1127514811	66348.49369124725
38.17550832533107	341141.65708844695	66460.71000178468
39.17550832533107	342775.4320243405	66434.0207253294
40.17550832533107	344433.59166077	66428.24458663627
41.17550832533107	345994.2124950568	66440.03153007948
42.17550832533107	347481.6792277362	66489.71953479185
43.17550832533107	348969.14596041467	66557.75872800608
44.17550832533107	350456.61269309476	66605.17670423238
46.17550832533107	353260.85325470276	66341.07411576375
48.17550832533107	355918.78561309696	66651.64496605912
50.17550832533107	358479.1791693485	66493.98694340921
52.17550832533107	360929.03903896845	66386.58792889741
54.17550832533107	363323.4607461614	66701.17739628561
56.17550832533107	365590.5195965891	66703.37723134001
58.17550832533107	367755.6881616046	66660.028237201
60.17550832533107	369895.38415526686	66602.375302085
62.17550832533107	371958.66243486886	66567.50636030448
64.17550832533107	373920.05042905896	66595.6250305002
66.17550832533107	375805.02070919063	66707.50835707934
68.17550832533107	377639.0458466146	66587.48197066638
70.17550832533107	379447.5984126866	66652.72993230747
72.17550832533107	381179.73326469836	66481.43497018056
74.17550832533107	382860.92297400464	66625.82875298672
76.17550832533107	384491.1675406041	66884.37391436598
78.17550832533107	386095.93953585066	66801.71427917607
80.17550832533107	387675.2389597443	66754.87977877927
82.17550832533107	389127.1755268719	66784.6557942208
84.17550832533107	390604.584665353	66859.9046961605
86.17550832533107	392081.9938038339	66826.31696513439
88.17550832533107	393457.5126569024	66697.83817921614
91.17550832533107	395495.31836515217	66507.42511832844
94.17550832533107	397456.70635934244	66938.45927699728
97.17550832533107	399341.67663947295	66693.79914500366
100.1755083253311	401150.2292055447	66510.29841109604
103.1755083253311	402907.8366289102	66695.77655719985
106.1755083253311	404665.444052275	66612.75381160413
109.1755083253311	406321.1611902281	66811.29747980802
112.1755083253311	407874.98804276827	66881.62782687102
115.1755083253311	409479.7600380145	66863.4884147653
118.1755083253311	411008.11431920173	66765.43487148308
121.1755083253311	412460.0508863295	66614.8448561975
124.1755083253311	413937.46002481075	66565.32521620182
127.1755083253311	415338.45144923206	66985.46980304537
130.1755083253311	416688.4977309474	66769.86517016307
134.1755083253311	418420.63258296	66655.5410407121
138.1755083253311	420127.2948636189	66751.0379914939
142.1755083253311	421757.53943021904	66753.41121117359
146.1755083253311	423387.78399681824	66652.13394682536
150.1755083253311	424916.13827800576	66746.89621313594
154.1755083253311	426419.0199878395	66842.87415179356
158.1755083253311	427870.9565549679	66703.49551579692
162.1755083253311	429322.89312209556	66883.69749583554
166.1755083253311	430672.93940381054	66847.78170516987
170.1755083253311	432022.98568552616	66779.74996078368
174.1755083253311	433322.08682453516	66921.2822741571
179.1755083253311	434875.91367707547	66815.39393239006
184.1755083253311	436429.7405296154	66822.9307387573
189.1755083253311	437932.6222394497	66788.70747633827
194.1755083253311	439333.6136638708	66683.90502012077
199.1755083253311	440760.07765964564	66825.28581974951
204.1755083253311	442084.6513700089	66947.05172271447
209.1755083253311	443434.6976517237	66651.9154663636
214.1755083253311	444682.85364802624	66720.09989522996
219.1755083253311	445931.0096443294	66718.84381323819
225.1755083253311	447357.4736401035	66724.28071296602
231.1755083253311	448783.9376358794	66900.9942134641
237.1755083253311	450108.51134624163	66580.1414977202
243.1755083253311	451458.0299239446	66854.6310197019
249.1755083253311	452732.0701077074	66731.12626112025
255.1755083253311	453979.56778764183	66792.65061238951
261.1755083253311	455147.4379560911	66935.22519232194
268.1755083253311	456554.19065899606	66740.48428956048
275.1755083253311	457854.7733465868	66998.61135513824
282.1755083253311	459155.35603417817	66673.65079628123
289.1755083253311	460376.3112102846	67512.8522353362
296.1755083253311	461597.2663863898	66586.59526971474