0.008333333360496908	1.6881232163113364	10.076088286055741
0.01666666654637083	6.7324302803317115	4.478718977336384
0.02500000008149073	7.884595871090891	3.545457507759457
0.03333333326736465	9.048225796086557	4.4649907262644275
0.04166666645323858	10.11727496363175	5.0178574879651
0.04999999998835847	11.065948621694702	5.164466258610602
0.05833333334885538	11.856987684007057	5.659727454705099
0.06666666670935228	12.673821498351185	6.409558152953115
0.07499999989522621	13.459128393545292	6.52240015084598
0.08333333325572312	14.13265802993431	6.809162831900456
0.09166666661622003	14.829116334796291	7.42700467869301
0.09999999980209395	15.505512054744443	7.983388606408922
0.1083333331625909	16.15324693910158	8.252694024664388
0.1166666666977108	16.79524965634047	8.518536667195052
0.1250000000582077	17.374198535279245	8.891303490630017
0.1333333332440816	17.95028133065889	9.186920641443217
0.1416666666045785	18.526364126038526	9.720670425801055
0.1499999999650754	19.088116503622565	10.10382097489415
0.1583333331509493	19.65846713188396	10.473550075597368
0.1666666666860692	20.19442475743612	10.808570606328454
0.1750000000465661	20.7332484665474	10.919919488738506
0.183333333407063	21.289268677013307	11.194133076293017
0.191666666592937	21.76217246426511	11.568117127166154
0.1999999999534339	22.22361191728065	11.56637171852688
0.2083333333139308	22.728042623682683	12.15290806335427
0.2166666664998047	23.21814291228933	12.632829624699543
0.2249999998603016	23.627992861240905	13.153934201088667
0.2333333333954215	24.195477405943176	13.099497475105332
0.2416666664066725	24.671247276754322	13.348659157784924
0.2499999997671694	25.12982064621064	13.610944382531867
0.2583333333022893	25.542536678721433	13.59682349953506
0.2666666666627862	26.024038716650608	13.904191625933157
0.2749999998486601	26.402361746452165	13.98492942595581
0.28333333338378	26.73769352286711	14.14911265040994
0.2916666667442769	27.24499031282827	14.691319272139742
0.2999999997555278	27.68350109737105	14.549933160473742
0.3083333332906477	28.061824127172507	14.688720936125407
0.3166666666511446	28.440147156974053	15.510269257234835
0.3250000000116415	28.898720526430377	15.415145382154465
0.3333333331975155	29.259847054877397	15.529687301207465
0.3416666665580124	29.586580580614996	15.836234885935065
0.3499999999185093	30.010760947362282	16.446227171393268
0.3583333331043832	30.40054831140011	16.801543442487695
0.3666666664648801	30.776005257642662	16.682915151797168
0.3833333333604969	31.53551740080476	17.53163742029836
0.4000000000814907	32.34088688091263	17.770378663066676
0.4166666664532386	33.060273854247264	17.88892374643901
0.4333333333488554	33.76246432622737	17.997250853618006
0.4499999998952262	34.450324380412	17.732502474669488
0.46666666661622	35.08946101409188	17.462899663329754
0.4833333331625909	35.711401146417046	18.16706483666986
0.5000000000582077	36.301814359592186	18.437986414574578
0.5166666666045785	36.82630765090797	18.664028956172796
0.5333333331509493	37.46831036814687	19.50807327868971
0.5500000000465661	38.107447001826756	19.896588937090602
0.566666666592937	38.73798538482928	20.333390243001965
0.5833333333139308	39.322666430886166	21.331840717962763
0.5999999998603016	39.9417404796523	21.058683221045982
0.6166666664066724	40.52068935859106	21.48425829659148
0.6333333333022892	41.08530781973423	21.784308528687138
0.6499999998486601	41.70438186850038	22.254068538644695
0.6666666667442769	42.16582132151589	22.232688059051107
0.6833333332906477	42.761966701809214	22.64994729442489
0.7000000000116415	43.32658516295236	23.081222180028366
0.7166666665580124	43.871141039181865	23.18415104903805
0.7333333331043832	44.42142908252955	23.378792534806177
0.7583333333604969	45.20673597772363	24.263605088648433
0.7833333332673647	46.00923937427238	24.39663451195949
0.8083333333488554	46.737224598284364	24.774090521570887
0.8333333332557231	47.525397577037616	24.89828729669064
0.8583333331625909	48.32790097358622	25.435143948080185
0.8833333332440816	49.01002886065261	25.4502531434355
0.9083333331509493	49.7351480011055	26.188113029994536
0.933333333407063	50.408677637494606	26.845802800708952
0.9583333333139308	51.153859362861255	26.199434736171092
0.9833333333954215	51.78439774586388	26.855494103488283
1.008333333302289	52.51524905343502	26.95399439063575
1.03333333338378	53.26902902947899	27.624341357770195
1.058333333290648	53.911031746718024	27.423636867008938
1.083333333197516	54.44125720515204	27.848973932627473
1.108333333104383	55.12911725933642	28.21474734346854
1.141666666546371	55.91155807097154	28.202597633289063
1.174999999988359	56.73985621955212	27.94193138016586
1.208333333255723	57.58248478592822	28.635745111907063
1.241666666697711	58.36205951400424	29.11698740410306
1.274999999965075	59.110107322929856	29.77555653152645
1.308333333407063	59.84095863050097	30.199504339805404
1.341666666499805	60.566077770953854	30.30279314783525
1.374999999767169	61.39150983597544	31.205546929928254
1.40833333338378	62.0277803860963	32.1426847362036
1.441666666651145	62.87900720314969	32.209688430670624
1.474999999918509	63.64138542987094	32.380623379438205
1.516666666546371	64.53846958387004	33.40604003535024
1.558333333348855	65.52726841176046	33.97884626592313
1.599999999802094	66.3698969781366	33.81050301765347
1.641666666604579	67.17240037468521	33.88195762507418
1.683333333407063	68.10960969851166	34.503672483911636
1.724999999860302	68.91784526217866	34.300319945162386
1.766666666662786	69.82352766685497	34.467460538176674
1.808333333290648	70.55151289086712	35.31150959981535
1.858333333104383	71.50018654892996	36.238141788075275
1.908333333267365	72.47465495902489	36.20219097657694
1.958333333255723	73.39180169793762	36.06877167186341
2.008333333244082	74.35767185735519	36.52356088607454
2.058333333407063	75.31494376609538	37.0243776430196
2.108333333395422	76.12604541332138	37.05207960399229
2.15833333338378	77.07758515494348	37.14172153140208
2.208333333197516	77.92307980487872	37.261695497834594
2.266666666546371	78.80869962464142	37.22458383352505
2.324999999895226	79.78030195117712	37.100328630712035
2.383333333244082	80.71464519144459	37.617260114770374
2.441666666592937	81.62605976323916	37.44340949005566
2.499999999767169	82.43716141046514	37.97347035839513
2.558333333290648	83.36577248361439	38.42838231858643
2.625	84.33450872659105	38.76152379299011
2.691666666709352	85.31184322024494	39.45138736754301
2.758333333244082	86.27484729610336	39.41721097089288
2.824999999953434	87.26651220755285	40.05035038964422
2.891666666662786	88.16646244511102	40.34524008905683
2.966666666558012	89.22691336197897	40.775344295455746
3.041666666453239	90.33608769935167	41.138581686585844
3.116666666697711	91.24463618758712	41.513356021041986
3.191666666592937	92.21623851412292	41.57346202419293
3.266666666662786	93.22223384336789	42.03574681518212
3.349999999918509	94.27408650955846	42.096583717930514
3.433333333348855	95.3202070086309	42.03597684740772
3.516666666604579	96.35199708990774	42.5478949049484
3.599999999860302	97.3379298342391	43.08652503143042
3.683333333290648	98.33246082924764	43.32606699393701
3.775000000081491	99.36425091052458	43.48336714577186
3.866666666697711	100.41610357671507	43.9099864731554
3.958333333313931	101.4106345717237	44.14245260881104
4.049999999755528	102.47108548859164	44.364143967466305
4.150000000081491	103.58599199308242	44.29951192642246
4.250000000058208	104.61491599080023	44.37098716032309
4.349999999860302	105.70402774325923	44.63353861680768
4.458333333197516	106.82180033130928	45.14191103057356
4.566666666709352	107.8879834152954	45.12722849895232
4.675000000046566	108.8882465774222	45.544238636146716
4.78333333338378	109.86271498751688	45.49665837018714
4.900000000081491	110.98048757556693	45.551790701763466
5.016666666604579	112.10112624717594	45.76640399517283
5.133333333302289	113.1615771640439	45.64121479081152
5.258333333360497	114.3567340081897	46.22952166897732
5.383333333244082	115.36272933743466	46.468116360510784
5.508333333302289	116.44610892277534	46.54910640714598
5.641666666546371	117.58681017929825	46.67745349774005
5.774999999965075	118.59567159210216	47.060103564228775
5.90833333338378	119.70484592947487	46.90343498388159
6.049999999988359	120.77102901346117	46.85794466336155
6.191666666592937	121.86300684947918	47.03254579842934
6.341666666558012	123.03236894159289	47.368700819736176
6.491666666697711	124.19886495014762	47.94389024885867
6.641666666662786	125.30230712040205	48.68176272027917
6.799999999988359	126.29970419896985	49.62063229570211
6.958333333313931	127.42607503769706	50.136083251015926
7.125	128.63269621607924	50.55630139908366
7.291666666686069	129.76479922192468	50.16534116080735
7.466666666558012	131.08892982623004	50.147600971202614
7.641666666604579	132.3471405086762	51.170427352138276
7.825000000011642	133.59102077332662	51.258764356585004
8.008333333244082	134.81770453662247	51.8776138891516
8.200000000011642	135.90968237264065	52.414108983667205
8.391666666604578	137.015990626454	52.29460978202081
8.591666666558012	138.2512726404272	52.61833237853733
8.79166666668607	139.40057214762743	52.78312004317001
9.0	140.7361670861692	53.823321365293005
9.20833333331393	141.98004735081963	54.817384434447895
9.424999999988358	143.24972236750193	55.35853458039488
9.64999999984866	144.60251380739825	55.47285147952959
9.875000000058208	145.8521262391672	55.61929555462307
10.10833333310438	147.3281592721049	55.1522671429647
10.34166666649981	148.60929862302368	55.26295398820167
10.58333333325572	149.83884846987857	55.16301038989185
10.83333333319752	151.08846090164732	55.28668147945534
11.08333333331393	152.26068907732017	55.71862175459296
11.34166666661622	153.47017633926154	55.33438163314798
11.60833333310438	154.7570478572985	55.48108694350427
11.88333333330229	156.00952637262634	56.24394940941715
12.15833333315095	157.35085347828627	57.01887374487899
12.44166666670935	158.69791275106448	57.846481570133406
12.73333333310438	160.0764989429928	58.498027780433965
13.03333333338378	161.41495996509357	58.75123645334682
13.34166666649981	162.8336713268493	59.55861009836287
13.64999999996508	164.2351861872506	60.38705163081159
13.96666666661622	165.6023080449424	60.66673332042951
14.29166666645324	166.95796556839792	60.64687426854376
14.625	168.29069442338061	61.53128159369158
14.96666666655801	169.70940578513634	60.77028313487726
15.31666666665115	171.25422482349248	61.50097419410377
15.67499999975553	172.6700701016893	62.42705428899974
16.04166666674428	174.0400580429402	62.91542887802337
16.41666666668607	175.57054666350086	63.45351340198585
16.79999999969732	176.7943643432377	63.60396588184177
17.19166666659294	178.3735763843033	64.10760760944679
17.59166666649981	179.95565450892786	63.73232126724605
17.99999999994179	181.41735712407004	65.08852787083761
18.41666666639503	182.86186323785762	65.30947890559692
18.84166666655801	184.29203893384982	66.59132028082716
19.28333333309274	185.9543673981292	65.43164020907497
19.73333333333721	187.28136408599366	65.98998897466468
20.19166666659294	188.94942471739125	66.3876771007477
20.65833333320916	190.5114402571023	66.60333400705413
21.14166666654637	192.0304645434265	66.85535855667896
21.63333333324408	193.33739864637718	66.64457810192123
22.13333333330229	195.03412011336593	67.82803323094599
22.64999999990687	196.5932695695178	67.712262569578
23.17499999969732	198.08649910381	68.37873892593143
23.71666666655801	199.5911929723389	69.29808170217656
24.26666666660458	201.18473543119998	70.51165165117318
24.83333333319752	202.7811439736201	69.85892050253366
25.40833333332557	204.41481160230848	70.01952672890434
26.0	206.13732782132922	70.62355393500181
26.5999999998603	207.83978145543605	71.23480034611023
27.2166666664416	209.4161274129422	71.22998864218447
27.84999999974389	210.9695447019759	71.3697644315828
28.49999999994179	212.563087160837	71.42241067093255
29.15833333332557	214.18529045528882	71.05129372930749
29.83333333325572	215.81035983330017	70.50827390045129
30.52499999990687	217.3981701250428	70.78802543952045
31.23333333310438	219.0117751688174	71.33323268992262
31.95833333319752	220.65690713174226	71.5736810003924
32.69999999983702	222.28484259331265	71.53672074922227
33.45833333319752	223.866920717937	71.37481139469176
34.23333333310438	225.50058834662562	71.28401854654638
35.02499999990687	227.16291681090502	71.22476582479945
35.83333333325572	228.7879861889162	71.17650635885165
36.66666666668607	230.40732339980892	71.3748694405522
37.51666666648816	231.99226760799274	71.11099148598174
38.38333333318587	233.5485509805854	71.22544317104791
39.27499999979045	235.14495952300544	70.5881859243833
40.18333333329065	236.76716281745735	69.63721598363682
41.11666666634847	238.43522344885494	69.55365827209938
42.06666666665115	239.94564948450233	69.20595785035724
43.04166666668607	241.59937969810426	69.41205176520947
44.04166666662786	243.1184039844287	69.28209948615849
45.05833333329065	244.5227849283888	69.44074895958263
46.0999999998603	246.10772913657266	68.77547358632292
47.16666666668607	247.6038247544239	68.8290074736275
48.25833333324408	249.2030993804032	68.23141917905066
49.37499999970896	250.7565166694368	68.01201413638492
50.51666666660458	252.4045147159208	68.27314198789166
51.68333333323244	253.90634250089033	67.85924634606975
52.88333333330229	255.42823287077394	67.61069422685752
54.10833333310438	256.9386589064209	66.99998051952194
55.35833333333721	258.3917632708857	66.24107047621972
56.64166666648816	259.85346588602835	65.1521415880012
57.94999999989523	261.33523108608426	64.9762408717084
59.29166666639503	262.7682728656352	64.4154729406599
60.66666666668607	264.22424331365966	63.89370691618038
62.06666666653473	265.59423125491037	63.72107409111368
63.5	266.98714786463415	63.362616905760696
64.96666666655801	268.4402522290993	62.61898760638957
66.46666666655801	269.81883842102735	62.00715375939732
68.0	271.197424612956	61.165168467009906
69.57499999989523	272.6046716404753	60.85121529524097
71.18333333323244	273.971793498167	60.37310334474572
72.82499999983702	275.2758615175589	59.33137444480255
74.50833333324408	276.55986695203643	58.70119853634437
76.23333333310438	277.81521155092344	57.76169406833853
77.99166666640667	279.10494915251985	56.7526636966348
79.79166666668607	280.38035633632023	55.15267267842269
81.63333333324408	281.5898435982613	54.181387236512265
83.51666666660458	282.8165273615572	53.60907490147143
85.44999999995343	283.9801572865528	53.42068676943164
87.42499999993015	285.1495193786667	52.48193684661174
89.44166666653473	286.14978254079364	52.119532164792446
91.50833333330229	287.2302960425755	51.91464228800225
93.62499999970896	288.37672946621643	51.11109120977887
95.79166666662786	289.57761847748014	50.48041935989706
98.00833333318587	290.6523998121435	47.66836980646252
100.2749999999069	291.83609232205305	47.47469189595271
102.5916666664416	292.98825791281234	46.83726309760952
104.9583333331393	294.02578016120697	46.52698384464528
107.3833333331859	295.0375076575706	44.88711073012928
109.8666666664067	295.58206353380024	44.304241491141966
112.4083333333256	296.5336032754218	43.698104863304394
115.0083333333605	297.4650804321304	42.58028713986377
117.6666666668025	298.5283974325574	41.1160737029268
120.3833333334187	299.35669558113807	38.307953483279064
123.1666666667443	300.2853066542872	40.07980213587261
126.0083333334187	301.31996281912336	39.347821076329716
128.9166666668025	302.21418088956307	38.226932431010304
131.891666666721	302.92496961222076	36.357268532929304
134.9333333333489	303.31762305981755	36.82453754422816
138.0500000000466	304.2347697987304	35.66370301361014
141.2416666664649	305.01721061036534	32.00326739482188
144.5000000001164	305.6936063303136	31.395721142528558
147.8333333333139	306.3384751311118	30.992661515748466
151.2500000001164	307.24702361934715	31.873026218353427
154.7416666664649	307.91482108861794	30.985810624396144
158.3166666667676	308.15843819114184	30.21183552395397
161.9749999999767	308.90935208362663	27.998179718372505
165.7166666666162	309.5226939652746	28.06789236376487
169.5416666665115	310.0987767606542	25.792115368352174
173.4583333333721	310.81243156687054	25.345893725909487
177.4583333333139	311.408576947164	27.509198008097258
181.5583333334071	311.6120688798602	26.090342070695982
185.7500000001164	312.25980376421757	24.422210689557
190.0416666668025	312.6753858802873	23.853134691076672
194.4250000001048	313.2400043414306	22.782351504029638
198.9166666667443	313.9278643956151	22.78046652367993
203.5083333333605	314.3606430130395	23.444870930988333
208.2083333333139	314.6185905333588	22.240562339093653
213.0166666666046	315.06283348501955	21.901367714687755
217.9333333334071	315.54146943938986	21.884125634628674
222.966666666558	316.1290165690058	21.021203759907426
228.1083333332208	316.46148226186176	18.781908829992965
233.3750000001164	316.8426713752223	19.203973390385517
238.7583333333023	317.17800315163737	19.233552994170736
244.2666666666046	317.725425111426	19.121187579133274
249.8999999999651	318.2241236507098	16.46292469057708
255.6666666667443	318.1925967315596	16.398747246364692
261.5666666665929	318.5279285079745	15.973822111537205
267.5999999998603	318.9635732089581	13.91256207715969
273.7750000000815	319.41068224417836	4.707271528733484
280.091666666558	319.4565395811238	11.294617427746081