0.9966670000576414	1.554792662031012	5.084149465944683
1.996667000057641	14.576181206540737	13.670171002159943
2.996667000057641	21.18405002017252	14.109568262086018
3.996667000057641	32.26194773714349	14.567739903556182
4.996667000057641	31.873249571635746	12.221172500812251
5.996667000057641	22.35014451669579	9.366852002801394
6.996667000057641	21.572748185680286	8.739738507881782
7.996667000057641	18.463162861618258	9.735182013485941
8.996667000057641	17.102719282341123	8.976311145102425
9.996667000057641	15.742275703063994	8.892354696576264
10.99666700005764	16.32532295132562	9.571763239384437
11.99666700005764	13.410086710017474	8.420886657730943
12.99666700005764	14.770530289294612	9.410514804372522
13.99666700005764	11.466595882478707	9.556354929723796
14.99666700005764	11.466595882478707	10.931082547488973
15.99666700005764	10.689199551463208	9.016771070082687
16.99666700005764	10.300501385955451	6.766725602171655
17.99666700005764	9.32875597218607	8.675166637634007
18.99666700005764	29.152362413081462	8.309150928724987
19.99666700005764	33.23369315091288	7.128222856963154
20.99666700005764	35.760231226713266	7.3907173910254365
21.99666700005764	32.65064590265125	8.495193446590626
22.99666700005764	37.50937297149815	6.589112532698963
23.99666700005764	30.51280599235861	6.870262982315596
24.99666700005764	40.230260130052436	7.071499542791727
25.99666700005764	34.98283489569776	7.856721575775835
26.99666700005764	34.399787647436135	7.354767195663733
27.99666700005764	37.1206748059904	5.59680447736625
28.99666700005764	35.17718397845163	6.770783886941048
29.99666700005764	39.84156196454467	5.734267069781626
30.99666700005764	36.14892939222102	4.532576686739049
31.99666700005764	37.1206748059904	5.550502688899783
32.99666700005764	38.8698165507753	4.943815285545654
33.99666700005764	35.17718397845163	5.158271187629168
34.99666700005764	36.14892939222102	5.237255124494129
35.99666700005764	40.618958295560184	5.2434720291205545
36.99666700005764	38.67546746802142	5.364698573628151
37.99666700005764	37.31502388874427	5.515533635658929
38.99666700005764	38.8698165507753	5.515226082563278
39.99666700005764	36.73197664048265	5.770584924576316
40.99666700005764	34.399787647436135	6.106109337773993
41.99666700005764	38.092420219759795	7.812870405076569
42.99666700005764	36.73197664048265	7.971786618926469
43.99666700005764	35.56588214395938	8.155548520352134
45.99666700005764	40.03591104729856	7.7638120370960895
47.99666700005764	38.092420219759795	8.458112621724512
50.00333300005696	35.760231226713266	8.941075647808626
52.00305600005777	41.78505279208345	8.05329329835044
54.00305600005777	44.89463811614548	8.340374234326042
56.00333300005696	39.45286379903693	9.441161184485672
58.00305600005777	41.78505279208345	9.491013391243014
60.00333300005696	36.73197664048265	10.787116170303669
62.00305600005777	41.97940187483732	9.545529484233453
64.00305600005777	41.97940187483732	10.077023640796659
66.00305600005777	40.813307378314065	10.524074950184874
68.00333300005695	44.89463811614548	9.40122183441006
70.00305600005777	45.86638352991484	9.060427408713398
72.00305600005777	45.283336281653206	9.294869319543741
74.00333300005695	39.84156196454467	12.25455722679588
76.00333300005695	38.67546746802142	13.000544175257774
78.00305600005777	44.11724178512996	10.655359613755927
80.00333300005695	47.61552527469973	8.995413997279051
82.00305600005777	43.33984545411445	11.956124046346172
84.00305600005777	48.97596885397686	8.900618747473077
86.00305600005777	45.283336281653206	11.11204518150162
88.00305600005777	49.170317936730754	8.932727655600539
91.00305600005777	40.618958295560184	15.162638306385707
94.00333300005695	48.587270688469104	9.645896497026778
97.00333300005695	44.5059399506377	13.362313621511776
100.0030560000578	51.50250692977727	7.708063085334756
103.0030560000578	55.389488584854796	3.7077849572338843
106.0030560000578	52.474252343546624	4.6543869061329515
109.0030560000578	48.198572522961356	9.431040854347183
112.003333000057	48.004223440207475	10.272232953685156
115.0030560000578	50.33641243325402	7.433948981341813
118.0030560000578	54.41774317108541	1.7792955638183847
121.0030560000578	51.50250692977727	6.690690798983594
124.003333000057	50.530761516007885	8.662032730307981
127.0030560000578	51.89120509528502	6.976252358042137
130.0030560000578	53.44599775731603	3.1944220168049986
133.0030560000578	53.44599775731603	3.395774814317098
145.0030560000578	47.80987435745361	32.17916711812674
149.0030560000578	52.66860142630053	11.336615332838527
157.003333000057	52.474252343546624	25.787010861017773
165.0030560000578	54.41774317108541	8.994604021817867