2.35666666663019	0.05512640612465066	0.05511099870495991
2.856388888845686	0.03533743982349333	1.0633243670779446
3.356666666397359	0.3599707203353637	4.194530398390805
3.854722222080454	1.1812128218334694	2.777326203224839
4.356388888845686	1.1694336752256473	2.0546661900195824
4.856666666397359	1.5911271237860563	3.753302772642086
5.35666666663019	2.012349406482167	4.158064441054274
5.856388888845686	2.2107102353580665	4.726914134826136
6.356388888729271	2.7030785635654886	5.093921846720201
6.856388888787478	3.1054542116890578	6.092349236502727
7.356388888845686	3.537984475128682	6.417834298287184
7.856388888729271	3.9351772987448053	6.909102214998354
8.356388888787478	4.382313703978143	6.624504182539404
8.856388888845686	4.792699171795046	6.630763432698932
12.18972222221782	3.8437711210680283	7.585335379014606
12.68972222210141	4.41388181688714	11.209564182422659
13.18972222198499	4.778093030001332	11.822782155611012
13.93972222198499	5.335482247483982	10.538503630051878
14.43972222221782	5.6261915857653015	9.50853813064182
14.93972222210141	5.946584373498356	9.218076505885637
15.43972222198499	6.277342810246299	8.983878212039837
15.93972222221782	6.498790766473556	8.767323834785872
16.43999999994412	6.7192963909722	8.933184371357731
16.93972222198499	6.932734527506136	8.789516385389952
17.43972222221782	7.1914045870141265	8.53864741395872
17.93972222210141	7.409083216326894	8.78307025630199
18.43972222198499	7.657387626819998	8.865011528388138
19.43999999994412	8.096043046495703	9.222546919454107
20.43972222221782	8.52150582197063	8.896130371900492
21.43972222198499	8.883361205763256	8.832903343269676
22.43999999994412	9.307881649509556	8.395654883824445
23.43972222221782	9.574561528710893	8.157181201900938
24.43972222198499	9.921339604845485	7.882364024757787
25.43972222210141	10.169172849474299	7.409994372452571
26.43999999988591	10.423602416203483	7.429530651879951
27.44000000000233	10.654002523852698	6.815699252325275
28.43972222210141	10.85283451859292	6.837506129354311
29.43972222221782	11.094071441121336	6.847237769570126
30.43972222198499	11.283008952710967	6.690212505396768
31.43972222210141	11.429541536512408	6.540039174242442
32.43972222221782	11.633085189895766	6.551690539183516
33.43972222198499	11.825320862535603	6.429570771457531
34.43972222210141	11.978920934301739	6.398393860632862
36.43972222198499	12.269159106718748	6.500297765060609
38.43999999988591	12.571647591607887	6.286681871053
40.43999999994412	12.835971641487665	6.45229862750826
42.43972222198499	13.129036809090543	6.518942993393308
44.43972222221782	13.338234452845656	6.5772240094778445
46.43999999994412	13.594548683032098	6.789626668006815
48.43972222198499	13.824006458952688	6.738517477377447
50.43972222221782	14.04262741999406	6.904297804555267
52.43972222210141	14.268787034864461	6.971740914447162
54.43972222198499	14.494004318006219	6.865396648580561
56.43972222221782	14.700374966575449	6.719530519116429
58.43972222210141	14.865754184949429	6.763007886006008
60.43972222198499	15.057989857589254	6.563195343176272
62.43999999988591	15.22054208077735	6.255606886054644
64.43999999994412	15.357180181428207	6.115198282704547
66.439722221985	15.523030565666497	5.938578328230392
68.43972222221782	15.656370505267155	6.219481082553374
70.43972222210141	15.769450312702363	6.06082237755478
72.44000000000233	15.867452812479554	6.194376941933794
74.43972222221782	15.994196429979818	6.331202586435056
76.43972222210141	16.09785292012876	6.1609868180130585
78.439722221985	16.263703304367045	6.300965255327336
80.43972222221782	16.367830960380267	6.271686706887934
82.43972222210141	16.46960278707197	6.381753033782327
86.43999999988591	16.73251333935877	6.690474499293088
90.44000000000233	16.937941656199385	6.597663422034016
94.43999999994412	17.116984684638453	6.898800128256626
98.43972222221782	17.30922035727828	7.411661582512388
102.439722221985	17.505225356832632	7.425956388035732
106.4397222221014	17.671075741070922	7.671004520202868
110.4397222222178	17.876975223775826	8.003025173137072
114.439722221985	18.107846497289355	8.335876385954903
118.4397222221014	18.291601184371547	8.592352174931637
122.4397222222178	18.472057710403565	8.79635216194273
126.439722221985	18.646860246063778	9.182894725862782
130.4397222221014	18.815066459623647	9.567953741928712
134.4397222222178	18.99505181979134	9.797441393083998
138.4400000000023	19.159488706436676	10.122878882639442
142.4399999999441	19.337589403147113	10.393719193452553
146.4397222222178	19.491189474913252	11.169595820805153
150.439722221985	19.656568693287213	11.625215343079216
154.4397222221014	19.85587185389177	12.496822927664104
158.4397222222178	20.010885423250844	13.184415065195536
162.4400000000023	20.219611901141647	14.435500113131551
166.4399999999441	20.37509663636503	16.056012787987637
170.4397222222178	20.53152370331705	16.9850923061356
174.439722221985	20.745904171579596	19.14384206883922
182.4397222222178	21.14403932692435	21.925231913856706
190.4397222221014	21.59918555185101	24.891878666706912
198.439722221985	22.150920778961904	27.526450041446257
206.4397222222178	22.805841330357424	30.614375271527692
218.4397222222178	23.821674933816944	34.78595930703672
226.4397222221014	24.487903465955945	37.36715788136147
234.4400000000023	25.180988452360864	39.15801036544189
248.4397222222178	26.258544784045398	42.71040259694602
258.439722221985	27.04303594812708	48.105858853410076