0.002777777728624642	591.5733280659124	15885.309244889766
0.005555555457249284	7685.994950102285	4586.151191572157
0.008333333185873926	8205.545369115684	1125.9836393557512
0.01111111108912155	8472.742727465531	1042.7564516635166
0.01388888864312321	8680.562895071105	1140.88369821966
0.01666666654637083	8873.53876499024	970.4380392594812
0.01944444444961846	9111.047527967892	1022.287318123128
0.0222222221782431	9140.736123340095	840.3185048033108
0.02499999990686774	9259.490504828787	834.069274907374
0.02777777763549238	9378.244886317745	659.0507995523557
0.03055555553874001	9378.244886317745	756.298165232629
0.03333333309274167	9452.466374748052	791.2650911944065
0.03611111099598929	9526.687863178506	728.754821794084
0.03888888889923692	9571.22075623688	681.023599302433
0.04166666662786156	9615.75364929512	716.3497292295158
0.0444444443564862	9645.442244667593	857.4210004585333
0.04722222208511084	9734.508030784213	718.5345819582158
0.04999999998835847	9764.196626156287	727.0194518702366
0.05277777754236013	9808.729519214665	744.8911360058228
0.05555555544560775	9838.418114586737	659.3302750654232
0.05833333334885538	9838.418114586737	770.7368764509948
0.06111111107748002	9957.172496075687	750.3541345717733
0.06388888880610466	9927.483900703353	720.7360392166316
0.0666666665347293	9957.172496075687	625.708755977077
0.06944444443797693	10001.705389133944	674.4510812796772
0.07222222199197859	10031.393984506147	675.6773603834481
0.07499999989522621	10001.705389133944	657.8865884394186
0.07777777779847383	10031.393984506147	681.4657245114577
0.08055555552709848	10120.459770622769	737.58156778122
0.08333333325572312	10120.459770622769	501.5853098708886
0.08611111098434776	10150.148365994834	602.128261247455
0.08888888888759539	10194.6812590532	706.6465809432084
0.09166666644159704	10150.148365994834	660.3821448124941
0.09444444434484467	10194.6812590532	633.9980052666704
0.09722222189884633	10194.6812590532	666.6407614490439
0.09999999997671694	10239.214152111439	614.1137691399111
0.1027777777053416	10239.214152111439	697.1783704150351
0.1055555554339662	10268.90274748379	698.7115790045358
0.1083333333372138	10313.43564054203	722.0943370851245
0.1111111108912155	10313.43564054203	588.137864520497
0.1138888887944631	10268.90274748379	619.8363245580517
0.1166666663484648	10343.124235914096	685.4172818063445
0.1194444444263354	10343.124235914096	652.070147811412
0.12222222215496	10387.65712897247	615.3936030515208
0.1277777777868323	10387.65712897247	678.4178810731933
0.1333333332440816	10432.190022030847	610.8350670806642
0.1388888888759539	10432.190022030847	635.7120863261719
0.1444444443332031	10461.878617402932	673.0802516256457
0.1499999997904524	10506.411510461174	604.3399519534346
0.1555555552477017	10506.411510461174	697.8538997534994
0.161111111054197	10580.632998891613	623.0926168258463
0.1666666666860692	10580.632998891613	574.1181636111747
0.1722222221433185	10625.16589194998	533.9819496498653
0.1777777777751908	10625.16589194998	591.9276840296197
0.1833333332324401	10580.632998891613	650.2775788962897
0.1888888886896893	10625.16589194998	726.132546715589
0.1944444441469386	10699.387380380706	577.3167699740717
0.1999999999534339	10699.387380380706	593.2615175691844
0.2055555554106832	10699.387380380706	666.3291267745522
0.2111111110425554	10699.387380380706	709.22601459483
0.2166666666744277	10773.608868811163	666.2191163435124
0.222222222131677	10743.920273438802	569.0157498208243
0.2277777775889263	10743.920273438802	620.8955203772505
0.2333333330461755	10743.920273438802	549.4882199466003
0.2388888888526708	10818.141761869392	530.4291604126896
0.2444444443099201	10773.608868811163	608.5128257122365
0.252777777495794	10847.8303572416	753.1765862937741
0.2611111110309139	10892.363250299852	667.079615241688
0.2694444443914108	10818.141761869392	564.1330509043407
0.2777777777519077	10847.8303572416	609.2831665187459
0.2861111109377816	10936.896143358079	632.155311818746
0.2944444442982785	10936.896143358079	576.4625579422251
0.3027777776587755	10936.896143358079	623.6061560792837
0.3111111108446494	10966.584738730433	669.6469191173938
0.3194444443797693	10966.584738730433	619.2664340836354
0.3277777777402662	10966.584738730433	621.6106270792625
0.3361111111007631	11011.117631788793	686.7476376091653
0.344444444286637	11055.650524847037	506.15876412517275
0.3527777776471339	11040.806227160865	631.008619700198
0.3611111110076308	11055.650524847037	569.3190465956098
0.3694444441935048	11055.650524847037	687.5431565198286
0.3805555554572493	11085.33912021925	690.9947956561662
0.3916666665463708	11085.33912021925	553.1023038132156
0.4027777776354924	11129.872013277482	552.8331478690543
0.4138888888992369	11129.872013277482	555.1952338904747
0.4249999999883585	11159.560608649695	676.8839848292029
0.43611111107748	11129.872013277482	631.7348814120215
0.4472222219919786	11204.093501707934	685.0712134398749
0.4583333332557231	11204.093501707934	610.3210175219693
0.4694444443448447	11159.560608649695	565.4785971095823
0.4805555554339662	11248.626394766308	656.0221123437589
0.4916666663484648	11248.626394766308	630.1627134603096
0.505555555340834	11248.626394766308	628.7376912991783
0.5194444443332031	11278.314990138522	611.6628433663817
0.5333333333255723	11278.314990138522	685.7946451357229
0.5472222221433185	11278.314990138522	612.7136393052562
0.5611111109610647	11278.314990138522	546.0328093002629
0.5749999999534339	11322.847883196897	667.7435463976185
0.5888888885965571	11397.069371627213	621.4321446571797
0.6027777775889263	11367.380776255148	717.435076087463
0.6194444443099201	11397.069371627213	604.000898270563
0.6361111110309139	11397.069371627213	702.3849277366924
0.6527777777519077	11441.602264685585	555.3684575853455
0.6694444442982785	11441.602264685585	623.3595802339869
0.6861111108446494	11441.602264685585	627.6659542155752
0.7027777777402662	11471.290860057645	649.8200134950785
0.719444444286637	11471.290860057645	558.6183380285393
0.7361111110076308	11515.823753116027	606.4514111361752
0.7555555554572493	11515.823753116027	607.034790463308
0.7749999999068677	11471.290860057645	610.8633269169266
0.7944444443564862	11560.356646174278	608.2102523147819
0.8138888888061047	11560.356646174278	613.7252787692727
0.8333333332557231	11590.045241546743	728.07402641106
0.8527777777053416	11590.045241546743	613.3440756147784
0.8749999998835847	11590.045241546743	616.6097729590439
0.8972222222364508	11590.045241546743	549.5735094214683
0.9194444442400709	11634.578134604852	620.5819309742575
0.941666666592937	11634.578134604852	694.0167610040533
0.9638888885965571	11664.266729977202	646.3232864729839
0.9888888888526708	11634.578134604852	576.4169449462407
1.013888888759539	11664.266729977202	503.21740705946155
1.038888888841029	11664.266729977202	579.39985806008
1.063888888747897	11664.266729977202	701.0914557660222
1.088888888829388	11708.799623035311	506.9170013390045
1.116666666639503	11783.021111465874	625.0661832169429
1.144444444449619	11827.554004524136	498.61106332472707
1.172222222085111	11783.021111465874	653.8270082190459
1.199999999895226	11783.021111465874	655.3933735726376
1.227777777705342	11783.021111465874	582.4843491418318
1.258333333244082	11827.554004524136	583.9391978059391
1.288888888782822	11872.086897582372	630.1875645220041
1.319444444146939	11872.086897582372	582.8199208511254
1.349999999860302	11827.554004524136	712.061744982337
1.383333333302289	11827.554004524136	566.3142603675511
1.416666666395031	11872.086897582372	688.1122774933054
1.449999999837019	11901.775492954835	693.9479359251818
1.486111111007631	11872.086897582372	682.2358984885027
1.522222222178243	11946.308386013083	570.238811871777
1.558333333348855	11901.775492954835	488.2312094520445
1.594444444344845	11990.841279071448	581.0696796061379
1.633333333244082	11990.841279071448	580.7743313489553
1.672222222143319	11946.308386013083	641.9022038122783
1.711111111042555	11990.841279071448	574.5205540395534
1.752777777495794	12020.529874443524	504.71824171889057
1.794444444298279	12020.529874443524	618.9219618694356
1.836111111100763	12065.0627675019	702.9255395295218
1.880555555457249	12065.0627675019	671.7930783030067
1.924999999988359	12020.529874443524	676.4846912734171
1.969444444344845	12094.751362873976	651.6511482843097
2.016666666604579	12094.751362873976	558.8603228356205
2.063888888689689	12139.284255932349	675.7419301089686
2.113888888852671	12139.284255932349	561.54753882257
2.163888888841029	12139.284255932349	678.8765938808948
2.213888888829388	12139.284255932349	612.3223476192959
2.266666666546371	12139.284255932349	613.5373194455689
2.319444444437977	12183.817148990594	681.5744755402139
2.374999999883585	12183.817148990594	612.3184790841598
2.430555555503815	12183.817148990594	638.6105440310928
2.488888888852671	12258.038637421178	636.3567324719596
2.547222222201526	12258.038637421178	615.1059297657006
2.608333333279006	12258.038637421178	495.5215202624605
2.669444444356486	12258.038637421178	638.7750096424705
2.733333333337214	12287.72723279324	569.1028413493858
2.797222222143319	12258.038637421178	572.2280414908921
2.863888888852671	12302.57153047956	499.527130962999
2.9305555553874	12302.57153047956	622.8806217476272
3.0	12332.260125851613	572.8276776655972
3.069444444437977	12376.793018909997	643.2833480208644
3.141666666604579	12376.793018909997	619.8326683670314
3.216666666674428	12376.793018909997	500.53180473215576
3.291666666395031	12376.793018909997	624.3903435252988
3.369444444193505	12421.32591196825	572.435021088059
3.447222221991979	12421.32591196825	431.776641327228
3.5277777776937	12451.014507340324	504.232793689082
3.611111111124046	12376.793018909997	461.30266701995276
3.694444444379769	12421.32591196825	508.2243740854172
3.78055555553874	12451.014507340324	534.0774897785614
3.869444444426335	12451.014507340324	582.4199476945951
3.961111111042555	12451.014507340324	512.070820468641
4.052777777658775	12525.235995770752	507.65448049309845
4.147222222178243	12495.547400398684	512.7404142585691
4.244444444426335	12540.080293457064	438.34794112239365
4.344444444403052	12525.235995770752	497.0652344983907
4.447222222108394	12495.547400398684	426.05605622421865
4.552499999874272	12569.768888829143	573.4306286589876
4.658055555482861	12540.080293457064	496.16363159548587
4.766388888820075	12525.235995770752	426.2577184281741
4.877499999885913	12569.768888829143	452.0876444645296
4.991388888680376	12540.080293457064	573.9128741026683
5.108055555378087	12569.768888829143	503.6387071919428
5.227499999979045	12614.301781887376	576.0255473913593
5.349722222134005	12614.301781887376	507.48034242197457
5.474722222192213	12614.301781887376	508.80032319571586
5.602499999979045	12614.301781887376	384.1779210638565
5.733055555494502	12643.990377259723	508.9130331471568
5.866388888738584	12643.990377259723	504.970651400863
6.002499999885913	12688.52327031796	495.30603781605146
6.141388888587244	12688.52327031796	519.2561283106987
6.283055555541068	12643.990377259723	620.201254788922
6.430277777777519	12733.05616337633	448.57483622107486
6.580277777742595	12733.05616337633	618.4681750414968
6.733055555436295	12688.52327031796	573.8009924638714
6.888611111033242	12733.05616337633	501.00259939116364
7.049722222087439	12733.05616337633	622.9903004968304
7.213611111044884	12733.05616337633	578.4085153579696
7.380277777730953	12807.277651806777	426.3315936968839
7.552499999874272	12762.744758748402	508.1534322950486
7.727499999920838	12762.744758748402	635.3241266087497
7.908055555424653	12762.744758748402	562.4787488731506
8.091388888831716	12807.277651806777	519.0479217686038
8.280277777696028	12851.810544865019	523.434689922991
8.471944444463588	12851.810544865019	498.6677805663079
8.669166666688398	12851.810544865019	499.97110753969713
8.869166666641831	12881.499140237225	2942.4968197043254
9.721944444347173	12881.499140237225	744.9147883609585
9.946944444382098	12926.032033295467	781.8705293738246
10.17749999987427	12926.032033295467	823.3932259757657
10.41361111099832	12881.499140237225	793.1154229573139
10.65527777757961	12926.032033295467	891.6518273289641
10.9024999999674	13000.2535217262	863.4722997259805
11.15527777763782	12970.564926353834	971.249065999444
11.41361111111473	12970.564926353834	1069.993021924528
11.67749999987427	12970.564926353834	1153.1690863184758
11.94694444444031	12970.564926353834	1287.1186127256078
12.22472222219221	13000.2535217262	1369.225959368715
12.50805555557599	13000.2535217262	1674.5287391805975
13.09416666661855	6038.277906945061	103674.60965406307
14.02472222212236	13193.22939164547	1269.309733052403