0.9562540458937292	11.644813293262219	2.920802144014101
1.456254045893729	12.898747234992099	2.9568831870717336
1.956254045893729	13.793273359028706	3.010519866293173
2.456254045893729	14.50410215402208	3.0221823935888126
2.956254045893729	15.079154662331323	3.030469865027805
3.456254045893729	15.574338766708735	2.9934977909426275
3.956254045893729	15.989654467154297	2.941042062945125
4.456254045893729	16.357049125240735	2.9642134557188493
4.956254045893729	16.69249642175448	2.97974806975272
5.456254045893729	16.99599635669548	2.9798915550140004
5.956254045893729	17.27553577045692	3.0169385388110044
6.456254045893729	17.539101503431993	3.1080478506786564
7.053476045894058	17.842601438372974	2.718816778623541
7.553476045894058	18.018311927023035	2.3799887871319942
8.053476045894058	18.186035575279895	2.406886242468015
8.553476045894058	18.34577238314356	2.7461961142232356
9.053476045894058	18.537456552579986	3.0021340448185128
9.553476045894058	18.713167041230058	2.8056838839387397
10.05347604589406	18.86491700870056	2.657116998948757
10.55347604589406	19.008680135777873	2.3905312295646284
11.05347604589406	19.1204959012824	2.3049608986545276
11.55347604589406	19.248285347573344	2.5316617979754024
12.05347604589406	19.376074793864287	2.6610546479234714
12.55347604589406	19.503864240155256	2.6644337732967123
13.05347604589406	19.623666846053005	2.667056731408288
13.55347604589406	19.735482611557572	2.6688566078071365
14.05347604589406	19.847298377062152	2.7091576948149236
14.55347604589406	19.959114142566722	2.6869218351784094
15.05347604589406	20.07092990807131	2.71247092557169
15.55347604589406	20.16677199278951	2.746167377804913
16.05347604589406	20.2706009179009	2.6560560801766973
16.55347604589406	20.374429843012297	2.779555770338883
17.05347604589406	20.462285087337317	2.802532448878727
17.55347604589406	20.566114012448708	2.8106534917171677
18.05347604589406	20.661956097166915	2.9353871690742968
18.55347604589406	20.757798181885114	3.0094332377199327
19.05347604589406	20.85364026660334	2.9463212834082575
19.55347604589406	20.95746919171473	3.0055217429405108
20.05347604589406	21.037337595646562	2.8078150061540317
20.55347604589406	21.133179680364776	2.66292973980791
21.05347604589406	21.19707440351024	2.727566922861592
21.55347604589406	21.276942807442087	2.620726523906342
22.05347604589406	21.356811211373927	2.834059290824839
23.05347604589406	21.516548019237593	3.015136794169608
24.05347604589406	21.684271667494475	3.194729681318672
25.05347604589406	21.85199531575133	3.023332086794203
26.05347604589406	21.987771602435448	2.8686953295498414
27.05347604589406	22.10757420833322	2.8096048265784477
28.05347604589406	22.251337335410522	2.932351649951754
29.05347604589406	22.38711362209466	3.0984224300259644
30.05347604589406	22.530876749171966	3.038718460695272
31.05347604589406	22.666653035856104	3.0200901917831375
32.05347604589406	22.786455641753857	2.8595132901988514
33.05347604589406	22.906258247651607	2.733119767581896
34.05347604589406	23.010087172763	2.3872421519193723
35.05347604589406	23.113916097874398	2.2367491816383795
36.05347604589406	23.169823980626692	2.2583128152045457
37.05347604589406	23.2576792249517	2.370342765009066
38.05347604589406	23.35352130966991	2.8505422809493517
39.05347604589406	23.465337075174492	3.067287837491508
40.05347604589406	23.585139681072246	3.2311863917895285
41.05347604589406	23.696955446576816	3.1121079093979436
42.05347604589406	23.8087712120814	3.112327263333766
43.05347604589406	23.896626456406427	3.116530503048437
44.05347604589406	24.008442221910997	3.0290336536707376
45.55347604589406	24.16817902977468	3.5644203847637224
47.05347604589406	24.3039553164588	4.897513315448469
48.55347604589406	24.527586847467948	5.524871378903349
50.05347604589406	24.91095518634078	6.547031544260462
51.55347604589406	25.166534078922666	7.325409500430783
52.88208704589488	25.44607349268411	5.42516602484968
54.38208704589488	25.77353394880465	3.928668669601428
55.88208704589488	25.81346815077057	2.3887026784681114
57.38208704589488	25.7974944699842	0.9602114084541538
58.88208704589488	25.85340235273649	1.1261796357337284
60.38208704589488	25.925283916275152	1.899819029786328
61.88208704589488	25.98917863942061	2.2522709042813602
63.38208704589488	26.093007564532016	2.4949611623842713
64.88208704589488	26.196836489643403	3.3119246247373684
66.38208704589488	26.300665414754796	3.4037649933468486
68.38208704589488	26.532283786157134	3.652381892441105
70.38208704589488	26.700007434413987	3.6052889558291623
72.38208704589488	26.843770561491294	3.2621115621053094
74.38208704589488	26.979546848175435	10.248097098803042
76.38208704589488	27.13129681564592	14.64727209897208
78.38208704589488	28.49704652288039	11.204284015004635
80.38208704589488	29.359625285344244	7.339069580943074
88.38208704589488	28.513020203666755	1.603001731874293
90.88208704589488	28.640809649957703	2.7047090925562087
93.38208704589488	28.824506979000915	3.155854619425019
95.88208704589488	28.968270106078243	3.4704819598420746
98.38208704589488	29.120020073548737	7.733604429665147
100.8820870458949	29.29573056219878	3.230685574971858
103.3820870458949	30.230190888201317	1.9849077804106916
105.8820870458949	29.559296295173848	2.0073104526595094
110.8820870458949	29.655138379892065	1.101665670956488
113.8820870458949	29.711046262644352	1.7674484282652418
116.8820870458949	29.86279623011484	2.7557706977417635