0.008932103748520603	1.2562449286127622	0.8646289215266546
0.02893210375077615	2.2723923210504275	2.295222597024291
0.03893210374917544	3.0609591104786067	2.211269236843359
0.05893210374779301	3.7198049561913336	1.8406118983128903
0.07893210375004855	4.309238717986068	3.864335999028652
0.08893210375026683	4.859983777269177	3.8617791885438675
0.1089321037507034	5.382281261176159	2.6994985615134395
0.128932103749321	5.8545110124209625	3.4484684811842774
0.1389321037495392	6.297155285274626	3.476202367232235
0.1589321037499758	6.74321326717337	3.3974388534343216
0.1789321037504124	7.153996255605613	4.173862839717184
0.1889321037506306	7.5579518259475655	4.15901581406403
0.2089321037492482	7.9437009480488046	4.508794689794401
0.2289321037496848	8.324898458089823	5.06593339244694
0.238932103749903	8.66854516863427	4.965915931361879
0.2589321037503396	9.032674133449586	6.0063560617688045
0.2789321037489572	9.35811439575328	5.701599397979747
0.2889321037491754	9.715415942478261	5.5907160311130895
0.308932103749612	10.023787659556206	6.4083143941697145
0.3289321037482296	10.341262600754597	5.585019882788098
0.3389321037502668	10.637117384666976	5.599353213133476
0.3589321037507034	10.959143937925498	6.425818141576438
0.378932103747502	11.247033400732622	6.133081168840216
0.3889321037495392	11.508751094193592	6.771614367514591
0.4089321037499758	11.817122811271583	6.9226094177770365
0.4289321037504124	12.097046952973358	7.088097645188291
0.4389321037488116	12.372419482614914	7.158709103316282
0.4589321037492482	12.648929915271523	7.410518094891228
0.4789321037496848	12.899268578582035	7.680336327773522
0.5089321037503396	13.431807189624468	7.548790718913297
0.5289321037507762	13.683283755949994	7.9887821129551675
0.558932103749612	14.169168343375459	8.209990162941601
0.5789321037500486	14.397886849399995	8.266333919466312
0.6089321037507034	14.903115788081276	8.479951139761834
0.628932103749321	15.134110100135935	8.724579145122624
0.6589321037499758	15.564237439824021	8.930109695154064
0.6789321037504124	15.807748685044295	9.039248424092055
0.7089321037492482	16.241289733777514	9.412871812502669
0.7289321037496848	16.456353403621556	9.450181972008208
0.7589321037485206	16.89330816139991	9.779893110513944
0.7789321037507762	17.08447586792797	9.753947412887694
0.808932103747793	17.50208627445046	10.160093231247494
0.8289321037500486	17.71714994429451	10.231289623397666
0.8589321037507034	18.102899066395697	9.91964386280095
0.878932103749321	18.30658370608928	10.227329996482638
0.9089321037499758	18.695746537235646	10.329551947065074
0.9389321037506306	19.037117441749974	10.677318729096177
0.9789321037496848	19.413763339730814	10.665503091391354
1.00893210375034	19.776754401531033	10.76170921416807
1.038932103749175	20.11926320906043	10.645166327026725
1.07893210374823	20.450392986439393	10.909176816788424
1.108932103750703	20.791763890953742	11.214798807680511
1.138932103749539	21.12972108642295	10.891452655318748
1.178932103750412	21.448333930636306	11.198272199456634
1.208932103749248	21.753291938669086	11.545096032022116
1.238932103748084	22.043457207506364	11.439627530002307
1.278932103750776	22.354104730614335	11.233766594155409
1.308932103749612	22.671579671812726	11.65625312745002
1.358932103750703	23.105120720545987	11.62968941664664
1.408932103749976	23.525006933098535	11.712329487332497
1.458932103749248	23.92213508535025	11.781999902973869
1.508932103748521	24.32040114061701	12.0248652763786
1.558932103747793	24.71639138985367	12.126950988362928
1.608932103750703	25.104416317984928	12.228398832087537
1.658932103749976	25.46057996169489	12.342546606616478
1.708932103749248	25.864535532036882	12.3985451701155
1.75893210375034	26.216147563686683	12.43281390852722
1.808932103749612	26.558656371216074	12.506760340400346
1.858932103750703	26.88978614859496	12.573291167619487
1.908932103749976	27.223191732004	12.583273074411588
1.958932103749248	27.542942479232412	12.667748515018985
2.00893210375034	27.866106935505986	12.797414729544583
2.058932103749612	28.163099622433506	12.938723538945847
2.108932103750703	28.487401981722133	13.305593760783557
2.158932103749976	28.79577369880004	13.182118997792722
2.208932103749248	29.092766385727558	13.271609786349558
2.278932103750776	29.509238889235093	13.614973067979996
2.338932103750267	29.904091235456676	13.523700919406568
2.408932103749976	30.262530685196722	13.535890566714237
2.478932103749685	30.6448660982528	13.579094770516967
2.538932103749175	31.001029741962707	13.504344827173162
2.608932103750703	31.342400646477095	13.19442782184934
2.678932103750412	31.696288484156955	13.335758236842358
2.75893210375034	32.09000292736351	13.4021185575882
2.828932103750049	32.40747786856185	13.248936621019501
2.908932103749976	32.76022780322666	13.237993841495861
2.978932103749685	33.07315113236482	13.309992051421615
3.058932103747793	33.441831709240304	13.351741289788306
3.138932103749539	33.787754225814865	13.378725740108028
3.228932103749685	34.14050416047971	13.47122834679771
3.308932103749612	34.483012968009106	13.465844265947373
3.388932103749539	34.811866939357884	13.410206203810722
3.478932103749685	35.14982413482714	13.526676675262092
3.578932103750049	35.5264700328079	13.595191333717858
3.678932103750412	35.88832319159315	13.496289261881593
3.778932103750776	36.24790054434823	13.522400495147302
3.878932103749321	36.62454644232908	13.858801097511593
3.978932103749685	36.95112460764782	14.246851316491297
4.07893210374823	37.27656486995145	14.272636789475774
4.178932103750412	37.61338416240558	14.323726670929712
4.278932103750776	37.9376865216942	14.557347934848092
4.378932103749321	38.30750500158476	14.450874686101477
4.488932103749903	38.73763234127287	14.630739038473216
4.608932103750703	39.09493388799784	14.751075156718358
4.728932103749685	39.437442695527245	14.855029824238594
4.838932103750267	39.80157166034256	14.908036539578946
4.958932103749248	40.13270143772148	14.746709478124206
5.078932103750049	40.47521024525083	14.293918391671802
5.208932103749248	40.83706340403607	14.365101843625789
5.338932103750267	41.20460607789652	14.482102367158364
5.478932103749685	41.57214875175699	14.273576024592478
5.608932103750703	41.90783014119611	14.356556032219709
5.738932103748084	42.19913331304834	14.329673553576706
5.878932103749321	42.54050421756269	14.420406247179459
6.028932103750776	42.902357376347894	14.415827997797399
6.178932103750412	43.23917666880199	14.279832309640602
6.32893210374823	43.58168547633138	14.161160016762
6.478932103749685	43.90826364165014	14.247750823091184
6.628932103749321	44.256461964254775	14.08518773861892
6.788932103749175	44.609211898919604	14.021496699299865
6.958932103749248	44.92782474313297	14.200739827238156
7.128932103747502	45.24416178131625	13.9155858425722
7.308932103749612	45.583256879800544	13.818589254480015
7.478932103749685	45.86887053657749	13.689705940176998
7.658932103749976	46.19317289586617	13.624190439573496
7.838932103750267	46.55388815163638	13.67221993307319
8.028932103750776	46.82812277826285	13.746221075262246
8.228932103749685	47.147873525491285	13.806521451049466
8.428932103750412	47.47786539985512	13.913321714928244
8.628932103747502	47.807857274219046	13.822045358374789
8.828932103750049	48.11281528225184	13.663384811884324
9.038932103749175	48.43597973852541	13.890330306924291
9.25893210375034	48.77507483700969	13.953680622857004
9.478932103749685	49.09027397217793	13.917314323399303
9.708932103749248	49.39523198021071	13.862219177161364
9.93893210375063	49.71953433949935	14.181146427914085
10.17893210375041	50.043836698788006	14.274330681797117
10.42893210375041	50.371552767121784	14.41573783638721
10.67893210375041	50.68675190229001	14.465218675796336
10.92893210375041	50.998537328413136	14.696569285734123
11.18893210375063	51.38314854749927	14.720854495210396
11.45893210374925	51.730208967088885	14.685254336188313
11.72893210374969	52.08751051381387	14.819745813640322
12.00893210374852	52.41295077611756	14.963024103801114
12.28893210374918	52.756597486661974	15.063079670238558
12.57893210375005	53.084313554995745	14.750205695578886
12.87893210374932	53.39496107810381	14.49974458110033
13.17893210375041	53.734056176588076	14.26567595410696
13.4889321037499	54.07315127507236	14.236097638170085
13.80893210374961	54.409970567526464	14.113233321941335
14.12893210374932	54.71265276952915	14.14393556416537
14.45893210374925	54.99030110520086	14.186173499024108
14.80893210374961	55.300948628308966	14.116268241898444
15.15893210374998	55.61387195744709	14.01194801735323
15.50893210375034	55.92565738357014	13.947786206037584
15.87893210374932	56.260200869994215	14.150287867765242
16.25893210375034	56.57881371420758	14.26793599405934
16.63893210374954	56.90084026746616	14.286057002598465
17.02893210375078	57.21262569358923	14.411683547311258
17.42893210375041	57.53010063478759	14.423660706694278
17.83893210375027	57.879436860407246	14.426736111244455
18.25893210375034	58.183256965425	14.526081940502857
18.68893210375063	58.48707707044277	14.538717254461023
19.1289321037475	58.82389636289694	14.603658209148168
19.57893210375005	59.14137130409533	15.287051271761323
20.03893210374736	59.46908737242909	15.515337677983851
20.50893210375034	59.800217149807956	15.772709907331
20.9889321037499	60.12224370306653	15.981569068821436
21.47893210374969	60.44427025632504	16.073014223609196
21.97893210374969	60.90512097741941	16.252646748904215
22.4889321037499	61.295421711580815	16.01013630096377
23.00893210375034	61.64589584021551	15.814298615571463
23.55893210374961	61.99864577488033	15.74481430730189
24.1089321037507	62.349119903515074	15.8613265086076
24.67893210375041	62.70642145024009	14.753811080693572
25.25893210375034	62.977242367821496	14.154906219062635
25.8589321037507	63.26399392761352	13.905320733897339
26.45893210374925	63.56667612961623	13.685195028968543
27.07893210375005	63.91146074317576	13.66839343433915
27.70893210374925	64.1288002190499	13.620255715400916
28.3589321037507	64.38824210648082	13.896575650562005
29.02893210375078	64.6875105994384	14.031006347859591
29.70893210374925	64.9810895773207	14.465804318800949
30.40893210374998	65.32701209389528	14.660828658806107
31.1289321037475	65.66952090142465	15.284375976333198
31.8589321037507	65.99609906674335	15.633316662572714
32.6089321037507	66.30560868683632	15.848662952899941
33.3789321037475	66.70387474210312	16.039311840388276
34.15893210374998	67.08507225214412	15.916418939780533
34.95893210374925	67.43440847776378	15.89733908219153
35.77893210375078	67.76553825514276	15.961888261727822
36.6089321037507	68.10008174156674	15.970143349007591
37.45893210374925	68.42893571291556	15.584388371926439
38.32893210375005	68.74072113903865	15.210062375297909
39.22893210374969	69.0718509164176	15.20039826784975
40.13893210374954	69.40411859681157	15.132122832111492
41.07893210375005	69.70907660484436	15.241589068135696
42.02893210375078	70.01289670986213	15.311315657414127
43.00893210375034	70.3087514937746	15.040387361321004
44.00893210375034	70.64898449527387	13.97725106767131
45.02893210375078	70.95735621235185	13.640605764580037
46.07893210374823	71.31124405003172	13.48463790338576
47.15893210374998	71.65261495454605	13.374288785042703
48.25893210375034	71.90409152087162	13.363239349697464
49.37893210374932	72.0053648892109	14.173571156051496
50.52893210374896	72.26366887362674	14.83893818026949
51.70893210374925	72.53107608216298	14.943535076596014
52.90893210374998	72.81100022386474	14.781254540971686
54.13893210374954	73.09888968667181	15.3167359379873
55.38893210374954	73.59501540123269	16.39599822521435
56.67893210375041	74.03538386805619	16.612552963971115
57.9889321037499	74.39951283287145	16.839755405056614
59.32893210375005	74.69764342281401	17.034669240456207
60.70893210374925	75.05380706652399	17.09435320576011
62.1089321037507	75.37697152279758	16.19118774436452
63.55893210374961	75.67851582178528	15.48177501393089
65.02893210375078	75.98461173283309	15.08773739915071
66.52893210375078	76.29639715895617	15.219944724056177
68.07893210375005	76.59225194286864	14.854195350382817
69.65893210374998	76.8983478539165	14.431782547082522
71.27893210375078	77.18737521973864	14.691790322027588
72.92893210375041	77.46616145842536	14.611556254918055
74.6289321037475	77.78818801168389	14.622874432458406
76.3589321037507	78.06356054132547	14.602532389113119
78.12893210374932	78.29796856242531	14.47887329660718
79.93893210374881	78.64389107899986	14.597828164157981
81.78893210374918	78.92836683276184	14.68681546076087
83.67893210375041	79.22308371365921	14.662977196955426
85.6089321037507	79.5223522066168	14.667302050430113
87.58893210375027	79.81137957243891	14.135659218963493
89.6089321037507	80.10495855032121	13.301341169240395
91.67893210375041	80.39284801312833	12.949925552876067
93.8089321037478	80.68642699101068	13.97081703337277
95.97893210374968	80.96521322969743	14.503830345391874
98.20893210374925	81.28041236486567	14.730235610043536
100.4789321037497	81.42378814476169	14.85283524997849
102.8089321037478	81.45678733219808	14.94990656755926
105.1889321037506	81.71281551058381	15.061804531024096
107.6289321037475	82.23169928544561	15.135018836858881
110.1289321037493	82.64589598292301	15.25724083252415
112.6789321037504	82.99295640251263	15.18474877439776
115.2789321037508	83.3001902165755	15.092267356690915
117.9389321037506	83.60287241857824	15.067047237637402
120.65893210375	83.9078304266111	14.369079691152006
123.4589321037493	84.21734004670405	12.521729810049639
126.3089321037496	84.5200222487068	12.432784618497426
129.2289321037497	84.81132542055897	12.480352749040266
132.2089321037493	84.93080523713903	12.705232036981775
135.2589321037503	84.95697700648515	13.396812472279665
138.3789321037475	85.0468713446739	13.842188136248438
141.5789321037501	85.13335197381757	13.892545665828866
144.8589321037507	85.5168252898887	13.89220230224007
148.2089321037493	85.86729941852337	13.675811704184193
151.6289321037493	86.21549774112803	14.031332172723088
155.1289321037493	86.66269362604181	14.599282054886217
158.7089321037493	87.05754597226338	15.763504786713376
162.3789321037475	87.3670555923564	15.881129290885024
166.1289321037475	87.66404827928389	14.928783624884849
169.9789321037497	87.90300791244393	13.924614649400427
173.90893210375	88.10214094007729	12.9816071883626
177.9289321037504	88.25917155615392	12.18518397092056
182.0389321037474	88.60964568478862	8.952188176247876
186.2389321037499	88.7200222772483	9.205247471522632
190.5389321037492	88.88160450538504	6.440000015202707