9.999999997489795e-05	32.3385187404499	35.833759345881575
0.0001999999999497959	64.67703748082845	57.475490300545324
0.0002999999999246938	90.54785247311709	105.38879988643855
0.0003999999998995918	129.3540749615856	140.5412364474811
0.0004999999998744897	161.69259370203554	221.3486660503765
0.0005999999998493877	213.43422368661277	266.4260759867242
0.0006999999998242856	252.24044617508127	298.5254828860651
0.0007999999997991836	297.5143724116397	392.31454407633794
0.0008999999997740815	349.2560023962169	472.8259801234328
0.001009816608529945	407.46533612895547	533.689068932134
0.001133032870257011	472.1423736097126	646.0447165709372
0.001271283789719746	556.2225223347398	730.3114741494423
0.001426403872756055	640.3026710596959	786.489362126103
0.001600451468448227	737.3182272809032	955.0229068700954
0.001795736082840449	860.2045984943982	1123.556490597304
0.002014849023908027	996.0263772040737	1292.0901493354067
0.002260697787505706	1157.7189709059678	1460.623862390639
0.002536544637223415	1332.3469721040397	1657.246607131827
0.002846049893150848	1539.3134920425614	1938.1362369461867
0.003193320502077768	1778.6185307214646	2190.937085986111
0.003582964533734412	2043.7943843926537	2443.7381231271215
0.004020152327939286	2341.308756804221	2752.7172682555924
0.004510685100967748	2677.6293517042586	3145.963576343073
0.005061071924728822	3065.6915765889435	3454.9432832871066
0.005678616098066414	3473.15691271783	3763.9234652484583
0.006371512056830397	3932.3638788313638	4185.2599856437
0.00714895410965255	4436.844771181455	4522.330080578013
0.008021258440066958	4973.664182271923	4859.400852671706
0.008999999996376573	5555.757519598882	5252.650389568901
0.01009816608461733	6183.12478316247	5533.544518064275
0.01133032870143325	6829.895157970252	5758.261480815244
0.01271283789628797	7509.004051518419	6039.157522612202
0.0142640387261963	8220.451463806956	6235.787239850581
0.01600451468357278	8944.83428359176	6376.239887987412
0.01795736082704025	9688.620214620667	6516.693645153402
0.02014849023839815	10445.341553145763	6572.880986428135
0.02260697787369281	11202.06289167088	6629.069756145078
0.02536544637018778	11971.719637692153	6657.170393818719
0.02846049892900737	12734.908679965343	6685.272847454686
0.03193320501691233	13511.033129734704	6741.466158837219
0.03582964533393351	14287.157579503993	6741.482612067258
0.04020152327575488	15063.282029273365	6769.590742037364
0.04510685100649425	15845.874182790758	6825.790899914361
0.05061071924478711	16634.93404005632	6881.993984368737
0.05678616097816303	17430.46160106988	6825.840398053779
0.06371512056648498	18206.586050839207	6853.960884281029
0.07148954109356964	19008.58131560084	6910.173731670693
0.08021258439657686	19797.641172866315	6882.1216466775
0.08999999996012775	20593.168733879942	6910.254138146296
0.1009816608425354	21388.696294893547	6910.301669090607
0.1133032870113766	22184.22385590702	6862.0164881233995
0.1271283789599238	22968.621944004928	6881.672305740831
0.1426403872585524	23768.66114912503	6889.761530384161
0.1600451468327719	24554.906574846533	6829.925623298832
0.1795736082679014	25341.152000568036	6859.9657284228815
0.2014849023821626	26134.29431598888	6890.016073931371
0.2260697787360186	26927.43663140976	6920.079704159316
0.2536544637018778	27727.475836529815	6980.114456537771
0.284604989289619	28534.41193134928	7010.20736132548
0.3193320501693506	29341.34802616874	7100.238298083148
0.3582964533400173	30168.974790086057	7250.2087037915535
0.4020152327584583	31010.395333402026	7400.210029618595
0.4510685100653973	31872.506545815995	7610.167562747945
0.5061071924478711	32762.20531702715	7790.20198357642
0.5678616097814029	33665.69786763699	8030.216119634908
0.6371512056643951	34610.571756442674	8270.278043702809
0.7148954109361512	35569.23942464703	8510.416924856969
0.8021258439662233	36569.28843104721	8840.527589824533
0.8999999996026418	37603.82188594388	9140.767327814234
1.009816608426036	38672.83978933716	9471.088437326194
1.133032870114676	39783.239030926256	9801.53287110198
1.271283789599465	40928.12272101201	10162.107997268904
1.426403872585524	42121.28463899292	10522.845677387315
1.600451468328856	43348.93100547034	10913.781002956188
1.795736082679696	44631.75248954228	11334.92133382194
2.014849023822535	45955.95531181006	11649.713848757348
2.260697787361096	47310.81262915846	12070.706217270617
2.536544637018778	48731.39722472294	12581.651846657294
2.846049892895735	50203.240027343985	12966.37924242861
3.193320501693052	51711.695835005296	13287.851347265554
3.5829645334004	53256.76464770681	13737.3476502362
4.020152327584583	54867.73686948108	14219.308561569049
4.510685100654882	56522.64469730365	14542.567785901112
5.06107192447962	58206.84292915853	14898.534280537882
5.67861609781562	59942.29936806992	15319.168062767667
6.371512056645315	61721.691413029585	15645.059423440474
7.148954109363558	63530.37386202158	15876.247179010717
8.021258439663825	65361.024114037704	16204.577234167082
8.999999996028237	67242.93257311026	16540.663871624787
9.999999996028237	68985.71161302965	16721.168364677447
10.99999999602824	70574.71603177962	16902.341547266962
11.99999999602824	72039.23623339269	17008.801646151816
12.99999999602824	73404.32809756613	17165.09506562495
13.99999999602824	74658.91199705521	17299.691726569155
14.99999999602824	75851.54113607586	17449.26390612011
15.99999999602824	76966.72682451062	17602.666660050614
16.99999999602824	78035.44644259398	17574.685258084395
17.99999999602824	79034.46695515022	17681.149183568676
18.99999999602824	79963.78836217923	17677.63574288863
19.99999999602824	80869.87673403256	17774.269088973288
20.99999999602824	81729.49903553443	17825.287930556904
21.99999999602824	82550.39961174334	17944.896223762
22.99999999602824	83348.06715277678	17997.011940990687
23.99999999602824	84091.52427839987	18024.963085742227
24.99999999602824	84819.49271390593	18037.469347000617
25.99999999602824	85524.22811423634	18104.49226319118
26.99999999602824	86190.24178927371	18182.356051269973
27.99999999602824	86833.0224291355	18178.02985935771
28.99999999602824	87475.80306899722	18191.262695083584
29.99999999602824	88079.86198356611	18247.00153233295
30.99999999602824	88652.94351790067	18229.765373757684
31.99999999602824	89233.76939729387	18252.301422684654
32.99999999602824	89783.61789645262	18235.028854332933
33.99999999602824	90317.97770549444	18231.58064641997
34.99999999602824	90829.10447936045	18341.548251938213
35.99999999602824	91332.48690816783	18362.710308207297
36.99999999602824	91828.12499191657	18329.98367612506
37.99999999602824	92300.53004048979	18355.15601393148
38.99999999602824	92772.93508906272	18408.12483620243
39.99999999602824	93237.59579257722	18478.121661781013
40.99999999602824	93671.27911585759	18455.703165269693
41.99999999602824	94112.70678419636	18475.91945263014
42.99999999602824	94530.90141735945	18518.18047219811
43.99999999602824	94941.3517054637	18480.054074176198
45.99999999602824	95746.7635915557	18476.295939588297
47.99999999602824	96513.45375235466	18528.48968191215
49.99999999602824	97241.42218786072	18545.11763985889
51.99999999602824	97938.41324313251	18526.15748478697
53.99999999602824	98627.65995334572	18542.62132297111
55.99999999602824	99278.18493826597	18592.16100942715
57.99999999602824	99903.97243438892	18654.880438274147
59.99999999602824	100516.09409571183	18601.324786972065
61.99999999602824	101111.89251273287	18629.046452393075
63.99999999602824	101675.04444114989	18706.682348581468
65.99999999602824	102230.03474741621	18692.876717746018
67.99999999602824	102760.54018722937	18721.448738020583
69.99999999602824	103282.88400489156	18707.26889233819
71.99999999602824	103797.06620040296	18761.10939590662
73.99999999602824	104278.60190731045	18733.243646219755
75.99999999602824	104760.1376142176	18758.46678676815
77.99999999602824	105225.35007682303	18715.88613975434
79.99999999602824	105682.40091727763	18746.929216664128
81.99999999602824	106114.96689127912	18731.478004869834
83.99999999602824	106547.53286528071	18773.77759870365
85.99999999602824	106963.77559498046	18718.218382840543
87.99999999602824	107363.695080378	18748.843028248466
90.99999999602824	107975.8167417009	18774.803324236433
93.99999999602824	108547.13029226896	18800.138059043606
96.99999999602824	109093.95897638414	18776.562492762823
99.99999999602824	109640.78766049935	18874.27588891335
102.9999999960282	110171.29310031256	18812.33934276962
105.9999999960282	110677.31367367294	18865.2524030189
108.9999999960282	111158.84938058026	18891.0583770226
111.9999999960282	111648.54670963879	18832.342432956262
114.9999999960282	112113.75917224417	18835.61565331157
117.9999999960282	112570.81001269857	18825.887833091747
120.9999999960282	113003.37598670006	18855.404039518548
123.9999999960282	113435.94196070169	18894.79313551035
126.9999999960282	113844.02306825014	18803.433770395182
129.9999999960282	114260.26579794998	18793.78444902516
132.9999999960282	114652.02366119667	18878.73681323368
136.9999999960282	115174.3674788588	18870.9466960624
140.9999999960282	115672.2264300682	18881.764724922952
144.9999999960282	116145.60051482459	18886.877614588928
148.9999999960282	116635.297843883	18904.524303506936
152.9999999960282	117084.18706218652	18868.81307253511
156.9999999960282	117533.0762804899	18920.79996247801
160.9999999960282	117965.64225449164	18891.37912977688
164.9999999960282	118390.04660634212	18930.851210147433
168.9999999960282	118789.96609173979	18903.360206581496
172.9999999960282	119189.88557713758	18901.796544978988
176.9999999960282	119589.805062535	18901.736067900485
181.9999999960282	120055.01752514047	18924.667680096078
186.9999999960282	120512.06836559498	18880.498290038842
191.9999999960282	120969.11920604961	18935.608097925513
196.9999999960282	121393.52355790003	18955.73422284115
201.9999999960282	121817.92790975077	18915.30178140195
206.9999999960282	122234.1706394504	18972.541672152147
211.9999999960282	122625.92850269694	18953.526889272154
216.9999999960282	123017.68636594363	18923.35571325406
222.9999999960282	123474.73720639813	19000.5101601096
228.9999999960282	123915.46480255078	18995.515113913418
234.9999999960282	124348.03077655226	18901.852751776154
240.9999999960282	124756.11188410083	19030.01219163378
246.9999999960282	125164.19299164946	19004.269924763244
252.9999999960282	125564.11247704715	18993.319474641467
258.9999999960282	125947.70871814282	18973.781588543196
264.9999999960282	126306.82009278552	18980.91154753215
271.9999999960282	126747.5476889382	18941.76932120248
278.9999999960282	127155.62879648675	19025.423480194382
285.9999999960282	127555.54828188458	18942.618549293253
292.9999999960282	127939.14452298015	18987.476032927643
299.9999999960282	128322.8089259417	19065.190309330916
306.9999999960282	128674.33968842229	18922.32950977476
314.9999999960282	129103.03574022755	18959.018694451122
322.9999999960282	129488.86218685236	18997.974067556785
330.9999999960282	129883.26255451328	18986.258252635213
338.9999999960282	130260.51508010224	18970.174565012134
346.9999999960282	130612.04584258258	19049.77756084522
355.9999999960282	131015.02013127966	18905.060585479758
364.9999999960282	131409.4204989406	19038.18021614555
373.9999999960282	131778.0991034931	18950.133381944914
382.9999999960282	132146.7777080458	19001.686125455577
391.9999999960282	132498.3084705261	18972.07786195347
401.9999999960282	132884.1349171511	19053.023919291278
411.9999999960282	133244.23960066758	18997.540315897393
421.9999999960282	133621.49212625634	19038.86182369812
431.9999999960282	133964.4489677006	19059.11818597807
441.9999999960282	134315.97973018084	18957.357855591286
452.9999999960282	134676.0844136975	19015.453319640925
463.9999999960282	135036.18909721397	19004.302566982802
474.9999999960282	135370.57201762215	19110.941928635475
485.9999999960282	135722.10278010264	19014.21140907344
497.9999999960282	136073.63354258315	18990.47455942198
509.9999999960282	136399.4425419551	18986.011312944916
521.9999999960282	136742.3993833993	19004.65780940714
534.9999999960282	137093.93014587995	18983.24469515639
547.9999999960282	137445.4609083604	18908.98287552787
560.9999999960282	137771.26990773223	18863.406775601998
573.9999999960282	138079.93106503226	19321.157064124352
587.9999999960282	138422.88790647654	19186.33857522906