0.0002777780755423009	0.8693988744641299	0.0131109241818107
0.0005555559182539582	0.8784866675770571	0.33008663576034564
0.0008333335863426328	1.0875059091729928	0.8915101446639965
0.00111111142905429	1.4207249899781234	1.4081180820724315
0.001388889097142965	1.7781781857508283	0.8117494983541101
0.001666666765231639	1.808470829460354	0.7469624650705592
0.001944444782566279	1.9993144848305513	2.0333564974987373
0.002222222625277937	2.362826209345092	0.26461582381862025
0.002500000293366611	2.1386606458945088	0.8617896965390789
0.002777778136078268	2.4900553129252625	3.2698597216163674
0.003055555804166943	3.1716397963902847	2.170302062809855
0.003333333472255617	3.065615543406829	2.5749932040808488
0.003611111489590257	3.1201423020839316	1.4198191555279633
0.003888889157678932	3.386717566728172	2.255396954183718
0.004166667000390589	3.5351515209048268	2.734519851166765
0.004444444843102247	3.7078195900494	2.794180044752062
0.004722222511190921	3.859282808597147	2.992226501435863
0.005000000179279596	4.077389843305893	2.4679675693146366
0.00527777784736827	4.231882326224612	2.733738629890279
0.00555555586470291	4.2742920274179275	2.686602444497252
0.005833333707414568	4.449989360933476	2.625719168258699
0.006111111375503242	4.725652418690299	2.936018050001995
0.006388889218214899	4.801384027964229	3.552392372950073
0.006666666886303574	4.8801449016091345	3.5185734418664643
0.006944444554392248	5.05281297075348	3.328000262004016
0.007222222571726888	5.213363982414151	3.475742853145497
0.007500000239815563	5.325446764139559	4.000821957238148
0.00777777808252722	5.507202626396829	3.5905656157637256
0.008055555925238878	5.604139086267472	3.8186545792296362
0.008333333593327552	5.767719362299005	3.9273625163182793
0.008611111261416227	5.8343631784600065	3.615378820191883
0.008888889278750867	5.934328902701512	3.9452372161994127
0.009166666946839541	6.13426035118452	4.047230414291683
0.009444444789551198	6.219079753571375	3.9175592133704455
0.009722222457639873	6.331162535296669	4.090132046719882
0.01000000030035153	6.476567225102578	4.48047991558794
0.01027777796844021	6.591679271198845	4.254960099909046
0.01055555563652888	6.6855864666985125	4.455969294256831
0.01083333365386352	6.773435133456231	4.529409454390877
0.01111111149657518	6.9370154094877625	4.457532582822041
0.01138888916466385	7.052127455584031	4.517933992236862
0.01166666700737551	7.155122444196626	4.741994786632985
0.01194444467546418	7.282351547776681	4.750368446508539
0.01222222234355286	7.37928800764721	4.977112483788832
0.01277777802897617	7.57619019175936	4.945217048305847
0.01333333371439949	7.797326490839082	4.867548814275836
0.01388888905057684	8.009374996805992	5.05086391971835
0.01444444473600015	8.233540560256692	5.137523994390084
0.01500000024680048	8.394091571917247	5.306120347899849
0.01555555575760081	8.594023020400373	4.855701504348571
0.01611111144302413	8.772749618286666	5.1781854151602404
0.01666666695382446	8.97571033114077	5.475105714208482
0.01722222246462479	9.06052973352751	5.259437343135443
0.01777777815004811	9.302870883203944	5.330341835292943
0.01833333366084844	9.478568216719268	5.654794033570079
0.01888888917164877	9.654265550234703	5.766690314981232
0.01944444450782612	9.796640975669636	6.188716465938217
0.02000000036787242	9.932957872362614	6.031582174052773
0.02055555587867275	10.145006378329525	5.83445797763485
0.0211111112148501	10.329791504957768	6.0152060475896505
0.02166666690027341	10.478225459134544	6.30079740178528
0.02222222258569673	10.632717942053258	6.478072101324036
0.02277777792187408	10.74480072377867	6.263603430524326
0.02333333360729739	10.926556586035941	6.160595554650387
0.02388888929272071	11.090136862067476	6.490217157541745
0.02444444462889805	11.238570816244362	6.349392624991819
0.02527777815703303	11.441531529098334	6.818017324467197
0.02611111133592203	11.64449224195244	6.722457908797856
0.02694444468943402	11.911067506596455	6.733319483482029
0.02777777804294601	12.056472196402357	6.803996386753831
0.028611111396458	12.304871874820632	6.889015601768185
0.02944444474996999	12.49571553019083	7.341321418091265
0.03027777810348198	12.686559185561029	7.150219194446021
0.03111111145699397	12.868315047818411	7.466393112810459
0.03194444481050596	13.056129438817525	7.297796378898067
0.03277777816401795	13.307558381606885	7.557675417200752
0.03361111151752994	13.480226450751342	7.648895556610777
0.03444444469641894	13.655923784266777	7.757085500911553
0.03527777787530795	13.852825968378811	7.747681280197567
0.03611111140344292	14.016406244410458	7.856851206059589
0.03694444458233193	14.210279164151519	7.709543052263918
0.03805555595317856	14.437473991973189	7.924947552845953
0.03916666697477922	14.655581026682055	7.9214990434153165
0.04027777799637988	14.876717325761662	8.022980624480605
0.04138888919260353	15.103912153583448	8.36943358680749
0.04250000038882718	15.33413624577598	8.34880083760345
0.04361111141042784	15.53406769425911	8.417960011325972
0.04472222260665149	15.730969878371145	8.419683795385227
0.04583333345362917	16.0036036717571	8.718063830340672
0.0469444448244758	16.18838879838547	8.71537475347711
0.04805555584607646	16.39134951123934	8.762624805249288
0.04916666686767712	16.576134637867707	8.958119441558319
0.05055555590661243	16.800300201318407	9.080274816000866
0.05194444477092475	17.07899252344631	9.005622941997114
0.05333333363523707	17.318304408751775	9.107024011040714
0.05472222232492641	17.560645558428213	9.237954881709811
0.05611111136386171	17.778752593136957	9.520141974121405
0.05750000040279701	18.01503521407145	9.450658095522297
0.05888888926710933	18.260405628118857	9.46184705732897
0.06027777813142166	18.463366340972843	9.5736696990188
0.06194444483844563	18.711766019391234	9.670423546875677
0.06361111119622365	18.993487605890017	9.77983558386301
0.06527777790324762	19.238858019937418	9.770276724056977
0.0669444446102716	19.48725769835581	9.890061256136782
0.06861111131729558	19.73262811240323	10.071009337934935
0.07027777802431956	19.971939997708684	10.246582956562452
0.07194444473134354	20.211251883014143	10.189442606916332
0.07361111143836752	20.45056376831961	10.3090194974749
0.07555555581348017	20.701992711108854	10.437703212497222
0.07750000018859282	20.971597240123845	10.54008225982924
0.07944444456370547	21.259377355364695	10.579569349848162
0.08138888928806409	21.504747769412106	10.523770860023504
0.08333333366317675	21.765264505314164	10.728395347048417
0.0852777780382894	22.013664183732544	10.958023886610075
0.08750000025611371	22.295385770231437	11.098242994643096
0.08972222247393802	22.555902506133616	11.015082702775452
0.09194444451713935	22.792185127068105	11.14439715243844
0.09416666690958664	23.09208229979273	11.237392723063515
0.09638888912741095	23.37077462192053	11.267409775590705
0.09888888901332393	23.67673032338699	11.366351545105228
0.1013888892484829	23.946334852401986	11.603288154041616
0.1038888891343959	24.22502717453001	11.774481183232028
0.1063888891949318	24.50977802539977	11.583525953447282
0.1088888892554678	24.76726549693095	11.683768116101241
0.1116666669840924	25.067162669655474	11.837169722207284
0.1144444447127171	25.379176899864007	11.917960717073681
0.1172222226159647	25.65181069324998	12.030274595844551
0.1200000001699664	25.900210371668244	12.186215129305332
0.122777778073214	26.197078280021895	12.33104575976199
0.1258333336445503	26.527268096456062	12.337091877234174
0.1288888890412636	26.80596041858397	12.4730251739797
0.1319444447872229	27.09979906256665	12.663881310451414
0.1350000003585592	27.408784028403975	12.775618845185761
0.1383333335979842	27.7177689942414	12.897609933268418
0.1416666670120321	28.00251984511129	12.887342398246954
0.1450000000768341	28.329680397174457	13.058291478773164
0.1486111115082167	28.656840949237633	13.208476086910611
0.1522222225903533	28.93856253573653	13.214392859379274
0.15583333367249	29.271781616541542	13.417540425924086
0.1594444447546266	29.577737318008122	13.597478400669816
0.1633333336794749	29.898839341329346	13.50486119879403
0.1672222226043232	30.2290291577635	13.487755060320644
0.1711111113545485	30.538014123600945	13.922650098093404
0.1752777781221084	30.8924380550027	14.002008942497872
0.1794444447150454	31.216569342694886	14.045658247078459
0.1836111113079824	31.516466515419477	14.308205311419204
0.188055555918254	31.831510009998894	14.285496147699954
0.1925000001792796	32.20713879199736	14.636849873868353
0.1969444447895512	32.54944566591529	14.449533616438334
0.2016666670679115	32.87660621797848	14.808902785322376
0.2063888891716488	33.246176471235046	14.961380294301193
0.2113888892927207	33.5763662876691	15.120599736860608
0.2163888892391697	33.97319992026428	15.069957276646393
0.2213888891856186	34.26703856424694	15.180697241007545
0.2266666669747792	34.67598925432589	15.409963908823798
0.2319444447639398	35.012237599502015	15.333046871475842
0.2375000003958121	35.36060300216178	15.799171939285987
0.2430555558530614	35.721085462305446	15.518114288753779
0.2488888891530223	36.10277277304583	15.829895723772841
0.2547222226276062	36.47537229067343	15.815384193303263
0.2608333335956559	36.83585475081714	16.15905567039472
0.2669444445637055	37.26298102712179	16.366179479604348
0.2733333337237127	37.59922937229777	16.440114046318897
0.279722222534474	37.96879962555441	16.653169376019836
0.2863888890133239	38.37472105126235	16.79286191457807
0.2930555558414199	38.789730270083254	16.822558999488628
0.3000000003376044	39.18353463830742	16.94105196059773
0.306944444833789	39.55613415593501	17.273045425722085
0.3141666669980623	39.980231167868766	17.326073960663393
0.3216666668304242	40.392211122318656	17.498906930847802
0.3291666670120321	40.749664318091334	17.451735741228983
0.3369444446871057	41.2070832381057	17.62239515178717
0.3447222223621793	41.606946135071794	17.843005889422276
0.3527777780545875	41.988633445812205	17.882785540669765
0.3611111114150845	42.43090604397166	18.00432763675786
0.3694444446009584	42.830768940937816	18.357983213596373
0.3780555558041669	43.25789521724235	18.239487556189264
0.3869444446754642	43.688050757918106	18.58368188884364
0.3961111112148501	44.12426482733564	18.955189020819713
0.405277778103482	44.55139110364042	18.837147637700703
0.4147222224855796	44.9906344374289	19.18255549547189
0.4244444445357658	45.41776071373368	19.305356760056714
0.4344444447779097	45.9054722774574	19.240960876307422
0.4447222225135192	46.37803751932638	19.490748052124196
0.4550000002491288	46.78395894503448	19.61639404384988
0.46555555582745	47.2656119800164	19.738716787721618
0.4763888892484829	47.720001635659735	20.00527531563128
0.4875000003376044	48.13198159010968	19.97963904542967
0.4988888892694376	48.619693153833374	20.004995525710257
0.5105555558693595	49.08014133821856	20.44902465484087
0.5225000003119931	49.54967731571667	20.444685434758327
0.5347222225973383	50.037388879440535	20.714144833511885
0.5472222225507721	50.51601265005148	20.97934042265697
0.5600000003469177	50.98857789192054	20.94046083657084
0.5730555556365289	51.500523570611975	21.196861405050477
0.5863888892927207	51.98217660559388	21.267443327322752
0.6000000002677552	52.49715154865629	21.400406305669353
0.6138888892601244	52.96668752615435	21.5697685504331
0.6280555559205823	53.43925276802336	21.682780692778657
0.6427777780918404	53.960286239827674	21.939271750826066
0.6577777779311873	54.44496853918062	22.166426583538232
0.6730555557878688	54.95994348224301	22.193093716195385
0.688611111487262	55.471889160934424	22.387598624502765
0.7047222225228325	55.97171778214207	22.651162147698155
0.7211111114011146	56.54121948388163	22.898642300099805
0.7377777781221084	57.071340748798846	23.080802922398746
0.7550000001792796	57.59540348497412	23.365392449287082
0.7725000002537854	58.110378428036604	23.440295016289674
0.7905555556644686	58.64958748606662	23.710825936025604
0.8088888892671093	59.222118452177114	23.770983601072395
0.8277777778566815	59.74921045272339	24.008240811024983
0.8469444446382113	60.32779994757586	24.177702680422403
0.8666666667559184	60.860950476864005	24.23958244855106
0.8866666670655832	61.41530585674886	24.618490863150125
0.9072222223621793	61.99692461597229	24.52682760905419
0.9283333335188217	62.5846019039376	24.833083251489185
0.9500000003608875	63.148045076935254	24.880841710393153
0.9719444446964189	63.67513707748143	25.126623044715945
0.9944444447173737	64.29613627352741	25.36572295974437
1.017500000249129	64.84746238904123	25.659164199241125
1.041111111466307	65.44119820574852	25.5562103171354
1.065277778019663	66.0319047580847	26.021859490473386
1.090000000258442	66.61958204605016	26.454812026637317
1.115277778182644	67.23149344898312	26.571142635982984
1.141111111443024	67.8797560243675	26.91093373526127
1.167500000388827	68.44016993299432	27.026841778034274
1.194444444845431	69.10357883023354	27.28749980045636
1.2222222223063	69.73366581939219	27.49761040643798
1.250555555627216	70.38192839477672	27.786142608302285
1.279444444808178	71.00898611956438	27.70496356275003
1.309166666993406	71.62998531561024	28.30150225614574
1.339444444689434	72.27824789099473	28.30163961141949
1.370555555738974	72.91439340889536	28.45154136617003
1.402222222473938	73.58991936361836	28.522737383301827
1.434722222562414	74.22000635277713	28.823109433722127
1.468055555655155	74.91976642246779	29.13920211527326
1.501944444782566	75.58317531970707	29.206092418101157
1.536666666914243	76.24355495257524	29.514393068906337
1.572222222399432	76.90696384981455	29.579930185781155
1.608611111412756	77.60369465513435	30.005746495477098
1.645833333604969	78.29436693171203	30.102325282410042
1.683888888976071	78.95777582895133	30.090089149046314
1.722777777875308	79.66056516301292	30.31840936426214
1.762777778145392	80.35426670396167	30.754931739879805
1.803611111419741	81.08129015299102	30.8421406833159
1.845277778047603	81.79922580890747	30.983370892808153
1.888055555871688	82.46263470614663	31.187268696962914
1.931666667049285	83.17451183332115	31.479430384498027
1.976388889248483	83.93788645480187	31.72235090467047
2.022222222469281	84.65582211071833	32.0159306473903
2.068888889218215	85.37678703100573	32.12716209411588
2.116666666988749	86.08563489380917	32.52080975077806
2.165555555955507	86.85506804403192	32.85828402276527
2.215555555943865	87.60026707928685	32.850514729468514
2.266666666953825	88.39090508010624	32.85629510246393
2.319166667002719	89.1361041153612	33.376629582299024
2.372777778073214	89.88736167935815	33.67166556981581
2.427500000339933	90.67497041580663	33.887074106900215
2.483611111470964	91.43531577291641	33.89064484916785
2.541111111466307	92.15325142883279	33.960836769159606
2.599722222483251	92.99235765958743	34.23294421687985
2.659722222539131	93.76784933855201	34.45342741150512
2.721111111459322	94.58575071871	34.700147550048655
2.783888889069203	95.3309497539649	34.7778074578315
2.848333333735354	96.13976334101008	35.29839091992462
2.914166666916572	96.94554766368424	35.221509282242394
2.981388889136724	97.74527345761638	35.5466528938965
3.050277778063901	98.59043821711292	35.66404432068969
3.120833333698101	99.36895916044851	35.957973475666435
3.193055555864703	100.20503612683206	36.25818022061664
3.266944444563706	101.02899603573196	36.36370173765786
3.342500000318978	101.88021932397045	36.56685185014664
3.419722222606652	102.72538408346689	36.67050901722499
3.498611111252103	103.53722693488297	36.88628764230677
3.579444444796536	104.4126843380891	36.989015526110656
3.662222222541459	105.24270277573099	37.21911800112983
3.746944444836117	106.09089679959834	37.36231595047826
3.833611111505888	106.96029567406256	37.420578816823095
3.922222222550772	107.7872848473334	37.68679197593386
4.012777778145392	108.64456666431374	37.548992961762984
4.105555555957835	109.52002406751988	37.780617813015326
4.200277778145392	110.4015399994679	37.9967364543488
4.297222222550772	111.25882181644816	38.247609741799515
4.396388889173977	112.13124995528337	38.34960216294757
4.497777778015006	112.97338545040888	38.679480985262664
4.601666666916572	113.85490138235691	38.78001673586548
4.708055555878673	114.75156363615979	38.85671745025889
4.816666667058598	115.67548926930108	38.880383931651785
4.927777777949814	116.52368329316859	39.32998375753508
5.0416666669189	117.45669671942294	39.47522344582929
5.158055555948522	118.3533589732257	39.82217843827976
5.277222222532146	119.2530504913995	39.86096005841403
5.399166667019017	120.11639083712156	39.8574427368048
5.52388888905989	121.09181396456938	40.055270090077464
5.651388889004011	121.96727136777537	39.96572018587578
5.781944444694091	122.92754817336831	39.97104364799534
5.915277778112795	123.83026895591303	40.21300698014369
6.051944444770925	124.75419458905431	40.4988074757753
6.191666667000391	125.64782757848614	40.18288016109034
6.334722222469281	126.55963615414366	40.22300750974229
6.480833333509509	127.45629840794652	40.14918472724821
6.630555555806495	128.41051668479733	40.172182811958834
6.78361111151753	129.33747158230986	40.19558518831078
6.940277778136078	130.2401923648544	40.4509928956721
7.100555555836763	131.12473756117333	40.64687353501398
7.264444444619585	132.06683878054054	40.688398883830736
7.432222222501878	132.97561809182704	40.64543540457544
7.603611111466307	133.9025729893394	40.66280281319067
7.779166666849051	134.85376200181943	40.85520874335813
7.958611111505888	135.80798027867053	41.06260981204065
8.14222222258104	136.713730325586	40.90696847584077
8.330000000249129	137.65583154495312	41.07413763194821
8.522222222352866	138.58581570683646	41.2592218688278
8.718888889241498	139.53094619057455	40.96080244527113
8.920000000216532	140.46093035245792	40.961856981422024
9.12583333364455	141.36668039937345	41.04716693420727
9.336388889176305	142.31181088311152	41.04693202629214
9.551944444829132	143.2811754818172	40.971841230036915
9.772222222585697	144.16269141376526	40.83104656504667
9.997777778131422	145.11690969061615	40.752471672652284
10.2283333336236	146.04083532375753	40.80917728855192
10.46444444457302	146.98293654312465	40.72065473158771
10.70583333366085	147.8947451187822	40.514949440383056
10.95277777785668	148.80655369443988	41.009487148818096
11.20555555570172	149.71836227009734	41.00082685448146
11.46416666702135	150.63622937449685	41.471426860668196
11.72861111146631	151.56015500763814	41.83954036180468
11.99916666705394	152.4810513764087	42.29683117060209
12.27611111145234	153.47465009008192	42.888521517211196
12.55944444483612	154.42583910256192	43.13453209564277
12.84916666703066	155.45578898868683	43.581842722441884
13.14555555587867	156.47968034606967	44.04063988906323
13.44888888922287	157.49448391033974	44.27124307300283
13.75916666706326	158.53958011831944	44.62575908880624
14.07666666706791	159.50591545265408	44.68620598637703
14.40138888923684	160.5237482812951	44.46576937232317
14.73361111141276	161.55066890304903	44.15210045204291
15.07361111143837	162.52306276612552	44.01388081576983
15.42138888913905	163.5954223534439	43.91340583139238
15.77722222253215	164.55872842340756	43.77507012111146
16.14111111144302	165.5371808152262	43.649520552886045
16.5133333337144	166.48836982770626	43.40363915477687
16.89416666683974	167.46985148389572	43.37175384905469
17.28388888918562	168.49071357690775	42.87210059411143
17.6825000004028	169.4237270031619	42.98685576645378
18.09027777815936	170.4112671880934	42.96605516459555
18.5075000001234	171.38063178679914	43.01160543493036
18.93444444483612	172.3439378567629	42.93935346027026
19.3711111114244	173.30118539798474	42.69380624661162
19.81805555574829	174.28872558291616	42.91477923375827
20.27527777815703	175.26111944599296	42.82921269593879
20.74305555579485	176.2213962515857	42.82358800409014
21.22138888918562	177.1847023215496	42.80677980499798
21.71083333349088	178.14800839151346	43.00253636823102
22.21166666672798	179.12949004770294	42.82598002337157
22.72388888924616	180.09582538203765	42.782626014552676
23.2480555556831	181.0621607163724	42.64474733527833
23.78416666673729	182.01940825759436	42.62553672277336
24.33277777809417	183.0190655000095	42.541358351796426
24.89388888922986	183.9641959837476	42.48590772159789
25.46805555565516	184.92447278934048	42.320006847973495
26.05555555591127	185.85142768685276	42.465682944546984
26.65666666679317	186.80867522807478	42.407807781574135
27.27138888917398	187.7507764474418	42.29791489829524
27.900277777866	188.7171117817766	42.374947960427924
28.54388888907852	189.64406667928887	42.3604441488234
29.20222222228767	190.6406946573332	42.60118524026541
29.87583333352814	191.58279587670043	42.61519812955545
30.56500000029337	192.55518973977706	42.72094409915404
31.27000000007683	193.51546654536983	42.63888430829677
31.99111111141974	194.46968482222076	42.759684867954235
32.7288888891344	195.44813721403938	42.61108561415112
33.48361111141276	196.4053847552612	42.73220818612019
34.25583333341638	197.36869082522506	42.962464596123695
35.04583333368646	198.3138213089632	43.04417489976856
35.85416666703532	199.265010321443	43.03141169986383
36.68111111148028	200.22528712703604	43.006145998135125
37.52722222253215	201.1916224613708	42.966807366141616
38.39277777803363	202.21248455438263	42.99469875003646
39.27833333367016	203.1879076818302	42.99557433573382
40.1841666669352	204.13606742993937	43.2015107316539
41.11083333368879	205.10543202864497	43.19126430845376
42.05888888926711	206.0505625123831	43.27746520643742
43.02888888918096	207.0168978467178	43.13309103799646
44.02138888911577	207.95899906608506	43.15181273042481
45.03666666691424	208.95259777975835	43.277671455494556
46.07527777791256	209.9068160566093	43.309347079132706
47.13777777814539	210.88829771279876	43.381940798013844
48.22500000026776	211.87280863335926	43.68654992791061
49.33722222229699	212.84823176080684	44.06022800460994
50.47500000026776	213.82062562388353	43.98607718244669
51.6391666670097	214.79301948696016	44.278419783231286
52.83000000036554	215.75026702818224	44.3274362068719
54.04833333368879	216.7802169143069	44.40337021697745
55.29472222231561	217.80107900731898	44.670690037028116
56.5700000001234	218.77347287039555	44.72127814725449
57.87472222262295	219.78827643466573	45.03094147618224
59.20944444480119	220.775816619597	45.259483439818794
60.57500000036089	221.77244459764148	45.080866003793965
61.97194444463821	222.80239448376616	45.22948562104622
63.40111111133592	223.7808468755848	45.215249498794115
64.86333333363291	224.81685529045143	45.17385085764293
66.35916666703997	225.8195417972378	45.461623119021496
67.889444444736	226.80405271779824	45.88854349164962
69.45500000024913	227.85217819014895	46.054352850143395
71.05666666693287	228.81548426011273	46.46889066894753
72.69527777814073	229.81514150252784	46.34989697742079
74.37166666687699	230.8602377105074	46.53148649671902
76.08666666701902	231.94471435530934	46.69827003075876
77.84138888923917	233.00495688514388	46.386497039409
79.63666666706558	234.06822867934918	46.99546192434534
81.47333333367715	235.07091518613535	47.16799946952472
83.35222222242737	236.1069236010022	47.397124386415015
85.2744444446871	237.12172716527223	47.242532787710275
87.24111111147795	238.0941210283488	47.54655791156837
89.25305555580417	239.18465620189284	47.73722079618362
91.31138888921123	240.21460608801755	48.35793250013459
93.41722222237149	241.30211199719048	48.46660489111111
95.57166666683042	242.34417894079905	48.993618608119206
97.77555555576691	243.46197749368156	49.46253318323775
100.0302777780453	244.55857119596763	49.646729626797175
102.3372222225298	245.68848680633405	50.16220224496817
104.6972222223994	246.73964154305534	50.462426939101476
107.1116666668677	247.86046936030888	50.85724942476196
109.5816666669562	248.9267704188853	50.77021647095776
112.1086111113546	250.0475982361387	50.87626652098714
114.6938888892764	251.18054311087596	51.05515121731343
117.3388888892368	252.32257577872622	51.55354356301103
120.0447222226067	253.4403743316086	51.70756197249929
122.8130555559183	254.52788024078168	52.31155494341232
125.645277778036	255.63659100055128	51.949125848343144
128.5427777781733	256.7937699902563	51.71215576976394
131.5069444448454	257.9418611868484	52.054976112599405
134.5397222224274	259.0838938546986	52.6527277025966
137.6422222224646	260.26833622374204	52.88171657378494
140.8163888891577	261.29828610986675	53.221864158694075
144.0636111111962	262.3676164328142	53.77782051169635
147.3858333336539	263.57023438808346	54.10084359031836
150.7847222225391	264.8031449870622	54.424292000734674
154.2619444447337	265.9270020686865	54.38908770154217
157.8194444447872	267.0932688515045	55.48374359792289
161.4588888892322	268.353442829822	56.09321562224575
165.1822222226183	269.5560607850911	56.27566221880378
168.991388889146	270.75262021161865	56.563127859937815
172.8883333337144	271.9128284656944	57.049162865763684
176.8752777780173	273.1608853865279	57.67893795030682
180.9541666669538	274.3453277555715	57.48841131327674
185.1269444447244	275.5691505614374	57.65271461528106
189.3961111112149	276.84447086160964	57.945023020463154
193.7636111114989	278.05314734562097	58.372504893794876
198.2319444447639	279.3345261745349	58.39844794550257
202.803333333577	280.5341148654335	58.55868737084128
207.4800000003306	281.7518791425575	58.95637791352159
212.264444444736	282.99084827027815	58.95174743284427
217.1594444446964	284.22072960488606	59.55862298783309
222.1672222226043	285.4536402038648	59.89788852522175
227.2905555556645	286.6501996303921	60.01617772493951
232.5319444448105	287.93460772367723	60.35138743512567
237.8941666670726	289.1856939088818	60.902017048238896
243.3800000001793	290.4973653815055	60.79947238444318
248.9925000002259	291.82418317598393	61.09765407608366
254.7344444445917	293.02377186688227	61.067092858610536
260.6086111113546	294.28697510957085	61.33921374328165
266.6183333335794	295.61379290404903	61.29073800652642
272.766666667012	296.7982352730927	61.19244716562911
279.0566666670493	298.067497044523	61.26903668069857
285.4916666667559	299.2307345629697	61.843350413233814
292.0752777779126	300.54240603559344	62.21664852539057
298.8105555559159	301.7571410483466	61.902855041983
305.7011111114989	303.0173150266641	62.75110206340606
312.7505555559183	304.32898649928745	63.108345631526404
319.9625000002561	305.6133945925728	64.11960484283013
327.340833333612	306.9220368008255	64.13903870786207
334.889444444736	308.1519181354331	64.50440141483494
342.6119444445358	309.4757066655408	63.5786151918339
350.5125000003027	310.7843488737933	65.03856674938037
358.5952777779312	312.0778447601915	65.44818900980735
366.8644444447127	313.4319259340084	64.81538417898378
375.3244444447337	314.70421696980975	64.39357637956984
383.9794444447616	315.9613616837562	65.0495370851699
392.8341666669003	316.9095214318651	64.83269337036853
401.8930555559346	318.55138272092285	65.7674157946943
411.1608333334443	319.89031757288507	65.30289642369766
420.642222222581	320.9838820108001	65.203856114819
430.3422222224181	322.1471195292469	65.89961123602178
440.2658333334257	323.4830251168382	66.03369736352124
450.4183333335677	324.6947308652203	68.26684319035643
460.8050000002841	326.1820996713594	60.56835866298513
471.4311111113639	327.3211030748388	63.50510435982254