0.03333333333330302	33.8639693221144	29.598455629363542
0.06666666666671972	56.517075203444264	35.77317040294242
0.1000000000000227	71.7506278257821	36.561942471800414
0.1333333333333258	82.05801136273934	33.40716789045324
0.1666666666666288	89.08862754118128	28.79406346608165
0.2000000000000455	93.9299576599829	24.049011777611803
0.2333333333333485	97.30698925172788	19.784160246582296
0.2666666666666515	99.70010919210965	16.214481032481174
0.2999999999999545	101.42994266651075	13.32474278555355
0.3366055362905627	102.80830042222793	10.905510660391776
0.3776776235382613	103.93875210677281	9.014692219465779
0.4237612633868366	104.8818969819878	7.573860456621727
0.475467957738374	105.6807054335424	6.530444844039731
0.533483823011693	106.38365687091057	5.855813088990414
0.5985786944906977	107.02711085119729	5.483020864956107
0.6716163415704841	107.64412151722583	5.340302332180706
0.7535659294528614	108.25452135468966	5.331901819166387
0.8455148793793796	108.86932841119656	5.414764627687076
0.9486832980504687	109.49845892959343	5.555393619022685
1.064440167700695	110.14521832416241	5.7250826833137936
1.194321511660519	110.81291200918616	5.92389846435382
1.340050776452927	111.50484539894659	6.137506456369508
1.503561700881846	112.22101849344396	6.35637813994546
1.687023975571037	112.96253309743881	6.590199156820827
1.89287203344054	113.73159282045278	6.83906195834178
2.123837353152453	114.5292994672467	7.093453245048093
2.382984704172827	115.3556530378206	7.353488849680674
2.673752814401269	116.21175533693504	7.624110527057871
3.0	117.09870816935086	7.905472920362083
3.366055362905854	118.01761333982891	8.192920253641269
3.776776235382499	118.96847084836917	8.476971904884511
4.237612633868253	119.95017889021092	8.767504385818098
4.754679577383286	120.96494107487557	9.064719369394046
5.334838230116702	122.0116555976023	9.354343562296425
5.985786944906636	123.08922065363058	9.65607807280015
6.716163415704955	124.20094165724251	9.960463551651321
7.535659294528728	125.34351319415593	10.248400018931276
8.455148793793342	126.51583345960992	10.544607263599762
9.486832980505142	127.72010606312612	10.834739514416288
10.64440167700718	128.95192378566153	11.119334256354962
11.94321511660485	130.21349023673753	11.40361080147479
13.40050776452881	131.5015000020719	11.673357693446832
15.03561700881812	132.8148512769039	11.943874594171277
16.87023975571037	134.15354406123342	12.210754907336051
18.92872033440574	135.515374745539	12.46466157182649
21.23837353152408	136.89813972029924	12.716258685698998
23.82984704172839	138.30183898551388	12.956045332136982
26.73752814401223	139.72206532214008	13.184902306977873
29.99999999999989	141.15881873017779	13.408462478984275
33.66055362905877	142.60879379534455	13.622619786044378
37.76776235382488	144.07088871287982	13.828081720812982
42.37612633868253	145.5417980685012	14.020648303426997
47.5467957738332	147.0193182526871	14.206420925010635
53.34838230116748	148.5012456559161	14.386463083711309
59.85786944906613	149.98537666866673	14.561919469014114
67.16163415704989	151.4695076814172	14.726247288887897
75.04163415704988	152.89524304184732	14.883190537542454
82.92163415704988	154.17554017385635	15.020879518581458
90.80163415704988	155.33574058694182	15.15837036823973
98.68163415704987	156.39347315727633	15.282213845687536
106.5616341570499	157.36746856579262	15.395264570016433
114.4416341570499	158.266541250577	15.515115776750136
122.3216341570499	159.10170925923697	15.629977258974813
130.2016341570499	159.88178702985857	15.742672219115155
138.0816341570499	160.6133853910066	15.864975348104736
145.9616341570498	161.30091156172398	15.982982218981034
153.8416341570498	161.9487727610538	16.100595408687067
161.7216341570498	162.5635798175607	16.21734852132781
169.6016341570498	163.14643453600547	16.349343603030288
177.4816341570498	163.70064233067032	16.47708863319451
185.3616341570498	164.2295086158375	16.601731735183865
193.2416341570498	164.73523700102865	16.74652766064675
201.1216341570498	165.22003109576534	16.88066111048951
209.0016341570498	165.68389090004737	17.032047307750815
216.8816341570498	166.1301218281573	17.175833131035468
224.7616341570498	166.56092748961646	17.32456051960326
232.6416341570498	166.97520607966413	17.47342847388755
240.5216341570498	167.37516120782183	17.640402948711777
248.4016341570498	167.76299648361118	17.81163370519194
256.2816341570499	168.1376101022713	17.982911570084678
264.1616341570498	168.50120567332374	18.14311625441156
272.0416341570499	168.8537831967685	18.321362338801613
279.9216341570498	169.1964444773664	18.508654426065064
287.8016341570499	169.53029131987827	18.69955340123286
295.6816341570498	169.85422191954328	18.891961590216013
303.5616341570499	170.17154169064352	19.070827510632622
311.4416341570498	170.47894521889702	19.2696516886716
319.3216341570499	170.78083972334667	19.472664020732086
327.2016341570497	171.07502159447097	19.672134820329358
335.0816341570499	171.36259263703056	19.887495378953563
342.9616341570497	171.64355285102573	20.096674567073563
358.7216341570497	172.1889462076045	20.505286718223083
374.4816341570497	172.7123034689678	20.948336395147816
390.2416341570497	173.21582824463744	21.38154482293605
406.0016341570497	173.70282594889565	21.858195188816776
421.7616341570497	174.17219477698146	22.32662909199498
437.5216341570497	174.6261383384167	22.77810477785377
453.2816341570497	175.06686024272278	23.267252052032962
469.0416341570497	175.4954622946604	23.739597093321535
484.8016341570497	175.91084268946884	24.249877085601856
500.5616341570496	176.31520503666957	24.748451602914532
516.3216341570496	176.70965114102344	25.236517823925325
532.0816341570498	177.09307919776964	25.730600552350253
547.8416341570496	177.46879462119054	26.28620872699924
563.6016341570498	177.83459380176464	26.799318598499458
579.3616341570496	178.19268034901336	27.309994503358872
595.1216341570498	178.54305426293655	27.834609936094928
610.8816341570496	178.88571554353453	28.396820256133665
626.6416341570498	179.22066419080713	28.92420412774609
642.4016341570496	179.5501038142758	29.44864023022144
658.1616341570498	179.87293260918005	29.986470299703814
673.9216341570495	180.18915057551953	30.569236559987132
689.6816341570498	180.49985951805533	31.10432154355789
713.3216341570496	180.95600668901207	31.920100769841266
736.9616341570495	181.40003400760048	32.78799928942379
760.6016341570496	181.83414508334187	33.61618464716274
784.2416341570497	182.25613630671478	34.3979340753103
807.8816341570496	182.66931309200177	35.18331971400533
831.5216341570494	183.07257363444177	35.96932958910114
855.1616341570495	183.4681215435564	36.75279143647974
878.8016341570496	183.85485501458504	37.54330937186057
902.4416341570495	184.23387585228812	38.33297453479508
926.0816341570494	184.60518405666602	39.122140558467144
949.7216341570495	184.96988143247918	39.91521300894228
973.3616341570496	185.32686617496705	40.75855620135558