0.5000001000589691	16.005103316683655	0.44884358340974423
1.000000100058969	16.82277173596896	1.8690788126129516
1.500000100058969	17.779393731945532	2.2665655597746226
2.000000100058969	18.45439904087195	2.266942364421238
2.500000100058969	18.99124400435158	1.980754632457015
3.000000100058969	19.32851029097711	1.795618511164814
3.500000100058969	19.636157775132286	2.4105839267465
4.000000100058969	20.059185548403953	3.00194810653912
4.500000100058969	20.460873517039314	2.687281197472166
5.000000100058969	20.733828910247038	2.0639133045731164
5.500000100058969	20.930178890995194	2.3551084622450316
6.000000100058969	21.211876220081734	2.4419259777581934
6.500000100058969	21.402596896817844	2.218312415790968
7.000000100058969	21.60568632848852	1.6204743496506824
7.500000100058969	21.680880505313464	0.45080819229679
8.500000100058969	21.648360662113546	0.36916944662042284
9.000000100058969	21.72763649415196	1.2851963362111571
9.500000100058969	21.82118087937648	0.6932723775559319
10.00000010005897	21.82118087937648	0.30220257273430134
11.00000010005897	21.92494268596108	0.3245185285692493
12.00000010005897	21.904593007260626	0.8244294567458016
12.50000010005897	21.965647884256843	1.305074341719241
13.00000010005897	22.087811713633265	0.6320046659319603
13.50000010005897	22.112253222009713	0.44368453621502146
15.00000010005897	22.012468876605933	0.7315508819537189
15.50000010005897	22.04708239809294	0.49549398008861
16.00000010005897	22.16725712004711	0.9974665386796103
16.50000010005897	22.144846359022928	0.7604050938639632
17.00000010005897	22.189670330478982	0.027056047323647886
17.50000010005897	22.177444583267338	0.3136740550287203
18.50000010005897	22.19578348670866	0.4990107150601811
19.00000010005897	22.17133199228566	0.9382940548521925
19.50000010005897	22.25284790182193	0.4131067758034668
20.00000010005897	22.309928143876924	0.48259596598646115
20.50000010005897	22.2589629422113	0.3945337251897736
22.00000010005897	22.234503911149414	0.26879472004151383
22.50000010005897	22.236542195140554	0.3144392632158656
23.00000010005897	22.283424611096834	0.7877274508795684
23.50000010005897	22.344591595596782	0.9179522694452107
24.00000010005897	22.338474105799573	0.6614143277177408
24.50000010005897	22.358866554925754	0.5564401314057879
25.00000010005897	22.369063438944686	0.38556173846179476
25.50000010005897	22.413936210137436	0.8033308784950457
26.00000010005897	22.379261076627586	3.4254213612545383
26.50000010005897	22.3914986940452	10.756136506930336
26.84416710006008	22.471060918362028	9.183200615390724
27.34416710006008	22.87750883971232	10.587483517722966
27.84416710006008	23.96800509459183	12.389244116318372
28.34416710006008	24.079012814233106	12.07876900972963
28.84416710006008	24.206538585356633	10.40542595196904
29.34416710006008	24.3403178826094	3.940823562793761
29.84416710006008	24.591640861175488	3.2935850649728344
30.34416710006008	24.680293402504468	2.819082145395552
30.84416710006008	24.634931691862864	2.8556894458891677
31.34416710006008	24.643178470565758	2.085428896468449
31.84416710006008	24.68647985254745	2.668829727373838
32.34416710006008	24.810246536602566	1.4632129836875467
32.84416710006008	24.92169872952293	0.8039688985976983
33.34416710006008	25.095185185664974	0.7659174240398031
33.84416710006008	24.870093290382584	2.8189703054238926
34.84416710006008	24.82469069347495	2.146055272517729
35.34416710006008	25.235730688908323	1.9653387513857388
35.84416710006008	24.756605451294583	0.43609182174337474
36.34416710006008	25.397059039172962	0.6072881088615989
46.84416710006008	24.18390737764454	0.8164768335508359
47.34416710006008	24.231229933312683	3.7503384013051817
47.84416710006008	24.144822933544685	13.763908959533019
48.34416710006008	24.354730008766428	5.793390811784405
48.84416710006008	24.68647985254745	6.964129535370559
49.34416710006008	25.896295797697682	11.037903410452385
49.84416710006008	25.597856202121616	4.963924423394414
50.34416710006008	25.157179127868456	43.572788138114696
50.84416710006008	25.217123669538246	54.065994756451026
51.34416710006008	24.967121863771723	54.77827538702699
51.84416710006008	25.000163053967594	69.13035683136583
52.34416710006008	31.2863963119006	72.11549387786596
52.84416710006008	33.22043502108144	74.41777820678188
53.34416710006008	34.432745405292344	75.72930007011196
53.84416710006008	36.33924843899521	76.16150146925823
54.34416710006008	36.59143813103517	42.08185810881223
54.84416710006008	37.02470461667159	30.063236112305624
55.34416710006008	36.97458785213046	23.3945859168042
55.84416710006008	37.0879104504105	13.001428180486304
56.34416710006008	37.89144051194702	10.977535557104197
56.84416710006008	37.91550085481094	8.378880320852797
57.34416710006008	38.05116016663794	7.96975973847897
57.84416710006008	38.31394599614251	6.990464649535199
61.34416710006008	38.0555374465123	1.126984424045538
61.84416710006008	37.0879104504105	5.7462445645591105
62.34416710006008	36.93537358942547	10.535492683442637
62.84416710006008	37.539560870905575	11.546824081770216
63.34416710006008	38.346814597307684	11.169649533139237
63.84416710006008	38.937026689271136	18.766225083197728
64.34416710006008	39.25357494397002	19.977116577586926
64.84416710006008	39.32177530830964	15.388765705237045
65.34416710006008	39.62781447372286	2.131714312686948
69.34416710006008	38.34462331954693	0.06055498037630624
69.61833310005932	38.2964178466314	1.5322827491389905
70.11833310005932	38.24165097588744	7.03103276525077
70.61833310005932	38.6406415814597	12.78047696959552
71.11833310005932	38.88430921906074	13.082601747632536
71.61833310005932	38.776713712682636	13.560816300890282
72.11833310005932	39.27337294070275	14.869162408755681
72.61833310005932	39.88571731488275	13.169357087743888
73.11833310005932	40.09974278643273	12.369432175802134
73.61833310005932	40.08870594400823	12.83310935816938
74.11833310005932	40.21455613188779	9.449972083112948
74.61833310005932	40.39129803920369	6.2402940424675135
75.11833310005932	40.52393911556623	5.472657929254545
75.61833310005932	40.47308489090844	3.1745046851075
76.11833310005932	40.51730536600425	1.2383179042494328
92.11833310005932	38.29203604477357	1.440513577647047
92.61833310005932	38.309563817452776	0.8319563637230245
94.61833310005932	38.80964599844644	1.6195810513123883
95.11833310005932	38.6735552140423	2.556450763452504
95.61833310005932	38.39722189927854	2.2669255084678337
96.11833310005932	38.31394599614251	1.3582825761487671
96.61833310005932	38.15186040208421	1.402231669165258