0.01001097029438824	6.804408495586625	3.7731279362147796
0.04334397029379034	12.33381361840361	8.616548576018388
0.07667697029501142	18.324222026829478	13.46516659214924
0.110010970294752	23.86153006311402	16.855745304936832
0.1433439702941541	28.616449666108185	20.776665585898336
0.1766769702953752	33.42405535888619	25.79379071398447
0.2100109702951158	38.76905916745967	26.15298557356273
0.2433439702945179	43.052438266888124	27.752651580358464
0.27667697029392	45.89221850623867	25.066858513079623
0.4433439702952455	57.08537828082146	23.65171825794314
0.610010970294752	64.61158620644711	26.64919919562653
0.77667697029392	71.60566462525567	28.958755697512082
0.9433439702952455	77.41957463290554	28.937925384696438
1.443343970295246	89.53210667421692	31.16709161966408
1.943343970295246	99.35015950544077	33.56689315167584
2.443343970295246	107.12135774856142	33.4139369055816
2.943343970295246	113.43051700017969	32.28830767465556
3.443343970295246	118.28027156478471	32.83411658654116
3.943343970295246	122.51623318340769	31.667428534262815
4.443343970295246	126.68633718980088	31.375806998962744
4.943343970295246	129.75530191971123	30.736758182941248
5.443343970295246	132.774214864327	28.951142823033884
5.943343970295246	135.49808570615295	28.453513869106878
6.943343970295246	139.47851978932422	27.848757800080936
7.943343970295246	143.1744489876626	26.439621637499812
8.943343970295246	146.56216456076535	26.345391147578876
9.943343970295246	149.07002243447755	26.337449549704143
10.94334397029525	151.57788030818963	25.500620483492888
11.94334397029525	153.78806177462286	26.037206307063258
12.94334397029525	155.97453450065348	23.37595596114297
13.94334397029525	157.87913664634016	25.3498188660712
14.94334397029525	159.75212713815688	25.162391458550147
15.94334397029525	160.33694273475774	24.350358707275156
16.94334397029525	161.89908529684942	25.37677661717856
17.94334397029525	164.02233471513927	24.437629494411688
18.94334397029525	165.27889795648463	23.82870578860279
19.94334397029525	166.53282689334077	25.89364752541337
20.94334397029525	167.77095000326165	26.375392206382053
21.94334397029525	168.74564266426327	26.142826797239003
22.94334397029525	169.96005703378148	24.28054548871933
23.94334397029525	170.895235127445	24.60453238257134
24.94334397029525	171.83304752559795	24.86563856285035
25.94334397029525	173.03429037266997	24.323218149361683
26.94334397029525	173.9721027708228	24.924251038691477
27.94334397029525	174.88357212408388	24.516840151165884
28.94334397029525	175.52634241944713	24.132759715566454
29.94334397029525	176.42727455475125	24.793709908183793
30.94334397029525	177.33084099454456	24.959279529392486
31.94334397029525	177.93936533154817	24.77169245169002
32.94334397029525	178.54788966855182	25.04071904926045
33.94334397029525	179.45935902181287	25.150137377763333
34.94334397029525	180.06788335881643	24.012892678543164
35.94334397029525	180.67377339133108	24.513939804711473
38.94334397029525	182.79438850513168	24.010243999386482
41.94334397029525	184.91763792342158	25.54596382317135
44.94334397029525	186.17156686027755	25.61815518133407
47.94334397029525	187.69419485503136	25.198130930661126
50.94334397029525	189.5250364750208	25.4008575831902
53.94334397029525	191.05293307875303	25.28893145443586
56.94334397029525	192.28051897071722	27.357598886931157
59.94334397029525	193.50810486268136	26.84702491014395
62.94334397029525	194.77783962647257	26.771899465276796
65.94334397029525	196.31363914367245	25.96058611935176
68.94334397029525	197.23564571488998	26.067222488093872
71.94334397029525	198.7740795365789	26.447565551061235
74.94334397029525	199.43265565887725	27.083985591805366
77.94334397029525	200.66287585533064	27.332846526184863
80.94334397029525	201.30037754171545	28.108365563345806
83.94334397029525	202.22501841742226	27.293414342300824
86.94334397029525	203.19180816495634	28.379755676781496
89.94334397029525	204.11644904066327	28.012257285932844
92.94334397029525	205.08587309268643	30.418485769977387
95.94334397029525	206.00787966390408	29.929489603379675
98.94334397029525	206.66909009069178	30.458174286293826
101.9433439702953	207.90194459163413	31.8555682209283
104.9433439702953	208.56315501842175	31.710504427191434
107.9433439702953	209.52994476595583	31.652335678884622
110.9433439702953	210.45458564166256	32.10078607715102
113.9433439702953	211.72168610096472	31.33064010445888
116.9433439702953	212.64105836769332	32.227903949867155
119.9433439702953	213.25485131367526	32.23857781716495
122.9433439702953	213.91079313148438	32.54684781434191
125.9433439702953	214.83279970270212	31.653198241058703
128.9433439702953	215.1805278952756	32.6408002169588
131.9433439702953	216.09990016200402	33.42477726151568
137.9433439702953	217.36963492579545	33.15633294588678
143.9433439702953	218.33379036884023	33.37919382035226
149.9433439702953	219.86432127706152	33.46416525674302
155.9433439702953	220.82584241561722	36.951368769444734
161.9433439702953	222.3985221956655	35.010221777056586
167.9433439702953	223.62083947865136	31.893534521217052