0.1476628865821112	1.9823713487965648	3.559343168277284
0.2176628865818202	3.288934283230665	6.584933667108445
0.2476628865806561	4.775712794828088	12.632143459042007
0.2776628865813109	5.969640993535111	11.325709122595914
0.317662886580365	6.960826667933392	8.158885027295428
0.3476628865810199	7.7943237123137665	7.366130067279078
0.3776628865816747	8.717928545275802	6.812589112038058
0.4176628865807288	9.213521382474942	5.495792807079679
0.5776628865805833	10.362395686891135	2.667166947685273
0.747662886580656	11.488743044161907	1.8495924948149327
0.9176628865807288	11.015677154108186	3.4642394525160722
1.077662886580583	11.69148556847065	3.4849016648805136
1.587662886580802	14.237030595902606	4.820223909090788
2.077662886580583	14.642515644520087	5.083028686300255
2.577662886580583	15.498539636045868	5.014535121624539
3.087662886580802	16.78257562333455	6.354446685749586
3.577662886580583	17.66112656200576	7.4108417853674835
4.077662886580583	18.539677500676966	7.36488529446729
4.587662886580802	19.64349791080232	7.463263541980874
5.077662886580583	20.52204884947353	7.77512553619366
5.577662886580583	20.972587792381844	7.235256623259309
6.087662886580802	21.62586925959889	7.761179938124842
7.077662886580583	22.932432194032994	7.105274181611098
8.077662886580583	23.36044418979589	5.310451838607936
9.087662886580802	24.689534071375405	8.281184247068667
10.07766288658058	25.320288591447035	7.928327973720645
11.07766288658058	24.689534071375405	9.148658810352694
12.0876628865808	25.703246692919095	10.24573243163646
13.07766288658058	27.820779724588157	9.596977869259772
14.07766288658058	28.24879172035105	5.7923809874442025
15.07766288658058	28.87954624042269	7.87228656240585
17.07766288658058	30.41137864631094	10.392555246231272
18.07766288658058	31.0871870606734	8.436631802487447
19.07766288658058	30.433905593456355	11.081519480837102
20.07766288658058	29.10481571187684	4.943758512610104
21.07766288658058	29.330085183330997	4.286635553458778
23.25766288658087	31.83057631647211	6.896807584700995
24.07766288658058	32.70912725514332	7.304098578294825
25.07766288658058	33.15966619805164	6.995852094314521
26.07766288658058	34.78160639252155	11.268724519745335
46.92766288658095	37.890325098588896	14.812930223777382
50.18766288658117	39.62490002878587	13.951091999119457
53.18766288658117	40.728720438911246	15.113335110580525
56.18766288658117	41.06662464609247	16.53318137770309
59.18766288658117	43.206684624906956	15.347858886213194
62.18766288658117	43.544588832088166	18.031661898728633
65.18766288658117	44.085235563578145	19.33699557741353
68.18766288658117	44.400612823613976	23.09814742596365
71.18766288658117	45.3016907094306	20.068790254321037
74.18766288658117	46.38298417241053	19.85351889316197
77.18766288658117	47.46427763539049	20.0382766103025
80.18766288658117	47.80218184257172	22.92777092027457
83.18766288658117	48.703259728388346	19.744881960952576
86.18766288658117	49.897187927095345	21.90850055612642
89.18766288658117	50.64057718289408	21.981081917084378
92.18766288658117	50.14498434569492	23.18936485753865
95.18766288658117	52.87074495029021	26.51327983006128
98.18766288658117	52.37515211309106	26.774046718101257
101.1876628865812	52.80316410885396	24.36632818005896
104.1876628865812	53.23117610461686	25.50531896802467
107.1876628865812	53.79434978325224	26.592585833652922
110.1876628865812	55.326182189140496	27.581384261749903
113.1876628865812	55.979463656357545	28.750075704424695
116.1876628865812	55.57397860774008	27.452241062051733
119.1876628865812	56.24978702210252	28.358123510837693
122.1876628865812	57.35360743222789	28.122803110469622
125.1876628865812	57.804146375136185	28.730766436803933
128.1876628865812	58.47995478949867	31.64382903009521
131.1876628865812	59.133236256715726	32.06243344485499
137.1876628865812	61.54361960127519	31.62327730551219
141.3376628865808	60.7101225568948	33.497215422819956
146.1876628865812	62.33206275136473	34.496964357877985
152.1876628865812	64.3144341001613	34.35752015336389
158.1876628865812	65.71110482317704	33.464805867608725
164.1876628865812	65.93637429463121	39.35300835956237
170.1876628865812	67.2654641762107	40.07509717916493
176.1876628865812	68.54950016349942	41.556545925558666
182.1876628865812	70.01375172795139	37.00247541192374
188.1876628865812	71.09504519093134	44.597186721017835