0.009828283533352078	5.336348123324741	1.449309356211767
0.02982828353196965	8.171656130683953	3.6563948405340305
0.0498282835324062	10.311567542554098	5.55756662644281
0.05982828353262448	12.003798742735887	5.543290035441991
0.07982828353306104	13.537849601454555	7.451963924698294
0.0998282835334976	14.862983028051852	7.010929710970116
0.1098282835318969	16.05381239114278	7.3439091670588486
0.1298282835323334	17.19390466357571	8.158446379955102
0.14982828353277	18.18178566403461	8.367849573305872
0.1598282835329883	19.11296050434628	8.42983069790792
0.1798282835334248	20.005336392978283	8.870025885559276
0.1998282835320424	20.751470079125458	9.553832947799709
0.2098282835322607	21.575201668632022	9.765344461491766
0.2298282835326972	22.29447454207784	9.86459153644206
0.2498282835331338	23.02568555450221	9.915595521017154
0.2598282835333521	23.72108214999126	10.396260504024125
0.2798282835319697	24.338880842121075	10.714783585702467
0.2998282835324062	24.97757127746313	10.712984363971488
0.3098282835326245	25.541648344190435	10.83620647964966
0.329828283533061	26.144524362597434	10.844150784833698
0.3498282835334976	26.654879803922	11.348553853483216
0.3598282835318969	27.23089500962763	10.798936555334777
0.3798282835323334	27.66962161708215	11.385711212539528
0.39982828353277	28.182961593151457	11.37477574908441
0.4098282835329883	28.693317034476134	11.765728789367396
0.4298282835334248	29.129059107186052	11.540539787899919
0.4498282835320424	29.60658466632038	11.684785691523896
0.4798282835326972	30.466130672761903	11.868384566313695
0.4998282835331338	30.84516658532461	11.75598964307581
0.5298282835319696	31.70471259176613	12.222182637600033
0.5498282835324062	32.041965017904744	12.250490927518035
0.579828283533061	32.808990447263966	12.388908560004026
0.5998282835334976	33.1969799640605	12.387330468246894
0.6298282835323334	33.81776319093501	12.464552265213168
0.64982828353277	34.086371317947965	12.609325820461999
0.6798282835334248	34.76087617022503	12.827528396481545
0.6998282835320424	35.11006673534197	12.88521610581737
0.7298282835326972	35.74278810119469	12.75725712131981
0.7498282835331338	35.978566346017196	12.98878830886329
0.7798282835319696	36.60531864238094	12.797789235850553
0.7998282835324062	36.83512781771422	12.942368124736605
0.829828283533061	37.38428221071849	12.925481467954885
0.8498282835334976	37.64095219875325	12.95273645781991
0.8798282835323334	38.22592100869259	13.308368751919293
0.9098282835329883	38.703446567826695	13.217432877291236
0.9498282835320424	39.225740148129816	13.410602809520292
0.9798282835326972	39.66148222083973	13.252743043660404
1.009828283533352	40.06140987661456	13.553007023113114
1.049828283532406	40.5419199704935	13.31905069798998
1.079828283533061	40.97766204320344	13.538793275212445
1.109828283531897	41.335806212554076	13.555935842835165
1.14982828353277	41.76856375051938	13.702436980867043
1.179828283533425	42.18341408001727	13.629179980645867
1.209828283532261	42.56244999257999	13.63304114369965
1.249828283533134	42.91760962718605	13.599037851981452
1.27982828353197	43.37722797785271	13.709496643226405
1.309828283532625	43.72044947348045	13.682307722429588
1.349828283533498	44.08754724706484	13.756876552676355
1.39982828353277	44.6426707095583	13.794333519922077
1.449828283532042	45.08438185175753	13.835275530047381
1.499828283533134	45.56489194563626	13.848590104984694
1.549828283532406	46.08718552593926	13.94473202754982
1.599828283533498	46.60649457149766	13.798547273673625
1.64982828353277	47.02731397048465	13.925506541187515
1.699828283532042	47.433210695748926	14.039328656320302
1.749828283533134	47.8510455599912	13.747902365588992
1.799828283532406	48.230081472554026	13.721373810026048
1.849828283533498	48.66880808000854	13.744188070821593
1.89982828353277	49.047843992571345	13.664765994674514
1.949828283532042	49.42389537038944	13.70868534093253
1.999828283533134	49.81486942193059	13.81067974886091
2.049828283532406	50.12824557011245	13.805115468003859
2.099828283533498	50.45952892676175	13.72502978704199
2.14982828353277	50.7639514707099	13.683105341298475
2.199828283532042	51.12508017480507	13.662344887396724
2.259828283533352	51.58768306021635	13.623003495136514
2.329828283533061	51.993579785480414	13.583690327716676
2.39982828353277	52.360677559064804	13.6858881491698
2.459828283532261	52.700914519947894	13.660555169387797
2.52982828353197	53.07995043251082	13.61043872242197
2.599828283533498	53.44406367135059	13.518483284592584
2.659828283532988	53.829068653402516	13.467641372255699
2.729828283532697	54.22004270494352	13.515967750073347
2.799828283532406	54.587140478528	13.516952313157919
2.879828283532333	55.03780522496088	13.532027956791756
2.949828283532042	55.37207311635488	13.447799674175851
3.02982828353197	55.73320182045015	13.335974550597303
3.099828283533498	56.02867076016437	13.370333816325994
3.179828283533425	56.42561388119462	13.333684121503468
3.259828283533352	56.79868072426834	13.461248284102473
3.349828283533498	57.183685706320134	13.389019829703022
3.429828283533425	57.55675254939384	13.315449146680272
3.509828283533352	57.84326788487432	13.31949026523666
3.599828283533498	58.17156670677916	13.204725363350823
3.699828283532042	58.59835517525524	13.174815217186858
3.799828283532406	58.97739108781817	13.055017190757017
3.89982828353277	59.33255072242421	13.022482805944833
3.999828283533134	59.717555704476	12.896252364898933
4.099828283533498	60.069730804337475	12.920093966632525
4.199828283532042	60.40399869573159	12.929870432151496
4.299828283532406	60.720359378657854	12.909335158212885
4.39982828353277	61.11133343019896	12.82603294562784
4.509828283533352	61.42172504363622	12.827611876946644
4.629828283532333	61.73808572656259	12.762471960893038
4.749828283533134	62.09921443065787	12.81363227939924
4.859828283531897	62.436466856796294	12.817907648825841
4.979828283532697	62.78864195665784	12.618258672704973
5.099828283533498	63.075157292138336	12.655351100122367
5.229828283532697	63.46911587842406	12.563471732195556
5.359828283531897	63.7556312139046	12.519776540953991
5.499828283533134	64.08989910529863	12.410926763170089
5.629828283532333	64.48684222632896	12.382204828271854
5.759828283533352	64.82111011772274	12.458063026629313
5.89982828353277	65.14343987013832	12.361931263983532
6.049828283532406	65.51650671321205	12.361303878396871
6.199828283532042	65.84182100037224	12.46910962552898
6.349828283533498	66.19996516972287	12.322171228548232
6.499828283533134	66.55214026958433	12.058386041946624
6.64982828353277	66.80284118812979	11.98711606568317
6.809828283532625	67.18486163543709	11.939549636039866
6.979828283532697	67.48033057515141	11.840549969268027
7.14982828353277	67.84145927924669	11.861926999098152
7.329828283533061	68.1458818231946	11.836342763798338
7.499828283533134	68.5189486662683	11.828112625932123
7.679828283533425	68.87112376612963	11.769502507114089
7.859828283531897	69.18748444905602	11.643463716245074
8.049828283532406	69.55756675738522	11.614329812191125
8.249828283533134	69.8410975581211	11.555016655595317
8.449828283532042	70.05896859447608	11.489064766598512
8.64982828353277	70.363391138424	11.651917839959308
8.849828283533498	70.64095286967083	11.568395631787276
9.059828283532624	70.9632826220864	11.509878845774033
9.27982828353197	71.28561237450195	11.391415189325715
9.499828283533134	71.65271014808636	11.476214190889078
9.729828283532697	72.01682338692635	11.419403280750837
9.95982828353226	72.31527686138519	11.396837383216377
10.19982828353204	72.613730335844	11.291636456129039
10.44982828353204	72.9360600882596	11.184481330851968
10.69982828353204	73.28525065337641	11.301734490246318
10.94982828353204	73.62548761425968	11.465324317454138
11.20982828353226	74.01049259631144	11.547576685058749
11.4798282835327	74.37162130040673	11.601160593787405
11.74982828353313	74.6342603579306	11.558391356673818
12.02982828353197	74.94166743662315	11.580207361916322
12.30982828353262	75.29682707122922	11.516813869195055
12.5998282835335	75.6669093795583	11.518961835204738
12.89982828353277	76.03400715314264	11.464405081730748
13.19982828353204	76.30858434964496	11.503272466977167
13.50982828353335	76.63091410206054	11.528534138082104
13.82982828353306	77.0009964103894	11.506254239576041
14.14982828353277	77.33227976703874	11.6820744918692
14.4798282835327	77.71131567960165	11.438340965658625
14.82982828353306	78.0664753142077	11.400674864784554
15.17982828353343	78.39477413611236	11.578801677635335
15.54982828353241	78.76784097918583	11.536664043513024
15.90982828353299	79.14986142649326	11.579158657908545
16.27982828353197	79.44831490095208	11.494422189854548
16.65982828353299	79.78855186183534	11.61916958455934
17.04982828353241	80.14371149644141	11.679412272833277
17.44982828353204	80.50782473528116	11.638707734802438
17.8598282835319	80.9883348291601	11.713964380906672
18.27982828353197	81.25694295617295	11.659133075180216
18.70982828353226	81.62105619501271	11.644310511173181
19.14982828353277	82.0329219897661	11.712168370108792
19.5998282835335	82.3701744159045	11.624718692042075
20.05982828353262	82.80293195386996	11.569814984568119
20.52982828353197	83.1551070537314	11.654882407444436
21.00982828353335	83.54608110527249	11.67591732416844
21.49982828353313	83.94302422630275	11.55888501441245
21.99982828353313	84.3220601388657	11.46611175029836
22.50982828353335	84.73094139887425	11.282498304257498
23.02982828353197	85.12489998515998	11.488828635696487
23.57982828353306	85.50990496721187	11.423367619181215
24.12982828353233	85.91580169247595	11.48190727845068
24.69982828353204	86.26797679233738	11.287836338255822
25.27982828353197	86.65895084387854	11.272869552590011
25.87982828353233	87.0648475691427	10.989974418202582
26.4798282835327	87.3931463910475	11.242264787455587
27.0998282835335	87.74532149090895	11.280684632210475
27.7298282835327	88.14823368142842	11.195488981617341
28.37982828353233	88.59591389311664	11.187550135456297
29.04982828353241	88.96898073619035	11.11037917785602
29.7298282835327	89.46142896904747	11.062892400000157
30.42982828353343	89.72705256131584	11.135117683133267
31.14982828353277	90.16279463402579	11.148978927805805
31.87982828353233	90.41648008731569	11.080227594408766
32.62982828353233	91.04621691842405	11.054317481492177
33.39982828353277	91.51478887332443	11.117719043157827
34.17982828353343	91.92367013333322	11.0206004615585
34.9798282835327	92.36538127553226	10.943824527313492
35.79982828353241	92.74740172283965	10.766670717779773
36.62982828353233	93.17419019131587	10.610454722051657
37.4798282835327	93.6218704030041	10.417035544668067
38.3498282835335	94.01284445454525	9.95185849764434
39.24982828353313	94.41277211032008	10.072796700491946
40.15982828353299	94.86343685675304	10.208403834983445
41.0998282835335	95.26336451252787	10.144764990521468
42.04982828353241	95.71104472421635	10.150096837095314
43.02982828353197	96.10500331050201	9.979389829199954
44.02982828353197	96.29899806890019	9.888133816890882
45.04982828353241	96.65117316876177	9.822031058425182
46.0998282835335	96.627296890805	9.932202216561908
47.17982828353343	97.42416766761028	9.742842553598557
48.27982828353197	98.0389818249955	9.612889179106073
49.39982828353277	98.46278575872707	9.4935309819106
50.54982828353241	98.96418759581809	9.371760407815302
51.7298282835327	99.28353281348902	9.383759934890008
52.92982828353343	99.74315116415549	9.75816717318604
54.15982828353299	100.19978498007765	10.385658138484485
55.40982828353299	100.58180542738512	9.669134718234538
56.69982828353204	101.02948563907331	9.36593433947438
58.00982828353335	101.40852155163617	9.21706871353737
59.3498282835335	101.8412790896015	9.021943297288109
60.7298282835327	102.28597476654531	9.219861471663325
62.14982828353277	102.72171683925518	9.111499839761299
63.5998282835335	103.11567542554099	8.968025988169591
65.07982828353306	103.54544842876177	8.99845504379041
66.5998282835335	104.04088119636342	8.836237308818912
68.14982828353277	104.43185524790454	8.706025152867998
69.7298282835327	104.86759732061454	8.624802438688565
71.3498282835335	105.36899915770552	8.528404851049457
72.99982828353313	105.81966390413817	8.56194463936795
74.69982828353204	106.24943690735907	8.543598907230296
76.42982828353342	106.66130270211232	8.369001925183744
78.19982828353204	107.01944687146302	8.250847598739245
80.00982828353335	107.4581734789175	8.188360862999657
81.8598282835319	107.90585369060584	7.989861335013817
83.74982828353313	108.41322459718593	7.8659933324070135
85.69982828353204	108.83105946142838	7.774717638431306
87.67982828353342	109.27575513837212	7.6401171581407725
89.70982828353226	109.64882198144582	7.837470625562496
91.77982828353197	110.09948672787857	7.602330891365212