0.0208333331393078	8.9025301174108	24.38523541060706
0.0222222221782431	8.9025301174108	25.642252095045087
0.02361111104255542	8.9025301174108	31.425499733179034
0.02499999990686774	8.9025301174108	32.893177888233865
0.02638888859655708	20.771613012655692	24.959917972577383
0.0277777774608694	20.771613012655692	26.59868571572357
0.02916666667442769	20.771613012655692	28.23833114102991
0.03055555553874001	20.771613012655692	29.87875849862495
0.03194444440305233	20.771613012655692	23.537780062484007
0.04027777758892626	20.771613012655692	14.20117116242538
0.04166666645323858	20.771613012655692	14.588389437040812
0.04305555549217388	20.771613012655692	14.975916189284993
0.0444444443564862	20.771613012655692	12.820150105332303
0.04583333304617554	20.771613012655692	13.134816045653807
0.04722222208511084	20.771613012655692	14.654563790537082
0.04861111094942316	20.771613012655692	14.99731420257884
0.04999999998835847	26.704718568323692	13.211209128274598
0.05138888885267079	26.704718568323692	14.41367885570639
0.05277777754236013	26.704718568323692	15.57486944638315
0.05416666658129543	26.704718568323692	12.27680584979443
0.05555555544560775	26.704718568323692	13.297878677630836
0.05694444430992007	26.704718568323692	14.28990605283784
0.05833333334885538	26.704718568323692	14.117732685201904
0.05972222203854471	26.704718568323692	27.520715438670262
0.06111111107748002	26.704718568323692	14.35157385400654
0.06388888880610466	26.704718568323692	12.408974277741036
0.06666666636010632	26.704718568323692	12.828482822992767
0.06944444443797693	26.704718568323692	14.057556688172104
0.07222222199197859	26.704718568323692	14.50306328117071
0.07499999989522621	32.64069590790046	14.350358879198916
0.07777777744922787	32.64069590790046	11.833707948821308
0.0805555553524755	32.64069590790046	19.466179864219246
0.08333333325572312	32.64069590790046	20.18989039096194
0.08611111098434776	32.64069590790046	20.913957521525944
0.08888888888759539	32.64069590790046	21.226976345427126
0.09166666644159704	32.64069590790046	6.5696430745091465
0.09444444434484467	32.64069590790046	7.329835570103793
0.09722222189884633	32.64069590790046	7.501334208334856
0.09999999997671694	35.607248685734476	6.607187463773831
0.1027777777053416	35.607248685734476	7.026431096936245
0.1055555552593432	35.607248685734476	7.4459999105687675
0.1083333333372138	35.607248685734476	6.297147078564823
0.1111111108912155	35.607248685734476	6.65069368743736
0.1138888887944631	35.607248685734476	7.0052026158331575
0.1166666663484648	35.607248685734476	6.8982927438988915
0.1194444442517124	35.607248685734476	7.266009690306117
0.12222222215496	35.607248685734476	6.71394622615354
0.126388888747897	35.607248685734476	7.135591726874713
0.130555555340834	35.607248685734476	7.557387095540852
0.1347222221083939	35.607248685734476	6.66890653397268
0.1388888888759539	35.607248685734476	7.028989966416515
0.1430555552942678	35.607248685734476	6.993858032025583
0.1472222222364508	35.607248685734476	7.3633942403922195
0.1513888886547647	38.573801463568465	7.164989664566206
0.1555555552477017	38.573801463568465	7.041308933257347
0.1597222221898846	38.573801463568465	7.401654325438732
0.1638888887828216	38.573801463568465	28.900558376479914
0.1680555555503815	38.573801463568465	28.567857049192938
0.1722222221433185	38.573801463568465	28.275417024542914
0.1763888885616325	38.573801463568465	28.019660878582233
0.1805555555038154	38.573801463568465	27.797442200059066
0.1847222220967524	38.573801463568465	27.57843330794135
0.1902777775540017	38.573801463568465	20.79915423583516
0.1958333331858739	38.573801463568465	21.756918415720573
0.2013888886431232	47.47633158097935	22.683129238226986
0.2069444444496185	47.47633158097935	22.340277561447426
0.2124999999068677	47.47633158097935	20.712903642130506
0.21805555553874	47.47633158097935	20.463217747634218
0.2236111109959893	47.47633158097935	20.230286049125507
0.2291666664532386	47.47633158097935	20.012484560354785
0.2347222220851108	47.47633158097935	20.863759173599224
0.2402777775423601	47.47633158097935	21.7225058006871
0.2458333333488554	47.47633158097935	18.52354078587102
0.3430555552477017	47.47633158097935	6.571382672478376
0.3513888887828216	47.47633158097935	6.485807779360831
0.3597222221433185	47.47633158097935	6.7847068466045855
0.3680555555038154	47.47633158097935	6.699380738938563
0.3777777775540017	47.47633158097935	6.841439509771711
0.3874999999534339	47.47633158097935	6.9114787766564225
0.3972222221782431	47.47633158097935	20.5450186449684
0.4069444444030523	47.47633158097935	20.359454122652252
0.4166666664532386	47.47633158097935	6.725698210997081
0.4263888888526708	50.442884358813394	6.89291986155872
0.4374999999417923	50.442884358813394	20.40494298384484
0.4486111108562909	50.442884358813394	20.373080847621726
0.4597222219454125	50.442884358813394	20.34358913756789
0.470833333209157	50.442884358813394	20.369344834602146
0.4819444442982785	50.442884358813394	20.39555432475904
0.4944444442517124	56.37886169839025	6.411398073194401
0.5069444443797693	56.37886169839025	6.222801296022579
0.5194444441585802	50.442884358813394	20.640189408751166
0.531944444286637	50.442884358813394	14.02826414267468
0.5444444442400709	56.37886169839025	13.48955406968203
0.5583333330578171	56.37886169839025	13.45487071184977
0.5722222220501862	56.37886169839025	13.421837937959818
0.5861111110425554	56.37886169839025	13.390342948443434
0.5999999998603016	56.37886169839025	13.419956541630562
0.6138888888526708	50.442884358813394	0.20316819945772754
0.6291666663601063	50.442884358813394	0.30206457617063637
0.6444444443914108	56.37886169839025	13.71387413508262
0.6597222218988463	56.37886169839025	20.784559449258257
0.6749999997555278	56.37886169839025	6.978762126119548
0.6916666666511446	56.37886169839025	7.035569007005812
0.7083333331975155	56.37886169839025	7.011686511198817
0.7249999997438863	56.37886169839025	6.988964261755269
0.7430555555038154	56.37886169839025	7.091001760704208
0.7611111110891216	56.37886169839025	20.85617202173559
0.7791666666744277	56.37886169839025	20.95113607369391
0.7972222220851108	56.37886169839025	14.177546726384932
0.8166666663601063	59.345414476224164	6.934950340197204
0.8361111109843478	59.345414476224164	6.898233382910869
0.8555555552593432	59.345414476224164	6.983147472681697
0.876388888747897	59.345414476224164	14.081953787632182
0.8972222222364508	59.345414476224164	14.098249417602924
0.9180555555503815	59.345414476224164	7.030727010824933
0.9402777775540017	59.345414476224164	14.168780795709893
0.9624999999068677	59.345414476224164	14.162947100988255
0.9847222220851108	62.31196725405826	6.965859286307968
1.056944444251712	59.345414476224164	7.132278611686131
1.106944444240071	62.31196725405826	0.028457313708647097
1.159722221957054	62.31196725405826	7.129248135534653
1.334722222178243	59.345414476224164	0.05377730660795642
1.366666666581295	59.345414476224164	0.12925362009796507
1.4652777776937	59.345414476224164	0.1196818063987607
1.5	59.345414476224164	7.241129238342708
1.534722221957054	59.345414476224164	7.220554132377381
1.645833333197516	62.31196725405826	7.109462322546163
1.684722222096752	62.31196725405826	7.120532429703937
1.723611110995989	59.345414476224164	7.235272228993258
1.8055555553874	62.31196725405826	7.1551573787062335
1.847222222189885	62.31196725405826	7.188436232005385
1.980555555259343	59.345414476224164	7.258710696349823
2.122222222038545	62.31196725405826	7.19912430263694
5.837499999906868	56.37886169839025	6.755106160425239
6.111111110891216	50.442884358813394	13.550584090595377
6.252777777495794	50.442884358813394	13.568451996876243
6.397222222178243	50.442884358813394	13.575635505171928
6.545833333279006	56.37886169839025	13.342292041084903
6.697222222108394	56.37886169839025	13.35842375070771
7.011111110856291	50.442884358813394	13.638758847779828
7.173611110949423	50.442884358813394	6.691869851265955
7.509722222050186	50.442884358813394	13.692463057448741
7.683333333057817	56.37886169839025	13.420985936042838
7.861111111007631	56.37886169839025	13.435679850709576
8.043055555550382	56.37886169839025	13.443921486289026
8.613888888561632	50.442884358813394	13.787068271817526
8.81388888868969	56.37886169839025	13.493076872789564
9.018055555410683	50.442884358813394	13.846517066294727
9.440277777495794	56.37886169839025	13.5310459152407
10.82777777774027	56.37886169839025	13.612025715774736
11.33333333325572	56.37886169839025	20.68689037420731
11.59583333315095	56.37886169839025	7.038563610767934
11.86388888885267	56.37886169839025	7.051673224875338
12.13749999983702	56.37886169839025	7.061284510762917
13.91944444435649	56.37886169839025	7.130609922257288
14.90694444434485	59.345414476224164	6.942100706322793
17.89722222194541	56.37886169839025	0.291644247161461
18.31111111084465	56.37886169839025	0.2998649189325656
19.16805555549217	56.37886169839025	0.3217593339071085
19.61111111089122	56.37886169839025	7.389006737231863
20.52777777775191	56.37886169839025	7.426143408077794
21.00138888868969	56.37886169839025	7.443178406389883
21.48611111089122	56.37886169839025	7.461286760390027
21.98194444435649	56.37886169839025	0.3475616793772948
22.48888888856163	59.345414476224164	7.149096584510011
23.00833333324408	59.345414476224164	7.504901587757365
24.08333333325572	59.345414476224164	7.539354915448969
24.63888888875954	59.345414476224164	7.557953881809613
25.20833333325572	56.37886169839025	6.604351291025725
25.79027777770534	59.345414476224164	0.9675706476081045
26.38611111079808	59.345414476224164	0.9609750500654699
26.99583333305782	59.345414476224164	7.6214898485213185
27.61944444430992	59.345414476224164	7.637752815311867
32.40416666655801	59.345414476224164	6.7231407099339675
33.1527777776937	56.37886169839025	0.477870186988522
33.91805555555038	56.37886169839025	0.48513302743245823
36.32222222210839	56.37886169839025	0.5114377264547607
38.01805555529427	56.37886169839025	0.5280229321144546
38.89583333325572	56.37886169839025	7.40744401527506
42.61111111094942	59.345414476224164	6.957365028536243
43.59444444434485	59.345414476224164	6.979174006546036
46.68194444419351	59.345414476224164	7.354238104309828
48.86111111089122	59.345414476224164	7.403017298577258
49.98888888879446	59.345414476224164	7.427995533000192
58.64305555529427	59.345414476224164	6.661788505852635
59.99583333305782	59.345414476224164	6.686511916744384
96.85555555525934	56.37886169839025	7.534075879056246
101.3763888887479	59.345414476224164	14.358313551887667
118.9208333330462	56.37886169839025	7.054872542839427
121.6638888887828	59.345414476224164	7.2615928085796035
130.2777777776937	59.345414476224164	7.362741844101435
133.283333333151	59.345414476224164	7.216812786147417
136.3569444443565	62.31196725405826	0.18291472945160034
152.8249999999534	59.345414476224164	0.047145981419053545
156.3499999997439	59.345414476224164	7.045652995950187
163.6444444441586	59.345414476224164	7.111704283697978
175.229166666395	56.37886169839025	3.4036847928066063
196.3916666664882	56.37886169839025	20.881451840102926
200.9208333333372	56.37886169839025	21.279638025537015
215.1444444443914	56.37886169839025	58.64612277603116