0.005555555631872267	3.100895306890647	1.410007326028444
0.006944444496184588	3.65956204288752	1.1258050229676149
0.009722222050186247	3.65956204288752	1.552107471478046
0.01111111108912155	4.046331321654589	1.357537701733341
0.01388888899236918	4.046331321654589	0.6720286457565414
0.01527777768205851	4.380857255577307	0.7573613046366413
0.01666666654637083	4.380857255577307	0.8406470159807203
0.01805555558530614	4.380857255577307	1.164073130549959
0.01944444444961846	4.380857255577307	1.2410688820824978
0.0208333331393078	4.690104151672103	1.0083487758297622
0.0222222221782431	4.690104151672103	2.2487802400640753
0.02361111104255542	4.690104151672103	1.227593192134149
0.02500000008149073	4.947950337516817	1.0337434198475837
0.02638888894580305	4.947950337516817	1.0981048110507454
0.02777777763549238	4.947950337516817	0.8216061191050108
0.02916666667442769	4.947950337516817	0.8571146892979131
0.03055555553874001	5.2150655038984315	1.6024587452150383
0.03194444457767531	5.2150655038984315	1.6768334929202142
0.03333333344198763	5.2150655038984315	1.7512273760301875
0.03472222213167697	5.395389307070874	0.6629738900775421
0.03611111117061228	5.395389307070874	1.733892889512972
0.0375000000349246	5.395389307070874	1.7996364920378527
0.03888888889923692	5.395389307070874	1.1124028134933757
0.04027777758892626	5.610261128608131	1.6760632663441202
0.04166666662786156	5.610261128608131	1.7353022398331308
0.04305555566679686	5.610261128608131	2.2760366175661657
0.04444444453110918	5.7821585858379425	1.935615377228905
0.04583333339542151	5.7821585858379425	1.2187513200553506
0.04722222208511084	5.7821585858379425	1.2561749212279913
0.04861111094942316	5.910239044166036	1.9229144855291078
0.04999999998835847	5.910239044166036	1.2904706536179211
0.05138888885267079	5.910239044166036	1.3258047032786269
0.05277777789160609	5.910239044166036	2.0836796228460503
0.05416666658129543	6.0652838095105635	1.2939695614297573
0.05555555544560775	6.0652838095105635	1.6324286104104928
0.05694444448454306	6.0652838095105635	1.8552141826573496
0.05833333334885538	6.202633248375555	2.056976198113757
0.05972222203854471	6.202633248375555	1.6938144357027052
0.06111111107748002	6.202633248375555	1.4342744977592023
0.06388888898072764	6.32312999535528	2.141442385280404
0.0666666665347293	6.32312999535528	1.58952996047364
0.06944444443797693	6.425931415855456	1.988079743314299
0.07222222234122455	6.572549835257348	1.4567312022950767
0.0750000000698492	6.572549835257348	1.9883186909835506
0.07777777779847383	6.675351255757533	1.9753893942644303
0.0805555553524755	6.675351255757533	1.4247457048564374
0.0833333334303461	6.769726330315074	1.6136062756810463
0.08611111098434776	6.855675058929976	1.5785256261929708
0.08888888888759539	6.855675058929976	1.6028347508525285
0.09166666679084301	6.933197441602242	1.5744665555772699
0.09444444434484467	6.933197441602242	1.51368295245851
0.0972222222480923	7.019146170217144	1.137584074683111
0.09999999997671694	7.070546880467232	1.4656504717856278
0.1027777778799646	7.070546880467232	1.1869572507424835
0.1055555554339662	7.12194759071733	1.393786639948305
0.1083333333372138	7.12194759071733	1.1090803727291365
0.1111111112404615	7.191043627446955	1.0798575482505681
0.1138888889690861	7.191043627446955	1.2062562553811835
0.1166666666977108	7.234017991754398	1.1327869520390894
0.1194444442517124	7.276992356061858	1.0165504004741945
0.122222222329583	7.276992356061858	1.2475939109184453
0.126388888747897	7.319966720369309	1.1796249524155062
0.1305555556900799	7.362941084676762	1.006272174629984
0.1347222222830169	7.371367430619396	0.7972692536433
0.1388888888759539	7.431194486812126	0.8511168804213352
0.1430555556435138	7.4573161592343	0.8098088189474654
0.1472222222364508	7.465742505176937	0.6156502232754067
0.1513888888293877	7.465742505176937	0.7743491707835597
0.1555555555969477	7.491864177599114	0.5197060341175866
0.1597222221898846	7.51714321542703	0.45212465347459163
0.1638888887828216	7.508716869484392	0.5511905267049756
0.1680555555503815	7.543264887849211	0.6578053056755173
0.1722222221433185	7.543264887849211	0.5779195291218627
0.1763888887362555	7.543264887849211	0.6348622371177753
0.1805555556784384	7.560117579734477	0.7085227687594151
0.1847222222713754	7.5946655980993	0.5442718667411295
0.1902777777286246	7.612360924578839	0.5490192995669928
0.1958333331858739	7.629213616464105	0.6916462256918696
0.2013888889923692	7.6721879807715645	0.5438116641224006
0.2069444444496185	7.637639962406753	0.5363980795185544
0.2125000000814907	7.6721879807715645	0.5844873114764825
0.21805555553874	7.689040672656841	0.5664280004506278
0.2236111111706123	7.680614326714195	0.3666765487838419
0.2291666666278616	7.706735999136377	0.6822553571281857
0.2347222220851108	7.723588691021654	0.6832517258695807
0.2402777778916061	7.749710363443829	0.6008559469707575
0.2458333333488554	7.758136709386467	0.5260288860880677
0.25277777784504	7.7665630553291045	0.5892364464931128
0.2597222223412246	7.792684727751279	0.46666679500277725
0.2666666664881632	7.809537419636556	0.3421372728451235
0.2736111109843478	7.809537419636556	0.5165393468133314
0.2805555554805324	7.817963765579194	0.5198494049329014
0.2874999999767169	7.817963765579194	0.4676976340333745
0.2944444444729015	7.860938129886645	0.38496362664671785
0.3013888889690861	7.817963765579194	0.5169729719499172
0.309722222329583	7.878633456366183	0.20240594998745798
0.3180555556900799	7.887059802308821	0.31136366276496663
0.3263888888759539	7.887059802308821	0.2696589413149714
0.3347222222364508	7.912338840136734	0.5829293306277021
0.4944444442517124	7.732015036964293	0.0020213715326494503
0.5722222220501862	7.749710363443829	0.07386162499589198
0.5861111110425554	7.740441382906929	0.15098659353033708
0.6000000000349246	7.723588691021654	0.3747997770804803
0.6138888888526708	7.715162345079017	0.6927109654434754
0.6291666665347293	7.715162345079017	1.1703797445213242
0.6444444445660338	7.758136709386467	1.9817841208400364
0.6597222222480923	7.792684727751279	2.8937501154344614
0.6749999999301508	7.835659092058733	2.7199517172186423
0.6916666666511446	7.93846051255891	1.8787848819399517
0.7083333333721384	8.041261933059097	0.9766553806911552
0.9402777777286246	7.620787270521476	0.4063513533906678
0.9625000000814907	7.637639962406753	0.5907225819416235
0.9847222220851108	7.654492654292021	0.7342569266570041
1.008333333302289	7.663761634828927	0.7750998866737367
1.031944444344845	7.663761634828927	0.9608066037509508
1.056944444251712	7.723588691021654	1.1106781989945902
1.081944444333203	7.758136709386467	1.111383385578798
1.106944444240071	7.783415747214382	1.146506170567556
1.133333333185874	7.783415747214382	1.2947827111980392
1.159722222131677	7.826390111521832	1.3997946455690076
1.187499999941792	7.878633456366183	1.3320543848359165
1.215277777751908	7.895486148251459	1.2179477665883005
1.244444444251712	7.921607820673633	1.2934233488834346
1.273611111100763	7.964582184981092	1.5180359210367127
1.304166666639503	7.989861222809005	1.4789176605498726
1.334722222178243	8.03283558711645	1.4403317343705222
1.366666666581295	8.041261933059097	1.4847654298161348
1.398611110984348	8.08423629736654	1.4451160005771015
1.431944444251712	8.1364796422109	1.3687389321786367
1.465277777868323	8.170185025981448	1.4500058397860265
1.5	8.2131593902889	1.3351512445321254
1.534722222131677	8.239281062711076	1.4182152330675508
1.570833333302289	8.256133754596352	1.341281129685881
1.608333333337214	8.282255427018528	1.192671111500648
1.645833333372138	8.325229791325977	1.0824034848929993
1.684722222271375	8.342082483211254	1.2749471872977154
1.723611111170612	8.36820415563343	1.1583075919838932
1.763888888934162	8.393483193461343	1.0474184411928498
1.8055555553874	8.41117851994089	0.9733683537051006
1.847222222189885	8.419604865883517	0.9372603304461797
1.890277777682059	8.50555359449842	0.9037837322635804
1.934722222038545	8.50555359449842	0.7130622434595458
1.980555555433966	8.497127248555781	0.6378960647117987
2.026388888829388	8.50555359449842	0.6365719007115761
2.073611111089122	8.540101612863243	0.6761119680252541
2.122222222038545	8.548527958805872	0.4120284571696449
2.172222222201526	8.531675266920605	0.6393092553204412
2.22361111122882	8.540101612863243	0.829655374072366
2.275000000081491	8.556954304748508	0.9051990759180492
2.327777777798474	8.574649631228056	0.9043542310936414
2.381944444379769	8.59992866905597	1.0912383604735716
2.4375	8.651329379306059	1.2391532164397843
2.494444444484543	8.685877397670874	1.392418669410722
2.552777777833398	8.711999070093047	1.4325499514307718
2.612500000046566	8.746547088457865	1.6543419820088605
2.673611110949423	8.797947798707956	1.621225732199796
2.736111111240462	8.814800490593228	1.6618014928386489
2.800000000046566	8.857774854900683	1.5483183895986252
2.865277777891606	8.883896527322854	1.5482894485688095
2.931944444251712	8.952149929458212	1.6964223496598156
3.0	8.969845255937752	1.6621800425044821
3.069444444437977	9.02967231213048	1.819767847207639
3.140277777740266	9.038098658073126	1.667610477417128
3.213888888945803	9.064220330495303	1.780216951968132
3.288888888841029	9.132473732630661	1.5549237640979552
3.365277777775191	9.175448096938121	1.70646222310499
3.443055555573665	9.227691441782472	1.6701766015357595
3.523611111100763	9.236117787725112	1.7840481315307188
3.605555555666797	9.287518497975203	1.8194715156562942
3.688888888747897	9.304371189860477	1.7456891835176531
3.775277777749579	9.356614534704827	1.635431187922731
3.862499999930151	9.408015244954921	1.7838815094460736
3.952777777682059	9.44256326331973	1.8614597724770365
4.044444444472902	9.476268647090274	1.7134287498730405
4.138888888992369	9.527669357340365	1.8651622671375485
4.234722222201526	9.545364683819914	1.9012446231411966
4.333333333139308	9.631313412434816	1.7509269269593593
4.433333333465271	9.656592450262721	1.90414086450539
4.536111111170612	9.674287776742268	1.8715320851766055
4.641666666779202	9.725688486992356	1.7984003878436303
4.749999999941792	9.785515543185085	1.9476653216358766
4.859722222143319	9.803210869664616	1.6428151416478518
4.972222222248092	9.871464271799987	1.8749007031345515
5.087500000081491	9.897585944222156	2.026213265439109
5.205555555643514	9.932133962586981	1.9912063894034036
5.326388888934162	9.983534672837068	1.9568952158200847
5.450000000128057	10.00038736472234	1.9944422065920582
5.576388888875954	10.077909747394603	1.843791217921444
5.705555555352476	10.129310457644705	1.9956938113104798
5.837500000081491	10.172284821952148	2.034186254692671
5.972222222189885	10.22368553220224	1.9984037167027553
6.111111111240462	10.249807204624409	2.1956686629002715
6.25277777784504	10.284355222989227	2.0813972125387346
6.397222222178243	10.344182279181947	2.044202760452391
6.545833333279006	10.387156643489408	2.006675850098508
6.697222222283017	10.430131007796849	2.008160215606725
6.852777777879965	10.490800698583854	2.199421256927293
7.011111111030914	10.542201408833945	2.2766603955552625
7.173611110949423	10.5851757731414	2.320187379898247
7.340277777635492	10.619723791506205	2.39942643259377
7.509722222050186	10.671124501756296	2.400499497091154
7.68333333323244	10.73937790389166	2.4030339334862774
7.861111111182254	10.790778614141741	2.365300798762369
8.043055555550382	10.859874650871378	2.32807496187127
8.22916666668607	10.919701707064098	2.5635130748535655
8.41944444424007	10.962676071371556	2.5645376457512907
8.613888888736255	11.023345762158554	2.490367780957741
8.81388888868969	11.066320126466003	2.4539992426923023
9.018055555585306	11.100868144830814	2.4145073532445807
9.226388888899237	11.186816873445713	2.458324224996774
9.44027777784504	11.2382175836958	2.5756722801164154
9.65833333338378	11.289618293945898	2.6552464592858405
9.88194444437977	11.33259265825336	2.5432761377556106
10.11111111118225	11.392419714446085	2.7383985727731153
10.34444444457768	11.461515751175705	2.6249689083880465
10.58333333343035	11.52976915331107	2.7470023206115455
10.82777777774027	11.607291535983338	2.787353680871424
11.07777777768206	11.624986862462869	2.791576591395731
11.33333333343035	11.701666610540888	2.8326947886219047
11.59583333315095	11.762336301327863	2.758317879336754
11.86388888885267	11.839858684000136	2.760735620951647
12.13749999983702	11.899685740192853	2.686724283137232
12.4180555556668	11.942660104500323	2.844259926715153
12.70555555564351	12.010913506635687	2.8076747972905793
12.99861111107748	12.06315685148004	2.8507475019615276
13.29861111118225	12.131410253615403	2.8939770739640434
13.60555555543397	12.192079944402398	2.8183336230454885
13.91944444453111	12.243480654652469	2.9813257024030793
14.2416666666395	12.311734056787833	2.984908710751543
14.57083333324408	12.380830093517472	3.065177391213053
14.90694444434485	12.466778822132378	3.0281232135321035
15.25138888898073	12.50975318643983	3.0323009058349526
15.60416666662786	12.587275569112085	3.1962824824568448
15.96527777763549	12.655528971247467	3.0824915808681266
16.33472222217824	12.72462500797708	3.2444365526986156
16.71250000008149	12.78445206416981	3.087222789119685
17.09861111117061	12.845121754956796	3.212721291475911
17.49305555544561	12.93107048357171	3.2125493493177983
17.89722222229466	12.97404484787917	3.302724402232961
18.3111111111939	13.076846268379347	3.2658364144872287
18.73472222214332	13.12824697862942	3.355647372850622
19.1680555556668	13.197343015359069	3.520317504901954
19.61138888890855	13.27402276343706	3.3621226632277192
20.06416666670702	13.359971492051972	3.5287687471824545
20.52805555559462	13.420641182838965	3.333211969841082
21.00166666670702	13.498163565511227	3.5015456659920408
21.48638888890855	13.592538640068756	3.627035632172513
21.9822222221992	13.643939350318858	3.6803931365675746
22.48916666675359	13.721461732991127	3.5207970814522893
23.00861111091217	13.781288789183856	3.774599385572096
23.54055555554805	13.86723751779876	3.6542008383486224
24.08361111109844	13.961612592356289	3.5380857033466895
24.63916666660225	14.047561320971207	3.789835216660286
25.20861111109844	14.098962031221284	3.7577601459764325
25.79055555554805	14.211032432258367	4.0097178719424535
26.38638888899004	14.262433142508462	3.939300629504277
26.99611111090053	14.331529179238098	4.030959437971643
27.61972222232726	14.434330599738278	3.9546048411940973
28.25722222204786	14.503426636467882	4.171290707008532
28.90999999979977	14.614654402910714	4.010576518606148
29.57666666654404	14.683750439640338	4.2698679443342975
30.26000000000931	14.79497820608316	4.316502181388548
30.95861111115664	14.86407424281278	4.712406508991012
31.67388888902497	14.95844931737033	5.1875355646254
32.40444444440072	15.03597170004259	5.67551203872351
33.15305555553641	15.138773120542773	6.19631967842901
33.91833333339309	15.216295503215047	6.602715917538333
34.70166666666046	15.396619306387485	7.031591510408171
35.50305555568775	15.560090417674662	7.646239740160012
36.32250000012573	15.766535893269277	8.048127952055362
37.1613888888387	15.938433350499079	8.374797365445398
38.0183333333116	16.12718349961416	8.864625715317699
38.89611111109844	16.281385630364436	8.879951352810366
39.79333333333489	16.496257451901688	8.748146086527129
40.71138888871064	16.65972856318886	8.535804470169492
41.65027777774958	16.84847871230394	8.37311176207806
42.61138888879214	17.003523477648468	8.10603591544181
43.59472222201293	17.158568242993013	7.726018843918238
44.60027777776122	17.347318392108097	7.783055819302313
45.62944444455206	17.45011981260827	7.408174703677902
46.68222222221084	17.596738232010182	7.095207802113445
47.76000000012573	17.75936670870308	6.898918833639562
48.86138888890855	17.86301076379752	6.772291049533228
49.98916666663718	17.957385838355066	6.613381905247703
51.14194444444729	18.120856949642242	6.2595333211543664
52.3224999998929	18.240511062027675	6.2797724784250475
53.52944444445893	18.32645979064258	6.115141766821972
54.76416666666046	18.46465186410184	6.026475133225215
56.02805555553641	18.58430597648731	5.964136582905007
57.32111111091217	18.696376377524388	5.404192714235359
58.6433333333116	18.799177798024548	2.115470786548099
59.99611111090053	18.902821853118997	2.591762103301103
61.38083333324175	19.005623273619186	3.411445302578366
62.79749999981141	19.142972712484184	3.9653606811753406
64.24611111113336	19.228921441099086	4.41934913282792
65.72805555554805	19.194373422734266	5.16862983619145
67.24472222209442	18.61885399485212	5.638903251265992
68.7961111109471	18.84215216233201	5.913763119033897
70.383611111145	19.108424694119353	6.225069812248591
72.0072222223389	19.36627087996408	6.347085286622832
73.6683333333931	19.581142701501335	6.546591071045233
75.36833333334653	19.847415233288668	7.353735323220253
77.1072222221992	20.019312690518504	10.575076201914687
78.88638888899004	20.182783801805655	10.184265794089983
80.70583333319519	20.35468125903547	9.635026274617003
82.56694444455206	20.518152370322646	9.165873529359907
84.47111111122649	20.647075463244978	8.727878399579089
86.4197222222574	20.79285124805262	8.213883985676837
88.4127777776448	20.9302006869176	8.094891531215653
90.45166666660225	21.059123779839975	8.09417581350862
92.5377777776448	21.196473218704956	7.888170746186234
94.67249999981141	21.343091638106873	7.841435022697461
96.8558333334513	21.454319404549672	7.840563159976975
99.09055555559462	21.60009518935729	7.965370796519008
101.3766666665906	21.738287262816577	7.830721889160362
103.7155555556528	21.89248939356683	7.903601036747702
106.1072222222574	22.012986140546555	7.92371390932802
108.5544444443076	22.158761925354174	7.845922777275612
111.0586111111916	22.27925867233389	8.036356446168325
113.6197222222108	22.442729783621058	7.451711003983106
116.2405555554433	22.545531204121236	8.206153606188531