0.01666666683740914	0.3462631278925091	0.3160075490095914
0.03333333338377997	0.7131500784494131	0.7426078305939137
0.05000000010477379	1.0648405280956974	0.6796107161500966
0.0666666668257676	0.9302429486014273	1.161129353832207
0.08333333354676142	1.2911598452291935	0.8744573944045568
0.1000000000931323	1.6021453817219682	1.5533990175206287
0.1166666666395031	1.8186955196985992	0.7657643894817324
0.1333333335351199	1.888707970322642	1.2499657485691673
0.1500000000814907	2.189924327658593	0.9626725293770995
0.1666666668024845	1.9049899355840292	1.2306357667228334
0.1833333335234784	2.054241283813577	1.6641411443262497
0.1999999998952262	2.388021571672322	1.1665708599637
0.216666666790843	2.381508785567759	0.9797194225658499
0.2333333333372138	2.6512466767316214	1.2157658364107005
0.2500000002328306	2.8596558320775793	2.037919697693287
0.2666666667792015	3.032787396023823	2.148789467771624
0.2833333335001953	2.999680733325623	1.6732160403186223
0.3000000002211891	2.8346901520100936	1.4674722152069695
0.316666666592937	2.9329246757538825	1.7868985336611478
0.3333333334885538	3.134278312819913	1.8149653229236384
0.3500000000349246	3.3388883429381653	1.7457707900338613
0.3666666667559184	3.5255882112689405	1.4361409194055381
0.3833333334769122	3.6498738794309613	1.3695672763685327
0.4000000001979061	3.3068671445907545	1.363869512706613
0.4166666667442769	3.4745713867831816	1.414820602182222
0.4333333332906477	3.4962806737984065	1.8380397899913834
0.4500000001862645	3.6694122377446505	1.940178602556835
0.4666666667326354	3.80563801376503	1.871813513798605
0.4833333334536292	3.986910560341968	1.6659164068606649
0.500000000174623	3.9771413811851444	1.4406793164653502
0.5166666668956168	3.857740302601515	1.4085148303097343
0.5333333334419876	3.9527184332930427	1.2340592197596403
0.5499999999883585	4.025444544793963	1.3601221602668119
0.5666666668839753	4.054752082264477	1.2774541584307175
0.5833333334303461	4.06289306489517	1.804588318446102
0.6000000001513399	4.05366661791371	1.697737919723616
0.6166666668723337	4.157871195586698	1.5674279833671612
0.6333333332440816	4.24579380799828	1.511039007990618
0.6500000001396984	4.322861776902248	1.364574097447198
0.6666666666860692	4.348912921320502	1.3982467487020693
0.683333333407063	4.371707672686451	1.7188706303424797
0.7000000001280569	4.371707672686451	1.5718166857621514
0.7166666668490507	4.368994011809554	1.471171098971559
0.7333333335700445	4.374964065738733	1.7236743862498611
0.7666666668374091	4.433579140679781	1.4243769699161837
0.8000000001047738	4.6593557256378935	1.7141436860508508
0.8333333335467614	4.63927463514882	1.9579170332322913
0.8666666666395031	4.718513532754304	2.3402803280447784
0.9000000000814907	4.625706330764332	2.2718105178400414
0.9333333335234784	4.669667636970121	2.214046277709163
0.966666666790843	4.820004449550393	2.376925345139246
1.000000000232831	5.115250752957145	2.398778377224043
1.033333333500195	5.049580159736151	3.010115429337767
1.066666666592937	5.119592610360175	3.337249947474838
1.100000000034925	4.9833668343397735	3.529688808444608
1.133333333476912	5.297066031709447	3.758912184476773
1.166666666744277	5.314433461321621	3.542977011950013
1.200000000186265	5.480509506987919	3.358395310949775
1.233333333453629	5.72419625373357	2.9568343463518407
1.266666666895617	5.80560608004059	3.452226069616552
1.299999999988359	5.91903710469502	3.537752699958549
1.333333333430346	5.900584210732096	3.625502068121234
1.366666666872334	6.091083204290495	3.3733566656514733
1.400000000139698	6.109536098253416	3.5779952381259026
1.433333333407063	6.092711400816625	3.4141050128345376
1.466666666849051	6.488905888844084	3.711077152976519
1.516666666837409	6.740190886045064	3.7283913392985943
1.566666666825768	6.926348022200411	4.437218203268356
1.616666666639503	7.132043516669475	3.857593463376855
1.666666666802485	7.186859466382855	4.0428774716278735
1.716666666790843	7.052261886888609	3.5449132912374526
1.766666666779202	6.825399837579729	3.1315325949284403
1.816666666592937	7.251444595253062	3.930761847995208
1.866666666755918	7.205855092521142	4.110911509406934
1.916666666744277	7.280209400548211	4.335056555295118
1.966666666732635	7.195543181188953	4.593643424342013
2.016666666895617	7.449541839266792	4.725544890346084
2.066666666883975	7.601506848373235	4.651396664865972
2.116666666872334	7.696484979064742	4.34214267762984
2.166666666686069	7.752929125304281	4.14469107390936
2.216666666849051	7.943970851038036	4.200678329608553
2.28333333338378	8.173003829048438	4.201037805598542
2.350000000093132	8.0590300722186	3.877125786350305
2.416666666802485	8.221306992657272	4.146520974934161
2.483333333337214	8.038948981729572	4.56233829640578
2.550000000221189	7.999329532926824	5.046624770564673
2.616666666755918	8.656035465136682	4.732550022724169
2.683333333290648	8.898636747531592	4.358114055334607
2.750000000174623	9.035947987902738	4.551098491477467
2.816666666883975	9.397407616705866	5.028149154008947
2.883333333244082	9.507039516132629	5.091225484183389
2.950000000128057	9.438655262034759	4.992286581904906
3.03333333338378	9.628611523417788	5.117998135930496
3.116666666639503	9.74258528024759	5.224211191882907
3.199999999895226	9.850588983148238	5.122709422366722
3.283333333500195	10.010152242709957	4.988183932155055
3.366666666755918	9.935255202507518	5.3366772095993245
3.450000000186265	10.16103178746563	5.321475883202254
3.533333333441988	10.283146526926133	5.800641502170729
3.616666666872334	10.42154323164805	5.759016702601589
3.716666666849051	10.6136704217326	5.446540310737964
3.816666666825768	10.328193297482697	5.10454672117085
3.916666666802485	10.536059720653252	5.131716194656797
4.016666666779202	10.79440023613416	4.874266620884235
4.116666666755918	11.083133753436348	4.847154282911954
4.216666666732635	11.15965899016495	5.117069094564667
4.316666666883975	11.345816126320319	5.173364640706866
4.416666666686069	11.464674472728552	5.090620758707485
4.53333333338378	11.602528445275059	5.174990344030584
4.650000000081491	11.736583292593949	5.2068568604924845
4.766666666779202	11.84133060244232	5.152308907906913
4.883333333476912	11.963445341902824	5.4962864761629495
5.000000000174623	12.084474617012583	5.579597310959932
5.116666666872334	12.209845749525368	5.748537673122603
5.249999999941792	12.352041579474948	5.932098359740112
5.38333333353512	12.577818164433056	5.203576129112276
5.516666666779202	12.609839362780491	5.753181666891067
5.650000000197906	12.752035192730077	5.675256373375485
5.783333333441988	12.920282167097888	5.505617344376479
5.933333333407063	13.01091844038635	5.290157170914524
6.083333333546761	13.145516019880601	5.365357153022625
6.233333333337214	13.36152342568189	5.270186603682993
6.383333333476912	13.410912053641468	5.282755673655376
6.533333333441988	13.566676187975547	5.208073567490291
6.700000000128057	13.693132784839099	5.299563760369469
6.866666666639503	13.805478345142772	5.343615841186762
7.033333333500195	13.981323569965916	5.356958765968886
7.200000000186265	14.258116979409744	5.316260368911867
7.366666666872334	14.497461868752348	5.216413539826408
7.550000000104774	14.770456152968526	5.26984699779282
7.733333333337214	14.42527848942679	5.196167541694713
7.916666666744277	14.528940334924416	5.109837038812336
8.10000000015134	14.661366985717134	5.068499701055972
8.300000000104774	14.789451779106816	4.903828834664829
8.50000000023283	14.91536564379501	4.985480114085173
8.700000000186265	15.043450437184697	4.792953023846078
8.91666666668607	15.169907034048252	4.861815703875853
9.13333333353512	15.299620023964097	5.016071291374634
9.350000000034925	15.371803403289649	5.085208919980111
9.566666666883975	15.55741780726963	4.67286659502433
9.800000000104774	15.689844458062344	4.984421294423873
10.0333333335002	15.820642912328971	4.885988338378788
10.26666666689562	15.918334703897381	4.865597249905723
10.51666666683741	15.98237710059222	4.589825422502026
10.7666666667792	16.156594128889207	4.396665877827135
11.01666666689562	16.293362637085004	5.061674938966623
11.28333333338378	16.265140563965208	5.150610054168475
11.55000000022119	16.374772463391988	4.986122523121413
11.81666666688398	16.424703823526997	4.987520227640801
12.10000000009313	16.56364326042426	5.576737815345188
12.38333333347691	16.553331349092034	5.617218931709227
12.68333333340706	16.8133000610991	5.693726325102079
12.98333333333721	16.971235124134704	5.744162896912723
13.28333333344199	17.169875100323814	5.899907595955299
13.60000000009313	17.002170858131368	5.763561026703344
13.91666666674428	17.325096502482502	5.80210385820127
14.24999999994179	17.42930108015547	5.922527939964166
14.58333333348855	17.68601339911024	6.266585362740437
14.93333333340706	17.73160290184219	7.146856557113522
15.2833333335002	17.725090115737615	6.94454580431959
15.6500000001397	17.989400685147714	5.834572224438151
16.0166666667792	18.226031913613408	5.65159475538157
16.4000000001397	18.28410425637907	5.446674167240134
16.7833333335002	18.29387343553592	5.626839370040634
17.18333333340706	18.829550092636033	6.099758637877797
17.58333333348855	19.02764733664977	6.1393175293735665
17.99999999994179	19.177441417054656	6.595182767607194
18.41666666674428	19.335376480090268	6.321967007530752
18.85000000009313	19.49656793617815	6.268157533418143
19.29999999998836	19.675126821878195	6.349485552894698
19.75000000023283	19.798869757864846	6.8015004519806554
20.21666666684905	19.935638266060632	6.577295619314041
20.68333333329065	20.15544479708954	6.669279616812327
21.16666666680249	20.496823335403622	6.642650754833374
21.66666666668607	21.231682700868213	6.805405911254608
22.16666666674428	21.139418231053604	7.07547663447369
22.68333333352348	20.538613712907875	6.965579001429505
23.21666666684905	20.494109674526722	6.907469077969081
23.76666666689562	20.31337986012514	7.12410845284185
24.31666666659294	20.48759688842215	7.099033283649774
24.88333333353512	20.936436397461467	6.582421210447771
25.46666666684905	21.124764462318357	6.514250115035758
26.06666666688398	21.45366016059868	6.52840818704151
26.68333333329065	21.50576244943514	6.5279633589605455
27.30000000022119	21.62082167061571	6.522420021142865
27.93333333352348	21.88024765044741	6.498007663455839
28.58333333354676	22.045780963938313	6.679456954259325
29.24999999994179	22.20100236609702	6.953396768503521
29.93333333340706	22.369792072640216	6.456139308628951
30.63333333324408	22.60805149763208	6.339804757205552
31.35000000015134	22.780097597227552	5.487248415664071
32.08333333343035	22.96679746555829	5.686953401449388
32.83333333343035	23.134501707750726	6.56948354472117
33.60000000015134	23.324457969133764	6.789666152735684
34.38333333324408	23.53395258883047	6.919117302694931
35.18333333340706	23.52689707055052	6.918775766362519
35.99999999994179	23.67886207965695	6.945281416258841
36.83333333354676	23.8248570348342	6.9339722607137
37.68333333352348	23.982249365694386	6.861155599565583
38.56666666659294	24.13909896437922	7.057144449966947
39.46666666673264	24.294863098713318	7.1543162011877355
40.38333333324408	24.452798161748916	7.045724447709002
41.31666666682577	24.70788228417755	7.064480293509209
42.2833333335002	25.043833500737804	7.109403419728151
43.26666666689562	24.899466742086716	7.259660290221368
44.26666666683741	25.152379935813837	7.609991764294669
45.30000000022119	25.256584513486807	6.85521264477416
46.35000000015134	25.312485927550945	6.91836103520837
47.43333333352348	25.365673680738205	6.973898095523038
48.53333333344199	25.482361098444915	6.85449719874443
49.66666666680249	25.397152146910255	5.877801986378882
50.81666666688398	25.569198246505717	6.332123616068858
52.00000000023283	26.032691524280274	6.250629807178336
53.20000000012806	26.20907948127882	6.242662540208434
54.43333333329065	26.47990283679349	6.672524848333139
55.69999999989523	26.672572759053388	7.5573144191140385
56.99999999994179	26.85981535955951	7.459066588536166
58.31666666688398	27.037831513084168	8.605506228304336
59.66666666674428	27.216390398784217	7.709685591846406
61.05000000022119	27.404718463641117	7.544917003437389
62.46666666679084	27.677712747857274	8.601240830748466
63.91666666680249	28.169428098751613	7.06195783318323
65.40000000008149	27.789515575985558	6.502422563758327
66.91666666680248	28.01909128617134	7.092245413693432
68.46666666679084	28.223701316289624	7.1463742888052115
70.05000000022119	28.32410676873492	7.306634453359472
71.66666666674428	27.818823113456087	7.96407737971363
73.33333333343035	28.142834222157997	8.371038473841
75.03333333338378	28.237812352849517	8.239360917288984
76.7666666667792	28.37729452192218	8.53744051974964
78.54999999998836	28.847843317976697	8.452322862023719
80.3666666666395	29.64348868708389	7.707935527010526
82.23333333345363	29.726526709917017	6.939858584868391
84.13333333353512	30.71321380475799	7.436297297097708
86.08333333343035	30.3181047810813	7.359959318613677
88.08333333348855	30.531398526005656	7.537501313589991
90.1166666666395	31.153369598991212	7.439386977851678
92.20000000012806	30.294224565364555	6.965709194576934
94.33333333343035	29.985952689748693	7.749682353830295
96.51666666689562	30.46898432583697	7.692875026045613
98.75000000017462	30.56016333130081	7.71200653463056
101.033333333442	30.790824505837328	7.706294317410354
103.3666666668723	31.173450689480283	8.733202506485846
105.7666666668374	31.63965762813174	8.732284698423017
108.2166666667908	32.00220272128564	8.758392460361055
110.7166666667326	32.391884423208545	8.895136615042599
113.2833333333838	32.60137904290524	8.494206410647367
115.9000000001979	32.261085968941956	7.674576209622515
118.5833333335468	31.890942625332748	7.721579106087179
121.3333333334304	32.43421753288819	6.558318823203116
124.1333333334769	32.550362218419494	7.399153019511424
127.0000000002328	32.86514688013996	7.387093392828305
129.9333333335235	33.06921417808287	6.8307654780413625
132.9333333335235	33.202183561050994	8.101867961159108
136.0000000002328	33.38399883980332	8.84741616301356
139.1500000001979	33.57395510118633	8.595303392631488
142.3666666668723	33.78887704263682	8.726355798738917
145.6500000000815	33.88439790550369	8.718478485015238
149.0166666668956	34.12537099137248	8.477394613221657
152.4666666667908	34.447753903548204	7.925719365220039
155.98333333357	34.562270392553415	7.910649467047604
159.5833333334304	34.80107254972065	7.643772374869297
163.2666666668956	34.97800323889452	7.6571492722648244
167.033333333442	35.16850223245297	8.295588671461188
170.9000000001397	35.275963203178215	9.203214252812614
174.8500000000931	35.42250089053084	8.80990002688422
178.8833333334769	35.633080974578284	8.975073405613953
183.0166666668374	35.83660554034582	8.702053811192286
187.2500000001746	36.053698410497844	8.677271268636131
191.5833333334886	36.113941681965045	8.978770107127067
196.0166666667792	36.341889195624645	9.049545784133409
200.5500000002212	36.63822096338218	8.87532791131541
205.1833333332907	36.82166443866065	9.062843116413852
209.9166666666861	37.041470969689534	9.874014983580167
214.7666666667792	37.247709196333986	9.557582214264853
219.73333333357	37.31609345043187	8.63990132695897
224.816666666884	37.661271113973605	9.294576532900301
230.0166666668956	37.85665469711043	9.311738929336823
235.3333333334304	38.072119370736324	9.133374624181444
240.7666666668374	38.18989225279378	9.528989394394324
246.3333333334886	38.467228394413006	10.081778620625572
252.0166666668374	38.72122705249089	9.29732002144885
257.8333333334304	38.952430959202765	9.73965432566756
263.783333333442	39.068575644734125	9.778731692581125
269.8666666668723	39.25147638783722	9.540606539900843
276.1000000000931	39.59231219397588	9.649257955522959
282.4833333334536	39.82134517198627	9.862390222854806
289.0000000002328	39.88593030085651	9.925520412340463
295.6666666668025	40.227851571345916	9.918988355194932
302.5000000002328	40.89269848618648	10.010107694314398
309.4833333334536	40.90572405839564	9.974583642187195
316.6333333335351	40.57357196706305	10.212079647020541
323.9500000001281	41.14832534079052	10.088691102735373
331.4333333334071	41.3936402840623	10.081008085491373
339.0833333335468	41.44194344767112	10.108270443338023
346.9166666667443	41.90272306456882	10.142235628405246
354.9166666668025	42.39443841546316	10.249363225583858
363.1166666666395	41.99118840915577	9.938103732886987
371.5000000002328	42.50569851141608	10.13187016630871
380.0833333334304	42.72876143549729	10.285032111072223
388.8500000000349	42.77326547387843	10.882467695414771
397.8333333334886	43.10053297563263	10.045750659999392
407.0166666668956	43.112473083490976	10.205169994150054
416.4166666668025	43.49564199930934	10.42746924703357
426.0333333333838	43.85547343158629	10.66073935228711
435.8666666666395	44.011780298095765	10.510001950846588
445.9333333332907	44.251667919613745	10.78862506353339
456.2166666667908	44.442166913172144	9.876186818005241
466.7500000002328	44.720045786966786	11.221901237785788
477.5166666668956	44.942565978872565	10.577158323044749
488.5333333335002	45.1194966680465	10.454558975048231
499.8000000002212	45.362640682616764	10.890602902667359
511.3333333334304	45.46684526028971	10.883422031251824
523.1333333334769	45.796826422920795	10.383979001464123
535.2000000001863	45.86846707007098	10.975158825373674
551.7688888891134	46.283657184236745	11.075159323429238
564.5022222222178	46.87849164845324	11.594415019623959
577.5355555557762	46.51703201965012	11.311116970283457
590.8688888889155	47.184049863192264	10.984291749561583
604.5022222223342	47.16613970140472	11.078448459868135
618.4522222224041	47.55039408157382	11.042197545374917
632.7188888891251	47.778884327408825	10.99628718300326
647.318888888869	47.998690858437726	11.029961292812281
662.2522222223342	48.85512223118749	11.041845021027841
677.535555555718	48.18810438764538	10.805400318089278
693.1688888890203	48.8377548015753	10.760334437933269
709.1688888889621	48.925677413986875	10.667926006516609
725.535555555718	49.0695014404626	10.877803631146394
742.2688888891134	49.426619211862686	10.969219084755952
759.3855555555201	49.86568954174516	11.304378375900209
776.9022222223575	49.980206030750324	11.350675427113456
794.8188888891018	49.99974438906402	11.659194765910001
813.1522222221247	50.56744224451161	11.558304266564438
831.9188888890203	50.9560384820837	11.049160658424892
851.1188888889155	51.0841232754734	11.800557075421683
870.7522222223342	51.06567038151049	11.163770515240758
890.8355555554735	51.12645638515308	11.768397214397877
911.385555555753	51.4710913165194	11.691805239862685
932.4022222221247	51.77285040603069	11.355447875234418
953.9188888890785	51.944353773450814	11.58357212082577
975.9188888890203	52.19943789587946	11.622936224907162
998.4355555555667	52.404047925997766	10.713451785304933
1036.584444444568	52.56686757861174	11.282002195111538
1060.501111111313	52.703636086807535	11.555054900460476
1084.967777777929	53.01353615894956	11.708476731380973
1110.001111111313	53.30986792670707	11.570121237001747
1135.601111111289	53.647990071968835	11.279630256025552
1161.801111111126	53.985026752879875	11.329005302093323
1188.601111111173	54.25422191186838	11.50412088685505
1216.017777777975	54.500622319490894	11.085801738647655
1244.067777777731	54.715544260941435	10.932016389023394
1272.767777777684	54.86913746657399	11.222641888042624
1302.11777777801	55.06289285318468	11.56703157525089
1332.151111111278	55.44986089423067	10.970761582520005
1362.884444444382	55.75921823419727	10.194682914740735
1394.317777777847	55.62136426165073	12.55531861811551
1426.484444444592	55.95134542428185	11.731509526751681
1459.384444444615	56.324745160943294	9.582914492673607
1493.051111111185	56.56029092505823	8.03824081523551
1527.484444444475	56.71605505939236	7.296818156580086