0.06666666688397527	0.30129817546872484	0.7589229799284218
0.1072222223156132	0.9724827289519062	3.0049265837152843
0.1333333334187046	1.786559371072014	2.873262340314812
0.1666666668606922	2.2307496351776703	1.3437268834426568
0.1999999999534339	2.3793574073600796	1.171408807137361
0.2333333333954215	2.6063516967375997	1.3833428774156813
0.4000000002561137	3.183635734830794	1.2052224273045338
0.56666666676756	3.6335416824819355	1.517594308199893
0.7330555557855405	4.067117105717419	1.6610762255956564
0.8997222222969867	4.403525908679792	1.883283919700324
1.399722222355194	5.46500999569698	2.656856088880747
1.899722222238779	6.329711263505605	3.308169453139872
2.399722222296987	7.1870637953271865	4.095734008058296
2.899722222355194	8.026452750291549	4.263346218111031
3.399722222238779	8.6804902531383	4.099451468664979
3.899999999965075	9.240627240595064	5.095371431133988
4.399722222355194	9.960803367325191	5.965127149519863
4.899722222238779	10.600143398197856	6.3304529598771495
5.399999999965075	11.335016996902059	6.612820129742687
5.899722222355194	11.895153984358824	7.326172711335113
6.399722222238779	12.440593499841517	7.138739968904329
6.899722222296987	13.084016161818077	7.2746071582426755
7.399722222355194	13.550252633884872	7.926951043139893
7.899722222238779	14.026287420601049	7.81044702095748
8.399722222296987	14.580708724512336	8.17454401863658
8.899722222355194	15.040412986812857	8.587563808472945
9.399722222238779	15.49848419667181	8.653631130619166
9.899722222296987	15.955738880309983	8.754839282045586
10.39972222235519	16.4113605115066	8.975700997552266
10.90000000025611	16.86616561648243	9.247130610682046
11.89972222235519	17.59777311030351	9.382898661022779
12.89999999996508	18.40940017376127	9.70183635598439
13.89972222223878	19.141007667582368	9.702362398753094
14.89972222235519	19.857917689429364	9.755418490704363
15.89972222229699	20.401724152470475	9.755946857612585
16.90000000025611	21.036981552239215	10.452166124592798
17.89972222235519	21.57915496283877	11.062072669250314
18.89972222229699	22.294431932244194	10.753878522995718
19.89972222223878	22.835788816622962	11.577146066429863
20.89972222235519	23.377145701001723	11.959261072977677
21.89972222229699	23.746215552795405	11.77111420922163
22.90000000025611	24.36677548059008	11.466584702558151
23.90000000019791	24.98733540838474	12.085011107537323
24.89972222229699	25.435608303594307	12.822290148611462
25.89972222223878	25.80386162916721	12.564800669627521
28.89972222223878	27.227066831991014	13.140891199397286
31.90000000025611	28.558821098087204	13.910489670075899
34.90000000025611	29.635819183299276	14.358663966661993
37.89972222223878	30.96430734451233	14.950227603056737
40.89972222223878	32.02824101019187	15.42920093897464
43.90000000025611	33.18199256015749	16.029824112631687
46.89972222223878	34.07200614081035	16.914814136413003
49.90000000025611	35.223308112113635	16.68065106785917
52.89972222223878	36.19089168374083	17.57143580271582
55.89972222223878	37.06539126619885	17.31139142477061
58.89972222223878	37.94070737487764	17.772126694184344
61.89972222223878	38.82582179820583	18.337528720543336
64.89972222223878	39.61866875858559	19.363877461717824
67.90000000025611	40.49153528860204	19.1709210739614
70.89972222223878	41.28438224898182	19.271804369724492
73.89972222223878	42.15806530521903	19.61300893260479
76.89972222223878	42.782707864117626	19.839486254970566
79.89972222223878	43.47675515178271	20.104415009419657
82.90000000025611	44.18060075409716	20.35687172846163
85.89972222223878	44.87464804176227	20.542573821551265
88.89972222223878	45.577677117855956	20.37017720867918
91.89972222223878	46.200686624312965	19.997910326809684
94.90000000025611	46.982918743822566	19.72149445082965
97.90000000025611	47.4230263768243	19.833833591208684
100.8997222222388	47.94397010568353	19.350845935656057
103.8997222222388	48.38326121246449	19.50586170968108
106.8997222222388	48.90257188888212	18.508342620184095
109.9000000002561	49.421882565299775	18.76446305642148
112.8997222222388	49.86035714585994	17.776127095852473
115.8997222222388	50.37803476983603	17.363034047581777
118.9000000002561	50.81569282417542	17.0755003002538
121.8997222222388	51.24355256386543	16.22403852572348
124.8997222222388	51.59220926013955	16.20775243968999
127.8997222222388	51.762046714062286	15.560463776935007
130.8997222222388	52.10988688411561	14.67060540312557
136.8997222222388	52.626747981870906	13.716400614365533
142.9000000002561	53.23179391147071	13.401433178226068
148.8997222222388	53.65883712493994	13.063053767320481
154.8997222222388	54.17488169647445	13.330150781509795
160.9000000002561	54.6100901721515	12.707253243135298
166.9000000002561	54.95711381598402	12.21945461292507
172.8997222222388	55.2943391451672	11.594182375027728
178.8997222222388	55.72138235863642	10.877315898510634
184.9000000002561	56.066772950027406	10.502741138528142
190.9000000002561	56.323978709573865	11.02097127271569
196.8997222222388	56.49299963727585	11.335184063327269
202.8997222222388	56.74938887060153	11.61834360005186
208.8997222222388	57.006594630147994	13.577911299279869
214.9000000002561	57.351985221538996	8.681727648399832