0.008294228244210444	0.877564606501837	0.11102371809776722
0.02496089824420267	0.9998481992111093	0.283304775009099
0.0582942282442076	1.352312672314306	0.4563266044296682
0.09162756824422047	1.5681072476836104	0.5665219910911204
0.124960898244197	1.7623223655160107	0.6521839245275145
0.1582942282442019	1.9205717207868338	0.8226719867376514
0.1916275682442148	2.0932073810822507	0.9748190198618174
0.2249608982442197	2.287422498914624	1.03788789006766
0.2582942282441962	2.424092396648517	1.0717098647712433
0.2749608982442169	2.4960239217716187	1.0577546035381118
0.2916275682442233	2.5535691418700996	1.0245740520814448
0.324960898244214	2.661466429554778	1.0710005002863507
0.358294228244219	2.7621705647270938	1.0786069361408943
0.3916275682442176	2.841295242362532	1.202576589512099
0.4249608982442226	2.9563856825594677	1.333785794912072
0.4582942282442133	3.0427035127072157	1.3954500228394335
0.4916275682442119	3.1506008003918677	1.444713223910182
0.5082942282442104	3.215339173002632	1.458118506599583
0.5249608982442169	3.2728843931011133	1.5885438521163249
0.5582942282442218	3.3879748332980757	1.7085784113580669
0.5916275682442205	3.459906358421204	1.8531770830539636
0.6416275682442034	3.5534173410812353	2.0644055210606393
0.6749608982442084	3.6900872388151282	2.24821563286905
0.7082942282442133	3.812370831524374	2.3149256843525388
0.7416275682441977	3.913074966696742	2.519051068143024
0.7749608982442027	4.035358559405988	2.5955303975562436
0.8082942282442076	4.15764215211526	2.8212117770357503
0.8416275682442205	4.287118897336843	2.7826389116173247
0.874960898244197	4.387823032509185	2.771919339945205
0.9082942282442019	4.4813340151692165	2.7805777210294296
0.9416275682442148	4.625197065415393	2.7835765205154606
0.9749608982442197	4.704321743050831	2.883329469450398
1.008294228244196	4.805025878223146	2.8277965962953986
1.041627568244223	4.876957403346275	2.782374311819086
1.074960898244214	4.948888928469403	2.8005536853682753
1.108294228244219	5.028013606104787	2.9441289383148743
1.141627568244218	5.11433143625251	2.890379294640101
1.174960898244223	5.179069808863326	2.767768460604227
1.208294228244213	5.294160249060263	2.85647127186333
1.241627568244212	5.35170546915877	2.842052132127617
1.274960898244217	5.416443841769535	2.923472696300807
1.308294228244222	5.488375366892663	2.9549775599699886
1.341627568244221	5.560306892015738	3.0290224178552814
1.374960898244211	5.682590484725011	3.074499955833554
1.408294228244216	5.718556247286587	3.11825587726501
1.441627568244215	5.790487772409662	3.155195177191312
1.47496089824422	5.840839839995808	3.1854895423716805
1.541627568244223	5.984702890242063	3.300531800737267
1.591627568244221	6.099793330438998	3.328653543698843
1.641627568244218	6.186111160586719	3.3811392213838105
1.708294228244213	6.322781058320611	3.406208784173266
1.774960898244217	6.459450956054505	3.475582940625363
1.841627568244221	6.5673482437391835	3.6766693317759156
1.908294228244216	6.72559759900998	3.6785476388478555
1.97496089824422	6.826301734182323	3.708636400033482
2.041627568244209	6.941392174379286	3.7574625419952614
2.108294228244219	7.085255224625488	3.7945946072650343
2.174960898244208	7.157186749748615	3.8598012021545762
2.241627568244198	7.279470342457831	3.862275592226813
2.308294228244208	7.430526545216372	3.9136198238402318
2.374960898244197	7.516844375364125	3.897157497011856
2.441627568244215	7.624741663048747	3.9795972961131034
2.508294228244196	7.7542184082703285	4.027184710667432
2.591627568244221	7.840536238418051	4.007177062764375
2.658294228244216	7.934047221078083	4.099583877847085
2.72496089824422	8.04194450876271	4.107164228474756
2.791627568244209	8.128262338910458	4.218695287155468
2.858294228244219	8.214580169058177	4.057125814288996
2.924960898244208	8.308091151718212	4.0983536680493975
3.024960898244203	8.444761049452104	4.247056431665228
3.124960898244197	8.588624099698336	4.158685141294761
3.22496089824422	8.682135082358368	4.327290691747654
3.324960898244214	8.85477074265381	4.415032230540495
3.424960898244223	8.926702267776882	4.453136944371365
3.524960898244217	9.092144775560016	4.495474837661861
3.624960898244211	9.171269453195455	4.494736298177723
3.72496089824422	9.322325655953941	4.63656503040214
3.824960898244214	9.430222943638594	4.754987092816842
3.924960898244223	9.509347621274005	4.767959756711001
4.024960898244217	9.631631213983276	4.916383138897877
4.124960898244211	9.753914806692576	4.840000536097132
4.22496089824422	9.86900524688951	4.845713251182193
4.324960898244214	9.96970938206185	5.0288903423227795
4.424960898244208	10.063220364721884	4.929185127760171
4.541627568244223	10.15673134738189	5.125369403707659
4.674960898244223	10.329367007677357	5.141707557245287
4.791627568244223	10.47323005792359	5.052612858549425
4.908294228244216	10.581127345608218	5.271820899158439
5.041627568244209	10.717797243342106	5.249646114331607
5.174960898244208	10.840080836051408	5.2397238598066185
5.308294228244208	10.940784971223723	5.237943896611022
5.441627568244215	11.070261716445307	5.4294709503486605
5.574960898244214	11.170965851617645	5.535981614272147
5.708294228244213	11.30763574935154	5.514505883641732
5.841627568244221	11.437112494573123	5.3333583975750125
6.00829422824421	11.516237172208564	5.475151528456108
6.174960898244223	11.688872832504007	5.622160925752761
6.341627568244221	11.80396327270094	5.768113952131029
6.491627568244212	11.911860560385621	5.716091952879853
6.658294228244216	12.026951000582551	5.893240742376905
6.824960898244214	12.206779813390309	5.785582247298939
6.991627568244212	12.343449711124203	5.9648486262809195
7.158294228244216	12.415381236247331	5.9806998510449825
7.324960898244214	12.480119608858091	5.914044820407015
7.524960898244203	12.703107336739707	6.006352274294808
7.72496089824422	12.825390929448975	6.2082135746123255
7.924960898244223	12.990833437232144	6.159707436788694
8.124960898244211	13.177855402552206	6.193840738121007
8.324960898244214	13.26417323269993	6.280819300229907
8.541627568244223	13.436808892995312	6.369852333004683
8.741627568244212	13.494354113093848	6.208490657389632
8.97496089824422	13.674182925901604	6.43211041398859
9.208294228244213	13.832432281172398	6.421205153643056
9.441627568244215	13.947522721369358	6.619394270582959
9.674960898244208	14.07699946659097	6.5295978085573125
9.908294228244202	14.213669364324865	6.622309602518984
10.14162756824422	14.33595295703408	6.609546709432326
10.3916275682442	14.451043397231068	6.509765837937529
10.6582942282442	14.594906447477271	6.694130459546345
10.92496089824422	14.738769497723473	6.5947828096856975
11.19162756824422	14.832280480383478	6.777038894938831
11.45829422824421	15.048075055752813	6.86218425364049
11.72496089824422	15.112813428363634	6.657239266535401
12.0249608982442	15.263869631122118	6.880156207916205
12.30829422824422	15.37176691880674	7.039170371843578
12.60829422824422	15.544402579102211	7.052643848103327
12.9082942282442	15.681072476836103	7.222070067068764
13.20829422824421	15.817742374569995	7.370957346946866
13.54162756824422	15.954412272303863	7.425431049198068
13.87496089824421	16.1054684750624	7.545173272399706
14.22496089824422	16.220558915259364	7.624360697537503
14.55829422824422	16.342842507968637	7.698082696065696
14.92496089824421	16.537057625801005	7.636446696022015
15.29162756824422	16.59460284589952	7.864411716913899
15.65829422824422	16.781624811219558	7.883127109123378
16.02496089824422	16.954260471515024	8.072694055235493
16.40829422824422	17.07654406422427	7.989650086548021
16.80829422824422	17.270759182056675	8.176715726544746
17.20829422824421	17.443394842352117	8.110368572149557
17.60829422824422	17.558485282549047	8.181152439948043
18.04162756824422	17.731120942844488	8.281162188010649
18.45829422824421	17.874983993090694	8.406383238458199
18.89162756824422	18.018847043336894	8.356203844992361
19.35829422824422	18.141130636046167	8.475902915204367
19.82496089824421	18.313766296341612	8.530002920475836
20.30829422824421	18.464822499100126	8.833647721537018
20.80829422824422	18.60149239683402	8.760286069293912
21.30829422824422	18.774128057129467	8.81299687669223
21.80829422824421	18.889218497326457	9.00404500116384
22.32496089824421	19.083433615158796	9.046191230063961
22.85829422824422	19.176944597818828	8.910193787291872
23.39162756824422	19.313614495552724	9.166427337418428
23.94162756824422	19.47905700333586	9.14178569636373
24.50829422824421	19.615726901069745	9.192810607274582
25.07496089824421	19.7236241887544	9.24652008217651
25.67496089824422	19.874680391512943	9.4548102695422
26.29162756824422	20.083281814369908	9.416381725028899
26.92496089824421	20.20556540707918	9.597365911428232
27.55829419824421	20.36381476235003	9.665163688586269
28.20829419824422	20.493291507571584	9.746364923032676
28.87496089824421	20.665927167867036	9.799992488674478
29.5416275982442	20.838562828162473	9.883064528723226
30.22496089824422	21.018391640970222	10.033971557292698
30.92496089824422	21.10470947111795	10.13119261828557
31.6416275982442	21.298924588950324	10.290167785935962
32.3749608982442	21.428401334171905	10.306908066243226
33.1416275982442	21.565071231905797	10.457866378080109
33.92496089824422	21.723320587176648	10.533670481529299
34.72496089824422	21.86718363742282	10.712094940429047
35.5416275982442	22.03981929771827	10.781574860389256
36.37496089824421	22.1333302803783	10.82897730446372
37.22496089824421	22.341931703235325	10.888528010652717
38.09162759824422	22.485794753481528	10.967100664129273
39.00829419824422	22.622464651215417	11.154610532547943
39.90829419824421	22.78071400648621	11.16918208539494
40.84162759824422	22.953349666781648	11.117517974384981
41.79162759824422	23.046860649441687	11.591418988803127
42.75829419824422	23.269848377323306	10.935291834898571
43.77496089824422	23.37055251249565	11.691875669921524
44.79162759824422	23.535995020278776	11.46014152735222
45.82496089824421	23.67266491801266	11.856020012377837
46.90829419824421	23.845300578308112	10.562787528719465
48.0416275982442	23.981970476042004	11.692069057788354