0.002777777728624642	77029.55904516445	10472.435576277057
0.005555555457249284	96206.06178268851	44866.81992075582
0.008333333185873926	118471.25560169714	76745.27376711096
0.01111111108912155	144994.03879101053	111671.46097764758
0.01388888881774619	173266.32253626204	153910.59501404193
0.01666666654637083	205355.97187353027	186324.3639263737
0.01944444444961846	235392.3487081026	187459.4029894067
0.0222222221782431	259538.21642083055	167186.82622514595
0.02499999990686774	277785.1923551862	141823.7604827857
0.02777777763549238	291469.5804538377	119346.67071599179
0.03055555553874001	303866.9671826818	89937.12692008099
0.03333333326736465	309849.8642357208	62930.01189092779
0.03611111099598929	313296.9000076192	33852.279413123826
0.03888888889923692	314594.7210283089	20274.711218618108
0.04166666662786156	315361.26464751124	27750.68774630751
0.0444444443564862	316080.56218201254	42544.000298054576
0.04722222208511084	320283.5353091995	56831.166835205055
0.04999999998835847	324339.94915321836	61911.79605826139
0.05277777771698311	328314.8876062643	46270.994373222355
0.05555555544560775	330068.2958723323	32245.375047828988
0.05833333317423239	329818.08446455357	21940.501212976298
0.06111111107748002	330060.58222584834	10481.73399806997
0.06388888880610466	330455.4245051757	6731.18880791506
0.0666666665347293	331165.07998157176	8559.14864351585
0.06944444443797693	331236.43121153535	9486.280640616065
0.07222222216660157	331703.10682373104	8913.739663289465
0.07499999989522621	332010.20637431834	7585.7256792287835
0.07777777762385085	332335.6258352994	8707.003316718397
0.08055555552709848	332549.1974222869	7888.324767649517
0.08333333325572312	332844.2444002435	7751.03980757489
0.08611111098434776	333126.7567026677	7356.242953814305
0.08888888888759539	333353.82717099786	7497.897362798355
0.09166666661622003	333583.7902567598	7715.361052042416
0.09444444434484467	333783.86296240176	7347.116155438847
0.09722222207346931	333953.56318501866	7231.9640336720695
0.09999999997671694	334218.7197828553	7516.500360611445
0.1027777777053416	334431.80926693697	7119.314087484985
0.1055555554339662	334580.2969617261	7225.207628882734
0.1083333333372138	334771.6918150738	7659.012350197837
0.1111111110658385	335021.9032228526	7780.1373269058495
0.1138888887944631	335130.8584794194	7718.257626078853
0.1166666665230878	335375.28465233505	7549.576665552363
0.1194444444263354	335475.5620566075	7841.434400093099
0.12222222215496	335701.66831912764	7779.747567447116
0.1277777777868323	336128.81149310124	8104.804505826192
0.1333333332440816	336390.1112676975	7884.436595136655
0.1388888888759539	336697.21081828425	7920.493953197336
0.1444444443332031	337039.5038809498	7787.3271724900715
0.1499999999650754	337255.9680853662	8040.70763300589
0.1555555554223247	337600.1895596509	8024.4965341435745
0.161111111054197	337916.93116833974	7995.607909353143
0.1666666665114462	338159.91103254195	8356.292272463948
0.1722222221433185	338413.9792635593	8243.293349079346
0.1777777777751908	338653.5844074251	8001.377627146562
0.1833333332324401	338931.7577837017	8287.96655206014
0.1888888888643123	339159.79245784273	8305.51198726452
0.1944444443215616	339437.48373121576	8327.841326690073
0.1999999999534339	339597.0597928231	8598.48266496688
0.2055555554106832	339912.83719570463	8540.316494912853
0.2111111110425554	340103.7499461464	8580.96839640137
0.2166666666744277	340317.321533132	8517.30056057599
0.222222222131677	340546.80251598865	8944.772258143825
0.2277777777635492	340774.83719012997	8557.176144717581
0.2333333332207985	341015.4065398054	8814.46171390537
0.2388888888526708	341161.48372006934	9227.373932029415
0.2444444443099201	341380.84054191614	9176.370520200464
0.252777777670417	341669.13807920227	9177.021696703127
0.2611111110309139	342003.7174953832	8947.149705043832
0.2694444443914108	342332.9937796081	9635.677323767464
0.2777777777519077	342582.72308448167	9553.743658109594
0.2861111111124046	342871.50272467115	9405.49254908232
0.2944444442982785	343079.7711797014	9959.410748038137
0.3027777776587755	343425.92106560734	9714.889005060148
0.3111111110192724	343661.66938622884	10150.569297897327
0.3194444443797693	343859.81368025125	9867.96386383471
0.3277777777402662	344223.80137364526	10280.678498094749
0.3361111111007631	344453.2823565012	9739.901966941305
0.344444444286637	344731.9378356856	10080.666384224078
0.3527777776471339	344967.6861563073	9821.266890956424
0.3611111110076308	345164.8662445205	10440.246811422134
0.3694444443681277	345374.0989053601	10509.199175884729
0.3805555554572493	345619.0071811789	10564.368613366254
0.3916666665463708	345923.2141143376	10428.72195649567
0.4027777776354924	346259.23983923224	10522.95687007925
0.4138888888992369	346635.76220816455	10914.585146074342
0.4249999999883585	346873.438940407	11029.296514282894
0.43611111107748	347156.9154486408	11199.407855149706
0.4472222221666016	347382.04356214096	11247.901844250568
0.4583333332557231	347702.5738156434	10575.981948732699
0.4694444443448447	347926.22199252306	10887.773804502147
0.4805555554339662	348143.6041644449	11213.087465396466
0.4916666665230878	348421.7183844018	10303.59604985195
0.505555555515457	348791.4126767847	10968.376385267886
0.5194444443332031	348999.636841464	10956.330777192754
0.5333333333255723	349354.87112241256	11440.05298106998
0.5472222221433185	349467.6592116148	11052.448910988483
0.5611111109610647	349853.2595165786	10991.840635172526
0.5749999999534339	350178.12777351175	11247.06097893009
0.5888888887711801	350401.7759503897	11709.419563918993
0.6027777777635492	350675.5521669163	11931.776622363115
0.6194444443099201	350968.1263983052	12214.018530479863
0.6361111110309139	351297.81465905014	12345.547854775123
0.6527777777519077	351610.6329064513	12296.036745786818
0.6694444442982785	351983.7012015029	12796.16452340796
0.6861111110192724	352179.8753566545	12907.725822817738
0.7027777777402662	352486.42759909935	13092.357077564908
0.719444444286637	352855.1578907224	13078.410471409295
0.7361111110076308	353098.0860828484	13006.278869829726
0.7555555554572493	353504.89440458646	12920.93047820323
0.7749999999068677	353827.83465999376	13242.340380367319
0.7944444443564862	354145.4729112084	13534.616495988594
0.8138888888061047	354445.7591486983	12973.432656838595
0.8333333332557231	354713.2693602669	13113.780968869589
0.8527777777053416	355034.7636145308	13064.330522191183
0.8749999998835847	355320.589840583	13140.388096901515
0.8972222220618278	355708.6001474559	13162.173572620486
0.9194444444146939	355954.9023422489	13019.607169647743
0.941666666592937	356242.1745694477	12800.798152532769
0.9638888887711801	356599.33685192023	12638.537954586036
0.9888888888526708	356941.0751221942	13156.429264219581
1.013888888759539	357263.53337722213	12748.221189944965
1.038888888841029	357530.07958802616	12809.20507951703
1.063888888747897	357746.01575880504	12806.992425978242
1.088888888829388	358029.9139833372	12391.992381478896
1.116666666639503	358429.49229935504	12849.62573220846
1.144444444449619	358712.42652312346	13383.538969370182
1.172222222085111	358965.47672325507	15468.039077312491
1.199999999895226	359242.14494206716	15957.066271687954
1.227777777705342	359493.7491410538	17482.345629959993
1.258333333244082	359927.54948413913	18072.804458504364
1.288888888782822	360354.6018218854	17837.695623417236
1.319444444321562	361074.2283910242	19342.84118309051
1.349999999860302	361385.6006372824	19237.534708373325
1.383333333302289	362041.60315610265	20126.121747049685
1.416666666569654	362547.2215559872	19268.504628819268
1.450000000011642	362753.5177191429	19479.64106150037
1.486111111007631	363366.62220403453	18804.304170784828
1.522222222178243	363626.90240988455	19154.192644964813
1.558333333174232	364089.6227758446	19268.267318928687
1.594444444344845	364295.9189389985	19255.677611783252
1.633333333244082	364759.6033057163	21216.85025437923
1.672222222143319	365330.29175706446	20922.26904804212
1.711111111042555	365716.85606279084	22176.494607573295
1.752777777670417	366380.0885873273	22685.26328658014
1.794444444298279	366872.6929769179	23802.969489173913
1.836111111100763	367495.9194698156	23967.915525114764
1.880555555457249	368033.8318952413	24212.158552677032
1.924999999988359	368564.0323145655	24696.920982158492
1.969444444344845	369113.03074875724	24422.07875004144
2.016666666604579	369582.49912005104	25115.45656548873
2.063888888864312	370059.1974970628	24429.47474046746
2.113888888852671	370685.7979926285	24498.59808427856
2.163888888841029	371184.186386795	25027.112516717443
2.213888888829388	371749.5728339484	24876.447381804464
2.266666666546371	372388.22333904443	25485.03273284172
2.319444444437977	372853.83570728835	25523.249366163396
2.374999999883585	373395.12213538063	25335.01238909296
2.430555555503815	374025.5786339967	26125.029694959903
2.488888888852671	374557.2250544662	26365.035632828476
2.547222222201526	375140.92751610617	26122.853896100067
2.608333333279006	375631.12190378865	26391.380263132065
2.669444444356486	376189.7603456067	26936.023987990855
2.733333333337214	376858.2948743355	26501.32941354581
2.797222222143319	377472.36335999146	27530.751027502378
2.863888888852671	378050.281817058	27157.57199960789
2.930555555562023	378562.64822227776	28004.118036925007
3.0	379207.0827319486	28515.26001728038
3.069444444437977	379729.08914479334	28100.79976474121
3.141666666604579	380461.2477238434	28260.284804350846
3.216666666674428	380966.3841233443	28456.13824376585
3.291666666569654	381610.3366326353	29082.480726964342
3.369444444368128	382273.08715679275	29148.06570434375
3.447222222166602	382820.6395898415	29970.707053068298
3.5277777776937	383459.2900949373	29487.151360926848
3.611111111124046	384059.86256991856	30713.194299505893
3.694444444379769	384689.83706815133	30965.514777889653
3.78055555553874	385327.04157210473	30609.58619575702
3.869444444426335	386018.23011875164	31022.827539013808
3.961111111042555	386640.97461126884	31180.218462475354
4.052777777658775	387369.7591876515	31543.455952816825
4.147222222178243	388053.7177285806	31784.031606502216
4.244444444426335	388625.8521810702	32385.55344437698
4.344444444403052	389259.68268235464	32341.25959714492
4.447222222108394	389924.36120803776	32673.418319999808
4.549999999988359	390574.5797222824	32492.95705372752
4.655555555422325	391244.5602521562	32690.211914355434
4.763888888759539	391987.32283959305	32928.49646222256
4.875	392647.66336184315	33499.97646866831
4.988888888794463	393314.26988904807	33955.017286788774
5.105555555492174	393996.78242883424	34288.80803295243
5.224999999918509	394708.2149914917	34671.42086138816
5.347222222073469	395316.01747219084	34558.80246154775
5.472222222131677	396044.20332120324	34980.27433469924
5.599999999918509	396775.2361873647	35354.99021047652
5.730555555433966	397481.69247068267	35511.49987028529
5.863888888852671	398146.7058888114	36172.60716156177
6.0	398915.3264699103	36059.415496684545
6.138888888875954	399656.47910547757	36807.5637093221
6.280555555480532	400369.2000079485	37089.71994381765
6.427777777716983	401086.73984823667	37577.07255514005
6.577777777682059	401774.4022740851	37266.75127325669
6.730555555550382	402585.91140171525	38289.445142370714
6.886111110972706	403242.73262556136	38431.78499010672
7.047222222201526	404007.01616262825	38636.863094864755
7.211111110984348	404773.7091686033	38719.5002892238
7.377777777670417	405585.21829623444	39122.34344706842
7.549999999988359	406196.2596108624	39885.78733745586
7.724999999860302	407073.7881865245	39713.93207307083
7.90555555553874	407852.04664324876	40452.94448555302
8.08888888877118	408615.3663927537	40726.74334281625
8.277777777635492	409331.46055169404	41263.91750648731
8.469444444403052	410109.2371146353	41407.68170834027
8.666666666627862	410938.57631217415	42119.31090107205
8.866666666581295	411681.656522867	42198.55317803448
9.072222222166602	412483.04588108923	42613.48649116345
9.283333333209157	413276.724938813	43103.662829964065
9.499999999883585	414134.9777632246	43611.08478437629
9.719444444286637	414947.45067841734	44089.57659138792
9.944444444321562	415689.08520776563	43884.73741033998
10.17499999998836	416549.26560730295	44249.13949926866
10.41111111111241	417384.3875302136	45135.05956797646
10.6527777776937	418225.7740722836	45044.411107222244
10.89999999990687	419021.86259891314	45354.42298373833
11.15277777775191	419874.8145917316	45770.335155378074
11.4111111110542	420620.3042713269	46522.71374793672
11.67499999998836	421415.91090417694	46798.02081855781
11.94444444437977	422372.47005996626	46774.66864109913
12.22222222213168	423115.06837687595	47528.718331871845
12.50555555551546	423997.89778412983	48015.91557344198
12.79444444435649	424866.2703779497	48014.778563940556
13.09166666655801	425735.6067593309	48682.19146558761
13.39444444439141	426614.09912255296	49566.38633925522
13.70555555541068	427415.48848077754	49601.646600072614
14.02222222206183	428370.6019552202	50089.4156539205
14.34722222207347	429234.63750500756	50235.71875471468
14.68055555544561	430053.3750393577	50860.85287454525
15.01944444444962	430901.9899881426	50783.478741521
15.3666666666395	431845.5380118376	51735.565649681856
15.72222222218989	432765.4732402473	52104.65606307672
16.08611111110076	433575.5366865357	52238.534618607824
16.45833333319752	434446.80064304254	52791.855297462396
16.83888888882939	435400.4684361403	53366.46548828082
17.22777777764713	436209.086201084	53923.52079285091
17.62777777772863	437245.6397245591	54322.19775800122
18.03611111099599	438083.6530101582	54420.5742898986
18.45277777762385	439017.56315822643	55444.50074081406
18.88055555551546	439950.99141251296	56091.1582037087
19.31666666659294	440853.0965710183	56470.50850040359
19.76388888875954	441758.093092211	56875.418755943334
20.22222222218989	442707.90573506185	57688.66889462591
20.68888888880611	443667.8381473182	57556.87421453423
21.16666666651145	444579.86256213667	58260.64484382188
21.65555555548053	445547.76510081044	58545.48950409576
22.15555555553874	446501.2141421416	58727.3399197104
22.66666666651145	447436.35542017035	59652.402897695436
23.19166666665115	448426.419988102	59819.40613954461
23.72777777770534	449371.19693102775	60411.06685219197
24.27499999984866	450315.0103074624	60544.11805699869
24.83611111098435	451256.89655091957	61375.246386627645
25.41111111111241	452203.1188435783	61493.63661226185
25.99722222215496	453118.50700857525	61681.80692212425
26.59722222218989	454167.83091560984	62251.347855601525
27.21111111104256	455055.2756524096	62410.55949832841
27.8388888888876	456071.356515556	62751.721739383895
28.48333333327901	457005.5342270978	63649.2442824126
29.14166666666279	458040.40463678684	63833.57011408557
29.81388888886431	458973.136998593	64075.795858856385
30.50277777778683	459907.31471013284	64403.98032205717
31.20833333325572	460913.7599083862	64871.86990677949
31.93055555544561	461872.026782164	65454.07901724327
32.66944444435649	462834.6297051453	65656.51682522694
33.42499999998836	463907.07920792483	66120.92609180493
34.1972222221666	464832.1030378155	66477.91275412975
34.98611111106584	465763.87183313275	66784.01669261808
35.79444444441469	466688.4138797799	67482.50977643138
36.62222222221317	467770.98083069746	67174.03631098816
37.46944444428664	468721.0573893134	67824.1718964213
38.33611111098435	469714.4944399596	68589.80677176561
39.22222222213168	470686.7330278335	68465.83877835778
40.12777777772863	471721.6034375247	69150.34598555783
41.05555555550382	472653.8540160875	69641.1608045945
42.00277777772863	473659.81743109477	70711.87070219159
42.97222222213168	474620.9750043391	70721.83302555612
43.9638888888876	475502.6383422042	70941.65261302303
44.97777777764713	476535.09983567055	71109.4615751334
46.01666666666279	477590.68692488596	71335.90927343901
47.08055555541068	478574.0065273874	71876.1084382509
48.16666666651145	479553.9536471789	72102.3409980111
49.2777777776937	480518.4837031399	72509.7302390091
50.41666666651145	481591.4149891635	73053.49583491008
51.58055555541068	482507.2849374057	73260.52901334176
52.77222222212004	483541.19178060745	74143.94202035204
53.9916666666395	484453.68924613285	74082.34028490302
55.23888888879446	485419.1828685831	74221.22931521511
56.51388888875954	486424.18271709915	74796.44747431482
57.81944444443798	487421.47403370007	74954.35689975778
59.15277777775191	488357.09709497774	75486.85557718722
60.5194444443332	489399.67603658175	75342.30961734238
61.91666666662786	490316.5095513123	76100.10843362287
63.34722222218989	491308.5012522209	76362.83827302746
64.80833333329065	492232.96051788377	77099.41608327725
66.30555555556202	493223.2717889472	77261.14919188351
67.83611111110076	494236.22149860085	77529.8038984097
69.40277777763549	495162.9524740501	77759.01036390118
71.00555555551546	496143.6303669896	78520.84063319597
72.64444444439141	497095.4081255616	78667.1076925794
74.3222222221666	498050.0758975702	78655.8977106432
76.0361111111124	499031.717128321	79771.06973454166
77.79166666651145	500023.95507501054	79746.42205783192
79.58611111098435	500993.07291420223	80657.1554736611
81.42222222208511	501880.78870825254	80527.7686720871
83.29999999998836	502834.0114735421	81178.51027008794
85.22222222207347	503779.5275363322	81660.13087670712
87.18888888886431	504766.9487939577	81957.69652306708
89.20000000001164	505737.9933087762	82501.63293438606
91.25833333324408	506584.7672458044	82697.9413639343
93.36388888873626	507628.06209654466	83308.48893864009
95.51944444439141	508503.73616794124	83592.222357224
97.72222222213168	509505.607492752	83890.68896163622
99.97777777776355	510344.1930583755	84910.69315714724
102.2833333332092	511364.84947052854	84980.95079157247
104.6444444444496	512273.27702754596	85578.0988634865
107.0583333332324	513195.67298284004	85997.58688287863
109.5277777776355	514098.3205129788	87066.89018324327
112.055555555562	515052.02494717774	86857.77166321992
114.6416666666628	515919.5106471688	92157.43206081212
117.2861111111124	516893.4451754221	86992.77758709744