0.05000000016298145	1.311709000171449	0.3789074862453406
0.06666666688397527	1.311709000171449	0.844904688473249
0.1999999999534339	1.311709000171449	1.3099821255675048
0.2166666668490507	1.311709000171449	1.3384794826799677
0.2333333333954215	1.311709000171449	1.2326300179485297
0.2500000001164153	1.311709000171449	1.2762230577929967
0.2666666666627862	1.311709000171449	1.3039781108726498
0.283333333558403	1.311709000171449	1.3450976486947732
0.3000000002793968	1.311709000171449	1.3630221814018586
0.3166666666511446	1.311709000171449	1.2767726731019817
0.3333333335467614	2.6234180003429044	1.2659721926676142
0.3500000000931323	2.6234180003429044	1.1141281365775835
0.3666666668141261	2.6234180003429044	2.4898683448184658
0.3830555556924082	2.6234180003429044	2.445558439764615
0.3997222222387791	2.6234180003429044	2.481838473791222
0.4163888891343959	2.6234180003429044	2.853244989633681
0.4330555555061437	2.6234180003429044	2.8449272950376012
0.4497222224017605	2.6234180003429044	2.994041648760046
0.4663888891227543	2.6234180003429044	3.1496263342142883
0.4830555554945022	2.6234180003429044	3.19140223754439
0.499722222390119	2.6234180003429044	3.3611946197518017
0.5163888889364898	2.6234180003429044	3.4560820124696066
0.5330555558321066	2.6234180003429044	3.649518243602794
0.5497222222038545	2.6234180003429044	2.5506405474684546
0.5663888890994713	2.6234180003429044	2.576589556961208
0.5830555558204651	2.6234180003429044	2.484887304249539
0.5997222221922129	2.6234180003429044	2.511339246380212
0.6163888890878297	3.9351270005143593	2.5593534416484873
0.6330555556342006	3.9351270005143593	2.5842593669787663
0.6497222223551944	3.9351270005143593	2.506856512427129
0.6663888889015652	3.9351270005143593	2.533440256572789
0.9097222223645076	5.246836000685815	5.044226937291295
0.9430555558064952	5.246836000685815	5.027017781044893
0.9763888888992369	5.246836000685815	5.012389448519568
1.009722222166602	5.246836000685815	3.806778031685525
1.043055555783212	5.246836000685815	3.8147186454177926
1.076388889050577	5.246836000685815	5.094833364254695
1.109722222492565	5.246836000685815	5.118952475716844
1.143055555759929	5.246836000685815	5.148090079809198
1.176388888852671	5.246836000685815	5.183189148055047
1.209722222294658	6.55854500085727	4.790646839163788
1.243055555562023	6.55854500085727	4.727860425052455
1.276388889004011	6.55854500085727	6.161239148216353
1.309722222445998	6.55854500085727	6.152351474248498
1.343055555713363	6.55854500085727	5.81838749542741
1.376388889155351	6.55854500085727	6.062669775992432
1.409722222248092	6.55854500085727	5.9847218462194185
1.442777778021991	6.55854500085727	7.439973463303815
1.476111111289356	7.870254001028726	6.475911630508297
1.526111111103091	7.870254001028726	6.298762269711326
1.57611111109145	7.870254001028726	6.3607062027377586
1.626111111254431	7.870254001028726	6.420091258946143
1.67611111124279	7.870254001028726	7.811660361549974
1.726111111231148	7.870254001028726	7.560726477672965
1.77611111139413	9.181963001200183	7.634085128199312
1.826111111382488	9.181963001200183	8.906394566900627
1.876111111196224	9.181963001200183	8.908794074352274
1.926111111184582	9.181963001200183	8.911919609480568
1.976111111347564	9.181963001200183	7.600149771979987
2.026111111335922	9.181963001200183	8.830358247439888
2.076111111324281	10.493672001371635	8.916562782543883
2.126111111138016	10.493672001371635	8.917593467582389
2.176111111300997	10.493672001371635	10.003609196268062
2.242777777835727	10.493672001371635	10.200350184911626
2.30916666687699	10.493672001371635	10.19244658683787
2.375833333586343	11.805381001543088	10.170672096010303
2.442499999946449	11.805381001543088	10.1823627207242
2.509166666830424	11.805381001543088	10.232571670779834
2.575833333539777	11.805381001543088	10.279531034293383
2.642500000074506	11.805381001543088	11.609038601115914
2.709166666783858	13.117090001714546	11.686427108760777
2.77583333349321	13.117090001714546	11.42279754512634
2.84250000002794	13.117090001714546	12.710169243399859
2.909166666737292	13.117090001714546	11.425461259070602
2.992500000167638	14.428799001886011	11.462417661165974
3.075833333423361	14.428799001886011	12.789375486394757
3.158888889010996	14.428799001886011	12.830841766931751
3.242222222266719	14.428799001886011	14.188636253441654
3.325555555522442	15.740508002057465	14.085918384997752
3.408888889127411	15.740508002057465	12.821490024236388
3.492222222383134	15.740508002057465	14.10657350386996
3.57555555581348	17.052217002228918	14.005397843880317
3.658888889069203	17.052217002228918	15.357644630469608
3.758888888871297	17.052217002228918	15.387188425767276
3.858888889022637	17.052217002228918	15.443377691872683
3.958888888824731	18.363926002400373	15.441019592927615
4.058611111307982	18.363926002400373	15.463638776945418
4.158611111110076	18.363926002400373	16.781337476027357
4.258611111261416	19.675635002571834	16.737979393367866
4.35861111106351	19.675635002571834	16.688165456302585
4.475277777761221	19.675635002571834	16.70283359037793
4.591944444458932	20.987344002743285	17.98639598701989
4.708611111156642	20.987344002743285	17.928001180040123
4.825277777854353	20.987344002743285	17.957094156304127
4.941666666883975	22.29905300291474	19.2365032220836
5.058333333581686	22.29905300291474	19.240275755801484
5.175000000279397	23.610762003086204	20.496200570547035
5.308333333348855	23.610762003086204	19.17662135934031
5.441666666942183	23.610762003086204	20.428123546990385
5.575000000186265	24.922471003257645	20.45902397272216
5.708333333604969	24.922471003257645	20.347664666617206
5.841388889006339	26.23418000342911	21.57407869500818
5.991388889146037	26.23418000342911	21.612408693243502
6.14138888893649	27.545889003600564	22.895803397197653
6.291388888901565	27.545889003600564	22.811902261304482
6.441388889041264	27.545889003600564	22.783169174889206
6.591388889006339	28.85759800377203	24.012456119154656
6.75777777802432	28.85759800377203	23.887797803015363
6.924444444535766	30.16930700394347	23.91941325256666
7.091111111047212	30.16930700394347	25.110897616608344
7.257777777733281	31.481016004114935	24.72708907943265
7.441111111140344	31.481016004114935	26.02889021934936
7.62444444472203	32.79272500428639	25.964442897741378
7.807500000111759	34.104434004457836	25.88495431686874
7.990833333518822	34.104434004457836	27.115800878264956
8.190833333472256	35.4161430046293	27.075376896751546
8.390833333600312	35.4161430046293	27.0394287804759
8.590833333379123	36.727852004800745	28.26219802302106
8.790555555839092	36.727852004800745	28.20610004744827
9.007222222164273	38.03956100497221	29.408826004618604
9.223888889013324	39.351270005143654	29.29237891987633
9.440555555513129	39.351270005143654	30.525427372255113
9.673611111065838	40.66297900531511	29.223484866905746
9.90694444446126	41.97468800548658	30.40341234311746
10.14027777785668	41.97468800548658	31.606184762069546
10.39027777779847	43.28639700565803	31.50788434058853
10.6400000002468	44.598106005829486	32.71019503412629
10.89000000018859	44.598106005829486	32.651681983903764
11.15666666685138	45.90981500600092	31.943558840897737
11.42305555567145	47.221524006172395	33.21981293913684
11.68972222233424	47.221524006172395	33.00140046961761
11.9730555555434	48.53323300634385	32.91263863239401
12.25638888892718	49.844942006515296	34.108188180658665
12.53944444446825	51.156651006686744	33.93035223928215
12.83944444457302	51.156651006686744	35.16277887926618
13.13944444467779	52.4683600068582	35.03330723435184
13.4558333333116	53.78006900702966	36.164139558444134
13.77249999996275	55.09177800720111	36.07420736835604
14.10583333350951	56.4034870073726	35.955626880276874
14.43888888886431	57.71519600754403	37.11130678130919
14.77222222241107	57.71519600754403	37.017370992007514
15.12194444448687	59.0269050077155	36.88766663202561
15.47194444440538	60.338614007886946	37.99077721651212
15.83861111139413	61.65032300805841	37.89597228809865
16.20500000019092	62.96203200822985	37.76155592405087
16.5883333333768	64.2737410084013	38.80861939000674
16.97638888901565	64.2737410084013	39.655185211895784
17.37611111125443	65.58545000857276	39.75112337520741
17.79277777788229	66.89715900874424	40.62910260210745
18.20944444468478	68.20886800891569	40.34422233689898
18.64250000019092	69.52057700908715	39.72779267075415
19.07583333353978	70.83228600925861	40.84531630550939
19.52555555576691	72.14399500943004	40.63994193251121
19.99222222238313	73.4557040096015	40.49924029571379
20.45861111115664	74.76741300977297	41.22865160729107
20.94194444466848	76.07912200994441	41.31110506082853
21.42500000016298	77.39083101011587	40.85694990528385
21.92472222220385	78.70254001028732	41.72799010722335
22.44138888898306	80.0142490104588	41.387024761137404
22.97444444464054	81.32595801063023	41.062062386829176
23.50777777796611	82.63766701080168	41.01436452275168
24.05750000016997	83.94937601097317	42.02673871046461
24.65194444457302	85.26108501114457	41.79683876829225
25.3186111113173	87.88450301148751	42.756797596364855
25.98500000021886	89.19621201165897	42.57788681303816
26.6513888889458	90.50792101183039	42.142256591454206
27.31777777802199	91.8196300120019	41.774852375309756
27.98444444459165	93.13133901217331	41.42308261572689
28.65083333349321	94.44304801234479	41.13092770615084
29.31722222222015	95.75475701251624	40.89546500023557
30.15027777780779	98.37817501285916	41.96216950215363
30.98333333339542	99.6898840130306	41.68088100919709
31.81638888898306	101.001593013202	41.25583722750735
32.64944444457069	102.31330201337344	40.89535748504817
33.4824999999837	103.6250110135449	40.620556879538505
34.31583333341405	106.24842901388789	40.45395253169438
35.14888888882706	107.56013801405939	40.27980572977228
35.98194444458932	108.87184701423081	38.94341943171548
36.81500000000233	110.18355601440217	38.91452585081936
37.81472222227603	111.49526501457368	38.64618081159232
38.81444444472436	112.80697401474515	38.389381353471634
39.81416666682344	114.1186830149166	38.143341582235735
40.81388888909714	115.43039201508802	37.906781753973384
41.81361111119622	116.74210101525946	37.67911160740026
42.81305555580184	119.36551901560244	36.47424253043381
43.8127777777263	120.6772280157739	36.435653133428865
44.97916666686069	121.98893701594531	36.32270000290074
46.14555555582047	123.30064601611677	34.93952925833145
47.3116666667629	124.61235501628828	34.82887080961034
48.47805555572268	125.92406401645965	33.50915194253134
49.64444444468245	127.2357730166312	33.38909946335762
50.81055555562489	128.54748201680263	33.159086003369666
52.14361111127073	129.85919101697408	33.123844959321445
53.47638888889924	131.1709000171456	33.088401099079164
54.8094444447197	132.48260901731695	32.95557474401077
56.14222222217359	133.79431801748837	31.643649503307056
57.47527777781943	135.1060270176599	31.416121569421918
58.80833333346527	136.41773601783126	29.63817820451628
60.30777777777985	137.72944501800293	29.44684737877511
61.80722222244367	139.04115401817438	29.39139122645974
63.30694444460096	139.04115401817438	29.38984063438824
64.80638888909016	140.35286301834583	29.265885056561658
66.30583333340473	141.66457201851716	27.8410911881871
67.97222222224809	142.97628101868875	27.682699255180108
69.63833333342336	144.28799001885997	27.531773943838047
71.304444444424	145.59969901903168	26.267391353930865
72.97055555559928	146.9114080192029	26.22490461745643
74.80333333328599	148.2231170193746	26.132900490098095
76.58944444457302	148.2231170193746	24.833757713636
78.66222222248325	149.53482601954602	24.443211528565723
80.5158333334839	150.8465350197175	24.434268283383155
82.51527777785668	152.15824401988877	24.385703360275613
84.55111111124279	153.46995302006022	24.384796744196496
86.65861111111008	154.7816620202317	24.24817370400505
88.8219444444403	154.7816620202317	24.08126706351253
90.9877777780057	156.09337102040305	22.779909189715493
93.15388888888992	157.4050800205745	22.736994517568494
95.31972222245531	157.4050800205745	22.621489788704157
97.65250000020023	158.7167890207461	21.301558734043613
99.98500000010245	160.02849802091768	21.300383233440236
102.3175000001793	160.02849802091768	22.467562262639206
104.8247222222854	161.34020702108913	22.181568638652116
107.2883333335631	162.6519160212604	21.661948880496038
109.7875000001513	163.96362502143194	21.039922650471844
112.3730555557413	163.96362502143194	21.405520391119847
115.0388888890157	165.2753340216033	20.801889639097126
117.7047222224646	166.58704302177472	20.71977037592129
120.537222222425	166.58704302177472	22.624497822867998
123.3694444445428	167.8987520219462	21.620816651026765
126.3686111113639	169.21046102211776	20.35527758631626
129.3063888890902	169.21046102211776	28.163324794981246
132.305555555562	170.52217002228934	28.268860092950458
135.4911111113615	171.8338790224608	22.560578860763577