0.009999999999990905	0.8356923486252482	0.8327850751742322
0.01999999999998181	1.6658748434157167	1.5627050465535337
0.02999999999997272	2.3860106712468876	2.1450903797321215
0.03999999999996362	3.078348401530533	2.711936449300802
0.04999999999995453	3.7362314639130028	3.166910043203526
0.05999999999994543	4.346061802886568	3.444748679727455
0.06999999999993634	4.88994382193746	3.9702841440269077
0.07999999999992724	5.471048582475539	4.295704092180606
0.08999999999991815	5.970981581570042	4.536579008316629
0.1009816608871006	6.525897398154936	4.836631470317435
0.1133032870613988	7.084364570403346	5.018320175436251
0.1271283790159714	7.681066618899988	5.118032954591331
0.1426403873214213	8.262446333639138	5.438403282974611
0.1600451469034283	8.93283723463142	5.667722739401309
0.1795736083471411	9.566946752399817	5.759458431705068
0.2014849024710657	10.258379872577931	5.989974330789816
0.2260697788357788	10.94546792991966	5.905836634943284
0.2536544638136888	11.617451982795222	5.706422383010875
0.2846049894150156	12.258557720788465	5.790818253793192
0.3193320503100381	12.949848614203267	5.800393076005854
0.3582964534979283	13.593046456400497	5.5326532126450125
0.4020152329356392	14.222607852960413	5.305050801808672
0.4510685102642924	14.813312541946292	5.000484420995942
0.5061071926710383	15.372672163192794	4.839506742241849
0.567861610031855	15.926192731128339	4.550428313415085
0.6371512059453721	16.418920014822948	4.22241709128462
0.7148954112514616	16.89684408389393	3.9797021967427093
0.8021258443199031	17.33359990464704	3.693380459063166
0.8999999999994657	17.745525487073337	3.539318674236776
1.009816608871176	18.14667463321627	3.183085736559756
1.133032870614102	18.476578392706212	2.9046358683125875
1.271283790159771	18.813546573337934	2.96730693590247
1.426403873214213	19.157600564203644	2.754597960240316
1.600451469034169	19.44552872509786	2.5086906952516994
1.795736083471013	19.73289239215701	2.5287675140795978
2.014849024710429	20.02513867656198	2.564647970362761
2.26069778835739	20.32040664338376	2.409509983404006
2.536544638136604	20.576804190354128	2.1516522407226772
2.846049894149985	20.812692476290223	2.2177344850346388
3.193320503100438	21.083781483922998	2.18610139483009
3.58296453497951	21.31208205201787	2.1729685883201793
4.020152329356449	21.57962699373219	2.1902299128474185
4.510685102642981	21.811421255315956	2.0950102260773344
5.061071926710383	22.056646147389035	2.195724539675093
5.678616100318664	22.310728855625594	2.1073348672968777
6.371512059453778	22.535219348082567	2.0763905876870803
7.148954112514673	22.781438156910436	2.342088409733036
8.021258443199372	23.06518755877256	2.3397126604125145
8.999999999995111	23.309974462109647	2.205572203352391
10.09816608871222	23.562237032053282	2.483861234318552
11.33032870614136	23.868261724002487	2.52652594012633
12.71283790159794	24.12885323073406	2.501337236408469
14.26403873214235	24.427309446048593	2.7482981128293806
16.00451469034169	24.741143185674936	2.8283084065592403
17.95736083471024	25.055171974167454	2.8064630462238407
20.14849024710418	25.36166268877315	2.902718071033572
22.60697788357402	25.693935966810937	3.163652492839708
25.36544638136638	26.05436823777129	3.253833638570319
28.46049894150008	26.40268241377057	3.2199258983013825
31.9332050310046	26.751375809814707	3.5569593128406902
35.82964534979544	27.166965811452453	3.758636501346084
40.20152329356506	27.55367285899597	3.788231656164334
45.10685102643026	27.96839960750873	3.9501644888293734
50.61071926710417	28.381954910707144	4.133821573884678
56.78616100318686	28.826042520534163	4.512661472278156
63.71512059453812	29.30757994412191	4.607105852975375
71.48954112514684	29.760126600324096	4.707952166801488
80.00954112514682	30.223560969489306	4.947799217990222
88.5295411251468	30.692583461898433	5.150426022620455
97.04954112514679	31.07176768346338	5.426812459642828
105.5695411251468	31.45293799544834	5.340498793521593
114.0895411251468	31.815043143808143	5.712994073974083
122.6095411251467	32.11348019545058	5.798271985664923
131.1295411251467	32.45909581174262	5.844793750490523
139.6495411251467	32.736141640977586	6.200364106606202
148.1695411251467	33.013512836918466	6.264097565991394
156.6895411251467	33.26887675034584	6.347798385674919
165.2095411251466	33.548010043344966	6.528948337591348
173.7295411251466	33.78011896803241	6.467601771067679
182.2495411251466	34.02169636275254	6.621546992243743
190.7695411251466	34.25178676693787	6.7118347969128545
199.2895411251466	34.45018275913889	6.858009251228697
207.8095411251466	34.621107049672446	6.868834293465007
216.3295411251465	34.815594943641734	6.93751179820103
224.8495411251465	35.03021428738352	6.969760383409362
233.3695411251465	35.223187657274316	7.170979819100179
241.8895411251465	35.36473474874229	7.290835782117412
250.4095411251465	35.53877279167419	7.424164038480748
258.9295411251464	35.70637903044271	7.469799562745011
267.4495411251464	35.86152951646556	7.497994489064046
275.9695411251464	36.02745755970592	7.536025948600497
284.4895411251464	36.15074596671282	7.748210096930082
293.0095411251464	36.30662744578314	7.8152355679622225
301.5295411251464	36.44509447412974	7.870482420797978
310.0495411251463	36.57199124462875	7.8253369269984905
318.5695411251463	36.715736183525806	8.075856473391624
327.0895411251463	36.84754020421363	7.938388473138042
335.6095411251463	36.96687052488654	8.108311397094901
344.1295411251463	37.095596594011504	8.338864035724026
352.6495411251462	37.210319556647406	8.365222050074879
361.1695411251462	37.320427378747944	8.444773110719362
369.6895411251462	37.41098397596278	8.353006500342348
386.7295411251462	37.66342905086105	8.470856105814441
403.7695411251461	37.83193909174973	8.635738510773917
420.8095411251461	38.06579649223116	8.665181721648404
437.8495411251461	38.25628387536035	8.986760955822419
454.889541125146	38.394216288783696	9.05403449035825
471.929541125146	38.57734520266059	9.07447466459231
488.969541125146	38.746471218374744	9.343217790144427
506.0095411251459	38.917501101135045	9.611229155071532
523.0495411251459	39.045518033532986	9.472305169581299
540.0895411251458	39.228655610149325	9.586360742558766
557.1295411251458	39.33704624539913	9.934163023711255
574.1695411251458	39.490319591044724	10.126480815062456
591.2095411251457	39.623324583118624	10.170695423775998
608.2495411251457	39.74558835816688	10.44290721115196
625.2895411251457	39.88443555412818	10.503838325738023
642.3295411251456	40.0250530279422	10.52305093219494
659.3695411251456	40.11890563845056	10.888111959668073
676.4095411251456	40.23900828402214	10.949648794993518
693.4495411251455	40.35162208763931	11.026029856588835
710.4895411251455	40.46442495007877	11.318101058533621
727.5295411251454	40.582332886042934	11.548313686911163
744.5695411251454	40.67638744484987	11.567516898478065
770.1295411251454	40.82872092600206	11.838633402206652
795.6895411251453	41.01258257981212	12.085764519149354
821.2495411251452	41.13206710101759	12.42687027273416
846.8095411251452	41.25487847777448	12.541301753313792
872.3695411251451	41.41290349473457	12.949158032830844
897.9295411251451	41.56465055568417	13.136825680753525
923.489541125145	41.667704028090995	13.428934459005637
949.049541125145	41.78851931455259	13.69001345511286
974.6095411251449	41.94148067806081	13.725519667746964
1000.169541125145	42.02673954263196	14.254538855979884
1025.729541125145	42.147814105912445	14.488387358701242
1051.289541125145	42.28157727296343	14.466429213575545
1076.849541125145	42.36671447717641	15.153335490149926
1102.409541125145	42.502334451388776	14.793771703617715
1127.969541125145	42.615188159429316	14.603981864678152
1162.049541125145	42.73010444473299	16.638526058236053