0.0001000000000033197	15.122090805603275	6.0251600983474685
0.0002000000000066393	22.683136208346514	15.79146826389474
0.0003000000000028535	30.244181611148164	23.11405952372032
0.0004000000000132786	37.80522701389139	30.563884618200714
0.0005000000000165983	45.366272416693036	38.05988160277477
0.0006000000000199179	52.927317819494675	45.57814037990658
0.000700000000030343	60.488363222237886	83.45046864242752
0.0008000000000265574	75.6104540277828	87.18550319009728
0.0009000000000298769	83.17149943052601	98.1561657482651
0.001009816608906533	98.29359023607083	164.18941451350017
0.001133032870654915	120.9767264444174	197.0276922972163
0.001271283790202915	143.65986265276408	229.86637421105024
0.001426403873267645	173.90404426385373	295.5433842773106
0.001600451469087716	211.7092712776867	361.22094121037145
0.001795736083529675	257.07554369432125	492.5761813405058
0.002014849024781995	325.1249523193025	623.9322058688405
0.002260697788429411	400.7354063470268	788.129267063873
0.002536544638218174	506.5900419858412	1083.683752571571
0.002846049894237979	650.2499046385466	1412.081354474326
0.003193320503200425	831.7149943050849	1871.8425483894134
0.003582964535098654	1081.2294925966628	2495.809367220103
0.004020152329474058	1406.3544449159078	3251.1490075838783
0.004510685102779632	1829.772987471222	4170.7069493793215
0.00506107192686045	2366.6072110681534	5221.651440157059
0.005678616100489364	3031.9792065121856	6305.467472768919
0.006371512059644147	3818.3279284006376	7290.796811049412
0.0071489541127292	4710.531285927902	8111.95732029599
0.008021258443442036	5685.906142885694	8703.262117759328
0.009000000000263242	6714.20831766286	8999.018084695588
0.0100981660890227	7757.632583245636	8900.679401386546
0.01133032870649231	8763.251621814516	8473.915557542035
0.01271283790200073	9708.382297161214	7817.234231640979
0.01426403873258408	10562.780427674577	6996.309952438338
0.01600451469083453	11318.884967951943	6142.511083504763
0.01795736083526123	11976.695917993226	5288.67494051528
0.02014849024772047	12536.213277798435	4500.4968770320675
0.02260697788426569	13012.559138173145	3876.532079803643
0.02536544638213911	13428.416635325695	3351.0822776006826
0.02846049894237268	13783.78576925609	2957.0255836315946
0.03193320503198294	14108.910721575347	2694.364477271659
0.03582964535088706	14403.791492283506	2464.5508077113914
0.04020152329479032	14675.989126783288	2333.3170641481047
0.04510685102780343	14940.625715880386	2234.941838227557
0.05061071926864713	15190.140214171937	2169.4539766721655
0.05678616100491496	15439.654712463465	2136.8433670202326
0.06371512059646989	15681.608165352189	2104.2649666568104
0.07148954112732042	15923.561618240961	2071.7027939095215
0.08021258443443458	16157.954025726944	2039.1799215675876
0.09000000000268926	16392.34643321291	2025.6998955409135
0.1000000000026873	16604.05570449053	2006.5190997919394
0.1100000000026853	16793.081839559894	1998.3924493645234
0.1200000000026833	16966.98588382366	1979.85525846365
0.1300000000026813	17125.767837281925	1976.9612301632578
0.1400000000026722	17269.427699934615	1947.7290489480688
0.1500000000026773	17405.526517184542	1949.1519428204808
0.1600000000026682	17526.503243628944	1931.7216165483976
0.1700000000026734	17647.479970073306	1923.9163713154992
0.1800000000026785	17753.33460571213	1939.0282900666655
0.1900000000026694	17859.189241350996	1912.774235121104
0.2000000000026745	17957.482831587018	1926.328514847479
0.2100000000026654	18048.215376420343	1927.605582055051
0.2200000000026634	18138.9479212536	1908.3463163499412
0.2300000000026614	18222.119420684063	1912.030626841559
0.2400000000026594	18305.290920114607	1900.5186130855986
0.2500000000026574	18380.901374142333	1889.0856075925071
0.2600000000026554	18456.511828170067	1899.2671202019505
0.2700000000026535	18524.561236795045	1873.9533455768142
0.2800000000026515	18592.610645419947	1872.7789362424917
0.2900000000026495	18660.660054044944	1854.7903099897019
0.3000000000026475	18721.148417267104	1880.2210863265798
0.3100000000026384	18781.636780489334	1874.1632943022623
0.3200000000026435	18842.125143711517	1876.8611354617765
0.3300000000026486	18895.052461530926	1880.7882557581934
0.3400000000026395	18955.540824753145	1865.5851334902275
0.3500000000026446	19008.468142572507	1854.258468374226
0.3600000000026356	19061.395460391963	1877.315732554933
0.3700000000026336	19114.322778211324	1890.8084569638593
0.3800000000026316	19159.68905062802	1849.21171198318
0.3900000000026296	19205.055323044595	1861.275667169941
0.4000000000026276	19257.982640864022	1869.3345120198207
0.4100000000026256	19303.348913280683	1855.7814254078387
0.4200000000026236	19341.15414029454	1843.4914666964526
0.4300000000026216	19386.520412711194	1861.9688791114645
0.4400000000026196	19431.88668512784	1874.0427473635195
0.4600000000026085	19515.058184558366	1831.677858164844
0.4800000000026188	19590.668638586107	1845.2145297734698
0.5000000000026148	19666.279092613826	1834.7014798271703
0.5200000000026037	19734.328501238793	1850.4644875645467
0.5400000000025997	19802.377909863717	1853.4405109815407
0.5600000000025958	19870.4273184887	1851.3423600410654
0.5800000000025918	19938.47672711368	1865.4925596832338
0.6000000000025878	19998.96509033584	1863.478621054525
0.6200000000025838	20059.453453558013	1856.9256336378987
0.6400000000025798	20112.380771377473	1827.3946933520008
0.6600000000025759	20172.869134599652	1822.056026520508
0.6800000000025719	20225.796452419032	1812.8984393959993
0.7000000000025679	20278.723770238463	1799.9158776539205
0.7200000000025639	20324.09004265512	1821.5856871416486
0.7400000000025599	20377.017360474525	1801.9093081719645
0.7600000000025489	20422.383632891182	1826.9250225471621
0.7800000000025449	20467.74990530782	1808.23752931
0.8000000000025551	20513.11617772444	1834.4324155540496
0.8200000000025511	20558.482450141088	1820.7215412270866
0.84000000000254	20603.848722557752	1833.4375639302386
0.8600000000025361	20649.214994974343	1827.3458202564595
0.8800000000025321	20687.020221988238	1828.3705161885102
0.910000000002519	20747.508585210424	1827.2725875004435
0.9400000000025202	20807.996948432632	1823.0976459518215
0.9700000000025213	20860.924266252045	1788.6421895725216
1.000000000002508	20913.851584071464	1824.610753938561
1.030000000002502	20966.778901890837	1814.1326075723343
1.060000000002489	21019.706219710286	1775.612329169578
1.09000000000249	21065.072492126925	1817.6399491641776
1.120000000002491	21117.99980994636	1809.762043937739
1.150000000002478	21163.366082362936	1806.594526242755
1.180000000002472	21203.936366954407	1795.9108553661663
1.210000000002466	21253.50558774787	1812.9392949026708
1.240000000002461	21294.813271742412	1802.6487904321314
1.270000000002462	21336.120955736973	1781.0771233600578
1.300000000002449	21377.428639731537	1788.272869267748
1.330000000002443	21418.736323726014	1816.6869516355314
1.370000000002435	21468.305544519404	1812.804387773078
1.410000000002427	21517.874765312896	1802.3006541572324
1.450000000002419	21567.44398610629	1830.313294744884
1.490000000002411	21617.013206899777	1810.109204835212
1.530000000002396	21666.582427693185	1827.2759235416959
1.570000000002402	21707.890111687713	1835.0065046059512
1.610000000002387	21757.459332481176	1843.711269502439
1.650000000002379	21798.767016475722	1810.463779118774
1.690000000002371	21840.07470047024	1819.2537138833684
1.730000000002363	21881.3823844648	1806.6865415493598
1.770000000002355	21922.690068459284	1803.5684315105302
1.820000000002345	21972.259289252714	1811.0007871881862
1.870000000002342	22013.566973247245	1812.5461889584365
1.920000000002325	22063.136194040715	1816.4543354901696
1.970000000002315	22104.44387803524	1813.9805893755256
2.020000000002312	22154.013098828687	1830.347501074005
2.070000000002295	22195.320782823244	1818.265876788789
2.120000000002285	22236.62846681773	1867.042157790294
2.170000000002283	22277.936150812246	1863.1067452411332
2.230000000002264	22327.50537160575	1863.1244161734617
2.290000000002252	22377.07459239914	1842.065119024754
2.35000000000224	22418.382276393688	1857.1039465414551
2.410000000002228	22467.951497187092	1881.1508456548652
2.470000000002209	22509.259181181653	1899.1612816477573
2.530000000002204	22550.5668651762	1884.8827481867895
2.590000000002192	22591.874549170756	1904.4937791995583
2.65000000000218	22633.182233165287	1922.9304918805012
2.720000000002166	22682.751453958695	1907.8365033534437
2.790000000002159	22732.320674752136	1937.1745434137727
2.860000000002138	22773.628358746664	1931.256439136294
2.930000000002124	22823.197579540098	1960.830268290678
3.00000000000211	22864.505263534607	1955.6047073941209
3.070000000002089	22905.812947529193	1944.7865529753701
3.150000000002081	22955.382168322645	1946.1118421719555
3.230000000002065	22996.689852317126	1983.6981550504772
3.310000000002049	23046.25907311054	1949.056812425305
3.390000000002026	23087.56675710507	1987.1170191306255
3.470000000002017	23128.874441099662	1988.9396461099711
3.560000000002006	23178.443661893125	1996.8052715472008
3.650000000001981	23228.012882686508	2040.2928955219625
3.740000000001963	23269.320566681097	2012.0223906488798
3.830000000001945	23318.88978747449	2055.2819141348173
3.920000000001927	23360.197471469037	2062.5548411856676
4.020000000001907	23409.76669226245	2075.2403726613393
4.120000000001888	23459.33591305594	2087.606923538415
4.220000000001868	23500.64359705046	2099.673244025703
4.320000000001848	23550.212817843905	2111.4566364949787
4.420000000001828	23591.520501838386	2142.632068197645
4.530000000001806	23641.089722631838	2159.5134083346984
4.640000000001784	23690.658943425307	2137.100344589757
4.750000000001762	23731.966627419883	2173.9535295813293
4.86000000000174	23781.53584821329	2172.640466175391
4.980000000001716	23831.10506900669	2210.5617508068162
5.1000000000017	23880.67428980012	2192.0872275303113
5.220000000001669	23921.981973794653	2196.392845049365
5.350000000001643	23971.551194588144	2239.4192799785933
5.480000000001617	24021.12041538155	2244.7158922375907
5.610000000001591	24070.689636175004	2252.400753030813
5.740000000001565	24111.997320169517	2261.3275152785814
5.880000000001537	24161.56654096292	2309.8016754527985
6.020000000001517	24211.135761756443	2321.3380662105305
6.160000000001482	24260.704982549843	2332.985766309941
6.310000000001452	24310.27420334332	2305.7091681830516
6.460000000001422	24359.843424136732	2342.982201475465
6.610000000001392	24409.412644930144	2358.8647236175325
6.770000000001353	24458.981865723617	2402.125219508671
6.930000000001328	24508.55108651703	2405.0225666056185
7.090000000001304	24549.858770511593	2384.1449653269037
7.26000000000127	24599.42799130498	2431.8207812908427
7.430000000001229	24648.9972120984	2438.701420108007
7.610000000001193	24706.827969690796	2447.645232054683
7.790000000001157	24756.397190484236	2453.444684936394
7.970000000001122	24797.704874478768	2497.540802784431
8.160000000001077	24855.53563207114	2510.8227843782265
8.350000000001053	24905.104852864573	2519.4407675715797
8.550000000001006	24954.674073657974	2518.654799775471
8.750000000000966	25004.243294451422	2537.670792287966
8.960000000000925	25053.812515244852	2591.603078338653
9.170000000000883	25103.381736038362	2616.9199737347753
9.390000000000839	25152.95095683174	2674.6062882899605
9.610000000000795	25202.520177625196	2860.1028597889785
9.84000000000075	25260.350935217528	2630.402928654383