0.0001000000000033197	197.77953023419497	157.604308734972
0.0002000000000066393	395.5590604683904	413.06843279000014
0.000300000000009959	593.3385907024656	604.6105519942806
0.0004000000000132786	791.1181209366596	300.31894965381986
0.0005000000000165983	791.1181209366596	597.0068711665783
0.0006000000000199179	988.8976511707351	1192.219159318231
0.0007000000000232376	1186.6771814049314	595.5409710619421
0.0008000000000265574	1186.6771814049314	892.2207831897842
0.0009000000000298769	1384.456711639007	1698.7893793810958
0.001009816608906533	1582.2362418729601	1717.9259440636308
0.001133032870654915	1780.0157721071573	1717.930186890137
0.001271283790202915	1977.7953023412317	1717.9349474100893
0.00142640387326054	2175.5748325754275	2576.9132573709367
0.001600451469087716	2571.133893043697	3435.8925637387583
0.001795736083529675	2966.692953511964	4294.886071194955
0.00201484902477489	3560.0315442144315	5153.881653453959
0.002260697788429411	4153.370134916895	6871.885018855767
0.002536544638218174	5142.2677860876365	8589.89257552419
0.002846049894237979	6131.165437258251	9448.946084084844
0.003193320503200425	7317.842618662947	11167.013670139357
0.003582964535091548	8702.299330301945	12885.116198925773
0.004020152329481164	10284.535572175148	13744.236810659677
0.004510685102779632	11866.771814048101	13744.371937892343
0.00506107192686045	13449.008055921182	13744.523553055544
0.005678616100489364	15031.244297794376	13744.693668122625
0.006371512059644147	16613.480539667347	12026.748741940379
0.0071489541127292	17800.157721072155	10308.824026982553
0.008021258443442036	18986.834902477087	9449.904678255807
0.009000000000270347	19975.73255364769	7731.8870238497175
0.0100981660890227	20766.850674584388	6013.816122259419
0.01133032870649231	21360.1892652866	5154.843955371145
0.01271283790199362	21953.527855989072	4295.7971376371115
0.01426403873258408	22349.08691645735	3436.7646745716393
0.01600451469083453	22744.645976925614	3436.8845370439417
0.01795736083526123	23140.20503739386	2577.7287135262573
0.02014849024772047	23337.984567628042	2577.917335790212
0.02260697788426569	23733.54362809635	2577.9596636136366
0.02536544638213911	23931.323158330408	1718.7646013190667
0.02846049894236558	24129.102688564617	2578.36311504086
0.03193320503197583	24524.661749032908	2578.422904866238
0.03582964535088706	24722.441279266954	1719.124924155196
0.04020152329479032	24920.220809501177	1719.2754649192414
0.04510685102780343	25118.00033973536	2579.255872275696
0.05061071926864713	25513.559400203656	2579.3506333536784
0.05678616100491496	25711.338930437705	1719.8465390304802
0.06371512059647699	25909.118460671896	1720.085130526724
0.07148954112732042	26106.89799090595	1720.352834760311
0.08021258443443458	26304.677521139944	1720.6532040698826
0.09000000000268926	26502.45705137411	1804.3228435122248
0.1000000000026873	26700.236581608293	1988.27899258142
0.1100000000026853	26898.016111842368	2192.5672565645136
0.1200000000026833	27095.795642076588	1693.0817939513531
0.1300000000026813	27293.575172310644	1841.5084709999114
0.1400000000026793	27293.575172310644	1393.1293219077277
0.1500000000026773	27491.354702544857	1492.2747462594884
0.1600000000026753	27491.354702544857	1591.4999046539372
0.1700000000026734	27689.134232778953	1690.7976111456765
0.1800000000026714	27689.134232778953	1790.1623013791295
0.1900000000026694	27886.913763013123	1599.036025675742
0.2000000000026674	27886.913763013123	1685.1848783360992
0.2100000000026654	28084.69329324729	1992.7607445672916
0.2200000000026634	28084.69329324729	1461.3772823956901
0.2300000000026614	28084.69329324729	1527.699394593547
0.2400000000026594	28282.47282348138	1594.0645340469434
0.2500000000026574	28282.47282348138	1660.4706748024316
0.2600000000026554	28282.47282348138	1726.9161075837728
0.2700000000026535	28480.25235371558	796.639609793447
0.2800000000026515	28480.25235371558	1859.9192503049017
0.2900000000026495	28480.25235371558	1692.380199712465
0.3000000000026475	28480.25235371558	727.1057636207579
0.3100000000026455	28678.031883949647	1811.2457486822204
0.3200000000026435	28678.031883949647	1596.6291840121742
0.3300000000026415	28678.031883949647	1646.5907399605449
0.3400000000026395	28678.031883949647	1696.5795624809182
0.3500000000026375	28875.811414183878	772.9150105525089
0.3600000000026356	28875.811414183878	1796.6364819434286
0.3700000000026336	28875.811414183878	1846.703489242308
0.3800000000026316	28875.811414183878	1706.6033910854865
0.3900000000026296	28875.811414183878	782.1125563882459
0.4000000000026276	29073.590944417916	1691.8035248919984
0.4100000000026256	29073.590944417916	1843.580883318853
0.4200000000026236	29073.590944417916	1534.5658805630549
0.4300000000026216	29073.590944417916	1719.5412274115974
0.4400000000026196	29073.590944417916	1608.7338820100192
0.4600000000026157	29271.370474652154	1682.9772070226807
0.4800000000026117	29271.370474652154	1757.2937484933893
0.5000000000026077	29271.370474652154	1668.810768943573
0.5200000000026037	29469.15000488634	766.9072883345714
0.5400000000025997	29469.15000488634	1803.1107546285791
0.5600000000025958	29469.15000488634	1870.3558220673112
0.5800000000025918	29469.15000488634	710.2997643018641
0.6000000000025878	29666.929535120365	1762.166406118469
0.6200000000025838	29666.929535120365	1822.3219282971043
0.6400000000025798	29666.929535120365	1606.8879876180042
0.6600000000025759	29666.929535120365	1657.4923338333429
0.6800000000025719	29864.709065354633	1708.1437253146398
0.7000000000025679	29864.709065354633	1758.8415123460368
0.7200000000025639	29864.709065354633	1809.5851184488056
0.7400000000025599	29864.709065354633	1860.3740303197387
0.760000000002556	30062.488595588697	948.6626225282945
0.780000000002552	30062.488595588697	1765.748037068186
0.800000000002548	30062.488595588697	1750.6221036893435
0.820000000002544	30062.488595588697	1944.4175560331284
0.84000000000254	30062.488595588697	1693.526074391028
0.8600000000025361	30062.488595588697	848.6161333075745
0.8800000000025321	30260.268125822862	1622.7538083491982
0.9100000000025261	30260.268125822862	1792.8147474822597
0.9400000000025202	30260.268125822862	1736.120967719412
0.9700000000025142	30260.268125822862	1702.3796207994656
1.000000000002508	30458.047656056933	739.7810053291544
1.030000000002502	30458.047656056933	1736.8276212410983
1.060000000002496	30458.047656056933	1788.2296922626101
1.09000000000249	30458.047656056933	1839.697183164635
1.120000000002484	30458.047656056933	764.966779307508
1.150000000002478	30655.827186291124	1747.9126226278354
1.180000000002472	30655.827186291124	1794.9386659861934
1.210000000002466	30655.827186291124	1798.2886303286875
1.240000000002461	30655.827186291124	1574.912760635772
1.270000000002455	30655.827186291124	1791.9406606161554
1.300000000002449	30853.60671652533	777.3413939086292
1.330000000002443	30853.60671652533	1743.4802627532954
1.370000000002435	30853.60671652533	1744.2806609358254
1.410000000002427	30853.60671652533	1918.678888379198
1.450000000002419	30853.60671652533	995.7363696469362
1.490000000002411	31051.38624675939	1709.3568046513815
1.530000000002403	31051.38624675939	1756.9901664789202
1.570000000002395	31051.38624675939	1804.7008030136085
1.610000000002387	31051.38624675939	1818.627705762797
1.650000000002379	31051.38624675939	1607.4005556513403
1.690000000002371	31249.165776993348	1613.0580816485974
1.730000000002363	31249.165776993348	1827.5652617054204
1.770000000002355	31249.165776993348	1816.7105486974235
1.820000000002345	31249.165776993348	1831.5665051144301
1.870000000002335	31249.165776993348	1637.3714222875578
1.920000000002325	31446.945307227536	1835.6812071389913
1.970000000002315	31446.945307227536	1798.4396619362724
2.020000000002305	31446.945307227536	1821.6979324170677
2.070000000002295	31446.945307227536	1612.1822067796318
2.120000000002285	31446.945307227536	1625.8154886780785
2.170000000002275	31644.724837461603	774.1934142975989
2.230000000002264	31644.724837461603	1651.9564443879487
2.290000000002252	31644.724837461603	1664.865131340697
2.35000000000224	31644.724837461603	1679.5851727586937
2.410000000002228	31644.724837461603	800.0913391501821
2.470000000002216	31842.504367695805	1655.304164961098
2.530000000002204	31842.504367695805	1671.24867011185
2.590000000002192	31842.504367695805	1688.3780887242524
2.65000000000218	31842.504367695805	1706.617823861856
2.720000000002166	31842.504367695805	1723.3254900332136
2.790000000002152	32040.28389792991	1717.6136725580582
2.860000000002138	32040.28389792991	1712.3663308268938
2.930000000002124	32040.28389792991	1707.5424653194061
3.00000000000211	32040.28389792991	1703.1057753117104
3.070000000002096	32040.28389792991	1724.3629310301428
3.150000000002081	32238.063428164078	1725.538010917203
3.230000000002065	32238.063428164078	1726.8027948889355
3.310000000002049	32238.063428164078	1728.149195949356
3.390000000002033	32238.063428164078	1729.5700473942175
3.470000000002017	32238.063428164078	2607.281890621113
3.560000000001999	32435.842958398196	1737.8221138077195
3.650000000001981	32435.842958398196	1744.4357778470478
3.740000000001963	32435.842958398196	1750.9093088318962
3.830000000001945	32435.842958398196	1757.2512811507559
3.920000000001927	32633.622488632358	2623.683798903366
4.020000000001907	32633.622488632358	1774.315619904395
4.120000000001888	32633.622488632358	1784.8889321212114
4.220000000001868	32633.622488632358	1795.2055495104207
4.320000000001848	32633.622488632358	1805.2802654754353
4.420000000001828	32831.40201886659	1799.288965166594
4.530000000001806	32831.40201886659	1813.4150796622162
4.640000000001784	32831.40201886659	1827.2054517928898
4.750000000001762	32831.40201886659	1825.94909104985
4.86000000000174	32831.40201886659	2730.0236417314886
4.980000000001716	33029.181549100664	1824.8415154428365
5.100000000001693	33029.181549100664	1841.7739073294035
5.220000000001676	33029.181549100664	1844.940605411441
5.35000000000165	33029.181549100664	1848.6637032858348
5.480000000001624	33226.96107933483	2744.529911604344
5.610000000001598	33226.96107933483	1859.3800431248198
5.740000000001572	33226.96107933483	1865.9390861284276
5.880000000001544	33226.96107933483	1873.5060857647848
6.020000000001517	33226.96107933483	2841.4028146658375
6.160000000001489	33424.74060956889	1893.0696818461424
6.310000000001459	33424.74060956889	1903.3866894249786
6.460000000001429	33424.74060956889	1902.1965477973595
6.610000000001399	33424.74060956889	1914.729655278638
6.770000000001367	33622.520139803084	2858.225727938883
6.930000000001336	33622.520139803084	1919.1918929203384
7.090000000001304	33622.520139803084	1934.4283845803577
7.26000000000127	33622.520139803084	1939.6815763758498
7.430000000001236	33622.520139803084	2933.884117490503
7.6100000000012	33820.29967003716	1953.2044943490887
7.790000000001164	33820.29967003716	1806.167318520519
7.970000000001129	33820.29967003716	1959.8548453627088
8.16000000000109	33820.29967003716	2575.9492538427066
8.350000000001053	34018.07920027139	2885.3132932314747
8.550000000001013	34018.07920027139	1831.898820121724
8.750000000000973	34018.07920027139	1839.5298925304699
8.960000000000932	34018.07920027139	2272.8942776173308
9.17000000000089	34215.85873050559	1093.2781655461783
9.390000000000846	34215.85873050559	818.9176548485709
9.610000000000802	34215.85873050559	236.43352455820065
9.840000000000757	34215.85873050559	1499.6527192452743