0.08305555541301146	1.9560385212036395	1.150153178428771
0.1663888886687346	2.7548143994811305	2.610351734896527
0.2497222222737037	4.159890040788563	2.5869918330607087
0.3330555555294268	4.725288629328343	1.5755796388532621
0.4163888889597729	5.009190899318564	2.281341658105984
0.499722222215496	5.574589487858348	2.576603287706935
0.7497222219826654	6.142394027838739	1.7356327139235967
0.9997222222737037	6.707792616378522	3.013811272628134
1.249722222215496	7.557093474908523	3.4920057913414517
1.499722221982665	8.141739674973056	3.8836013432603633
1.999722222215496	9.549221267721098	4.37973592290513
2.499722222273704	10.424987592097592	4.451294103823617
2.999722221982665	11.300753916474129	5.349087415982688
3.499722222215496	12.178926192291234	5.114703281631811
3.999722222273704	12.778008100999388	6.248033064484799
4.499722221982665	13.675427988341243	6.710402369846364
4.999722222215496	14.274509897049391	6.615681293300957
5.499722222273704	14.873591805757512	7.565347220494827
5.999722221982665	15.710862907084545	7.5373983488796705
6.499722222215496	16.309944815792647	7.559852701105407
7.499722221982665	17.216988508896954	8.384550339189788
8.499722222273704	18.434399937837963	7.695561171843092
9.499722222215496	19.040699700867847	7.218742627141
10.49972222198267	19.95255529685328	8.391494051317048
11.4997222222737	20.86441089283875	10.036713768647298
12.4997222222155	21.48514636451223	10.16239449435763
13.49972222198267	22.41624957202246	10.776591527960843
14.4997222222737	23.03939099513649	11.608899385943827
15.4997222222155	23.90072161086946	12.538750878015637
16.49972222198267	24.521457082542973	11.839651936317384
17.4997222222737	25.4549662414938	11.325263195083647
18.4997222222155	25.76533397733053	12.212419726739432
19.49972222198267	26.398099206206982	11.227590114201757
20.4997222222737	27.030864435083423	11.343417373461214
21.4997222222155	27.58904516930148	13.086184960747683
22.49972222198267	28.22181039817786	14.863518837847757
23.4997222222737	28.536990036895784	14.77457074467566
24.4997222222155	29.16975526577221	15.344071908836252
25.49972222198267	30.043115638708194	15.775450728638187
26.4997222222737	30.435285723525183	16.24110769473471
28.49972222198267	31.633449540941402	15.95487894174107
30.4997222222155	32.352829021679256	17.493047793992485
32.4997222222737	33.55099283909547	15.85089359922288
34.49972222198267	34.51096746389286	20.01029569244347
36.4997222222155	35.15095054709111	17.99887567068492
38.4997222222737	36.11814302621023	20.015457736688095
40.49972222198267	37.41013894980968	21.873232412774414
42.4997222222155	37.973131586908906	23.23398174200735
44.4997222222737	38.94513596890923	22.89941705478041
46.49972222198267	40.15532954352842	22.112441408561214
48.4997222222155	40.80493643248907	25.76470802679886
50.4997222222737	41.45935522433088	25.417542091377882
52.49972222198267	42.35436916023216	23.984846764158586
54.4997222222155	43.00878795207396	22.25345505032172
56.4997222222737	44.23101128389619	25.35308456985137
58.49972222198267	44.88543007573799	24.748983126374174
60.4997222222155	45.53984886757979	24.89350745651392
62.4997222222737	45.6264631194412	28.37046006078843
64.49972222198267	46.87034001422871	27.098959243067537
66.4997222222155	47.2023613130308	27.955457295400684
68.4997222222737	47.87121581351615	27.53351642814627
70.49972222198267	48.77825950662048	28.87745639278643
72.4997222222155	49.68770915116537	31.78292221254133
74.4997222222737	50.354157700210074	29.675246524628882
76.49972222198267	51.02301220069546	28.14647454992426
78.4997222222155	51.36225135381938	29.871278575450216
80.4997222222737	52.045541562948316	28.440440551487153
82.49972222198267	52.72642582063662	30.653311922293753
84.4997222222155	53.40971602976564	30.872805391541505
86.4997222222737	53.75136113433007	29.905497506466727
88.49972222198267	53.510765990270606	29.9818547284572
92.4997222222737	54.77389049658285	31.658114721939185
98.4997222222737	56.972930113286594	29.531559355586047
102.4997222222155	57.66103222529677	34.852337115954626
106.4997222219827	58.70280919907432	35.58055327860724
110.4997222222737	59.74458617285186	35.77704531318472
114.4997222222155	60.09104318029755	31.87130909452988
118.4997222219827	61.02455233924835	33.42933047387167
122.4997222222737	62.07114121590712	32.739928032894085
126.4997222222155	63.01668013206093	34.64791615534605
130.4997222219827	63.721623904155244	34.65016461052699
134.4997222222737	64.07289281448206	34.96371139163998
138.4997222222155	64.77783658657637	35.382911895299806
142.4997222219827	65.36729468952211	34.58561531523088
146.4997222222737	66.42591332338385	35.72641745646994
150.4997222222155	67.02499523209197	34.93779003851349
154.4997222219827	67.7251271013051	35.23422945339356
158.4997222222737	67.84061277045362	37.179219455023016
162.4997222222155	68.56480415407268	38.29508390608278
166.4997222219827	69.1614801113402	39.992932805032126
170.4997222222737	70.10942497893463	37.41182610464973
174.4997222222155	70.4630998407021	36.38626487280272
180.4997222222155	71.1728555156775	38.404529763292565
186.4997222222155	71.89704689929661	40.532048592626694
192.4997222222155	72.84739771833155	37.29021071709406
198.4997222222155	73.80015448880712	38.98146511654358
204.4997222222155	73.91804610939629	36.57759586903943
210.4997222222155	74.65186129877769	36.73444584404504
216.4997222222155	75.60942997213452	39.04047772893872
222.4997222222155	76.20851188084262	39.89962841678962
228.4997222222155	76.32640350143176	38.92424380840216
234.4997222222155	76.70173192616454	38.251824294047346
240.4997222222155	77.65930059952129	37.2874641024327
246.4997222222155	78.01778736416996	39.78466668431742
252.4997222222155	78.37627412881855	38.704864722653625
258.4997222222155	79.09565360955642	39.45859556779321
264.4997222222155	79.71638908122993	39.19964468840342
272.4997222222737	80.43817451340838	40.05387880637542
280.4997222219827	80.80147318093822	42.11924424656315
288.4997222222155	81.40296104108694	41.398063017774895
296.4997222222737	82.00444890123565	39.63316767603702
304.4997222219827	82.50488680087942	40.40310875151856
312.4997222222155	82.86818546840924	42.11508812432283
320.4997222222737	83.46967332855796	40.667362314765775
328.4997222219827	84.19386471217695	35.32712999091084
336.4997222222155	84.7953525723257	26.479631100595586
344.4997222222737	85.17549289993974	14.639467201675473
352.4997222219827	85.29819642341002	39.286753462927194