0.03361111111007631	1.3469464332034422	4.2074611666865165
0.06666666636010632	4.870654512923013	6.081755393352512
0.09999999980209395	7.562142117841929	7.136297628896907
0.1336111109121703	9.73409324138239	8.344997768607001
0.1666666665114462	11.723244491845303	9.954892767321192
0.1999999999534339	13.683532604453758	11.428251393722537
0.2336111110635102	15.550015519035568	12.752594983540536
0.2666666666627862	17.32269323559081	14.185449272538916
0.2999999997555278	19.078534121730897	15.370133626096042
0.3336111108656041	20.757406640259394	16.221873843883817
0.3666666666395031	22.361716052664185	16.66827095973252
0.3999999999068677	23.836141344724314	17.096727422638267
0.4336111110169441	25.204735131318497	16.82436962688395
0.46666666661622	26.493955288813176	16.292420077962472
0.4999999997089617	27.59075452727874	15.792377896321495
0.533611110819038	28.572101214327013	15.429454147394537
0.566666666592937	29.466858487812086	15.014820266353924
0.5999999998603016	30.378452591712186	15.215814450525066
0.6336111109703779	31.150541529316317	14.999926397049071
0.6666666665696539	31.968330435189795	14.748511729926864
0.6999999996623956	32.67307205113366	15.346954618265599
0.7336111107724719	33.34173474475973	17.34918560396326
0.7666666665463708	33.97431851606769	20.148541750690686
0.7999999999883585	34.782486375989734	22.536657143164863
0.8336111110984348	35.833585646185945	24.528710686094364
0.8666666665230878	37.07710583541132	26.659650271788088
0.8999999999650754	38.14744719751037	28.07905464141614
0.9336111110751517	39.12879388455854	28.627377730155203
0.9666666664998047	40.13178792499754	27.50024704523341
0.9999999999417923	41.07224516675204	27.67894266791044
1.033611111051869	42.01270240850653	27.727886052226488
1.066666666651145	42.893028113064375	27.805133822611
1.099999999918509	43.631443389838516	28.187284091981706
1.133611111028586	44.55025327820226	27.67120641733298
1.166666666453239	45.30069486241548	27.734191806186566
1.199999999895226	46.13772586019187	27.584874149718956
1.233611111005303	46.99159368838338	28.255224834694438
1.266666666604579	47.63139324415493	28.416385235567706
1.299999999871943	48.37461904390474	28.64658900762078
1.33361111098202	49.069739613897184	28.544020815495127
1.366666666406672	49.80574962918328	28.028097394311434
1.39999999984866	50.55138069042086	28.790801220263987
1.433611110958736	51.15029080089883	28.998620060396544
1.5	52.550152986835194	29.211032170756646
1.566666666360106	53.76481003820611	29.38448981054545
1.63361111091217	55.04440914974935	29.85525574148682
1.699999999953434	56.18209783350859	30.02723457523398
1.766666666662786	57.42802328422176	30.706838112988894
1.833611110865604	58.52241726119952	30.465531348876617
1.899999999906868	59.64807963751952	31.236301728045834
1.96666666661622	60.76893149086382	31.205532360819753
2.033611110819038	61.735846608984794	31.538978872392516
2.099999999860302	62.80859323257172	31.523142198654273
2.166666666569654	63.84285567235292	32.09068938642177
2.233611110772472	64.79052869857097	32.348307849230835
2.299999999988359	65.73339120181336	33.20418510447423
2.366666666523088	66.61131164488343	32.89935949754748
2.433611111075152	67.62392673127384	32.858040158744245
2.499999999941792	68.5475471426134	33.25596265460249
2.566666666651145	69.48559912287999	33.88912674324949
2.633611111028586	70.26971436792333	34.4886668041262
2.699999999895226	71.10434010421186	34.3737923392605
2.766666666604579	71.94858688645189	34.51154455391947
2.83361111098202	72.86258625183991	34.84829679539514
2.89999999984866	73.634675189444	34.97184127513808
3.0	74.86616907122993	36.05230828758818
3.099999999802094	76.0519629847465	36.529404184579796
3.199999999953434	77.20408323743301	36.479618410900834
3.299999999755528	78.35379822863165	37.131550832860086
3.399999999906868	79.50110795834235	37.70701193870564
3.499999999708962	80.61233876573519	37.8093604966702
3.599999999860302	81.65381698997983	38.250814407805585
3.699999999662396	82.72656361356688	38.64664810396979
3.799999999988359	83.82576811352028	39.01594460372449
3.899999999965075	84.79027797015355	39.4885506847648
3.999999999941792	85.7932720105925	40.14540696521002
4.099999999918509	86.79867131251923	40.608685306817655
4.199999999895226	87.80888113742186	40.289682745968385
4.299999999871943	88.76136468661568	40.837151767536426
4.39999999984866	89.76435872705456	41.44371954764543
4.533611111110076	91.05117362306144	41.68898967668002
4.666666666511446	92.19367282979645	42.14561803105058
4.799999999755528	93.42757197307029	42.40493235319085
4.933611111016944	94.6253921940261	42.48715469203324
5.066666666592937	95.71257038654029	43.19057724248381
5.199999999662396	96.91279586898408	43.46044772486766
5.333611111098435	97.99275827703464	43.41508627932605
5.466666666499805	99.07993646954871	43.788992757775866
5.599999999918509	100.24408302967458	44.46849781082997
5.733611111005303	101.22783497821058	44.21416234217943
5.866666666406672	102.26690794096756	44.04030433954148
6.033611111110076	103.50321234572921	44.097308026598995
6.199999999953434	104.80205354917535	43.399600909825935
6.366666666639503	105.93493170995886	43.23673247008432
6.533611110819038	107.09426774710894	43.31624571461344
6.699999999662396	108.18625646259886	42.88008883132256
6.866666666523088	109.21570837940436	42.180003830027154
7.033611111051869	110.19946032794032	42.089368488965476
7.199999999895226	111.2096701528429	41.79269250166635
7.366666666406672	112.24874311559977	41.407434128734046
7.566666666360106	113.31186869323537	41.57323513041442
7.766666666662786	114.43031528509165	41.249287733800834
7.96666666661622	115.46938824784857	40.853744305642664
8.166666666569654	116.5084612106055	40.37321090984666
8.366666666523088	117.56918152675317	40.47288296614208
8.566666666651145	118.48558615362903	39.86993857860719
8.766666666604578	119.40199078050496	39.76846209566261
9.0	120.4579005736769	39.537243320632726
9.23361111106351	121.51862088982458	38.72456409929915
9.46666666661622	122.45426760860333	38.81565797916237
9.699999999662396	123.45485638755444	38.73700774542205
9.933611111075152	124.38569258335737	38.08639902603177
10.16666666645324	125.25399198047609	37.98266963276784
10.43361111095874	126.2545807594272	37.53257601641311
10.69999999995343	127.28162741474476	37.519757659129624
10.96666666661622	128.1403057659119	37.2344463573649
11.23361111077247	129.0783577461787	37.0657374985474
11.49999999994179	129.99235711156666	37.07023622580418
11.76666666660458	130.8149565404158	37.05731769375081
12.06666666636011	131.79389796597613	36.27765888327562
12.3666666666395	132.73194994624282	36.61053224733829
12.66666666656965	133.57138620550714	36.20896811156043
12.96666666649981	134.48538557089506	35.827398529153974
13.26666666660458	135.36811653694085	35.72212296763004
13.59999999980209	136.193121227278	35.35110960229731
13.93361111101694	137.12395742308104	35.10041167294158
14.26666666654637	137.9513673749059	35.006018127360555
14.59999999991851	138.76434575780377	34.65558245702182
14.96666666655801	139.6302398934344	33.92932871351319
15.3336111108656	140.48891824460156	34.25286627480347
15.6999999996624	141.33557028832948	34.026404254579575
16.06666666665115	142.12449605634845	33.67147271652299
16.46666666655801	142.99760597644297	33.41216181407307
16.8666666666395	143.7480475606563	33.26933089494951
17.26666666654637	144.60913117331128	33.19019668576002
17.66666666645324	145.44135164811186	32.9711093890888
18.09999999980209	146.20622480125238	32.57384098963572
18.53361111081904	146.98312426183224	32.03984328736091
18.96666666649981	147.75761846092425	32.31241710688314
19.43361111095874	148.60427050465205	31.98828833014738
19.89999999990687	149.40281731862265	31.45436737943896
20.36666666652309	150.10515367307875	31.417187646743823
20.86666666640667	150.8387584268769	31.08187983587805
21.3666666666395	151.64692628679902	30.721530736912108
21.86666666652309	152.42623100886675	30.57104344422895
22.39999999984866	153.17186207010417	30.217028439320963
22.93361111101694	153.90787208539035	30.023947571864678
23.46666666649981	154.58615582496785	30.05758030190172
24.03361111111008	155.30292374835096	29.559749215600878
24.5999999998603	156.0822284704186	29.421374973573094
25.19999999989523	156.81102270124123	29.4666334959967
25.79999999975553	157.48209065635513	29.052994305898846
26.39999999996508	158.18683227229894	28.948816886683947
27.03361111111008	158.8795475808037	29.039891156066748
27.66666666656965	159.62998916501687	28.371502864682608
28.33361111098202	160.38283601071814	28.384504773964103
28.99999999970896	161.01301452053835	28.29058228729324
29.69999999989523	161.69610878309138	28.0422175692008
30.39999999990687	162.42249775242607	28.045322962761514
31.13361111102859	163.05748678522204	27.515574646893263
31.8666666666395	163.76944418562957	27.415002632868145
32.63361111102859	164.42848583330408	27.475655674630218
33.39999999990687	165.08512221949073	27.456817983779285
34.19999999989523	165.78024278948317	27.250909494795735
34.99999999970896	166.40561077632762	27.519728217118967
35.83361111098202	167.1295944841744	27.229878401331288
36.66666666656965	167.77179930143382	27.223962254704926
37.53361111111008	168.44046199505985	27.096265496182312
38.39999999996508	169.10671942719796	26.91061026961957
39.29999999975553	169.7922189512389	27.16258933914377
40.2336111110053	170.4440448144499	26.834946483789132
41.16666666656965	171.08143910873358	26.79598814328851
42.13361111091217	171.71161761855387	26.537690550513478
43.13361111102859	172.35863295878912	26.470145615780126
44.13361111097038	173.04413248282995	26.277320549488334
45.16666666651145	173.68152677711367	26.264266043185643
46.2336111110053	174.328542117349	26.104936207598907
47.29999999998836	174.9226417048512	26.050581922626236
48.39999999990687	175.5816833525257	26.061140036229
49.53361111111008	176.22388816978523	25.76373170550114
50.69999999989523	176.87090351002036	25.48456877492622
51.89999999996508	177.48665045091323	25.45699582002753
53.0999999998603	178.0975868688307	25.359302571605404
54.3336111108656	178.73738642460214	25.25008837102458
55.59999999980209	179.3579438884709	25.099014106256174
56.89999999984866	179.9303961225824	25.06527803584172
58.2336111110053	180.57019567835394	25.081139967368163
59.59999999991851	181.1546742199047	25.056723429777573
60.99999999994179	181.79687903716422	24.84877108088627
62.43361111107515	182.40781545508136	24.827236365173825
63.89999999996508	183.0500202723409	24.965301102373946
65.39999999996508	183.66817247472179	24.62034478680864
66.93361111107515	184.28632467710264	24.99546103344181
68.49999999994179	184.88282952609265	24.82858243632486
70.09999999991851	185.50338698996137	25.103675711759745
71.7336111110053	186.11191814639085	25.087516897941253
73.39999999984866	186.66512828859928	25.295866063659908
75.0999999998021	187.33860150520096	25.181904404044975
76.8336111108656	187.93270109270313	25.12185210350482
78.63361111097038	188.61339009376854	25.076350207527895
80.4666666664998	189.25078438805224	25.019118702843084
82.33361111098202	189.91704182019038	25.42072110789561
84.23361111106351	190.5015203617411	25.206424464757866
86.1999999996624	191.08599890329182	25.062265325156982
88.19999999989523	191.69453005972125	25.071151958452695
90.26666666666279	192.2958454316869	24.62644932738077
92.36666666652309	192.95248181787372	24.351393760347793
94.5	193.57544454323033	24.53166943068312
96.6999999996624	194.14308625436587	24.360633607289227
98.93361111095874	194.82136999394334	24.382629604213925
101.2336111107725	195.35052752127334	24.263194152677904
103.5999999998021	195.95665341621466	23.84018905871203
105.9999999999418	196.59164244901078	23.534137996777456
108.4666666666162	197.13523154526783	23.59805580977445
111.0	197.75578900913655	22.844043622846872
113.5666666666511	198.3234307202722	22.50842950021677