0.04361100005735352	0.032854591196500076	13.489180810549339
1.543611000057354	5.9028766596082365	0.6673098734220744
2.043611000057354	6.127152634367188	0.842125752388196
2.543611000057354	6.333157568447554	1.0286591660159914
3.043611000057354	6.548927004461718	1.170966836975211
3.543611000057354	6.743984160230206	1.2718125050501465
4.043611000057354	6.926859912358644	1.3672629848425242
4.543611000057354	7.118279926916379	1.410579497191123
5.043611000057354	7.281665615754827	1.4597629241458323
5.543611000057354	7.4316457065464645	1.9929557619578258
6.043611000057354	7.574315464459988	2.366340049839721
6.543611000057354	7.892599469457644	2.3535290365662376
7.043611000057354	8.121879156320883	2.6882496395644333
7.543611000057354	8.258478291149794	2.2147726354088304
8.043611000057354	8.454848778741013	2.1631009342763323
8.543611000057354	8.589021124607699	2.0166582631914487
9.043611000057354	8.718319205368168	2.109511488554372
9.543611000057354	8.854941309053318	2.0116479425814298
10.04361100005735	8.964730616793158	2.163235078676707
10.54361100005735	9.096482258162899	2.1512389269522876
11.04361100005735	9.21359893528338	2.1380943262816396
11.54361100005735	9.36244016629303	1.264493023659495
12.04361100005735	9.461264507106577	1.0369389508732558
12.54361100005735	9.564971935501054	0.8995609635236592
13.04361100005735	9.378300693953884	0.7997999179966471
13.54361100005735	9.360000143618926	0.7294771399961455
14.04361100005735	9.386841001480756	0.8144280274905576
14.54361100005735	9.435643128191058	0.8007222200324193
15.04361100005735	9.524708747312852	1.4656560188934902
15.54361100005735	9.606455819528614	1.8845108179009058
16.04361100005735	9.71260768183447	2.078798108666993
16.54361100005735	9.795579252680282	2.21950711977584
17.04361100005735	9.863910231146567	2.1975847442706056
17.54361100005735	9.981052158797818	2.2536951241462515
18.04361100005735	10.066470445229598	2.2387511773598243
18.54361100005735	10.149450230103543	2.246298272840535
19.04361100005735	10.23487262354937	2.1714162550068488
19.54361100005735	10.300771337034673	2.295195959556263
20.04361100005735	10.37521385661446	2.2273554711523835
20.54361100005735	10.463082509311233	2.2316757228707496
21.04361100005735	10.54241024603465	2.271502729219417
21.54361100005735	10.586346321666825	2.285987161196095
22.04361100005735	10.680322560574629	2.2769517850857963
23.04361100005735	10.829225092571658	2.011270357930797
24.04361100005735	10.983016188168278	2.2091680058557297
25.04361100005735	11.108739189263462	2.0852677439630725
26.04361100005735	11.145358391217545	2.2544335653520418
27.04361100005735	11.311369983143267	2.3150738861498317
28.04361100005735	11.428559369623372	2.4004791989738257
29.04361100005735	11.595805043212124	2.615403590380149
30.04361100005735	11.75207084293467	2.6108229911305214
31.04361100005735	11.885146311829708	2.714107062816719
32.04361100005735	11.988924167909351	2.672110351682695
33.04361100005735	12.104914762624876	2.7015140712483046
34.04361100005735	12.246550465670447	2.6373796175045956
35.04361100005735	12.374760187710468	2.6618492691457
36.04361100005735	12.499311016576607	2.7737539710624457
37.04361100005735	12.649510604451871	2.835411315203549
38.04361100005735	12.761859038272961	2.866750176803192
39.04361100005735	12.885202100788266	2.9649075215266922
40.04361100005735	13.013434639572973	2.9439381807532805
41.04361100005735	13.138007828848869	2.94459608921215
42.04361100005735	13.269913559300866	3.0792250632114095
43.04361100005735	13.414038264965702	3.146831541615249
44.04361100005735	13.516639081244062	3.1776943096041665
45.54361100005735	13.714520493666779	3.1071522056593683
47.04361100005735	13.924628791107063	3.0980664208190887
48.54833300005703	14.113981000152	3.12789067506433
50.04833300005703	14.25447464907137	3.068902098180896
51.54833300005703	14.438957308470583	2.9780401433433052
53.04833300005703	14.601456642834794	2.906610996549997
54.54833300005703	14.755410041541692	3.071469320548256
56.04833300005703	14.916701761666754	3.5434992841284476
57.54833300005703	15.06455883042332	3.3971908860396782
59.04833300005703	15.241751083568214	3.5287052475785274
60.54833300005703	15.428728830051963	3.621764766533272
62.04833300005703	15.79415800976267	3.6207320292910987
63.54833300005703	15.87360408933505	3.640518141853506
65.04833300005703	16.04961397877162	3.229131346358294
66.54833300005703	16.207296850449254	3.339219484632929
68.54833300005703	16.40654954922608	3.0968460850926087
70.54833300005703	16.48111938624104	3.0298378083365307
72.48500000005697	16.71095078199024	3.122487390794916
74.48500000005697	16.916344531536947	3.202231955369055
76.48500000005697	17.11808197380741	3.7104095987906787
78.48500000005697	17.329612819221595	3.670749616303396
80.48500000005697	17.5399333123873	3.842065284982785
82.48500000005697	17.778392936186115	4.042093067781718
84.48500000005697	17.98140187958073	4.160363386898287
86.48500000005697	18.22600635694019	4.106266525527077
88.48500000005697	18.477966344332	4.086341507901278
90.98500000005697	18.77275746846786	4.010856499369475
93.48500000005697	18.99539596151822	3.3476495784058367
95.98500000005697	19.249856816236612	1.9985974935228
98.48500000005697	19.450502096996054	1.8336383540692602
100.985000000057	19.4872067856867	2.636354709376924
103.485000000057	19.282889073818307	2.609101568549784
105.985000000057	19.49821814666038	2.590934905419088
108.485000000057	19.98520322933299	3.370890869672865
111.485000000057	20.269104529688285	4.147683803296817
114.485000000057	20.537118074400823	8.257909752311416