0.01529002944334934	3.9323167832078365	5.038917272119068
0.0352900294437859	8.146953745722902	12.363764672429443
0.04529002944400418	11.77678462253006	12.181419285679574
0.06529002944444073	14.962969503283151	10.043559466386025
0.0852900294430583	17.907165658915687	20.583962904797385
0.09529002944327658	20.62953881652112	20.465528007650885
0.1152900294437131	23.19058615737954	14.356543593552537
0.1352900294423307	25.610473408584376	18.288623311804272
0.145290029444368	27.909366297228864	18.042921462542147
0.1652900294448045	30.06709909621999	17.499153809608796
0.1852900294416031	32.1441689868374	21.530923385887327
0.1952900294436404	34.12041024198801	22.27681656830465
0.2152900294440769	36.03615431585849	26.69278212065298
0.2352900294445135	37.85106975426209	25.111794129561215
0.2452900294429128	39.605488011385596	24.697690136947102
0.2652900294433493	41.25907763304216	29.10067809379911
0.2852900294437859	42.872335800512126	27.173768654651276
0.2952900294421852	44.4452625137953	26.80261410491657
0.3152900294444407	45.95769204579834	30.004615355688003
0.3352900294448773	47.40962439652117	26.316375150521065
0.3452900294414576	48.82122529305721	26.013390861691615
0.3652900294437131	50.19249473540672	29.598164951509414
0.3852900294441497	51.523432723569364	27.680350902734496
0.395290029444368	52.854370711731924	29.69383559459048
0.4152900294448045	54.084480064427794	30.98235867595066
0.4352900294434221	55.31458941712355	31.59468993968222
0.4652900294440769	57.67397948704836	31.997039482515085
0.4852900294445135	58.803260204277294	32.96215012063649
0.5152900294433493	60.981158730361535	31.91757698589771
0.5352900294437859	62.0096108121236	32.61424003578345
0.5652900294426217	64.02618352146092	32.43554884465849
0.5852900294448773	64.97397269484952	32.80872455384078
0.6152900294418941	66.7888881332531	32.782147080077635
0.6352900294441497	67.65601439826817	32.940115599694096
0.6652900294448045	69.37010120120485	33.023388657125054
0.6852900294434221	70.19689601203326	33.577299174726704
0.7152900294440769	71.78998845240979	34.60038176637993
0.7352900294445135	72.57645180905128	33.935573973564644
0.7652900294433493	74.12921279524105	34.97751159461053
0.7852900294437859	74.85517897060252	34.508596770062056
0.8152900294444407	76.28694559423202	35.48031622163299
0.8352900294430583	76.99274604250014	36.05741051897206
0.8652900294437131	78.34384975775619	34.5172142706592
0.8852900294423307	79.02948447893083	35.31371825799629
0.9152900294448045	80.34025674000002	35.50394363572218
0.9452900294436404	81.63086327397602	36.912657853877185
0.9852900294445135	82.86097262667175	36.89830901042676
1.015290029443349	84.07091625227417	37.032857286683075
1.045290029442185	85.30102560497001	36.1445676429183
1.085290029444877	86.47063777638567	37.10398798043259
1.115290029443713	87.5999184936146	38.677943261370864
1.145290029444368	88.68886775665678	37.469174841284605
1.185290029443422	89.79798274679224	37.684517234670494
1.215290029444077	90.8667662827411	38.708398823766274
1.245290029444732	91.91538409159651	38.56097884012159
1.285290029443786	92.9236704462652	38.21323644914766
1.315290029442622	93.89162534674712	39.4131062604948
1.365290029441894	95.36372342456346	39.333655954134464
1.415290029444805	96.77532432109952	39.41700829355635
1.465290029444077	98.16675949054232	39.95587799396952
1.515290029443349	99.53802893289175	40.27478975255163
1.565290029444441	100.86896692105441	40.710573783429865
1.615290029443713	102.11924200084351	40.91923040980615
1.665290029444805	103.34935135353928	41.02909752737714
1.715290029444077	104.57946070623508	40.95209399977057
1.765290029443349	105.78940433183749	40.779801727726316
1.815290029444441	106.95901650325325	40.8985601001831
1.865290029443713	108.06813149338865	40.794181514722354
1.915290029444805	109.13691502933744	40.67951926377264
1.965290029444077	110.16536711109953	40.45636763558606
2.015290029443349	111.19381919286161	40.038184766785236
2.065290029442622	112.16177409334354	39.8458324390685
2.115290029441894	113.08939753963877	40.562276575065326
2.165290029444805	114.05735244012064	40.09805903906488
2.215290029444077	114.98497588641584	39.76648036424524
2.285290029443786	116.1747537849248	40.033728842453456
2.345290029443277	117.34436595634051	39.994288617838095
2.415290029444805	118.45348094647613	39.33747716444757
2.485290029444514	119.52226448242487	39.38144869408782
2.545290029442185	120.55071656418693	39.376519227850984
2.615290029443713	121.57916864594907	39.027674077721244
2.685290029443422	122.54712354643088	38.551953494266364
2.765290029443349	123.73690144493995	37.83043426101141
2.835290029444877	124.68469061832852	37.415277136641436
2.915290029444805	125.8543027897443	36.871758376730185
2.985290029444514	126.64076614638574	37.110745037974574
3.065290029444441	127.4877266843075	36.55313523025521
3.145290029444368	128.49601303897617	36.143047017121056
3.235290029444514	129.463967939458	35.49381406315994
3.315290029444441	130.39159138575332	35.32246054700234
3.395290029444368	131.2587176507682	35.71088249569931
3.485290029444514	132.16617536997018	35.14197096424939
3.585290029444877	133.2147931788255	34.762168275972314
3.685290029443422	134.10208517093395	34.14870620197409
3.785290029443786	135.02970861722906	33.449951125502324
3.885290029442331	135.93716633643098	33.54457885198751
3.985290029444514	136.72362969307252	32.8972585919767
4.085290029444877	137.55042450390073	32.86343825810708
4.185290029443422	138.29655640635568	32.39661460412438
4.285290029443786	139.12335121718394	32.27509248259449
4.38529002944415	139.86948311963872	31.955494063914635
4.495290029444732	140.67611220337375	31.673426657835883
4.615290029443713	141.502907014202	31.094884905789552
4.735290029444514	142.30953609793698	30.527617164847495
4.845290029441458	143.03550227329845	30.219521547882657
4.965290029444077	143.7211369944731	29.63048222737318
5.085290029444877	144.46726889692786	29.367323145429953
5.215290029444077	145.17306934519604	29.06384653305886
5.345290029443277	145.83853833927725	28.7164915165488
5.485290029444514	146.58467024173217	28.37281318509947
5.615290029443713	147.27030496290678	28.24363712638964
5.745290029444732	147.91560822989487	27.475721101774
5.88529002944415	148.60124295106948	27.15732391826164
6.035290029443786	149.30704339933766	27.22433926079313
6.185290029441603	149.97251239341884	26.60745435149245
6.335290029444877	150.63798138750016	26.101431674445678
6.485290029444514	151.18245601902143	26.147460318710454
6.63529002944415	151.74709637763584	25.85215986188887
6.795290029444004	152.41256537171702	25.587534153291468
6.965290029444077	152.9772057303316	25.635321196309658
7.13529002944415	153.5620118160393	24.962064596759888
7.315290029442622	154.26781226430748	25.16549536189989
7.485290029444514	154.8526183500154	24.875519873424107
7.665290029444805	155.45759016281642	24.409864926988348
7.845290029441458	156.10289342980457	24.514895442746827
8.035290029443786	156.60703660713887	24.65874745875207
8.235290029444513	157.23217414703345	24.152672868048704
8.435290029441603	157.75648305146103	23.670788848891007
8.63529002944415	158.3009576829821	23.05771734490547
8.835290029444877	158.84543231450328	22.534799318477543
9.045290029444004	159.45040412730435	22.292369533296295
9.26529002944335	160.01504448591896	21.656617109471043
9.485290029444513	160.49902193615978	21.68921368052378
9.715290029444077	160.96283365930745	21.692361298895587
9.94529002944364	161.48714256373518	21.462052145318616
10.18529002944342	161.9307885597894	20.244612030891105
10.43529002944342	162.39460028293698	19.969409392414597
10.6852900294416	162.91890918736468	19.866236795205946
10.93529002944342	163.4633838188858	19.85044029099082
11.19529002944364	163.96752699622004	19.252757903155366
11.46529002944408	164.29017862971415	19.540675826923206
11.73529002944451	164.7741560799551	19.811486540947932
12.01529002944335	165.2379678031026	19.762281161294293
12.29529002944219	165.68161379915685	19.220355194619707
12.58529002944488	166.06476261393087	18.32556780578225
12.88529002944233	166.56890579126525	18.888857653632357
13.18529002944342	167.0730489685997	18.496329715630168
13.49529002944473	167.57719214593394	18.26094745353537
13.81529002944444	168.00067241489475	18.00220524164273
14.13529002944415	168.28299259420197	18.329809534594
14.46529002944408	168.72663859025627	18.149004032388014
14.81529002944262	169.1299531321238	17.877202356701613
15.16529002944481	169.53326767399125	17.367549616604066
15.51529002944335	169.91641648876535	17.201408662722987
15.88529002944233	170.38022821191294	17.861386302061774
16.26529002944335	170.8440399350604	17.411364265754564
16.64529002944437	171.2876859311147	17.8861343112019
17.03529002944379	171.67083474588878	17.803479840951884
17.4352900294416	172.0539835606628	18.02179248715784
17.84529002944328	172.49762955671713	17.702337179157478
18.26529002944335	172.84044691730452	17.388678046015432
18.69529002944364	173.34459009463876	17.29696395791872
19.13529002944415	173.72773890941298	17.040844641839108
19.58529002944306	174.1713849054672	17.392020927871474
20.045290029444	174.55453372024127	17.067175087092092
20.51529002944335	174.93768253501526	17.435371684153033
20.99529002944473	175.36116280397619	16.719659760827486
21.48529002944451	175.6838144374701	16.557913477933038
21.98529002944451	176.14762616061768	16.374652252560853
22.49529002944473	176.5106092482984	16.53987529230202
23.01529002944335	176.9340895172592	16.43750292784897
23.56529002944444	177.2769068778467	15.924119431567624
24.11529002944371	177.61972423843397	15.999399784290302
24.68529002944342	178.02303878030148	15.13699246884867
25.26529002944335	178.4465190492623	14.770366978810102
25.86529002944371	178.80950213694302	14.384692686774347
26.46529002944408	179.11198804334356	14.590051510351152
27.08529002944306	179.45480540393095	14.74222008482375
27.71529002944408	179.7169598561448	14.478112950919357
28.36529002944189	179.99928003545216	14.382671237987688
29.03529002944379	180.34209739603932	14.557413943012312
29.71529002944408	180.72524621081345	14.616489613828488
30.41529002944481	181.1083950255876	14.449623899768833
31.13529002944415	181.451212386175	14.776630140853518
31.86529002944371	181.85452692804253	15.109811054178321
32.61529002944371	182.25784146990983	15.04308318571131
33.38529002944415	182.58049310340385	14.791933206563806
34.16529002944481	182.88297900980453	14.64072551335348
34.96529002944408	183.2257963703919	14.476240316976073
35.78529002944379	183.58877945807257	14.229663742897326
36.61529002944189	183.9114310915665	13.977940597826336
37.46529002944408	184.2340827250605	14.171429641082687
38.33529002944306	184.5769000856479	14.424283953661611
39.23529002944451	184.87938599204853	14.343116596944949
40.14529002944437	185.22220335263577	14.011679011794852
41.08529002944488	185.56502071322313	13.913170146961656
42.03529002944379	185.92800380090387	13.810191029465477
43.01529002944335	186.29098688858465	13.628053197683405
44.01529002944335	186.61363852207865	13.809451831401613
45.03529002944379	186.8959587013858	13.626786745284125
46.08529002944488	187.1984446077864	13.45359989812464
47.16529002944481	187.50093051418705	13.18537326932287
48.26529002944335	187.8034164205876	13.012641961314083
49.38529002944415	188.14623378117489	12.845448579688297
50.53529002944379	188.4487196875755	12.492639131666449
51.71529002944408	188.75120559397612	12.496201915196528
52.91529002944481	189.05369150037677	12.423023456099353
54.14529002944437	189.3763431338708	12.250273887219294
55.39529002944437	189.65866331317804	11.898148021536398
56.68529002944342	189.8603205841118	11.464404839411362
57.99529002944291	190.16280649051222	11.379590552381545
59.33529002944306	190.44512666981962	11.030458060011153
60.71529002944408	190.70728112203338	10.682848182609469
62.13529002944415	190.96943557424734	10.585244106269503
63.58529002944488	191.17109284518097	10.750184284702627
65.06529002944262	191.45341302448816	10.489425290986258
66.58529002944488	191.67523602251538	10.306429487523722
68.13529002944415	191.91722474763586	10.22106512361625
69.71529002944408	192.17937919984962	9.971591154664393
71.33529002944306	192.4213679249701	10.143235473398361
72.98529002944451	192.66335665009055	9.891256034604623
74.68529002944342	192.9053453752112	9.812337897607264
76.4152900294448	193.1473341003317	9.807906853274982
78.1852900294416	193.3489913712654	9.721312698839718
79.99529002944473	193.59098009638586	9.804128835457849
81.84529002944328	193.812803094413	9.71667674457827
83.73529002944451	194.0144603653466	9.549902284157294
85.6852900294416	194.25644909046719	9.543083555608545
87.6652900294448	194.49843781558766	9.709408608736219
89.69529002944364	194.76059226780148	9.702772584195756
91.76529002944335	194.9824152658285	9.868504756967896
93.88529002944233	195.18407253676233	10.029929384183315
96.06529002944444	195.42606126188272	10.0336612395224
98.28529002944379	195.66804998700326	10.028010977960884
100.5652900294444	195.9100387121238	10.023526380252129
102.8852900294423	196.17219316433767	10.187758131817725
105.2652900294434	196.41418188945804	10.268853232223615
107.6952900294436	196.65617061457866	10.347617987091764
110.1852900294434	196.89815933969905	10.422659484200254
112.7352900294445	197.16031379191298	10.423752210993298
115.3352900294449	197.42246824412678	10.413673452644124
117.9952900294429	197.64429124215394	10.488248256722796
120.7352900294445	197.90644569436785	10.562441994378997
123.5352900294438	198.1686001465815	10.641738193866786
126.3852900294442	198.41058887170206	10.554461276836536
129.3152900294444	198.67274332391588	10.549335955034811
132.3152900294444	198.93489777612973	10.542926503831467
135.3852900294442	199.1970522283437	10.45876420230161
138.5152900294434	199.4592066805575	10.376190729698365
141.7152900294441	199.70119540567808	10.283036753114631
144.9852900294445	199.96334985789176	10.115651160764875
148.3352900294449	200.18517285591892	9.866175307625758
151.7652900294434	200.42716158103943	9.864156764126031
155.2652900294434	200.66915030615988	10.277112654571429
158.8652900294419	200.89097330418704	10.523504885190421
162.5352900294438	201.11279630221412	10.685811118537242
166.2852900294438	201.31445357314792	10.92731076953877
170.1352900294442	201.57660802536168	11.094306801384072
174.0652900294444	201.9395911130425	11.508100410364612
178.0852900294449	202.24207701944303	11.84355666726853
182.1952900294436	202.54456292584365	12.170826996901239
186.4152900294448	202.82688310515104	12.667835628206237
190.7152900294441	203.10920328445806	13.251194029951789
195.1152900294437	203.45202064504545	12.999057736495681
199.6152900294437	203.75450655144607	12.745438692165086
204.2352900294445	204.05699245784677	12.573885788025263
208.9452900294436	204.37964409134068	12.2431611708136
213.7652900294434	204.78295863320818	12.238002391885217
218.6952900294436	205.08544453960883	11.984837825404002
223.7452900294429	205.3274332647292	11.728490174926161
228.9152900294448	205.5895877169431	11.47756798001734
234.1952900294436	205.79124498787684	11.057494330919035
239.6152900294437	206.07356516718406	10.388502895179947
245.1452900294444	206.35588534649125	10.468326124118693
250.8152900294444	206.59787407161173	10.633401145547868
256.6152900294437	206.8398627967323	10.714084811348592
262.5352900294438	207.06168579475946	11.124857179589558
268.5952900294433	207.30367451987996	11.12430153994474
274.7952900294422	207.6263261533739	11.288928013885977
281.1352900294442	207.90864633268114	12.202049082167038
287.6352900294442	208.19096651198836	12.70254124079689
294.2852900294438	208.49345241838898	13.115544877360271
301.0852900294449	208.77577259769612	13.802661394746561
308.0352900294438	209.0984242311902	14.401815565302732
315.1452900294444	209.5622359543377	13.967335295324904
322.4152900294448	209.92521904201843	13.438207128316972
329.8652900294419	210.24787067551244	15.665706339740957