0.008279057083200314	15.541843037461085	35.85146220053353
0.02827905708363687	64.26762120896134	43.47989385560981
0.03827905708385515	77.71761618354256	31.95885818598443
0.05827905708247272	83.87974692298995	13.365085611013281
0.07827905708381877	87.55518277644367	13.454036946059874
0.09827905708243634	90.79166657654206	11.40115698521488
0.1182790570837824	92.47816657101254	10.246102875660739
0.1282790570830912	93.88113294250216	9.57696981679093
0.1482790570826182	95.10977864208543	8.160984144894563
0.1682790570830548	96.10739694516552	9.25512045714126
0.1782790570832731	97.03570702929511	9.083750879617678
0.1982790570837096	97.91781163412398	9.073171684577353
0.2182790570841462	98.64449780857834	9.417661236331943
0.2282790570825455	99.34178049620492	8.783622791529528
0.248279057082982	99.97815596111722	10.25145298792117
0.2682790570834186	100.51581972025093	9.170826939762764
0.2782790570836369	101.13749344174927	8.746791306151042
0.2982790570840734	101.620550725346	9.868494594988652
0.3182790570836005	102.08890626552899	8.032493591978412
0.3282790570829093	102.59296603971715	7.812655380987163
0.3482790570833458	103.02561734589501	8.987075609455509
0.3682790570828729	103.41206317277235	8.124556123540684
0.3782790570840007	103.8279124864775	8.036873739182544
0.3982790570835277	104.22275930959137	8.859242059869208
0.4182790570830548	104.58820264587747	8.115449578514758
0.4282790570841826	104.95784648028213	8.816609480822175
0.4482790570828001	105.26448284291304	9.03012632757474
0.4682790570841462	105.5753197036622	9.389151832546634
0.498279057082982	106.24109865540203	9.095620302413353
0.5182790570834186	106.58763975015638	9.737490567336973
0.5482790570840734	107.06229603751667	9.568016125220593
0.568279057082691	107.41513787944821	9.315774360213073
0.5982790570833458	107.9380998951682	8.806531932997915
0.6182790570837824	108.22583401626714	9.66052283824409
0.6482790570826182	108.69418955645006	9.462189254727218
0.6682790570839643	108.8622094811795	9.983910616293926
0.6982790570837096	109.39987324031328	9.352001241961007
0.7182790570832367	109.64560238022972	9.19861153528407
0.7482790570838915	110.18116589030453	10.025319357838944
0.7682790570825091	110.23367211678237	9.626935407150677
0.7982790570831639	110.60961669836439	9.424252373233918
0.818279057082691	110.83224309863057	9.166676935351326
0.8482790570824363	111.21238817833068	8.693719720379026
0.8682790570837824	111.39090934835552	9.49182509200332
0.8982790570826182	111.76265343181916	9.82429561169504
0.9282790570832731	111.9978813264403	10.19379943887834
0.9682790570841462	112.43053263261827	9.798226973655387
0.998279057082982	112.80647721419996	9.860671174598343
1.028279057083637	113.12151457306747	10.171299964520294
1.068279057083601	113.3903464526343	10.234237611275555
1.098279057083346	113.70538381150173	10.138553110086587
1.128279057084001	114.01202017413283	9.59471883902494
1.168279057083055	114.2934535480543	9.832484890303217
1.1982790570828	114.59798966162636	10.195771502881232
1.228279057083455	114.84371880154293	9.956339158650017
1.268279057083419	115.10835018299161	9.756282246985519
1.298279057084073	115.38978355691314	10.426925704969115
1.328279057082909	115.62081095341595	10.248901248584389
1.368279057083782	115.89804382921919	9.84956554752372
1.418279057083964	116.24248467491437	10.33353697699202
1.468279057083237	116.68143672826969	10.204512809368833
1.518279057082509	116.93346661536373	10.307159134595409
1.568279057082691	117.30101020070896	10.523404513612045
1.618279057083782	117.61184706145833	10.451007585250274
1.668279057083055	117.92688442032568	10.328378820313167
1.718279057084146	118.26502451884346	11.346222640227914
1.768279057083419	118.56746038335625	10.643970058270249
1.818279057083601	118.84049276104135	10.823510835990936
1.868279057082873	119.157630368968	10.89026582745649
1.918279057083055	119.57557993173211	10.793624201253586
1.968279057084146	119.72049711681099	10.677344007192065
2.018279057083419	119.99983024167372	10.99246244854689
2.068279057082691	120.2707623702996	11.028992288990061
2.118279057083782	120.50599026492071	11.128718482360224
2.168279057083964	120.75171940483732	10.720250440969377
2.218279057083237	120.99114779757639	11.263785452646408
2.278279057083637	121.32088689985771	11.39994354160611
2.348279057082436	121.69053073426227	11.264777480046144
2.418279057083055	122.03497157995741	11.270611246058214
2.478279057082546	122.3101042067015	11.455432139068847
2.548279057084073	122.65454505239663	11.378616809689571
2.618279057082873	122.8960736941951	11.589812770646397
2.6982790570828	123.22161229835817	11.515401219053507
2.768279057083419	123.53454940816641	11.54141496279359
2.848279057083346	123.8684890085661	11.526614709037757
2.918279057083964	124.21503010332009	11.970063304496882
2.998279057083892	124.51116522065566	12.169948151688622
3.068279057082691	124.77369635304518	12.144532416001326
3.148279057082618	125.0845332137944	12.02518831918676
3.228279057082546	125.41217206701663	11.734263078166554
3.318279057083601	125.7461116674161	12.334716815972149
3.398279057083528	126.0317455394558	12.285863430296077
3.478279057083455	126.27327418125422	12.18377961813526
3.568279057082691	126.5820107929443	12.445956557955416
3.668279057083964	127.0062611028859	12.291865238256218
3.768279057082509	127.3065967183395	12.485514402336662
3.868279057083782	127.59643108849751	12.793628911172414
3.968279057084146	127.99967890784794	12.936152117280468
4.068279057083601	128.25800954211917	12.586332639478586
4.168279057083055	128.58984889345956	12.884919825090321
4.268279057083419	128.91118699950445	12.95858397261213
4.368279057083782	129.21152261495814	13.582675633370325
4.478279057082546	129.52025922664816	13.20514940640735
4.598279057082436	129.8836023138753	13.547777959143898
4.718279057084146	130.22594291051132	13.682704541232834
4.828279057082909	130.60608799021128	13.848595312282471
4.9482790570828	130.90012285848772	13.77073723534292
5.068279057082691	131.23196220982805	14.031418549495699
5.19827905708371	131.59320504799598	13.970225632360748
5.318279057082691	131.96074863334135	14.177489631363208
5.44827905708371	132.2841869884453	13.95714830656961
5.578279057082909	132.55931961518945	13.775731761789896
5.718279057084146	132.96466768359912	14.074640051647997
5.868279057083782	133.30700828023498	14.333249834751143
6.018279057082509	133.69135385805313	14.42468593491273
6.168279057083055	133.95178474138368	14.506912645686263
6.318279057083601	134.35923305885248	14.848535481502248
6.468279057084146	134.72677664419786	14.815431573834724
6.618279057083782	135.0733177389518	15.0530619321448
6.778279057083637	135.46816456206574	14.966680557092383
6.94827905708371	135.79370316622885	15.628839163486045
7.118279057082873	136.27676044982573	15.577264375433595
7.298279057084073	136.59809855587042	15.332106582405938
7.468279057083237	136.95934139403846	15.624615419826744
7.648279057082618	137.30168199067438	15.671177800958164
7.828279057082909	137.70072931190649	15.49379470017667
8.018279057083419	138.09557613502048	15.498720978637127
8.218279057083237	138.42321498824268	15.873474289962807
8.418279057083055	138.85796654347973	16.096552789217835
8.618279057082873	139.2570138647117	15.931156487510457
8.818279057082691	139.51324424992393	16.582412523593906
9.028279057083637	139.98790053728433	16.45600507566699
9.248279057082982	140.38484760945715	16.30511069442755
9.468279057084146	140.8069976703397	16.24713046816265
9.69827905708371	141.11573428202985	16.73248023558261
9.928279057083273	141.6723002826955	17.40417604429542
10.16827905708306	142.03774361898178	17.1038515447451
10.41827905708396	142.32337749102152	17.35457358931553
10.66827905708306	142.73922680472685	17.356322024483706
10.91827905708306	143.251687575151	17.99402314874891
11.17827905708327	143.67803813415176	17.421213423399728
11.44827905708371	144.0875867006795	17.489740479813612
11.71827905708415	144.52863900309387	18.415466651365875
11.99827905708389	144.95288931303537	18.606663607164005
12.27827905708364	145.40234261168624	18.420277515935755
12.56827905708269	145.82029217445051	18.57226012013086
12.86827905708378	146.19833700509136	19.11729358526663
13.16827905708306	146.68349453774726	19.013900839968088
13.47827905708255	147.1371483345164	19.14195655894279
13.79827905708407	147.61180462187673	19.24058432759099
14.11827905708378	148.06335816958668	19.450838072963446
14.44827905708371	148.58632018530676	20.103344451387716
14.79827905708407	149.01897149148465	19.86525729807602
15.14827905708262	149.47052503919483	20.098622458747897
15.49827905708298	149.93888057937758	19.906528451649464
15.86827905708378	150.41353686673796	20.0860174318882
16.24827905708298	150.94700012775354	20.093107481463605
16.62827905708309	151.37965143393149	20.37145264573085
17.01827905708342	151.88791170623756	20.585678841361382
17.41827905708306	152.31426226523834	20.533867829036428
17.82827905708291	152.81622179036717	20.850313762439203
18.24827905708298	153.3454845532644	20.857348020265697
18.67827905708327	153.83274233497943	21.382376085431147
19.11827905708287	154.33470186010817	21.162552288769312
19.56827905708269	154.80095715123207	21.47759680582778
20.02827905708273	155.3449216575431	21.972930266201143
20.49827905708298	155.87208417138143	21.712082417465627
20.97827905708255	156.43075042110624	21.891588893276875
21.46827905708415	156.88650446693458	22.030504461270862
21.96827905708415	157.3842634939453	22.357536752480208
22.49827905708389	158.01853870979832	22.262391563281522
23.49827905708298	158.95104929204618	22.429298027075195
24.49827905708298	159.91506361018043	23.047004933849323
25.49827905708389	160.8202709546597	23.333693750929797
26.49827905708298	161.78638552185328	24.022934352052648
27.49827905708298	162.67269062480034	24.23298537199225
28.49827905708389	163.6178027014026	24.948562717623332
29.49827905708298	164.51460904964532	25.001371662066298
30.49827905708298	165.32740543552342	25.348789041392223
31.49827905708389	166.21161028941137	24.998305991709977
32.49827905708298	167.00760468281646	25.887734907460327
33.49827905708298	167.80149882716236	26.03547574814715
34.49827905708389	168.58489172621287	26.27112297380825
35.49827905708298	169.24226968171632	26.625306204447238
36.49827905708298	170.17478026396392	26.624780894694762
37.49827905708389	170.91196768371378	26.418998965028276
38.49827905708298	171.60715012228144	27.569539867066478
39.49827905708298	172.36534003262247	27.965940153169214
40.49827905708389	173.03951998059873	27.238585214224848
41.49827905708298	173.6401912115061	27.607916827308923
42.49827905708298	174.49709282762558	28.21962175374224
43.49827905708389	175.12296704724227	28.275095893812814
44.99827905708389	176.06597887478537	28.1402387678174
46.49827905708389	177.09300066469348	29.028438587139803
47.99827905708389	178.04021299035475	28.55927533377133
49.49827905708389	178.88871361023791	29.147341437175598
50.99827905708389	179.7771189622442	29.296123454340243
52.49827905708389	180.71172979355086	29.342300511785076
53.99827905708389	181.53082692660615	29.62903838264541
55.49827905708389	182.46753800697215	30.496966324639928
56.99827905708389	183.24463015884524	30.606802523271938
58.49827905708389	184.0847297824919	30.555616740250294
59.99827905708389	184.89752616836975	31.250344621983526
61.49827905708389	185.77753052413954	31.180025036898027
62.99827905708389	186.508417196712	31.777668135199843
64.49827905708389	187.26450685799423	31.69125632308163
65.99827905708389	188.1760149496506	32.16039459277951
67.99827905708298	189.08962329036615	31.951851166687966
69.99827905708298	190.0851413443872	32.579098216697275
71.99827905708389	190.99454918698459	32.60420060999526
73.99827905708298	192.011069731597	32.54721575809985
75.99827905708298	192.88897383830766	32.94676235019613
77.99827905708389	193.8193841714962	33.10441518817573
79.99827905708298	194.64478205172892	33.704058871076796
81.99827905708298	195.59619487550862	33.49507955850324
83.99827905708298	196.41319175950497	34.01664001539308
85.99827905708298	197.263792628447	34.04137646752288
87.99827905708298	198.11649374644827	34.47523028312054
90.49827905708298	199.1309140420015	34.271835328953934
92.99827905708298	200.15373533379133	34.893719832055396
95.17827905708327	200.99803545555608	35.143495280112674
97.67827905708327	201.9389470340401	35.043473186582574
100.1782790570833	202.87775836346532	35.84311060095257
102.6782790570833	203.85017367783612	35.642981417249075
105.1782790570833	204.78058401102464	36.56858335136393
107.6782790570833	205.63118487996692	36.10088287165986
110.1782790570833	206.62460268492893	36.73546251205345
113.1782790570833	207.61171974271352	36.50521173852041
116.1782790570833	208.77525772146393	36.53377897949295
119.1782790570833	209.61325709605146	36.92357920985493
122.1782790570833	210.66968237278698	36.88718622556523
125.1782790570833	211.59169170973925	37.304750402546055
128.1782790570833	212.52000179386843	36.91118362472628
131.1782790570833	213.44201113082062	37.858537550653985
134.6782790570833	214.56774462650682	37.61066614359317
138.1782790570833	215.60736791076954	38.00726363970738
141.6782790570833	216.65749244032773	37.843619767061604
145.1782790570833	217.66351173964472	38.57851473589667
148.6782790570833	218.6254258087199	38.941166780071526
152.1782790570833	219.5957408740318	39.035087244048476
156.1782790570833	220.59335917711215	39.507619193586194
160.1782790570833	221.767398401158	39.62108583971233
163.9182790570831	222.84062567036648	39.813574923887515
167.9182790570849	223.84874521874224	40.23940712007561
171.9182790570831	224.9345739823055	40.7727489012366
175.9182790570831	225.90698929667653	40.50031046010904
180.4182790570831	226.98861756212128	40.33086976318945
184.9182790570831	228.11435105780748	40.65110925186694
189.4182790570831	229.14767359489292	40.91031785754376
193.9182790570831	230.193597626333	41.63864334646615
198.4182790570831	231.2332209105956	41.2450183489911
203.4182790570831	232.35055341004528	41.00058009765181
208.4182790570849	233.5287931322099	41.616213446669356
213.4182790570831	234.69233111096028	41.56032642984625
218.4182790570831	235.60803970073493	41.80452285583411
223.9182790570831	236.70016921147527	41.685203505823424
229.4182790570849	237.87840893363958	41.88448242560806
234.9782790570826	238.93903470849364	41.54334240378543
240.4782790570826	240.04796621170684	42.383428288516775
246.4782790570826	241.13589522432935	42.59732930046828
252.4782790570826	242.3519394295579	42.14424474459983
258.4782790570826	243.4377681931209	43.46072944979355
264.4782790570826	244.52779745480186	42.74212209519873
270.9782790570826	245.64302970519316	43.0838625871207
277.4782790570826	246.70785597816507	43.28504951663088
283.9782790570826	248.01001039481724	43.33738120479813
290.9782790570826	249.0328316866067	43.10468402365223
297.9782790570826	250.15646493323396	43.75216817443669
304.9782790570826	251.38091013469892	43.4617045240052
312.1082790570836	252.46253840014407	42.0131584949588
319.6082790570836	253.54626691464776	43.65829384922418
327.1082790570836	254.74760937646238	43.76228899082394
335.1082790570836	255.7809319135476	42.73919377743924
343.1082790570836	256.8037532053376	43.69631213850945
351.1082790570836	258.11220836916715	43.594107031849504
359.3182790570827	259.2274406195579	43.146562157188114
367.8182790570827	260.25026191134725	44.64710894209911
376.3182790570827	261.5104113468171	45.13230235128367
385.3182790570827	262.58153836696664	44.14932371549205
394.3182790570827	263.6862693720621	45.34426032580223
403.8182790570827	265.01572702648207	44.81798449620876
413.288279057082	266.1162575334595	45.35272944390994
423.2882790570839	267.2692942669145	45.23897645296621
433.288279057082	268.6491578987537	45.28406762604272
443.288279057082	269.52916225452344	44.17393074841012
453.538279057082	270.8985246410676	45.03832363754982
464.038279057082	271.9087444385024	45.14364190832515
475.0382790570839	273.0512799266617	43.86852132270978
486.038279057082	274.0930034599834	45.00303042880402
497.5382790570839	275.3825563822813	43.682619208088745
509.378279057084	276.5334928666765	44.01223646924327
521.378279057084	277.6487251170676	43.98480148834881
533.8782790570822	278.80176185052255	44.27830124752104
546.3782790570822	279.9085931046767	43.44580465366706
559.3782790570822	281.0133241097723	43.52939603645376
572.378279057084	282.1243558620445	43.51981125995555