0.01000000000021828	1.34499873863945	1.1470619214551006
0.02000000000043656	2.515915455016852	2.2314956513421427
0.03000000000065484	3.5493097474955473	2.9248144302546777
0.04000000000087312	4.4674981981463	3.4626462746547095
0.05000000000109139	5.2870585497435645	3.867505581399011
0.06000000000130967	6.021185725884624	4.163304660931292
0.07000000000152795	6.680776360725596	4.37069862382592
0.08000000000174623	7.275014139743003	4.506915255603688
0.09000000000196451	7.811737349830276	4.585625249943375
0.1009816608893743	8.342899993305306	4.619768653761284
0.1133032870638999	8.875464934506864	4.608928468879119
0.1271283790183588	9.404129935035764	4.551712020358668
0.1426403873238087	9.923518684551855	4.448553193940153
0.1600451469057589	10.428428888073912	4.3021144401578235
0.1795736083495285	10.914097325759844	4.117206390775814
0.2014849024735668	11.376429427931363	3.9006264128517496
0.2260697788387915	11.812227155985761	3.6606595100874344
0.2536544638169289	12.219303652120324	3.406512928903655
0.2846049894187672	12.596580929469674	3.1475830103764166
0.3193320503141877	12.944035706476011	2.8927429350225595
0.3582964535025894	13.262633092986299	2.6497314150463396
0.4020152329412667	13.554131667226686	2.4246477297750535
0.4510685102704883	13.820900892012583	2.221745381630235
0.506107192678428	14.065678683150695	2.043336402332982
0.5678616100403815	14.291366796135595	1.8900090640516383
0.6371512059549786	14.5008385283636	1.7608772510440458
0.7148954112626598	14.696791530124168	1.6540088012261425
0.802125844332295	14.881654137878176	1.5667937436918047
0.9000000000132786	15.057522976895306	1.4963304034945906
1.009816608886467	15.226158197407921	1.4397124255766889
1.133032870630814	15.388987166042185	1.3942400942517579
1.271283790178131	15.547148357248819	1.357553686225054
1.426403873234449	15.701525747965691	1.3276779197619024
1.600451469056679	15.852802940737241	1.3030344179617717
1.795736083496195	16.001500425541312	1.28239451121425
2.014849024738396	16.148018832849484	1.264836567745356
2.260697788388825	16.292666368370814	1.2496769131169807
2.536544638172018	16.435686158122735	1.236420695048702
2.846049894189491	16.577272367845282	1.2247068220332535
3.193320503144605	16.71758486852197	1.2142727148557426
3.582964535029532	16.856757238195488	1.2049210483922637
4.020152329412667	16.994903768244903	1.196500135440081
4.510685102705793	17.132122946910275	1.1888873777711022
5.061071926780642	17.268500653379103	1.1819802665595116
5.678616100397449	17.404111567159422	1.17568931221618
6.371512059542511	17.539020731978127	1.1699345460170112
7.148954112613865	17.673284157146444	1.1646427606789416
8.021258443311126	17.806949743221526	1.159746279329481
9.000000000120963	17.94005759682021	1.155181770062126
10.09816608885376	18.07264067981399	1.1508897243855416
11.33032870629995	18.204725000314873	1.1468137015829227
12.71283790177586	18.336330083725727	1.1428999230128218
14.26403873234176	18.467469065949874	1.1390965749803168
16.00451469056588	18.598148999179017	1.1353533584937554
17.95736083496195	18.728370836533976	1.131620771845858
20.14849024738669	18.858129567477462	1.1278495945570934
22.60697788389098	18.987414078424344	1.1239901477384857
25.365446381722	19.116207112559398	1.1199917149568561
28.46049894189946	19.2444849920691	1.1158017773996376
31.93320503145242	19.372217397130473	1.1113653663199485
35.82964535029805	19.499366935106337	1.106624252880543
40.20152329412849	19.625888730076248	1.1015162101048723
45.10685102706248	19.751729820902902	1.0959741237994411
50.61071926781369	19.87682854710777	1.0899251294626757
56.78616100398267	20.001113752594623	1.0832895972737655
63.71512059543147	20.12450394652041	1.0759801000459943
71.48954112614956	20.24690628407859	1.0679002181052473
80.21258443311854	20.368215474598003	1.0589432811629278
90.00000000121327	20.488312505358426	1.0489909256384176
100.9816608885376	20.607063263422607	1.0379115440678515
113.3032870630022	20.72431696554372	1.0255585195942285
127.1283790177613	20.839904458467135	1.011768292391643
142.6403873234231	20.953636316674388	0.9963581769853469
160.0451469056607	21.065300788509397	0.9791239480965332
179.5736083496204	21.174661531271763	0.9598371174972172
201.4849024738669	21.28145517958333	0.9382419093569823
226.0697788389098	21.38538870353742	0.9140517337759477
253.65446381722	21.486136572552137	0.8869455294671457
284.604989418991	21.58333778529321	0.8565638650057181
319.3320503145224	21.676592780443364	0.8225035647796951
358.2964535029769	21.765460044064927	0.7843341010277686
400.7964535029769	21.847304649762012	0.7420783922457692
443.2964535029769	21.916541540773547	0.7001643023391735
485.7964535029769	21.975523900521335	0.6601104308439486
500.0	21.99326797393781	0.6487774582501843