0.01266448690148536	2.933106208009083	0.6471159265229681
0.03266448690010293	4.748581518534707	3.18502635571848
0.04266448690032121	5.694788353239988	3.3032005091759205
0.08266448690119432	7.487317135677236	3.479232874317435
0.5826644869011943	18.718967737078202	9.600508362489188
1.082664486901194	25.42745271351888	12.602544926596332
1.582664486901194	30.630915406512536	15.012561124763268
2.082664486901194	35.01910145448204	16.672984487027055
2.582664486901194	38.731039821727876	18.014651610183407
3.082664486901194	42.03938925377141	18.767511378473447
3.582664486901194	44.87935955365701	19.00433713972175
4.082664486901194	47.38458050260541	19.16514687611317
4.582664486901194	49.607694135643165	18.97656499271006
5.082664486901194	51.55814902315961	18.715404871046932
5.582664486901194	53.31828270711907	18.622723554095472
6.082664486901194	54.90969191984008	18.440624682294995
6.582664486901194	56.38096930903931	18.401717217301044
7.082664486901194	57.70646875508861	18.355170254743985
7.582664486901194	58.97932616611146	18.234253914047336
8.082664486901194	60.14689950708152	18.320885614908462
8.582664486901194	61.2415838764766	18.153227014287843
9.082664486901194	62.286325802385065	18.04888199193442
9.582664486901194	63.25007998209898	17.905562756324535
10.08266448690119	64.16254192255656	17.709300218307025
10.58266448690119	64.99536591258952	17.74647428723393
11.08266448690119	65.8254903110827	17.592639342657442
11.58266448690119	66.60432247031935	17.584852768659655
12.08266448690119	67.37640565070652	17.647186373574126
12.58266448690119	68.07155047220894	17.582836851007894
13.08266448690119	68.76939488525112	17.706435610291066
13.58266448690119	69.43484419981549	17.46014470262419
14.08266448690119	70.06654862013225	17.605283361226462
14.58266448690119	70.71040120237815	17.548075004463
15.08266448690119	71.27731542573933	17.424693044707812
15.58266448690119	71.86447658564914	17.408421226233997
16.08266448690119	72.393596527453	17.35169298608142
16.58266448690119	72.95376177196464	17.155594303642268
17.08266448690119	73.46128498144984	17.198792290251745
17.58266448690119	73.9539604374661	17.15714288317721
18.08266448690119	74.44258650617265	17.050289790739637
18.58266448690119	74.90961584256073	16.771189898348464
19.08266448690119	75.36449701701957	16.792537552800884
19.58266448690119	75.82072798724826	16.809854767630434
20.08266448690119	76.22296712668071	16.80419573272692
20.58266448690119	76.61845728726367	16.762689369246228
21.08266448690119	77.03419438439519	16.738239756369353
21.58266448690119	77.44318250267715	16.799419546023422
22.08266448690119	77.81437633940173	16.650798069183367
23.0326644869001	78.55136482977126	17.030460019860428
24.0326644869001	79.27890474975152	16.696834318997404
25.03266448689828	79.95785202201498	16.79432525599712
26.0326644869001	80.66649480121649	16.487998578975994
27.0326644869001	81.24420739073695	16.456196875281705
28.03266448689828	81.87321221951389	16.40013891982675
29.0326644869001	82.43202766825561	16.083043563586894
30.5326644869001	83.27025084136811	16.209516725308706
31.5326644869001	83.79262180432241	16.043297689938736
32.53266448689828	84.30284460534746	16.091244012833144
33.5326644869001	84.78607149097444	16.163953015777484
34.5326644869001	85.2706481723712	16.07961683415607
35.53266448689828	85.73362812144943	16.112280447565446
36.5326644869001	86.18580970436855	16.031732618881374
37.5326644869001	86.64339047036725	16.070306542205785
38.53266448689828	87.06992593365804	15.95794973874448
39.5326644869001	87.49241200963907	16.099073405675536
40.5326644869001	87.8852025786822	16.080286839111455
41.53266448689828	88.28609192234472	15.93927957054875
42.5326644869001	88.65728575906935	15.762755311811068
43.5326644869001	89.04602694080269	15.721053135299398
45.0326644869001	89.6102415726241	15.86112624300991
46.5326644869001	90.13261253557835	15.760962301793251
48.0326644869001	90.60774064658577	15.733180423460144
49.44266448690178	91.08016916605337	15.722238176091563
50.94266448690178	91.57284462206967	15.661993538511377
52.44266448690178	92.03312497960813	15.543312158096896
53.94266448690178	92.49475513291657	15.797457502345285
55.44266448690178	92.92533998351708	15.715161630137992
56.94266448690178	93.36132401719718	15.726056017659122
58.44266448690178	93.75141499470054	15.742238220799173
59.94266448690178	94.18604923261064	14.572326277129736
61.44266448690178	94.57209082280427	14.19839531846349
62.94266448690178	94.97432996223675	15.564352107272274
64.44266448690178	95.3468735947312	15.791716536557827
65.94266448690178	95.73291518492486	15.67327674034823
67.94266448690178	95.88679190269433	15.433234186647942
69.94266448690178	96.63727835076294	15.319355568253435
71.94266448690178	97.10970687023057	15.49109486281485
73.97266448690061	97.54029172083104	15.249999966957136
75.97266448690061	97.9965226910598	17.703248593442744
120.6026644869016	105.03435783535795	14.354503495773363
123.6026644869016	105.41769983401163	14.299645489353322
126.6026644869016	105.77269612149736	14.241113691272881
129.6026644869016	106.0939475147353	14.796123215315774
132.6026644869016	106.43139645721224	14.83980193596785
136.1026644869016	106.8147384558661	14.474657180474695
139.6026644869016	107.20212984182946	14.184323389957088
143.1026644869016	107.61246775588134	14.404086572492671
146.6026644869016	107.97556281798654	14.300883790222535
150.1026644869016	108.30086359853435	14.325767624307092
153.6026644869016	108.61401621715285	14.209438949178821
157.6026644869016	108.99060923695703	14.171421484873608
161.6026644869016	109.36315286945158	13.920654673928796
165.6026644869016	109.72489813578683	14.007508444467762
169.6026644869016	110.05964748672382	14.13794052993022
173.6026644869016	110.40519520382017	14.05683533280867
178.1026644869016	110.78313801939423	12.93997586802351
182.6026644869016	111.14623308149943	13.052471946137056
187.1026644869016	111.50527875629494	13.26845428379033
191.6026644869016	111.83732851569209	13.204847840700706
196.1026644869016	112.18287623278843	12.960356237721234
200.8526644869016	112.219320718576	13.529645046897892
205.8526644869016	112.62021006223848	13.951368034262757
210.8526644869016	113.01030103974179	13.680352411799669
215.8526644869016	113.35179936952844	13.659479235905119
220.8826644869005	113.65010423467805	13.942232859372368
226.3826644869005	114.14817887377399	15.245234706266363
231.8826644869005	114.60171025246287	14.646669489711666
237.3826644869005	114.88111797683375	14.289087676078838
242.8826644869005	115.1956203912222	14.664282412029564
248.9526644869002	115.63835340375188	14.747065939606811
254.9526644869002	115.99334969123761	13.780877565932974
264.9526644869002	116.41313617567883	13.697432005543156
271.1726644869013	116.8302230685803	14.229235399890817
278.6726644869013	117.22436343339328	13.643857784924743
285.1726644869013	117.46597687620674	14.104274087777263
292.1726644869013	117.82637234677202	14.31313873029857
299.0926644869014	118.27045515507174	14.364255551372592
306.0926644869014	118.6429987875661	14.511339291899176
313.5926644869014	118.9062089626981	14.475397368470079
320.8626644869	119.37458809485611	15.039471871188502
360.3526644869016	121.11447484226689	12.108566374359574
368.8526644869016	120.85936344175435	10.498544104998766
377.8526644869016	121.22785768693915	10.493241271011046
386.8526644869016	121.57475519980534	10.104747731913813
437.1826644869016	122.7463779280852	11.758277209479106
447.6826644869016	123.10677339865043	11.830598154664074
458.1126644869	123.31734153875605	12.775817549146518
469.1126644869	123.76007455128564	12.499152911083927
480.1126644869	124.04893084604593	12.985785742666865
491.6626644869011	124.45386957701824	13.951869794589614
503.1626644868993	124.68738424521216	14.477528665184108
515.2626644869015	125.09367277195452	14.512947599838322
527.2626644869015	125.36903110901557	14.04008610146623
539.7626644869015	125.73077637535083	14.351576619934852
552.4626644869004	126.10062041630545	14.162334156903658
565.4626644868986	126.575748527313	13.541306301659535
578.9626644868986	126.80251421665749	14.214867556888665
601.4826644869008	127.35458068654967	15.39644009185092