0.3333333333430346	3.1626237675029496	0.020738459132347047
0.666666666715173	3.176986694076725	0.21634691704668813
0.9999999999126885	3.3108862353612745	0.32157266247541694
1.333333333110204	3.4304228500720497	0.2775952703109942
1.666388888988877	3.4688784276728057	0.24438759773979518
1.999722222186392	3.5216969318473357	0.15992304962860973
2.333055555558531	3.5406930605416798	0.09394406781265667
2.666388888756046	3.5550559871154626	0.12340856115272097
2.999722222302808	3.5596891892360314	0.06468309697244311
3.333055555500323	3.5837818402630117	0.02053286373896826
3.66611111102975	3.5453262626622557	0.05045296439397133
3.999444444401888	3.5837818402630117	0.03557793733922361
4.332777777599404	3.5596891892360314	0.022362540329957648
4.666111111146165	3.5740521158098053	0.052996142624841536
5.332777777890442	3.5740521158098053	0.03572830781466653
5.666111111087957	3.5837818402630117	0.05562887164751068
6.332499999989523	3.5740521158098053	0.025722585685024574
6.665833333361661	3.5740521158098053	0.08299644806155215
6.9991666667338	3.602777968957355	0.08741142411908945
7.332499999931315	3.5981447668367865	0.09480483131057987
7.66583333312883	3.5837818402630117	0.1217500964142655
7.999166666675592	3.6078744912899836	0.11419430100621708
8.332222222205019	3.5981447668367865	0.11082580404278362
8.665555555577157	3.5935115647162186	0.08473882890819419
8.998888888774673	3.5837818402630117	0.10945201540601061
9.332222222321434	3.5935115647162186	0.12084266949345353
9.66555555551895	3.602777968957355	0.15838826301537734
9.998888888716465	3.5837818402630117	0.15271323184180355
10.33222222226323	3.6315038221049054	0.14505589088326398
10.66527777761803	3.645866748678688	0.133434146617544
10.99861111116479	3.645866748678688	0.1386337456893798
11.33194444453693	3.6555964731318857	0.1419521094118664
11.66527777755982	3.6602296752524546	0.17205308577625067
11.99861111110658	3.6602296752524546	0.1531665967723138
12.3319444443041	3.6699593997056597	0.13163725592828923
12.66527777785086	3.665326197585091	0.16262286945148097
12.99833333338029	3.674592601826238	0.1381294172819751
13.33166666675243	3.6555964731318857	0.16300548829989456
13.66499999994994	3.674592601826238	0.18181701359415112
13.99833333314746	3.6699593997056597	0.16875334540333645
14.33166666669422	3.6843223262794345	0.19974974126817271
14.66499999989173	3.703318454973787	0.15851389700187127
15.3313888887933	3.6986852528532093	0.19478929650133275
15.99805555553758	3.6986852528532093	0.152603903116442
16.66472222228185	3.7176813815475622	0.13585398453466352
17.33138888885151	3.7176813815475622	0.17845482696668868
17.99777777757845	3.727411106000768	0.13814174701323007
18.66444444432273	3.7176813815475622	0.12298087798058437
19.331111111067	3.7320443081213357	0.14668601470024775
19.99749999996857	3.7176813815475622	0.11787213419962497
20.66416666671285	3.7320443081213357	0.14955198463155017
21.3308333332825	3.727411106000768	0.15929794370583714
21.99722222200944	3.7607701612688857	0.19310671296963922
22.66388888875372	3.7320443081213357	0.13559514035294748
23.330555555498	3.7464072346951105	0.12653316595262154
23.99722222224227	3.756136959148317	0.14012672066812568
24.66361111114384	3.7607701612688857	0.14266809866166655
25.33027777788811	3.756136959148317	0.16123848965309856
25.99694444445777	3.775133087842661	0.11838636373440928
26.66333333318471	3.8038589409902097	0.13822935856138174
27.32999999992899	3.775133087842661	0.11142862650775759
27.99666666649864	3.7894960144164442	0.15448208799999838
28.66333333341754	3.7704998857220926	0.16878958772645591
29.32972222231911	3.7848628122958665	0.1516041125716914
30.3297222222609	3.7848628122958665	0.1546434868505892
31.32944444435998	3.775133087842661	0.21001032658696667
32.32944444447639	3.7992257388696418	0.1863788915123918
33.3291666667501	3.8038589409902097	0.16912455466450715
34.32916666651727	3.8469477207115435	0.1760833352752209
35.32916666645906	3.818221867563993	0.20059460947193217
36.32888888890739	3.8038589409902097	0.2044518170804434
37.32888888884918	3.818221867563993	0.18127607163886947
38.32861111112288	3.818221867563993	0.175694661219621
39.32861111089005	3.852044243044172	0.1855901118296106
40.32833333333838	3.818221867563993	0.17819972542587043
41.32833333328017	3.832584794137759	0.16081601789442532
42.32805555537925	3.818221867563993	0.207773277675702
43.32805555567029	3.8566774451647405	0.19402873042548446
44.32805555561208	3.8566774451647405	0.21690263459208323
45.66111111090868	3.8566774451647405	0.22831867872893702
46.99416666655452	3.8613106472853183	0.21915286056112496
48.32750000004307	3.8900365004328665	0.2453860643878055
49.66055555533967	3.8854032983122977	0.2514160597702703
50.99388888882822	3.8854032983122977	0.23587890497525643
52.32694444447407	3.871040371738523	0.21548241632702875
53.65999999977066	3.9094959493392794	0.16929610233899736
54.99333333325922	3.899766224886074	0.25345666160434477
56.32638888890506	3.914129151459848	0.29009553232189983
57.65972222221899	3.904399427006642	0.2844679957463461
58.99277777769021	3.9187623535804166	0.2970008495407974
60.65916666653357	3.9094959493392794	0.22051752327453353
62.32583333339426	3.9187623535804166	0.268312746843866
63.99222222223762	3.9331252801541914	0.2695284339693675
65.65861111108097	3.942855004607398	0.3054699744829272
67.32500000009895	3.947488206727966	0.25783197501546046
68.9916666666104	3.947488206727966	0.30415622628300015
70.65805555545376	3.942855004607398	0.31515539040920026
72.32444444429711	3.9762140598755145	0.3202299642996309
74.32416666668723	3.9669476556343786	0.3353947828321056
76.32388888890273	3.9762140598755145	0.3184784858703776
78.32388888896094	4.004939913023074	0.31798801168238333
80.32361111100181	3.9956735087819273	0.3470766963097493
82.32333333339193	3.981310582208153	0.40620866987968235
84.3230555554328	3.985943784328721	0.39642854663667515
86.32277777782292	4.0243993619294764	0.35762112991815703
88.3224999998638	4.038762288503252	0.3360139523885503
90.65555555545143	4.048028692744398	0.34502409653772265
92.98861111103906	4.062391619318173	0.31003270909057645
95.3216666666267	4.029032564050055	0.5366670090866472
97.65472222203971	4.057758417197604	0.43675937188569336
99.98777777780197	4.038762288503252	0.710270734997325
102.320833333215	4.053125215077027	0.7459570423886108
104.9872222220001	4.067488141650801	0.8463891987675376
107.6536111111345	4.067488141650801	1.7561219271110786