0.002777777728624642	3.6328395910395797	0.04852972121843336
0.005555555631872267	3.6664769946603157	0.35045243165994433
0.008333333185873926	3.8801734411920554	0.39176463515399895
0.01111111108912155	3.965256285644494	0.29650585522609596
0.01388888864312321	4.0315417574853685	0.2948598148263646
0.01666666672099382	4.084965869118303	0.27337861907526856
0.01944444444961846	4.124539285142701	0.2899060727140627
0.0222222221782431	4.167080707368929	0.2609218708764505
0.02500000008149073	4.191814092384173	0.2577952342846032
0.02777777763549238	4.223472825203676	0.31370177506428976
0.03055555553874001	4.261067570426859	0.33136162685956194
0.03333333309274167	4.284811620041506	0.3211260887381089
0.03611111117061228	4.314491682059795	0.28911788499758345
0.03888888889923692	4.33229971927078	0.38525849661780115
0.04166666662786156	4.35208642728296	0.39253299123446467
0.0444444443564862	4.392649178707993	0.4440128261298481
0.04722222208511084	4.415403892922022	0.45951325804341087
0.04999999998835847	4.444094619539693	0.39965444459643934
0.05277777754236013	4.461902656750678	0.38544656673492833
0.05555555562023073	4.4826787001634765	0.38540950341117897
0.05833333334885538	4.497518731172629	0.4225775815693191
0.06111111107748002	4.520273445386659	0.4833182341028726
0.06388888880610466	4.540060153398841	0.48865945143256534
0.0666666665347293	4.565782873814718	0.5388390147660057
0.06944444443797693	4.59150559423058	0.48417787154750164
0.07222222199197859	4.608324296040947	0.5596474999879566
0.0750000000698492	4.632068345655573	0.5336146199587027
0.07777777779847383	4.638993693459852	0.5006483325311448
0.08055555552709848	4.669663090878738	0.5115982332796865
0.08333333325572312	4.685492457288509	0.4417168819455705
0.08611111098434776	4.697364482095831	0.48691957040036155
0.08888888888759539	4.7082471715025385	0.4620043346202887
0.09166666644159704	4.728033879514756	0.3912348807140296
0.09444444451946765	4.731001885716568	0.3596782628100529
0.0972222222480923	4.74386324592449	0.38381941566621686
0.09999999997671694	4.756724606132428	0.3283555114843564
0.1027777777053416	4.766617960138518	0.2968295167509878
0.1055555554339662	4.770575301740946	0.38730583336670366
0.1083333333372138	4.785415332750119	0.2917964594897159
0.1111111108912155	4.783436661948887	0.19336553382877567
0.1138888889690861	4.793330015954978	0.16195508341082313
0.1166666666977108	4.812127388566577	0.23428668558030663
0.1194444444263354	4.803223369961085	0.16254575561345092
0.12222222215496	4.80817004696413	0.11968163499688894
0.1277777777868323	4.799266028358638	0.1009258727823161
0.1333333332440816	4.81113805316596	0.03723208408399425
0.1444444443332031	4.818063400970238	0.03391113935788935
1.319444444496185	2.154772502528384	0.15951858283975145
1.350000000034925	2.163676521133857	0.15147347336724695
1.383333333302289	2.1656551919350906	0.18819773727835276
1.416666666744277	2.1597191795314292	0.12673544675108314
1.449999999837019	2.1646658565344743	0.10909019114568157
1.486111111182254	2.17950588754361	0.1001258895099929
1.522222222178243	2.178516552143031	0.15240437087315775
1.558333333348855	2.1814845583448417	0.12220398382530981
1.594444444519468	2.183463229146076	0.173231532244013
1.633333333244082	2.183463229146076	0.14362272428589504
1.672222222143319	2.178516552143031	0.08121634747548614
1.711111111042555	2.199292595555827	0.12382003181767835
1.75277777784504	2.194345918552782	0.059280693063180706
1.794444444472902	2.200281930956443	0.12751702808835155
1.836111111100763	2.1983032601552104	0.15827920819836433
1.880555555631872	2.1983032601552104	0.17079779190856945
1.924999999988359	2.207207278760703	0.10261747059549642
1.969444444519468	2.1953352539533983	0.14542950370042376
2.016666666604579	2.2131432911643643	0.14149391651679535
2.063888888689689	2.2200686389686237	0.17143972851660924
2.113888888852671	2.218089968167409	0.189000361458027
2.163888888841029	2.2230366451704544	0.17223549386956452
2.213888888829388	2.2279833221734995	0.23128022023756858
2.266666666720994	2.2329299991765446	0.23209988893795236
2.319444444437977	2.2378766761795896	0.20978729607071359
2.374999999883585	2.2418340177820553	0.22364747689730163
2.430555555503815	2.2467806947851012	0.24039942964769576
2.488888888852671	2.248759365586334	0.2407520160308391
2.547222222201526	2.266567402797299	0.19356289262820175
2.608333333279006	2.2685460735985132	0.2013907553809261
2.669444444356486	2.2695354089991304	0.2151217968333604
2.733333333337214	2.278439427604622	0.22340818840938897
2.797222222143319	2.2833861046076667	0.21535181363314276
2.863888888852671	2.2774500922040057	0.07747073848009492
2.9305555553874	2.284375440008284	0.14283883101676872
3.0	2.2913007878125247	0.15548758323564058
3.069444444437977	2.2982261356168023	0.13459181915441557
3.141666666604579	2.2982261356168023	0.11726884466842466
3.216666666674428	2.284375440008284	0.12660040086534513
3.291666666744277	2.3011941418186512	0.10857088206872872
3.369444444193505	2.3051514834210804	0.16638554346730078
3.447222221991979	2.3091088250235083	0.13107155221583466
3.5277777776937	2.3100981604241246	0.03030724792180371
3.611111111124046	2.3061408188216967	0.14856000234087843
3.694444444379769	2.3091088250235083	0.03498968022063404
3.78055555553874	2.328895533035727	0.10550463737759026
3.869444444426335	2.32790619763511	0.1444320535828881
3.961111111042555	2.3051514834210804	0.11866782354423269
4.052777777833398	2.31801284362902	0.11841339707485397
4.147222222178243	2.3091088250235083	0.11873130356959939
4.244444444426335	2.328895533035727	0.12354514527351386
4.344444444403052	2.3417568932436477	0.10977710593983933
4.447222222283017	2.336810216240603	0.23737044231815002
4.549999999988359	2.3328528746381547	0.18090838127729378
4.655555555596948	2.335820880839986	0.17581372004940193
4.763888888934162	2.3565969242527824	0.1141888616600599
4.875	2.3526395826503537	0.06176737856529571
4.988888888969086	2.358575595054015	0.13718636900093845
5.105277777824085	2.358575595054015	0.11933455566475945
5.224722222075798	2.3486822410479244	0.12830868978048324
5.346944444230758	2.354618253451587	0.07580365934375394
5.471944444463588	2.355607588852166	0.15624301947250177
5.599722222075798	2.3674796136594893	0.062001807567224135
5.730277777765878	2.3595649304546322	0.12550702221520968
5.863611111184582	2.3645116074576773	0.16922088792997947
5.999722221982665	2.3734156260631507	0.1423628436485804
6.138611111033242	2.3872663216717056	0.1466058214539373
6.280277777812444	2.3724262906625713	0.1294734710541929
6.427499999874272	2.38627698627109	0.13382501169996092
6.57750000001397	2.38627698627109	0.11147984263851526
6.730277777533047	2.38627698627109	0.10742968081071869
6.885833333129995	2.388255657072323	0.02245310680024672
7.046944444184192	2.3961703402771986	0.1428732373918024
7.210833333316259	2.3892449924729213	0.04949695834397803
7.377499999827705	2.3892449924729213	0.11695260889853361
7.549722222145647	2.397159675677797	0.09442993264122294
7.724722222192213	2.392212998674752	0.1398934614973101
7.905277777696028	2.404085023482074	0.10391947867613585
8.088611110928468	2.397159675677797	0.1721901056424738
8.277499999967404	2.4119997066869496	0.16218815479098495
8.469166666734964	2.4070530296839054	0.10861941252032835
8.666388888959773	2.418925054491229	0.1896932544458658
8.866388888913207	2.418925054491229	0.09048167384977757
9.07194444432389	2.4268397376960853	0.19943263038429695
9.283055555541068	2.4248610668948904	0.1320194280553062
9.499722222215496	2.4209037252924244	0.2377165982893936
9.719166666618548	2.4337650855003634	0.11846915521477433
9.94416666647885	2.423871731494273	0.15586653127111655
10.17472222214565	2.440690433304641	0.160155621189158
10.41083333326969	2.440690433304641	0.17416326965944878
10.65250000002561	2.4584984705156074	0.22399170031768298
10.89972222223878	2.4446477749070707	0.1565516108754797
11.15250000008382	2.4525624581119647	0.22029389358605334
11.41083333338611	2.461466476717438	0.11909016176186021
11.67472222214565	2.462455812118055	0.16107756209785698
11.94416666671168	2.4693811599223134	0.162013452420644
12.22194444446359	2.467402489121099	0.16619391064112476
12.50527777767275	2.4713598307235465	0.2180795381398356
12.7941666666884	2.4664131537205014	0.13044740953355324
13.09138888888992	2.4753171723259757	0.1581958049193812
13.39416666672332	2.4931252095369603	0.1294781065369607
13.70527777774259	2.48026384932902	0.14943176230849864
14.02194444439374	2.499061221940621	0.18617805805580626
14.34694444423076	2.489167867934531	0.23401105156999996
14.68027777777752	2.49609321573881	0.18735364006171143
15.01916666643228	2.497082551139388	0.12288169968643867
15.36638888897141	2.499061221940621	0.2215211721207294
15.7219444445218	2.510933246747945	0.16059188425807172
16.08583333308343	2.5158799237509895	0.2024782644934572
16.45805555552943	2.5148905883503727	0.1988432630630549
16.8386111111613	2.51884792995282	0.21321735384521445
17.22749999997905	2.526762613157696	0.21315718095553723
17.62750000006054	2.532698625561357	0.23324697296577152
18.0358333333279	2.531709290160759	0.1909272315143465
18.45249999978114	2.5376453025644214	0.21480155934359477
18.88027777767275	2.54160264416685	0.21041792000112597
19.31638888892485	2.5435813149680824	0.2551719386591851
19.76361111109145	2.5594106813778343	0.2158118926590824
20.2219444445218	2.5554533397753683	0.1824998353722546
20.68861111113802	2.5594106813778343	0.18801449481570057
21.16638888884336	2.5623786875796464	0.19840928303300379
21.65527777781244	2.5791973893900146	0.2756867256772364
22.15527777769603	2.5772187185888003	0.20955638821990735
22.66638888884336	2.569304035383924	0.25967913952244615
23.19138888863381	2.5762293831882026	0.24533801147122875
23.72750000003725	2.582165395591845	0.22578222422430183
24.27472222218057	2.5999734328028294	0.13172397596026392
24.83583333331626	2.601952103604063	0.21970170770551836
25.41083333326969	2.6078881160077247	0.3097058513741969
25.99694444448687	2.6088774514083037	0.31683449663456065
26.5969444445218	2.6078881160077247	0.28411237454332045
27.21083333337447	2.6059094452064913	0.18533587502320326
27.83861111104488	2.6187708054144307	0.20865271106283875
28.48305555561092	2.624706817818093	0.2510670748155172
29.14138888882007	2.6346001718241823	0.25126007140754525
29.8136111110216	2.6454828612308896	0.2719046301075836
30.50249999994412	2.6454828612308896	0.366599816764146
31.20805555558763	2.6454828612308896	0.35024045354823014
31.93027777777752	2.649440202833336	0.2794318603516874
32.6691666666884	2.6613122276406593	0.3139328980515408
33.42472222214565	2.6672482400443216	0.2851926595291359
34.19694444432389	2.6731842524479825	0.2694884685367171
34.98583333322313	2.693960295860779	0.29303891116293446
35.79416666657198	2.688024283457118	0.3213121473825178
36.62194444437046	2.6840669418546885	0.3282406275306951
37.46916666661855	2.697917637463207	0.32024968130213854
38.33583333331626	2.700885643665039	0.308670720881842
39.22194444446359	2.707810991469316	0.3007045416305168
40.12750000006054	2.713747003872978	0.237629566029645
41.05527777783573	2.719683016276639	0.32141375773928005
42.00250000006054	2.724629693279684	0.32532163184200663
42.97194444446359	2.7345230472857742	0.33650160556756203
43.96361111104488	2.7374910534876236	0.3241674196076362
44.97749999997905	2.741448395090053	0.31238318807288784
46.01638888882007	2.7473844074937137	0.34567289672044077
47.08027777774259	2.7602457677016345	0.2673532702408987
48.16638888884336	2.757277761499804	0.3024771665779306
49.27750000002561	2.7731071279095745	0.2931271757471899
50.41638888884336	2.7731071279095745	0.35069909671924465
51.58027777774259	2.7770644695120033	0.3557031365592934
52.77194444427732	2.7899258297199423	0.40070601488659735
53.99138888897141	2.7790431403132354	0.26093217802754026
55.23861111112637	2.790915165120559	0.3602433283383496
56.51361111109145	2.7988298483254166	0.3126956193325331
79.45527777762618	2.923486108802271	0.09472587209975289
81.28861111117294	2.925464779603504	0.05478220902763426
83.16361111117294	2.923486108802271	0.005353699195165162
153.9580555554712	2.7869578235180934	0.13641057065561468