0.009999999999990905	1.176842413282415	0.9772579493226908
0.01999999999998181	2.228736125895332	2.0579112153479966
0.02999999999997272	3.1912769886108903	2.797795156699874
0.03999999999996362	4.082626149782198	3.4510307220368865
0.04999999999995453	4.913680298421144	4.024453824537515
0.05999999999994543	5.692067116836009	4.52893270868192
0.06999999999993634	6.423961395466903	4.97642630104141
0.07999999999992724	7.114811478819708	5.372922634758971
0.08999999999991815	7.768249596565102	5.729485325098311
0.1009816608871006	8.448202990906045	6.077006408922035
0.1133032870613988	9.167384465689752	6.403656612008004
0.1271283790159714	9.92252501421263	6.719282319724737
0.1426403873214213	10.714351082408816	7.023885380031562
0.1600451469033715	11.539593663574745	7.312735745153799
0.1795736083470274	12.397889534743364	7.576368914749023
0.201484902470952	13.283790351408763	7.799009842417133
0.2260697788356083	14.193300660933168	7.9759258806480995
0.2536544638135183	15.119882449909548	8.110274144141723
0.2846049894147882	16.0602667116343	8.206788449823454
0.3193320503097539	17.00900510160146	8.260736157880363
0.3582964534975872	17.961738944206335	8.272116889016301
0.4020152329352413	18.913019894942963	8.244086795173528
0.4510685102638945	19.859215724140714	8.182957401792546
0.5061071926705836	20.79633097916188	8.082414696012489
0.5678616100314002	21.71928053846762	7.953506052592134
0.6371512059448605	22.62661151018967	7.805699628726341
0.7148954112508363	23.515418110591554	7.634259759094803
0.802125844319221	24.383157778903815	7.45339422969267
0.8999999999987267	25.230193738093465	7.266259768977663
1.009816608870324	26.054709873325304	7.071280434100294
1.133032870613079	26.85670618459922	6.884250223233023
1.271283790158577	27.637998786750618	6.702014215585491
1.426403873212848	28.397861233845305	6.523001562539342
1.600451469032578	29.13774641775158	6.358277741969508
1.795736083469251	29.859470453304713	6.203112994454943
2.014849024708383	30.56339656347176	6.055940754685363
2.260697788355174	31.250977640121032	5.924679475896725
2.53654463813416	31.924393021054865	5.801438137752797
2.8460498941472	32.58327948330617	5.6878230852155
3.193320503097311	33.23017958764444	5.590180931790039
3.582964534975986	33.86618300297083	5.5006286451755635
4.020152329352527	34.49201617521949	5.422364764846087
4.510685102638604	35.109495219225664	5.357007287656098
5.061071926705495	35.71970980389063	5.3077784982582985
5.678616100313207	36.32520248998375	5.2763183587401725
6.371512059447696	36.927426169373334	5.261117304687408
7.148954112507795	37.528560179861756	5.26543500996514
8.021258443191641	38.130783859251316	5.289377994331828
8.999999999986471	38.73627654534447	5.3298839827561375
10.09816608870244	39.34649113000941	5.387097493596856
11.33032870613045	39.96360695104857	5.459574796699795
12.71283790158566	40.588713677363074	5.545910896690854
14.2640387321286	41.22362742378829	5.641491481971971
16.00451469032623	41.86834819032415	5.743343603965936
17.95736083469285	42.52396564587194	5.858123293382577
20.14849024708474	43.19193268229982	5.979671638434895
22.60697788355219	43.871886076640735	6.1115744484660475
25.36544638134194	44.56600516669716	6.257406213689689
28.46049894147257	45.27465317543601	6.412795545539876
31.93320503097368	45.99891977175858	6.588045170519772
35.82964534976077	46.74134751643429	6.783801736168849
40.20152329352607	47.50302607836429	6.994316031504561
45.10685102638649	48.28504512644977	7.230411842334158
50.61071926705506	49.09067366739437	7.488118523036635
56.78616100313172	49.91991170119796	7.762117698093106
63.71512059447628	50.77457534269599	8.060412273899878
71.4895411250775	51.656117483756624	8.376139410643468
80.21258443191607	52.564538124379844	8.704191706522822
89.53258443191612	53.45697695445236	9.031844250408698
98.85258443191617	54.281856312651215	9.339495896989334
108.1725844319162	55.04934644205423	9.619406684521394
117.4925844319163	55.76743824793671	9.883704276247917
126.8125844319163	56.44121685183759	10.128724546003681
136.1325844319164	57.07722026716402	10.362128296936806
145.4525844319164	57.677991054685336	10.58667571628375
154.7725844319165	58.24897755890755	10.797947750131335
164.0925844319165	58.791995894665924	11.003345048323226
173.4125844319165	59.30958862272995	11.200477002103037
182.7325844319164	59.80466152683611	11.38767986247533
192.0525844319163	60.27830427588556	11.56885259479239
201.3725844319163	60.73305943064779	11.744951496558317
210.6925844319162	61.17001666002397	11.912863862830816
220.0125844319161	61.590265632915205	12.080804209894902
229.3325844319161	61.99525924118986	12.240218620729003
238.652584431916	62.38572393078206	12.393975450223055
247.972584431916	62.762749370592864	12.548503959760428
257.2925844319159	63.12778845249072	12.694405214552011
266.6125844319158	63.48084117647543	12.839001948450527
275.9325844319158	63.8226339884812	12.979076078317597
285.2525844319157	64.15425655740923	13.114705916504276
294.5725844319156	64.47570888325954	13.24588595262693
303.8925844319156	64.78808063493322	13.374748538463537
313.2125844319155	65.0913718124304	13.499164665668001
322.5325844319154	65.38630886168517	13.621157521551302
331.8525844319154	65.67289178269742	13.738572910471401
341.1725844319153	65.95221024436846	13.85281325232974
350.4925844319153	66.2239010237312	13.96372726814095
359.8125844319152	66.48869056671971	14.074016096627615
369.1325844319151	66.74657887333407	14.180017209588545
378.4525844319151	66.9982923895084	14.28195116328994
387.772584431915	67.24383111524261	14.382188253164221
397.0925844319149	67.48319505053679	14.478067397658242
406.4125844319149	67.717110641325	14.571299645954818
425.0525844319147	68.16896001235071	14.752612504736751
443.6925844319146	68.60010567425387	14.923358576181762
462.3325844319145	69.01236374186978	15.08166898477786
480.9725844319144	69.40682388409965	15.231493020804617
499.6125844319142	69.7853022157787	15.370740254358967
518.2525844319141	70.14816195987412	15.50247409544663
536.892584431914	70.49649278528706	15.619864603674744
555.5325844319138	70.83065791498456	15.73393532780878
574.1725844319137	71.15247346380191	15.843547441795494
592.8125844319136	71.46193943173908	15.93712936084504
611.4525844319135	71.75978226473032	16.02339754159018
630.0925844319133	72.04709163167671	16.10392309733676
648.7325844319132	72.32314108664423	16.17549965486333
667.3725844319131	72.58974674446806	16.239223332812074
686.012584431913	72.84763505108242	16.29931923306896
704.6525844319128	73.09535311461906	16.346491652843486
723.2925844319127	73.33580671881438	16.38166533205577
741.9325844319126	73.56681652586613	16.42759895424641
760.5725844319124	73.79128831951074	16.461637144883994
779.2125844319123	74.00704276194583	16.481488163248926
797.8525844319122	74.21698563690795	16.501498571634567
816.4925844319121	74.4185743836276	16.526408980674884
844.4525844319119	74.71060564914588	16.544637769181705
872.4125844319117	74.98738155004749	16.56391364477635
900.3725844319115	75.25144464710186	16.578645767262177
928.3325844319113	75.50461105514441	16.559180901742216
956.2925844319111	75.74361176747155	16.657447122941957