0.002777777728624642	4.65767729837384	0.6349693839168737
0.005555555457249284	5.323527196666171	1.2862799906408091
0.008333333360496908	5.922301306678366	1.6408450817513438
0.01111111108912155	6.427823711032916	1.8989706598108775
0.01388888881774619	6.876086296124053	2.2070560672783794
0.01666666672099382	7.307988932854218	2.4195289318073145
0.01944444444961846	7.687539734829173	2.6922802456511365
0.0222222221782431	8.073634516148509	3.119085279425614
0.02499999990686774	8.46463728197617	3.4526640670845454
0.02777777781011537	8.840916094278969	3.7193868749226877
0.03055555553874001	9.200834958220728	3.975566119367281
0.03333333326736465	9.565661806670823	4.288457509698164
0.03611111117061228	9.907584727415497	4.569261226336356
0.03888888889923692	10.26750359135732	4.890605224162499
0.04166666662786156	10.60288253275756	5.223634893541056
0.0444444443564862	10.95952940702716	5.469895225643167
0.04722222225973383	11.296544343263571	5.855710845233714
0.04999999998835847	11.63355927949998	6.038305415546093
0.05277777771698311	11.978754189916813	6.3214608800628955
0.05555555562023073	12.299409177792246	6.587552683498922
0.05833333334885538	12.628244139848167	6.806763693376794
0.06111111107748002	12.955443107067916	7.12386904354939
0.06388888880610466	13.269554115598973	7.402866978227158
0.06666666670935228	13.5934810931465	7.742932439240757
0.06944444443797693	13.917408070694155	7.868236136172559
0.07222222216660157	14.226611094716816	8.210924415770174
0.0750000000698492	14.558718046444966	8.493014529247015
0.07777777779847383	14.843381147926163	8.634702135298596
0.08055555552709848	15.162400140965483	8.948700709942415
0.08333333325572312	15.481419134004806	9.08138695156917
0.08611111115897074	15.764446240649907	9.44239264313142
0.08888888888759539	16.068741280164296	9.689704940667674
0.09166666661622003	16.37630830935098	9.866412539246753
0.09444444434484467	16.66587939534045	10.007108616979654
0.0972222222480923	16.96690244518268	10.266395010493417
0.09999999997671694	17.2630175105166	10.49373574312413
0.1027777777053416	17.552588596506116	10.668455831087298
0.1055555556085892	17.832343713479073	10.897331191981758
0.1083333333372138	18.11209883045193	11.102258996879435
0.1111111110658385	18.40166991644152	11.285999058439296
0.1138888887944631	18.683061028250513	11.493425087149388
0.1166666666977108	18.959544155551225	11.704384088960444
0.1194444444263354	19.245843251868596	11.902621831426218
0.12222222215496	19.520690384333204	12.192668822161908
0.1277777777868323	20.067112659590304	12.493307398510291
0.1333333332440816	20.600446976158548	12.843350579065397
0.1388888888759539	21.14850524625171	13.218224164051751
0.1444444445078261	21.658935635114574	13.599963111602387
0.1499999999650754	22.179181992994067	13.995529888548178
0.1555555555969477	22.694520366365275	14.291475447362542
0.161111111054197	23.20331476039205	14.686001364227637
0.1666666666860692	23.708837164746644	15.07963732378528
0.1722222221433185	24.207815589756837	15.395403091182056
0.1777777777751908	24.701886030258734	15.714377479136534
0.1833333332324401	25.182868512071835	16.050207014525768
0.1888888888643123	25.678574947409764	16.33492026975521
0.1944444444961846	26.151377455042436	16.593094495454608
0.1999999999534339	26.622543967838926	16.802604493291625
0.2055555555853061	27.09207448579932	17.129266112077737
0.2111111110425554	27.553425029579287	17.25638907276123
0.2166666666744277	28.001687614670427	17.54910447336457
0.222222222131677	28.438498235908853	17.766115536381673
0.2277777777635492	28.89003281067214	17.974494061197174
0.2333333333954215	29.31539146805785	17.985992047835104
0.2388888888526708	29.755474078968504	18.250803312569264
0.2444444444845431	30.17756074668201	18.47132288873614
0.25277777784504	30.80905475341629	18.614682332998004
0.2611111110309139	31.384924935723078	18.86704521559929
0.2694444443914108	32.00169498893241	19.04450740619607
0.2777777777519077	32.59556111443634	19.136017813627856
0.2861111111124046	33.14034739485734	19.42067628413779
0.2944444444729015	33.709673597819815	19.75871121719635
0.3027777778333984	34.26427584725735	19.78517115129324
0.3111111110192724	34.78452220513681	19.99711327020861
0.3194444443797693	35.33748845973831	20.20619132006826
0.3277777777402662	35.86591479179826	20.332332900839457
0.3361111111007631	36.36489321680843	20.414190207545627
0.34444444446126	36.88023159017966	20.703237498958398
0.3527777778217569	37.36121407199275	20.774068488691498
0.3611111110076308	37.848740533150284	20.723553000611464
0.3694444443681277	38.326451025291135	20.827774593977733
0.3805555554572493	38.94158508366438	20.950554725148432
0.3916666667209938	39.55508314720149	21.027794496450767
0.4027777778101154	40.13258932434445	21.015420915211674
0.4138888888992369	40.71827547566791	20.99584973117909
0.4249999999883585	41.27287772510541	21.095917033925087
0.43611111107748	41.81766400552635	21.06660853929688
0.4472222221666016	42.33954635824198	21.173523921464636
0.4583333332557231	42.85161274194096	21.20634951474511
0.4694444443448447	43.35386315662333	21.34937044779432
0.4805555556085892	43.859385560977906	21.478429475041978
0.4916666666977108	44.342004037627134	21.54981395766821
0.505555555515457	44.94405013731155	21.687032159367817
0.5194444445078261	45.54609623699598	21.797068807630186
0.5333333333255723	46.131782388319394	21.66295859162186
0.5472222221433185	46.692928617101394	21.64310776271123
0.5611111111356877	47.240986887194545	21.592521408852893
0.5749999999534339	47.77104921409062	21.398341920651955
0.588888888945803	48.26348365975645	21.158329688404343
0.6027777777635492	48.75755410025833	20.947939022439233
0.619444444484543	49.32524430838468	20.617244817226325
0.6361111110309139	49.878210562986105	20.38740931503943
0.6527777777519077	50.396820926029505	20.274739865221772
0.6694444444729015	50.90561532005634	20.09397154200343
0.6861111110192724	51.37678183285282	19.856835157238514
0.7027777777402662	51.85285633015761	19.711927555297024
0.71944444446126	52.31093488426536	19.42726085464442
0.7361111110076308	52.76574144870087	19.27444007022547
0.7555555554572493	53.27780783239981	19.023090504591448
0.7749999999068677	53.75879031421294	18.810641280463624
0.7944444443564862	54.226684837337324	18.421843627578784
0.8138888888061047	54.66022346890352	18.11048955893673
0.8333333332557231	55.08231013661703	17.591917422544288
0.8527777777053416	55.50439680433055	17.09658337142207
0.8750000000582077	55.946115410077255	16.482341597837003
0.8972222222364508	56.34857013975763	15.820485275761216
0.9194444444146939	56.75102486943803	15.213932913354126
0.941666666592937	57.0962197798549	14.553942715416387
0.963888888945803	57.4315987212552	13.821867931666315
0.9888888888526708	57.766977662655414	13.103170433852394
1.013888888934162	58.077816681514285	12.345648316632923
1.038888888841029	58.36738776750383	11.674597950068172
1.06388888892252	58.632418930951815	11.134339838131535
1.088888888829388	58.87945415120279	10.544524629865931
1.116666666639503	59.13957733014257	10.079516297765235
1.144444444449619	59.35225665883541	9.5569205553159
1.172222222259734	59.586203920397544	9.308745466626146
1.200000000069849	59.795611259418244	9.669748392152453
1.227777777705342	59.98375066556963	10.136259978439119
1.258333333244082	60.19642999426246	10.575111863874168
1.288888888957445	60.37148144172514	11.185259081904343
1.319444444496185	60.5923407445985	11.586700924013458
1.350000000034925	60.93099167567091	11.951167028284772
1.383333333302289	61.299090513793246	12.573094892994927
1.416666666569654	61.64755741388229	13.042201274735078
1.450000000011642	61.987844339790904	13.568854820034645
1.486111111007631	62.33303925020777	13.83785264357124
1.522222222178243	62.64224227423049	13.522252824909964
1.558055555506144	62.97107723628637	13.297129925387214
1.594166666676756	63.273736280964705	12.943668526473765
1.633055555575993	63.57475933080689	12.677778708549216
1.67194444447523	63.86269442196037	12.37532890709772
1.710833333374467	64.1309975750806	12.124232726985213
1.752500000002328	64.43856460426719	11.629835320349388
1.79416666663019	64.6970517883708	11.240288065138367
1.835833333258051	64.97353491567158	10.91036329758112
1.880277777789161	65.23693008428349	10.57347759859965
1.924722222145647	65.47742132519004	10.280590632196906
1.969166666676756	65.68846465904683	9.749662846317499
2.01638888893649	65.90932396192022	9.49885128636348
2.063611111021601	66.12036729577699	9.122703924358959
2.113611111009959	66.3346826193059	8.780168473542581
2.163611111172941	66.53918197381829	8.407734161127612
2.213611111161299	66.70768944193651	8.136030734130854
2.266388888878282	66.90891680677666	7.801954607410156
2.319166666595265	67.09869220776413	7.516437563067027
2.374722222215496	67.2802876345711	7.118476351087278
2.430277777835727	67.43243515432839	6.88382438832811
2.488611111009959	67.5862186689216	6.634235516558163
2.546944444358815	67.72527822999008	6.352236066478026
2.608055555610918	67.87251776523895	5.987139052766115
2.669166666688398	67.98867339860202	5.787864007614681
2.733055555494502	68.13918492352312	5.613366266805102
2.79694444447523	68.25370456205003	5.445266038580848
2.863611111009959	68.38785613861016	5.385781932507077
2.930277777719311	68.49419580295663	5.227364629813646
2.999722222157288	68.62671138468059	5.24374727696709
3.069166666595265	68.73795903353539	5.059124847178474
3.14138888893649	68.84920668239006	5.038290851050909
3.216388888831716	68.97681427960585	4.808188919304866
3.291388888901565	69.08315394395221	4.690656906134042
3.369166666700039	69.20421756182355	4.519569071022241
3.446944444498513	69.30728523649775	4.422702964570136
3.527500000025611	69.41689689051643	4.2873286826126575
3.610833333281335	69.49706063748526	4.158347471042417
3.694166666711681	69.57558838961799	4.060746050820601
3.780277777696028	69.66720410043953	3.879730879777022
3.869166666583624	69.75718381642501	3.786498098808651
3.960833333374467	69.83734756339385	3.7184060882596066
4.052499999990687	69.93223526388763	3.7412836240820764
4.146944444510154	70.01567100052868	3.6969942277146792
4.244166666583624	70.0941987526614	3.6696406691103935
4.344166666734964	70.17763448930249	3.6590779425952484
4.446944444440305	70.27252218979615	3.6710050326389663
4.549722222145647	70.35595792643726	3.55384225719365
4.655277777754236	70.42466970955343	3.6253630128677994
4.76361111109145	70.50974144103057	3.598059662194814
4.874722222157288	70.59644916734382	3.5588768328970293
4.988611111126375	70.6782489091487	3.485578732693982
5.105277777824085	70.7469606922649	3.461425800350589
5.224722222250421	70.84675637726693	3.4966795684273255
5.346944444405381	70.9187401500553	3.368937931579911
5.471944444463588	70.99235991767979	3.3435829211254706
5.599722222250421	71.06925167497637	3.2689246028987333
5.730277777765878	71.14777942710911	3.30460200892141
5.863611111009959	71.22467118440582	3.1921320715175625
5.999722222157288	71.28029500883315	3.1237275869964316
6.138611111033242	71.36045875580201	3.1855702155364036
6.280277777812444	71.42426255440986	3.063735361129217
6.427500000048894	71.50115431170653	3.007522614694972
6.57750000001397	71.57477407933101	2.959547023727032
6.73027777770767	71.63039790375838	3.074092807679494
6.885833333304618	71.71710563007161	2.973612255071568
7.046944444358815	71.76618547515461	2.9417751842249538
7.210833333316259	71.83162526859861	2.9026989382916546
7.377500000002328	71.89706506204244	2.8672750440823447
7.549722222145647	71.97886480384744	2.839900575107096
7.724722222192213	72.03612462311092	2.7379647861470553
7.905277777696028	72.09338444237439	2.8217694135683202
8.088611111103091	72.16046023065445	2.780044714988206
8.277499999967404	72.22590002409837	2.7351890822783966
8.469166666734964	72.2749798691814	2.664913885905851
8.66638888878515	72.33878366778926	2.6665548916159523
8.866388888913207	72.40585945606928	2.655326348214887
9.071944444498513	72.4614832804967	2.663747726624437
9.283055555541068	72.51710710492401	2.601180412582183
9.499722222215496	72.58254689836798	2.622748278256811
9.719166666618548	72.63980671763144	2.5958808896769168
9.944166666653473	72.69379454722268	2.581305524101073
10.17472222214565	72.76250633033884	2.625869663302545
10.41083333326969	72.81322217025792	2.541264086197363
10.65250000002561	72.86720999984917	2.472465323554916
10.89972222223878	72.92446981911267	2.457217891626318
11.1524999999092	72.9882736177205	2.494055358289689
11.41083333338611	73.05371341116445	2.4156982886146925
11.67472222214565	73.08970529755867	2.453608324718424
11.94416666671168	73.13878514264164	2.492136433806238
12.22194444446359	73.1927729722329	2.4201604619037043
12.50527777784737	73.25494077600469	2.356422316658412
12.7941666666884	73.30565661592374	2.3430012076740794
13.09138888888992	73.36455243002332	2.4012310502964596
13.39416666672332	73.42672023379505	2.445933433706215
13.70527777774259	73.46762010469757	2.412313604594891
14.02194444439374	73.51669994978052	2.370398654759609
14.34694444440538	73.57886775355232	2.3267757823156106
14.68027777777752	73.62794759863525	2.366114748972775
15.01916666660691	73.68684341273482	2.279289583546716
15.36638888879679	73.73265126814555	2.311226779743026
15.72194444434717	73.78500310290072	2.348215898942132
16.08583333325805	73.82590297380322	2.335616275938844
16.45805555552943	73.8929787620833	2.330557422437054
16.8386111111613	73.93551462782182	2.21347052684192
17.22749999997905	73.9829584780687	2.2888168288409014
17.62750000006054	74.04021829733217	2.3048797672659984
18.0358333333279	74.09911411143179	2.3423898756751376
18.45249999995576	74.14655796167855	2.212058790780843
18.88027777784737	74.1792778584006	2.2661598475094844
19.31638888892485	74.24144566217234	2.2374340095818837
19.76361111109145	74.29706948659971	2.1809439721238943
20.22194444434717	74.34614933168268	2.176429376906732
20.68861111113802	74.38377721291297	2.207888677756825
21.16638888884336	74.43776504250424	2.254004860498336
21.65527777781244	74.47866491340675	2.204898847200816
22.15527777769603	74.52283677398137	2.1776439058610686
22.66638888884336	74.58009659324485	2.1794321775473997
23.19138888880843	74.63408442283612	2.233217414952977
23.72750000003725	74.6766202885747	2.160940055327698
24.27472222218057	74.72733612849375	2.200101985606597
24.83583333331626	74.77641597357673	2.2245501279673903
25.41083333326969	74.82549581865965	2.2338115810223442
25.99694444448687	74.87457566374266	2.153973035430899
26.59694444434717	74.91220354497297	2.171835690567069
27.21083333337447	74.96128339005588	2.1812338042327974
27.83861111104488	75.01036323513888	2.258643876370277
28.48305555561092	75.06925904923847	2.185325907886621
29.14138888882007	75.10525093563261	2.2101854033095596
29.8136111110216	75.15105879104335	2.2798017400378465
30.50249999994412	75.20341062579858	2.25936321792144
31.20805555558763	75.26885041924251	2.2611757320216057
31.93027777777752	75.30157031596448	2.2960941819177214
32.6691666666884	75.35555814555579	2.3205512154399477
33.42472222214565	75.40790998031095	2.3756702791832134
34.19694444449851	75.45208184088565	2.3408179757347374
34.98583333339775	75.5011616859686	2.283852188934071
35.79416666657198	75.5666014794125	2.338996588652135
36.62194444437046	75.60750135031498	2.381382905666992
37.46916666661855	75.6647611695785	2.3619199782636318
38.33583333331626	75.7089330301532	2.419292011008825
39.22194444446359	75.76128486490829	2.407028603470633
40.12750000006054	75.80545672548297	2.3741571872079428
41.05527777783573	75.86762452925473	2.4613223111571063
42.00250000006054	75.91506837950163	2.3962924371019545
42.97194444446359	75.97069220392896	2.4540559905772534
43.96361111104488	76.01650005933978	2.4900474100716847
44.97749999997905	76.07375987860321	2.5161826770707476
46.01638888882007	76.13265569270285	2.53658467737238
47.08027777774259	76.17519155844136	2.5566175365703825
48.16638888884336	76.23081538286868	2.5450895972119048
49.27750000002561	76.28971119696833	2.5091488159305864
50.41638888884336	76.33879104205127	2.498419368231655
51.58027777774259	76.40423083549514	2.4631026443688806
52.77194444445195	76.45494667541425	2.5228251302135076
53.99138888879679	76.50729851016946	2.4722094145789404
55.23861111112637	76.54492639139968	2.4234570672011513
56.51361111109145	76.59891422099096	2.4204213180220893
57.81916666659527	76.64963006091007	2.4032637992603023
59.1524999999092	76.70361789050138	2.312562278001315
60.51916666666511	76.74778975107601	2.2786038014652776
61.91638888878515	76.79523360132288	2.3386773385700215
63.34416666661855	76.84267745156974	2.288219913221702
64.80527777771931	76.90320926050546	2.3086741325932563
66.29972222226206	76.93429316239136	2.2515649730053444
67.8302777778008	76.978465022966	2.257317445107079
69.39694444451015	77.02754486804888	2.278810857221257
70.9997222222155	77.07008073378752	2.2116723646682215
72.63861111109145	77.12406856337881	2.1363403839887027
74.31638888886664	77.16496843428125	2.2142118944221694
76.03027777781244	77.20914029485597	2.129707814092695
77.78583333338611	77.259856134775	2.1870219060375904
79.58027777768439	77.292576031497	2.172016135282127
81.41638888878515	77.33674789207171	2.093925258403767
83.2941666666884	77.38255574748239	2.1012228262995296
85.21638888894813	77.40873166485996	2.029035515802323
87.18305555556435	77.46762747895957	2.108732940048019
89.19416666671168	77.50689135502596	2.060899781009589
91.25249999994412	77.54779122592848	2.0940196537357405
93.35805555561092	77.58378311232262	2.0736458321976055
95.51361111109145	77.62304698838898	2.0458790720167634
97.71638888883172	77.65413089027489	2.115788264395389
99.97194444446359	77.7113907095383	1.9944985867804763
102.2774999999092	77.74901859076864	2.00870216753551
104.6386111111497	77.78828246683497	2.008782775954232
107.0524999999325	77.82591034806522	2.0082741276643308
109.5219444445102	77.86353822929553	2.008593343528967
112.0497222222621	77.90443810019795	2.0358464874848563
114.6358333333628	77.9338860072478	1.975825512835297
117.2802777778124	77.97478587815024	2.004657639323685
119.9858333333395	78.01404975421664	2.0051685486691917
122.7552777778474	78.04840564577475	2.028588377324137
125.5886111111613	78.086033527005	2.051428762312535
128.4858333332813	78.12202541339917	2.0791060190387096
131.4497222222854	78.1629252843017	2.130717724927302
134.4830555555527	78.2054611500402	2.1082055590140247
137.5858333332581	78.24308903127056	2.195799686471665