0.01000000000021828	0.04573975154129585	0.027583603637349758
0.02000000000043656	0.06991206343401657	0.042162331128517215
0.03000000000065484	0.08873661680267111	0.0517417278856012
0.04000000000087312	0.1047070686955781	0.059886387321681715
0.05000000000109139	0.11882767137034979	0.06707640355537105
0.06000000000130967	0.1316233237751928	0.07358024409382263
0.07000000000152795	0.14340947376013774	0.07956177248613752
0.08000000000174623	0.1543932632761206	0.08512897325055407
0.09000000000196451	0.16471939427512974	0.09036171864276714
0.1009816608893743	0.17542663321178253	0.09578741012550548
0.1133032870638999	0.1867766274849234	0.10153359894645418
0.1271283790192683	0.19880723405596565	0.1076183698458564
0.1426403873247182	0.2115586062371428	0.11406208611915002
0.1600451469075779	0.22507329903561807	0.12088632849355166
0.1795736083513475	0.23939644587303466	0.12811393083803835
0.2014849024762953	0.254575872479816	0.1357690536332985
0.2260697788424295	0.27066229092327154	0.14387722601266928
0.2536544638205669	0.28770942363838714	0.1524654061507541
0.2846049894233147	0.3057742119185708	0.16156205092370615
0.3193320503196446	0.3249169566287194	0.17119729400580339
0.3582964535089559	0.3452015684853454	0.1814031342087016
0.4020152329485427	0.36669575306198415	0.1922137386181767
0.4510685102795833	0.3894713319778628	0.2036657598628591
0.5061071926884324	0.41360450227602413	0.21579868424995113
0.5678616100522049	0.4391762393616778	0.22865492656549594
0.6371512059686211	0.4662725800682782	0.24227971170438944
0.7148954112781212	0.49498500055107203	0.2567204223750408
0.8021258443495753	0.5254105516981035	0.2720254210324259
0.900000000032378	0.5576519687038988	0.28824230814701024
1.009816608908295	0.5918174087352965	0.305415486598043
1.13303287065537	0.6280200033788444	0.3235838694047403
1.271283790205416	0.6663770726246596	0.34277825562595515
1.426403873265372	0.7070090776287691	0.36301832573836706
1.60045146909215	0.7500381476964965	0.38431113804156475
1.795736083535303	0.7955866923673388	0.40665262170902833
2.014849024782961	0.8437762789112386	0.4300260921125526
2.260697788438847	0.894725909233088	0.4544017707650396
2.536544638227497	0.9485507945062945	0.4797434973436026
2.846049894251337	1.005362188400357	0.506013590568297
3.193320503214636	1.0652672932089484	0.5331728299846331
3.582964535107749	1.1283691015411401	0.5611730453025894
4.020152329499979	1.1947646062410924	0.5899592830964495
4.510685102803109	1.2645451567738155	0.6195263345434646
5.061071926889781	1.3378077394346641	0.649935518964392
5.67861610052023	1.414659244420904	0.6811445570707172
6.371512059680754	1.495188481877277	0.7130596935184773
7.148954112768479	1.5794825100546905	0.7458150987557801
8.02125844348484	1.6676632649400125	0.7794936045107481
9.000000000314685	1.7598393864813269	0.8140932831558062
10.09816608907022	1.8561352120123955	0.8497458613289017
11.33032870654279	1.9566931521157578	0.8866323908231816
12.71283790204871	2.061683320088312	0.9248731560032319
14.26403873264826	2.1712804692577414	0.9643303623050712
16.00451469090876	2.2856278541763784	1.0047654721657837
17.95736083534575	2.404850610622429	1.0470145979858807
20.14849024781688	2.5292933113919567	1.0921535940023603
22.60697788437392	2.6593397037270385	1.138661496409404
25.36544638226405	2.794989148229738	1.1861633461857284
28.46049894250791	2.936548867281133	1.2370685495251201
31.93320503213545	3.0845933800582315	1.2905748307144362
35.82964535106476	3.239256134910537	1.346086668645266
40.20152329498887	3.400989776032534	1.4046276191243556
45.10685102802745	3.570186063075399	1.465939516603244
50.61071926889599	3.7472588003650076	1.53004268888736
56.78616100519685	3.9326287259593973	1.596851740421129
63.71512059679299	4.126716433470408	1.666181327050019
71.48954112767751	4.329928354062027	1.7377341146635694
80.21258443483384	4.542646448534581	1.8111610397728148
90.00000000313776	4.765228071291402	1.8859594359537872
100.9816608906967	4.997970312336203	1.9615368667959001
113.3032870654242	5.241124332792033	2.0373890696598744
127.1283790204798	5.494901501133249	2.112953601990719
142.6403873264735	5.759451198536429	2.1875629558020613
160.045146909084	6.034853898471812	2.2604973754054263
179.5736083534612	6.321109542140721	2.3311613306923022
201.4849024781761	6.618172690325855	2.3995447050778314
226.0697788437446	6.926056278840773	2.4657387743381967
253.6544638226442	7.2447452974115825	2.528671226736805
284.6049894250773	7.573975742677671	2.58779963558196
319.3320503213527	7.9135770097388	2.642989310108118
358.2964535106403	8.263212267859968	2.693310650024303
402.0152329498833	8.622414358255842	2.7384202097374355
450.8195379895715	8.988891505298195	2.7795554237909825
499.6238430292597	9.325146466199573	2.815071549489937
548.4281480689478	9.636146055254814	2.847002931121511
597.232453108636	9.925731580873608	2.874106952471146
646.0367581483242	10.196642993707075	2.8948281247485146
694.8410631880124	10.450910859654993	2.912549005275151
743.6453682277006	10.69024260490953	2.927874322667332
792.4496732673888	10.916413447402215	2.943266288632495
841.253978307077	11.131008781672978	2.9585337562536753
890.0582833467633	11.335521083540478	2.972252563271487
938.8625883864534	11.530588547081093	2.9845663695195177
987.6668934261415	11.716796523970403	2.9979395651178367