0.01032289999966451	0.23769630131429711	0.19072759180199134
0.02064579999932903	0.44604439051760014	0.4104372539754124
0.03096869999899354	0.6385183358829196	0.5651881208896649
0.04129159999865806	0.8195835403962405	0.709282739485282
0.05161449999832257	0.9916838304395436	0.8439697945169177
0.06193739999798709	1.1563911507052382	0.9707431809272213
0.0722602999976516	1.3148115797591822	1.090803565705295
0.08258319999731611	1.4677689402739729	1.2050875142681845
0.09290609999698063	1.6159023398363734	1.3144562229649286
0.1042423587132362	1.7736260803036206	1.4295864420503448
0.1169618501953664	1.94507934665899	1.553150883337367
0.1312333543683053	2.131255412389389	1.6855634092110463
0.1472462454203196	2.333198469468144	1.8272745827687644
0.1652130046877574	2.552005561546685	1.97873450134966
0.1853720401504688	2.788824548229368	2.140383311649756
0.2079908499599696	3.0448538550799626	2.312636969036151
0.233369571980802	3.3213371598831816	2.495871383172687
0.2618449664350919	3.619559493116577	2.69041112863031
0.2937948845064966	3.940839325950194	2.8965028958914574
0.3296432821953204	4.286518558961408	3.1143041382398646
0.3698658459597937	4.657951997573431	3.3438750305058473
0.4149963047821075	5.056495490929031	3.5851713751292427
0.4656335124327597	5.483493775897839	3.8380144097550772
0.5224493938912929	5.940261665872867	4.10207873366719
0.5861978613847896	6.428069117019608	4.376970713567899
0.6577248183457414	6.948140474108129	4.662359301366449
0.7379793840354978	7.501669663403763	4.957744201157335
0.8280264877830632	8.089766058103764	5.262263777046902
0.9290609999443404	8.713425441511056	5.575349106044412
1.042423587110534	9.373626487008462	5.8966453106855585
1.169618501937293	10.071283612119192	6.22547258390812
1.312333543666682	10.807219353738045	6.561381935084348
1.472462454194101	11.582245204763495	6.904347960790409
1.652130046872117	12.397178390814899	7.254507624816878
1.853720401497412	13.252862568067613	7.611215779562178
2.079908499596058	14.149967107516156	7.972943082174632
2.333695719806201	15.088984288623609	8.341373544743666
2.618449664347281	16.070972249288765	8.721328577256852
2.93794884505769	17.097534749710647	9.110248323740844
3.296432821949566	18.169141668140533	9.503788827756743
3.698658459594299	19.28639780862978	9.910573309132953
4.149963047824713	20.451760849109316	10.332825784038691
4.656335124331235	21.666349825631947	10.767276537100626
5.224493938914748	22.931871780708192	11.218000482845886
5.861978613851534	24.25038711999378	11.686799043594068
6.57724818346469	25.624021117759554	12.174574931990607
7.379793840371349	27.05504597623632	12.682241157810134
8.280264877839727	28.545801765069015	13.209963135664175
9.290609999445223	30.09860396628207	13.757102630980752
10.42423587109988	31.715651545691085	14.322242379267408
11.69618501937111	33.398940205442	14.903019389312313
13.123335436665	35.150132057337125	15.496118942439052
14.72462454193374	36.97046748236609	16.097617910611785
16.52130046871753	38.860713890037616	16.703176054917453
18.53720401496867	40.82112162933155	17.307869611344884
20.79908499595513	42.851334311976295	17.906193088204873
23.33695719805655	44.95034501473002	18.492166537497052
26.18449664347463	47.11643113280946	19.062666671816068
29.379488450586	49.34787892906302	19.616654371101717
32.96432821950839	51.64274029980268	20.14582992500809
36.98658459595572	53.99740086934331	20.64432788812125
41.4996304782635	56.408573633262236	21.11529133760792
46.56335124332327	58.873384188474006	21.55583198546376
52.24493938915293	61.387892812109286	21.96324869491973
58.61978613851716	63.94861550208753	22.340370851349174
65.77248183465053	66.55227924190028	22.691973571878986
73.79793840371894	69.19651680573395	23.01528494853411
82.80264877841182	71.87742439053075	23.29696706514128
92.90609999446133	74.58955494877279	23.527911272942145
104.2423587110097	77.32689422236247	23.75568452685725
116.9618501937184	80.09501523282715	24.006422849618907
131.2333543666537	82.89395627221214	24.176588978387873
147.2462454193337	85.70526045026695	24.3027302644779
165.213004687168	88.5374298543092	24.46765331239635
185.3720401496794	91.39117530435097	24.597617817478426
207.990849959544	94.25782174560945	24.697124563509195
233.3695719805583	97.1390572118979	24.794647417134584
261.8449664347372	100.032719916067	24.877264870342902
293.7948845058527	102.93736696825216	24.948999737745314
329.6432821950803	105.85161021790475	25.01108527965455
369.8658459595499	108.77409211507522	25.064697515920585
414.9963047826223	111.70345109960425	25.11089405419615
465.6335124332236	114.6382772750186	25.15069747887857
517.2480124332233	117.32155108121907	25.18161572449284
568.862512433223	119.7512124444351	25.205602983010074
620.4770124332226	121.97035167944155	25.22598782564039
672.0915124332223	124.01186862150345	25.242662101684594
723.706012433222	125.90145857788511	25.25650816599394
775.3205124332217	127.65957826074123	25.268155480731753
826.9350124332213	129.30278336184017	25.278063132519843
878.549512433221	130.84466432182128	25.286575199996204
930.1640124332207	132.29651724541807	25.29395222781833
981.7785124332204	133.6678354469475	25.300393345619927
1033.39301243322	134.96667483765253	25.305949393704427
1085.00751243322	136.1999313285186	25.310977664185323
1136.622012433219	137.37355547605077	25.3153054060944
1188.236512433219	138.49271774961014	25.31932584697675
1239.851012433219	139.56194014725773	25.322937891099325
1291.465512433219	140.5852013945378	25.326194513961838
1343.080012433218	141.5660201749237	25.329144479368065
1394.694512433218	142.50752512618442	25.331837697496972
1446.309012433218	143.4125094512927	25.334337266890735
1497.923512433217	144.28347878792113	25.336618794161208
1539.328475823806	144.95910951046443	25.33877300399494