0.01000000000021828	1.2166425975240829	0.8411375298567596
0.02000000000043656	1.9338782659910796	1.2283708863151852
0.03000000000065484	2.4778604328561524	1.4621546156730434
0.04000000000087312	2.9230950155916835	1.6342745646682004
0.05000000000109139	3.302760766787961	1.768292204841073
0.06000000000130967	3.6351133947382226	1.876805083725205
0.07000000000152795	3.9314466767230174	1.9672335854302885
0.08000000000174623	4.199320198431759	2.0441275558917615
0.09000000000196451	4.444032913523763	2.1106372147344863
0.1009816608893743	4.690735044373919	2.1742615047689062
0.1133032870638999	4.944668782567167	2.236379707167732
0.1271283790183588	5.205673181278644	2.2968824468885587
0.1426403873238087	5.473537075398526	2.35563519902573
0.1600451469057589	5.748068524633805	2.4125556869137896
0.1795736083495285	6.029037398909678	2.4675395433580896
0.2014849024735668	6.316227703931778	2.520535163978143
0.2260697788387915	6.609397402012371	2.5714690434678946
0.2536544638169289	6.908313545297774	2.620318400177261
0.2846049894187672	7.212728818627603	2.6670397365619487
0.3193320503141877	7.522400222917288	2.7116361868774277
0.3582964535025894	7.837081124675491	2.7540921331352037
0.4020152329412667	8.156524884021211	2.794432986946406
0.4510685102704883	8.480490668365787	2.8326679217952315
0.506107192678428	8.808733894073777	2.868840566054093
0.5678616100403815	9.141023711074473	2.902981153208993
0.6371512059549786	9.477122426865673	2.9351473297622985
0.7148954112626598	9.816812385401056	2.965386315680315
0.802125844332295	10.159866678536375	2.9937656841004414
0.9000000000132786	10.506083109447845	3.0203454979762054
1.009816608886467	10.855248488823054	3.0451994713363364
1.133032870630814	11.207177467282929	3.0683965275796856
1.271283790178131	11.561672585895657	3.0900131862973472
1.426403873234449	11.918565956326418	3.1101235923268264
1.600451469056679	12.277677016227203	3.128804275149807
1.795736083496195	12.63885529982248	3.1461314335104
2.014849024738396	13.001937568845483	3.162179387622263
2.260697788388825	13.366790220112128	3.177023768464565
2.536544638172018	13.733267151503147	3.1907350337377247
2.846049894189491	14.101250668577414	3.2033861926697864
3.193320503144605	14.470611129683274	3.2150427107710353
3.582964535029532	14.841245518570002	3.225773472074103
4.020152329412667	15.213039613595496	3.23563827352382
4.510685102705793	15.585903669564836	3.2447008687748946
5.061071926780642	15.959737589590238	3.2530150855703406
5.678616100397449	16.334463397019693	3.2606389719946867
6.371512059542511	16.70999366271639	3.267620377202333
7.148954112613865	17.08626064108785	3.2740114172646857
8.021258443311126	17.46318802486914	3.27985416908494
9.000000000120963	17.840716768441606	3.2851948607323935
10.09816608885376	18.218780104652442	3.2900701490894875
11.33032870629995	18.59732618641118	3.29452061353299
12.71283790177586	18.976296202470632	3.29857793370999
14.26403873234176	19.355644040457026	3.30227741147993
16.00451469056588	19.73531727442246	3.305646237076453
17.95736083496195	20.115274094986376	3.3087148843892944
20.14849024738669	20.495466904862283	3.311506554688942
22.60697788389098	20.875856781322433	3.3140473812017297
25.365446381722	21.25639940004204	3.3163570656020056
28.46049894189946	21.637057297412824	3.318457895079541
31.93320503145242	22.01778784248293	3.320366534109284
35.82964535029805	22.39855355663263	3.322101903891172
40.20152329412849	22.779311863382446	3.3236780593005153
45.10685102706248	23.160023705243344	3.3251110083416804
50.61071926781369	23.54064481739741	3.3264125838857184
56.78616100398267	23.921132859035417	3.32759629791328
63.71512059543147	24.301439977014375	3.32867210848841
71.48954112614956	24.6815186443793	3.329651409990949
80.21258443311854	25.0613153017694	3.3305425936163493
90.00000000121327	25.440775070921863	3.331355275201796
100.9816608885376	25.819836283741818	3.332096551855558
113.3032870630022	26.19843421527437	3.3327745636015296
127.1283790177613	26.576496332137044	3.3333953531051077
142.6403873234231	26.953945168369263	3.3339658526125917
160.0451469056607	27.330694147271036	3.334491263786717
179.5736083496204	27.70664970696366	3.3349775506234822
201.4849024738669	28.081707572390687	3.335429263294522
226.0697788389098	28.45575422606511	3.3358516113912304
253.65446381722	28.828663532783093	3.33624866626446
284.604989418991	29.200297647723094	3.336625077953542
319.3320503145224	29.570503926532364	3.3369845975388395
358.2964535029769	29.939115369453294	3.33733150074065
400.7964535029769	30.29629789182856	3.337659946811887
443.2964535029769	30.61585541256623	3.3379514921333238
485.7964535029769	30.90469978902472	3.3382150728126985