0.0375000000349246	0.027832073469170417	0.11158088929625225
0.03888888889923692	0.027832073469170417	0.1162120356226348
0.04027777776354924	0.027832073469170417	0.3761135228429674
0.04166666645323858	0.027832073469170417	0.2451397992292781
0.04305555549217388	0.027832073469170417	0.2523134080632536
0.0444444443564862	0.027832073469170417	0.30284048494990434
0.04583333322079852	0.09495648595365701	0.24398754086535948
0.04722222225973383	0.09495648595365701	0.38487032562608947
0.04861111094942316	0.09495648595365701	0.396716881694495
0.04999999998835847	0.09495648595365701	0.40856488043664024
0.05138888885267079	0.09495648595365701	0.14292322536647978
0.05277777771698311	0.12278855942283266	0.11853108437750026
0.05416666640667245	0.12278855942283266	0.2233136180152167
0.05555555544560775	0.12278855942283266	0.21945656113914633
0.05694444448454306	0.12278855942283266	0.23500228558028954
0.05833333334885538	0.12278855942283266	0.21363906096143623
0.0597222222131677	0.1451633635843265	0.29790551680558724
0.06111111090285704	0.1451633635843265	0.2633539445135683
0.06388888880610466	0.1451633635843265	0.2749066738901296
0.06666666670935228	0.18936724497654753	0.32195135473195907
0.06944444443797693	0.18936724497654753	0.2927230204107954
0.07222222216660157	0.18936724497654753	0.30470565802797334
0.07499999989522621	0.2171993184457231	0.3905096361187268
0.07777777779847383	0.2171993184457231	0.40440195094746434
0.0805555553524755	0.2171993184457231	0.4748302874892191
0.08333333325572312	0.2728634653840795	0.43041442966570376
0.08611111115897074	0.2728634653840795	0.5908641449670918
0.08888888888759539	0.3121558043993801	0.5081684065689033
0.09166666661622003	0.3121558043993801	0.5248475241742584
0.09444444434484467	0.3121558043993801	0.5712972000018394
0.0972222222480923	0.3509024164839246	0.548490964116882
0.09999999980209395	0.3509024164839246	0.5163367511542093
0.1027777777053416	0.3509024164839246	0.5301624539534988
0.1055555552593432	0.40110929411459395	0.4937117892838536
0.1083333333372138	0.40110929411459395	0.5484884284170057
0.1111111110658385	0.4229383713453212	0.6678600918129918
0.1138888887944631	0.4229383713453212	0.7515918759065886
0.1166666666977108	0.4229383713453212	0.4650713240682576
0.1194444442517124	0.47860251828367234	0.6379491356037291
0.12222222215496	0.47860251828367234	0.6270856016204306
0.126388888747897	0.506434591752848	0.7859287927954024
0.1305555555154569	0.506434591752848	0.7657861232945726
0.1347222221083939	0.5566414693835172	0.68285830452889
0.1388888887013309	0.5566414693835172	0.7823285855652695
0.1430555554688908	0.6013910777065052	0.6546313169934008
0.1472222222364508	0.6013910777065052	0.8919720357443237
0.1513888886547647	0.6401376897910446	0.6747395892389607
0.1555555555969477	0.6625124939525434	0.9310423668906411
0.1597222221898846	0.6625124939525434	0.7221991827721276
0.1638888886081986	0.7067163753447593	0.7833315854953805
0.1680555555503815	0.7067163753447593	0.7159022247470732
0.1722222221433185	0.7569232529754337	0.8633736026125315
0.1763888889108785	0.7569232529754337	0.8656361005609589
0.1805555555038154	0.7738407878292457	1.0467361161632067
0.1847222220967524	0.7738407878292457	0.8502479875796464
0.1902777775540017	0.8071301306061034	0.9144613047291875
0.1958333333604969	0.8573370082367723	0.9453211530497172
0.2013888888177462	0.9015408896289937	1.0892796864312633
0.2069444444496185	0.9015408896289937	1.079253447991296
0.2124999999068677	0.9184584244828111	1.1537976507715897
0.21805555553874	0.9572050365673449	1.127334278055087
0.2236111109959893	1.0074119141980193	1.0894582467465033
0.2291666664532386	1.0074119141980193	1.2519253790422815
0.2347222222597338	1.040701256974877	1.3480555453500165
0.2402777777169831	1.079993595990183	1.355103819499258
0.2458333333488554	1.1187402080747215	1.1585869543516611
0.252777777670417	1.1520295508515794	1.034895909829075
0.2597222221666016	1.1967791591745665	1.236967356619742
0.2666666666627862	1.2246112326437477	1.252714303567196
0.2736111111589707	1.2246112326437477	1.17605882742415
0.2805555553059094	1.2469860368052417	1.141790669268839
0.287499999802094	1.2911899181974626	1.1278075868552133
0.2944444442982785	1.3304822572127684	1.4008451055662912
0.3013888887944631	1.358314330681944	1.39037382655031
0.30972222215496	1.397060942766483	1.495887579917854
0.3180555555154569	1.424893016235659	1.4414771170799132
0.3263888887013309	1.5029319673355037	1.544191493858414
0.3347222222364508	1.530764040804685	1.6294772352116484
0.3430555555969477	1.558596114273855	1.631135258940295
0.3513888886081986	1.6027999956660814	1.5427725992260017
0.3597222221433185	1.6197175305198934	1.6951904278426524
0.3680555555038154	1.6699244081505626	1.569373902253211
0.3777777775540017	1.7255885550889138	1.5412607981360245
0.3874999999534339	1.7643351671734533	1.6935823914834536
0.3972222220036201	1.781252702027265	1.6428544329204013
0.4069444444030523	1.842374118273303	1.7455344069674812
0.4166666664532386	1.870206191742479	1.7206006315278066
0.4263888888526708	1.9034955345193367	1.6666504235780717
0.4374999999417923	1.970074220073051	1.692330478393796
0.4486111108562909	2.0033635628499082	1.8499622301775929
0.4597222221200354	2.0590277097882597	1.779382297597008
0.470833333209157	2.0928627794958836	1.847573117485722
0.4819444442982785	2.1316093915804277	1.9136428058336876
0.4944444442517124	2.176358999903416	1.8741648629703989
0.5069444442051463	2.232023146841767	1.9244584127395374
0.5194444441585802	2.2762270282339885	1.9295839691829428
0.53194444446126	2.320976636556975	2.0466740643134744
0.5444444444146939	2.3706377872568787	2.0517185653536907
0.5583333330578171	2.426301934195229	2.102942474493144
0.5722222220501862	2.4710515425182225	2.11338251412154
0.5861111110425554	2.5267156894565743	2.0989241610705527
0.6000000000349246	2.5878371057026066	2.07802082924592
0.6138888888526708	2.6271294447179128	2.07290400381531
0.6291666667093523	2.682247864725497	2.061799490350047
0.6444444443914108	2.7379120116638482	2.1422979820647217
0.6597222222480923	2.7772043506791593	2.0918579911931188
0.6749999997555278	2.8159509627636985	2.0139459558573805
0.6916666666511446	2.866157840394368	2.0566367736182274
0.7083333331975155	2.916364718025038	2.0251236083543436
0.7249999999185093	2.9774861342710706	2.049437988832088
0.7430555555038154	3.0222357425940576	2.1417197935149077
0.7611111110891216	3.066439623986284	2.117961510185651
0.7791666664998047	3.116646501616954	2.143882323650454
0.7972222222597338	3.16085038300917	2.1926923910777165
0.8166666667093523	3.2225175261859746	2.1507408267011705
0.8361111111589707	3.2836389424320074	2.2018914831389886
0.8555555552593432	3.316928285208865	2.256351910182028
0.876388888747897	3.372592432147221	2.214434351197386
0.8972222222364508	3.4337138483932494	2.2785635808609537
0.9180555555503815	3.483920726023924	2.169097607089833
0.9402777775540017	3.5395848729622745	2.142001741473207
0.9624999999068677	3.5952490199006264	2.2333123210473165
0.9847222222597338	3.633995631985165	2.2203451261879996
1.008333333302289	3.695117048231198	2.2688943142683646
1.031944444344845	3.728952117938828	2.292226368668294
1.056944444251712	3.784616264877179	2.3188210527894575
1.08194444415858	3.8402804118155305	2.418695787447989
1.106944444414694	3.8899415625154328	2.45642030679426
1.133333333360497	3.9625232443075964	2.4860014895627316
1.159722221957054	4.018187391245953	2.549624054529631
1.187499999941792	4.079308807491985	2.5819479862687347
1.215277777751908	4.15734775859183	2.6039628866777993
1.244444444251712	4.2075546362225005	2.6723304101721004
1.273611111100763	4.27413332177622	2.626109155078756
1.304166666639503	4.3243401994068895	2.649840391371427
1.33472222200362	4.385461615652923	2.6033414102762444
1.366666666406672	4.446583031898955	2.560423967113582
1.398611111158971	4.51316171745267	2.611480774701651
1.431944444251712	4.57482886062947	2.559943853336746
1.4652777776937	4.6359502768755085	2.614405779838479
1.5	4.685611427575411	2.612806010354353
1.534722221957054	4.752735840059892	2.6221972850134687
1.570833333302289	4.813857256305925	2.6248877317889843
1.608333333337214	4.869521403244277	2.5779229260462775
1.645833333197516	4.930642819490315	2.5804339159643157
1.684722222096752	4.991764235736348	2.6342960000549276
1.723611110995989	5.052885651982381	2.6046196614565473
1.763888888934162	5.120010064466862	2.5556798855425704
1.805555555562023	5.170216942097536	2.5399973779254514
1.847222222189885	5.231338358343569	2.6117519797820012
1.890277777507436	5.292459774589603	2.519597058187901
1.934722222213168	5.353581190835636	2.538096207312357
1.980555555259343	5.403788068466305	2.4854755248449325
2.026388888654765	5.453994946096979	2.5147008118283476
2.073611111089122	5.531488170266055	2.466290513323796
2.122222222213168	5.570780509281367	2.443392655059676
2.172222222201526	5.637359194835077	2.4215721585846137
2.223611111054197	5.693023341773428	2.472711960054723
2.274999999906868	5.74868748871178	2.4464165761082812
2.327777777798474	5.798894366342457	2.375228422818328
2.381944444205146	5.8545585132808045	2.423420667445859
2.4375	5.910222660219155	2.35197096257451
2.494444444484543	5.971344076465191	2.308246173081684
2.552777777658775	6.01609368478818	2.282267189586765
2.612500000046566	6.077215101034214	2.329322386766446
2.673611110949423	6.127421978664883	2.279988700127434
2.736111111065839	6.177083129364793	2.210210499318996
2.800000000046566	6.221832737687776	2.238207517944408
2.865277777716983	6.272039615318447	2.26160934681339
2.931944444251712	6.333161031564481	2.2145002567669754
3.0	6.377364912956708	2.2884910286390068
3.069444444437977	6.416657251972008	2.3656764115504494
3.140277777740266	6.48323593752573	2.3887593476306983
3.21388888877118	6.533442815156394	2.413906787808315
3.288888888841029	6.583649692787064	2.4427818611899856
3.365277777600568	6.6502283783407865	2.4917589936328977
3.443055555399042	6.716807063894502	2.537256048920421
3.523611111100763	6.767013941525173	2.510718967661894
3.605555555492174	6.822678088463518	2.537731294736913
3.688888888747897	6.889802500948005	2.5622330172496217
3.774999999906868	6.945466647886353	2.5656635779060166
3.862499999755528	6.995127798586258	2.516445827185423
3.952777777507436	7.056249214832297	2.5684015396472746
4.044444444298279	7.111913361770649	2.5937753193357
4.138888888817746	7.167577508708994	2.5185505179897616
4.234722222201526	7.23470192119348	2.542726610611112
4.333333333313931	7.290366068131837	2.5222490346883313
4.433333333290648	7.351487484377869	2.525444769279752
4.536111110995989	7.412608900623899	2.5260506325279524
4.641666666604579	7.462815778254574	2.4777351470317415
4.749999999941792	7.523937194500602	2.4027564674529334
4.859722222143319	7.56868680282359	2.329934632183866
4.972222222248092	7.629808219069631	2.3317832849775715
5.087499999906868	7.685472366007977	2.209652287360348
5.205555555468891	7.729676247400201	2.235837159893704
5.326388888934162	7.779883125030868	2.1400006760691905
5.449999999953434	7.818629737115405	2.088471266157757
5.576388888701331	7.88029688029221	1.9919251349899043
5.705555555352476	7.913586223069072	1.9429672845987862
5.837499999906868	7.969250370007427	1.8706787689806466
5.972222222189885	8.007996982091962	1.8481875415690538
6.111111111065839	8.04128632486882	1.8001711699104024
6.252777777670417	8.080578663884124	1.6514623317067212
6.39722222200362	8.124782545276345	1.6519902272009959
6.545833333104383	8.152614618745522	1.528431812210779
6.697222222108394	8.197364227068508	1.5044722711954073
6.852777777705342	8.225196300537686	1.433043719157015
7.011111110856291	8.25302837400687	1.358951360459642
7.173611110949423	8.28631771678372	1.359341673996543
7.340277777810115	8.314149790252896	1.28727481568538
7.509722222050186	8.347439133029754	1.185989926570292
7.683333333057817	8.364356667883564	1.138787501181608
7.861111111007631	8.386731472045069	1.1388470939335136
8.043055555550382	8.430935353437283	1.0661881321267608
8.22916666668607	8.442395618983415	1.0407626927897515
8.419444444414694	8.464224696214139	0.9922237497726317
8.613888888910878	8.481142231067961	0.9927571370697392
8.813888888864312	8.50897430453713	0.966123922100946
9.018055555585306	8.52589183939095	0.8449375860778067
9.226388888899237	8.547720916621673	0.8428985194974703
9.440277777670417	8.570095720783167	0.8457157236756787
9.658333333209157	8.587013255636977	0.8461175293327743
9.881944444205146	8.603385063560022	0.7714136131721739
10.11111111100763	8.620302598413835	0.7202341200443766
10.34444444440305	8.631217137029205	0.7233362273099639
10.58333333325572	8.653591941190687	0.6724601269800367
10.82777777774027	8.670509476044506	0.6483657047798533
11.07777777750744	8.681424014659868	0.6490230686572717
11.33444444445195	8.686881283967548	0.6743230383807578
11.59694444434717	8.709256088129044	0.6252294981249982
11.86500000004889	8.720170626744405	0.6507306604955531
12.13861111103324	8.73163089229054	0.6266989826337372
12.4191666666884	8.748002700213585	0.5775722010564165
12.70666666649049	8.770377504375077	0.6514391118931668
12.99972222209908	8.770377504375077	0.5787037404869624
13.29972222220385	8.798209577844256	0.5539744782979269
13.60666666663019	8.809669843390386	0.6037290171456446
13.92055555555271	8.809669843390386	0.5551050065009743
14.2427777776611	8.831498920621119	0.5035549598166394
14.57194444444031	8.837501916859566	0.5556173179466151
14.90805555554107	8.842959186167247	0.4300907159539341
15.25250000000233	8.86533399032874	0.4772383255623135
15.60527777782409	8.870791259636425	0.47739849586016864
15.96638888883172	8.881705798251785	0.40611486331635377
16.33583333337447	8.893166063797917	0.47841625641138513
16.71361111110309	8.893166063797917	0.45399062581575034
17.09972222219221	8.91499514102864	0.37700689539921317
17.49416666664183	8.91499514102864	0.4050893244832629
17.89833333314164	8.920998137267091	0.43071749428528194
18.31222222204087	8.942827214497814	0.40575033291773355
18.73583333333954	8.942827214497814	0.48136468251361564
19.1691666666884	8.948284483805503	0.40743671935220405
19.61222222208744	8.959744749351627	0.43489355584209305
20.06499999988591	8.976116557274674	0.48262805667637704
20.52888888859889	8.982119553513124	0.40853182756851747
21.00249999988591	8.99849136143617	0.4357792494051172
21.48722222208744	9.003948630743853	0.4868793971234084
21.98305555555271	9.009951626982302	0.45999248778010804
22.48999999993248	9.026323434905345	0.4376982853814299
23.00944444444031	9.031780704213032	0.41043262138624464
23.54138888890157	9.037783700451483	0.4393024873915665
24.08444444445195	9.054155508374526	0.46457792072678117
24.63999999995576	9.059612777682203	0.41175847420145134
25.20944444445195	9.071073043228331	0.44049506770195607
25.79138888890157	9.071073043228331	0.4668521199083598
26.38722222199431	9.093447847389834	0.4640044801975783
26.99694444442866	9.104362386005196	0.41372418046169857
27.62055555550614	9.098905116697509	0.4431327348388167
28.25805555557599	9.121279920859006	0.4148360254625637
28.9108333333279	9.132194459474375	0.5200481805681967
29.57888888893649	9.137651728782048	0.416460804977905
30.26222222222714	9.14310899808973	0.3659481609994536
30.96083333337447	9.154569263635864	0.46858039606092394
31.67611111089354	9.160026532943549	0.39295030463896563
32.40666666644393	9.182401337105043	0.4186422654786276
33.15527777775424	9.182401337105043	0.44832638669599384
33.9205555554363	9.182401337105043	0.4494972056536485
34.70388888887828	9.198773145028088	0.4733393736203874
35.50527777773095	9.204776141266535	0.44808902245868293
36.32472222199431	9.221147949189582	0.4232316621294697
37.16361111105653	9.232608214735706	0.47551207241363475
38.02194444439374	9.238065484043386	0.4758747826928901
38.89972222218057	9.25443729196643	0.5057852890380726
39.7969444442424	9.25443729196643	0.5047699250600742
40.71499999979278	9.271354826820247	0.48190141337256936
41.65388888883172	9.282269365435608	0.427286767623157
42.61500000004889	9.282269365435608	0.4818494148225954
43.59833333309507	9.304644169597111	0.4290156660925864
44.60388888884336	9.31010143890479	0.48538349428154415
45.63305555545958	9.32156170445092	0.43079785265047443
46.68583333329298	9.32156170445092	0.46231894700771825
47.76361111103324	9.337933512373967	0.5154003252543402
48.866388888855	9.34339078168165	0.4080154539530804
49.99416666658362	9.354851047227783	0.46502025218408455
51.14805555558996	9.360308316535459	0.4370640513939813
52.32861111103557	9.377225851389275	0.5175754882221107
53.53555555542698	9.388140390004635	0.4678275592036643
54.77027777762851	9.388140390004635	0.4970717338494094
56.03416666667908	9.405057924858452	0.4401228701411843
57.32722222222947	9.410515194166129	0.5232920603422817
58.64944444427965	9.426887002089172	0.47992874410118674
60.00222222221782	9.432889998327628	0.47585490072306313
61.38694444438443	9.44380453694299	0.5149255235036209
62.8036111111287	9.44380453694299	0.4673203342696587
64.25222222210141	9.44926180625067	0.4927776443700572
65.73416666669073	9.477093879719842	0.49087206000324163
67.2508333332371	9.48255114902753	0.4705550590021854
68.80222222226439	9.494011414573661	0.44520797211441887
70.38972222193843	9.499468683881341	0.44988731370610935
72.01333333313232	9.510383222496706	0.520759233840723
73.67444444418652	9.521843488042833	0.47378191048449037
75.3744444444892	9.52730075735051	0.4553255459709674
77.11333333334187	9.538215295965879	0.4078992286143173
78.89249999978347	9.538215295965879	0.4090048441546393
80.71194444433786	9.54967556151201	0.4359970835832776
82.57444444438443	9.566047369435054	0.4365323038097295
84.47861111088423	9.560590100127376	0.38070999612796863
86.42722222226439	9.582964904288868	0.49432560559585553
88.42027777782641	9.577507634981194	0.3915543018518594
90.46055555547355	9.588422173596546	0.46863949882722306
92.54666666669073	9.599882439142684	0.4705557606626714
94.6813888886827	9.610796977758042	0.4360347958863454
151.9219444442424	9.821993299965325	0.6417640358694408
155.4255555555574	9.833453565511455	0.6459550312522131
159.0102777777356	9.838910834819131	0.674929710619144
162.6783333331696	9.8498253734345	0.685788780386745
166.4297222222085	9.861285638980629	0.6944235503258555
170.2686111109215	9.866742908288304	0.6595512691857124
174.195000000007	9.88366044314212	0.7060726733652238
195.9508333331323	9.944781859388156	0.6888613128170655
200.4702777775819	9.944781859388156	0.7040315740006345
205.0938888887758	9.967156663549657	0.6775597379501908
209.8244444444426	9.967156663549657	0.7241143533849171
214.663333333272	9.988985740780377	0.7068979124229059
241.2302777775913	10.033735349103369	0.8548840109052974
246.7938888888457	10.050652883957175	0.9239210642513099
252.4855555553804	10.061567422572539	0.9447575578681093
258.3091666666442	10.067024691880219	1.145497679199201
264.2661111109774	10.078484957426362	1.421103033401061
270.3605555554968	10.11177430020321	0.7870752867913976