0.01666666648816317	0.9842063401917469	48.062497327438855
0.03333333338377997	24.306310425788208	19.232749383081607
0.04999999993015081	28.68543094348347	10.867704322695278
0.06666666665114462	31.82532809356893	11.61712720682485
0.08333333337213844	34.53886865093969	12.517550458180327
0.09999999974388629	36.87386830823675	13.40451356383741
0.1166666666395031	39.017605194970216	14.211915370595712
0.1333333331858739	40.95015610587302	14.181830142530147
0.1499999999068677	42.589835899350355	15.648705589056076
0.1666666666278616	44.40085525812424	16.49166747204827
0.1833333333488554	45.85724156314481	16.180029819387638
0.2000000000698492	47.18611935445639	16.32405172885493
0.216666666441597	48.54488195366848	16.905831675753415
0.2333333333372138	49.837897975499374	17.591342098242585
0.2499999998835847	51.06317509942231	17.946671117067513
0.2666666666045785	52.23067492807074	18.245230425979724
0.2833333333255723	53.346374423025	18.538249598486022
0.3000000000465661	54.41226590481162	18.803063594832405
0.316666666592937	55.436318655537434	19.028560306149043
0.3333333331393078	56.41853267520252	19.25284803936914
0.3500000000349246	57.36090028433344	19.43688783620384
0.3666666665812954	58.27139076503719	19.606444741642214
0.3833333333022893	59.14601947626022	19.758506889643492
0.4000000000232831	59.99076337958265	19.90781698976189
0.4166666663950309	60.8056224750046	20.02364776637463
0.4333333332906477	61.59258908305266	20.122261901147326
0.4499999998370186	62.35564784478025	20.210594966913742
0.4666666667326354	63.09280643966073	20.295588969705424
0.4833333332790062	63.804064867694024	20.35907786205348
0.5	64.4954000904603	20.40179003874019
0.5166666667209938	65.16681210795953	20.43971971379339
0.5333333330927417	65.81630859966499	20.47358174088576
0.5499999999883585	66.44787420663017	20.501987529046954
0.5666666665347293	67.05951660832827	20.531164181868217
0.5833333332557231	67.65322812528609	20.523121691457003
0.5999999999767169	68.23299339855694	20.52179696605238
0.6166666666977108	68.79482778708741	20.518422503890694
0.6333333332440816	69.3447082524577	20.50723737651194
0.6499999997904524	69.87466551256095	20.48194154100116
0.6666666666860692	70.39266884950403	20.446793367921636
0.68333333323244	70.89871826328681	20.42369805262108
0.6999999999534339	71.39082143338264	20.382527964293157
0.7166666666744277	71.86698603926487	20.348783231632705
0.7333333333954215	72.33518136304033	20.31069046424191
0.7666666664881632	73.23571024111054	20.211079765242285
0.7999999999301508	74.09639270864659	20.121156868394056
0.8333333333721384	74.91523644512196	20.006061105767834
0.8666666666395031	75.69622609158988	19.876912951962773
0.8999999999068677	76.44334628910386	19.749530804236095
0.9333333333488554	77.16058167871729	19.59487509837106
0.966666666441597	77.84394761937673	19.424450366715778
0.9999999998835847	78.5034057137158	19.28137232631683
1.033333333325572	79.13098667962755	19.095525393091688
1.066666666592937	79.7326674786921	18.919280313001618
1.100000000034925	80.31044043143623	18.760046413204716
1.133333333302289	80.87028249944007	18.567613717710586
1.166666666395031	81.40422440059675	18.392191145498554
1.199999999837019	81.92023541701309	18.226995041651346
1.233333333279006	82.41831554868905	18.058002400715516
1.266666666720994	82.89647247509798	17.867051814878018
1.299999999988359	83.35669851676657	17.69123370206629
1.333333333255723	83.80297831474827	17.517246159439573
1.366666666697711	84.23331954851632	17.336073351430482
1.399999999790452	84.64772221807077	17.14747096516161
1.43333333323244	85.05017096446495	16.976500150142503
1.466666666674428	85.43668114664551	16.807224264290575
1.516666666488163	85.99652321464933	16.536513920835844
1.566666666651145	86.52648047475257	16.28168810888509
1.616666666639503	87.03452220906206	16.02911480124252
1.666666666627862	87.51865609705114	15.77259447618153
1.716666666441597	87.97888213871974	15.525286187314425
1.766666666604579	88.421177295648	15.292033394093888
1.816666666592937	88.84554156783597	15.045716736896452
1.866666666581295	89.24799031423018	14.831916069869797
1.916666666395031	89.63649281693743	14.607579641606915
1.966666666732635	90.00905675543105	14.387938356825256
2.016666666720994	90.36568212971108	14.153493022602614
2.066666666534729	90.71234590135757	13.969606052696465
2.116666666697711	91.04307110879043	13.75793427373711
2.166666666686069	91.35985007253637	13.574843428324437
2.216666666674428	91.66666743364881	13.357208010207428
2.28333333338378	92.05516993635607	13.140156422665934
2.349999999743886	92.42972619537633	12.889500121316223
2.416666666627862	92.78834389018311	12.677054446781947
2.483333333337214	93.12305373866933	12.451244711129615
2.550000000046566	93.45377894610225	12.269889486988804
2.616666666581295	93.76657326879473	12.069266032271551
2.683333333290648	94.067413668327	11.875221439352574
2.75	94.3523155036457	11.730757312046489
2.816666666534729	94.63124037738426	11.561215074191244
2.883333333244082	94.89821132796256	11.38209748987351
2.949999999953434	95.15522067590743	11.233213086732992
3.03333333338378	95.46403035754646	11.046734830710445
3.116666666639503	95.76088611602533	10.865524047408586
3.200000000069849	96.04379563081739	10.715833584636142
3.283333333325572	96.3167435429758	10.539002453908902
3.366666666581295	96.57773753197402	10.393454815529733
3.449999999837019	96.826777597812	10.235997972818152
3.533333333092742	97.0718330225966	10.10514955057393
3.616666666697711	97.30493452422094	9.97174231072608
3.716666666674428	97.56792083374586	9.837904344468642
3.816666666651145	97.82692250221739	9.697955109589751
3.916666666627862	98.07596256805536	9.555673324526449
4.016666666604579	98.31304871073311	9.427059499372685
4.116666666581295	98.54415789183082	9.356474034390452
4.216666666732635	98.76729779082167	9.252752614666672
4.316666666534729	98.9784837666522	9.14875275805839
4.416666666686069	99.1856851014295	9.044731051119745
4.53333333338378	99.41679428252709	8.95290498268627
4.649999999906868	99.64391882257137	8.8455228292175
4.766666666604579	99.86108175998213	8.757689079013737
4.883333333302289	100.07027541528603	8.69698816867649
5.0	100.27149978848314	8.61424739634853
5.116666666697711	100.46873952062681	8.553080799050775
5.249999999941792	100.68391013751081	8.480673518510962
5.383333333185874	100.8950961133415	8.401075468654094
5.516666666604579	101.10030512759192	8.346478459934549
5.650000000023283	101.29555253920891	8.292269700318789
5.783333333092742	101.48681530977251	8.246724670804818
5.93333333323244	101.69800128560308	8.191665395526888
6.083333333372138	101.89723333827354	8.144311667173236
6.233333333337214	102.09447307041717	8.10408275239822
6.383333333302289	102.28374352045411	8.071157659525255
6.533333333092742	102.4710216499643	8.037150609976665
6.699999999953434	102.668261382108	7.998563750532556
6.866666666639503	102.86350879372498	7.9906140202732505
7.033333333325572	103.05477156428853	7.964227890880178
7.199999999837019	103.23806505274533	7.953433956754706
7.366666666697711	103.41737390014868	7.933824459866297
7.549999999930151	103.61062899123893	7.939228287426598
7.733333333337214	103.79989944127583	7.916906071567284
7.916666666395031	103.98319292973261	7.90683765715186
8.099999999976717	104.16250177713603	7.9144128968758745
8.29999999993015	104.35376454769953	7.905838119090864
8.499999999883585	104.54104267720969	7.904036197472559
8.699999999837019	104.72035152461306	7.910774642998754
8.91666666668607	104.91360661570337	7.909626420357066
9.133333333185874	105.1028770657402	7.91688001979135
9.350000000034925	105.2841782336702	7.93043317697826
9.56666666653473	105.46348708107362	7.934112279177016
9.79999999993015	105.65474985163725	7.946498590076004
10.03333333332557	105.83804334009392	7.963157500909964
10.26666666672099	106.01934450802409	7.969709714997641
10.51666666648816	106.21060727858752	8.01963569268293
10.76666666660458	106.39589308757101	8.02954271744652
11.01666666672099	106.57520193497443	8.038256191278526
11.28333333338378	106.76646470553798	8.069983119326789
11.55000000004657	106.95175051452141	8.067771980150827
11.81666666653473	107.13902864403165	8.103146992439283
12.09999999974389	107.32630677354177	8.129532353911713
12.38333333330229	107.5115925825253	8.164692008322007
12.68333333323244	107.70484767361553	8.193656790452767
12.98333333333721	107.88814116207234	8.222623197044655
13.28333333309274	108.07741161210929	8.236656558946386
13.59999999974389	108.26867438267281	8.275764704721599
13.91666666639503	108.45595251218289	8.310181414208053
14.24999999994179	108.65119992379985	8.358621138862738
14.58333333313931	108.84047037383682	8.420834325472859
14.93333333323244	109.03771010598048	8.43324799159988
15.28333333332557	109.22897287654402	8.488233096320421
15.64999999979045	109.42621260868778	8.545547871023624
16.01666666660458	109.62345234083143	8.583415645345184
16.39999999979045	109.82268439350187	8.631895999638148
16.78333333332557	110.01593948459215	8.68725017287006
17.18333333323244	110.21915617831593	8.736461096781886
17.58333333313931	110.41838823098624	8.78184523257097
17.99999999994179	110.61961260418347	8.82275732354978
18.41666666639503	110.8168523363271	8.875432512275394
18.84999999974389	111.02206135057764	8.95045253660991
19.29999999998836	111.22727036482816	8.989743656695236
19.74999999988359	111.42849473802521	9.028848860164361
20.21666666667443	111.6356960728024	9.092868801329585
20.68333333329065	111.8389127665263	9.153629304632377
21.16666666662786	112.04810642183014	9.187094468843878
21.66666666668607	112.25730007713406	9.265257517029672
22.16666666639503	112.46250909138456	9.332414875265927
22.68333333334886	112.67369506721519	9.397841256967997
23.21666666667443	112.88687336357256	9.44696372426696
23.76666666672099	113.10005165992975	9.486026502406066
24.31666666659294	113.31522227681387	9.529602005798461
24.88333333318587	113.53039289369791	9.56642722373769
25.46666666667443	113.74954815163538	9.600903155730581
26.06666666653473	113.96671108904609	9.623913661059621
26.68333333329065	114.18586634698354	9.670581024822512
27.30000000004657	114.39904464334086	9.69430755707203
27.93333333334886	114.61222293969819	9.715353800461942
28.58333333337214	114.82938587710886	9.742341807418542
29.24999999994179	115.04455649399286	9.783862213969918
29.93333333323244	115.26371175193036	9.821757864028449
30.63333333324408	115.48485933039453	9.86610384829421
31.34999999997672	115.70401458833192	9.943236503744057
32.08333333325572	115.92715448732277	9.98100998435128
32.83333333325572	116.15029438631363	10.050929277788118
33.59999999997672	116.37343428530443	10.099008645817127
34.38333333324408	116.59657418429519	10.141386878836565
35.18333333323244	116.82569104486623	10.206464550087086
35.99999999994179	117.04883094385713	10.231864299304105
36.83333333337214	117.27595548390127	10.270728995831766
37.68333333334886	117.50108770341897	10.314353386640414
38.56666666659294	117.73020456398983	10.38158999278829
39.46666666673264	117.96131374508757	10.43548970522198
40.38333333324408	118.186445964605	10.476606022111334
41.31666666665115	118.41357050464924	10.577279965280876
42.28333333332557	118.64467968574688	10.575636386393416
43.26666666672099	118.87977350789802	10.643737344087263
44.26666666648816	119.11685965057579	10.663225577120253
45.30000000004657	119.34796883167344	10.752097541185956
46.34999999997672	119.59501657698482	10.985085516576136
47.43333333334886	119.82014879650234	10.838811475597641
48.53333333309274	120.05922725970673	10.74420086085153
49.66666666662786	120.29232876133109	10.64870287832246
50.81666666653473	120.5333995450623	10.736064423322269
51.99999999988359	120.81033209827415	10.536892697596656
53.19999999995343	121.00358718936442	10.555432542349168
54.43333333329065	121.21477316519514	10.562444152094546
55.70000000006985	121.42994378207915	10.575536273254238
56.99999999994179	121.6769915273904	10.550164313361313
58.31666666653473	121.87821590058738	10.396544379062766
59.66666666639503	122.10135579957829	10.638872355155675
61.05000000004657	122.33844194225608	10.841569240558186
62.4666666664416	122.56955112335375	11.0424476582037
63.91666666662786	122.80265262497802	11.07334612894508
65.39999999990687	123.04173108818252	11.354715084342924
66.91666666662786	123.28479419244056	11.256629495787308
68.4666666664416	123.53582657880513	11.154858538765719
70.05000000004657	123.78885128569651	11.142434346476692
71.66666666639503	124.03589903100786	11.15579830106986
73.33333333325572	124.2949006994793	11.153790386507543
75.03333333338378	124.49413275214975	11.143372928209077
76.76666666660458	124.70531872798037	11.080794443744
78.54999999998836	124.93045094749792	10.974742617838794
80.3666666666395	125.16156012859555	10.882164129567164
82.233333333279	125.39665395074657	10.90330332475025
84.13333333318587	125.63174777289764	11.097255859815524
86.08333333325572	125.86484927452209	11.251547895320677
88.08333333313931	126.09197381456639	11.571324919008854
90.1166666666395	126.31511371355728	11.51924906564499
92.19999999995343	126.57212306150188	11.353142900823276
94.33333333325572	126.80721688365301	11.236244720560315
96.516666666721	127.04629534685746	11.203203656502152
98.75	127.3311971821761	11.278596947697245
101.0333333330927	127.54636779906022	11.449203167211175
103.3666666666977	127.7416152106771	11.504502118901488
105.7666666664882	127.9488165454544	11.694643297777128
108.2166666664416	128.1699641239186	11.833688287306833
110.7166666667326	128.40705026659631	11.704398640446968
113.2833333333838	128.66007497348772	11.943211948819105
115.9000000000233	128.92106896248592	12.066152361706404
118.5833333333721	129.18803991306436	12.061875119884187
121.3333333332557	129.44903390206238	12.838896819335325
124.1333333333023	129.7000662884272	12.750101901477167
126.9999999998836	129.95707563637205	12.799935123214132
129.9333333333489	130.17224625325605	12.527440027786875
132.9333333333489	130.37944758803317	12.336700090425305
135.9999999998836	130.602587487024	11.922434685741724
139.1500000000233	131.00105159236495	11.856654548109699
142.3666666666977	131.20028364503534	12.02351019775677
145.6499999999069	131.45330835192664	12.602522891651763
149.016666666721	131.65254040459698	12.40142141144381
152.4666666664416	131.84978013674075	12.603164598801088
155.9833333333954	132.00916577887705	13.09127810952981
159.5833333332557	132.25023656260828	13.074908061659855
163.266666666721	132.52916143634678	13.444129901500308
167.0333333330927	132.90969465694727	8.930502920559148