0.07083333365153521	0.8888046305366766	0.9769398948511543
0.1283333334722556	2.6212204358200557	0.5160576962835335
0.1458333335467614	2.6212204358200557	1.0020500113815318
0.248611111252103	5.385553481641779	5.908956014041061
0.2661111113266088	5.385553481641779	7.608591133003969
0.3205555557506159	6.974856676923475	7.909325032687248
0.3383333334932104	6.974856676923475	8.451706338106238
0.3961111111566424	8.496369688520176	9.464342272525293
0.5258333334932104	11.079928911181904	9.701436469544412
0.5966666669701226	12.337813430670266	10.539948134306636
0.6144444447127171	12.337813430670266	10.82392238298061
0.7172222224180587	14.431776882273656	13.311482331976174
0.783888889127411	15.576677762286996	12.950298027016439
4.86888888903195	34.30183294461072	3.7349261624785846
5.092777778045274	34.43741331198072	3.971675648302718
5.215000000200234	34.512735738297394	4.089796419441973
5.908333333558403	34.972202538829094	2.9023783469407296
6.085833333490882	32.30578864721901	4.564884562696659
6.282500000204891	33.60886662249739	4.668788602627978
6.432222222501878	34.490139010402416	4.362094055772051
6.632222222455312	35.220766545674095	4.833664792049164
6.825833333423361	35.589846434625755	16.888585146352902
7.022500000311993	35.77062025778577	12.490127008051775
7.213055555708706	35.913732867787445	8.978093985478045
7.415000000037253	36.04178099252576	6.516609911357781
7.614444444479886	36.19242584515912	5.541817224745081
7.880277777789161	36.365667425687434	5.521713118450523
8.150000000197906	36.54644124884746	5.64834161681799
8.418333333567716	36.73474731463911	5.906757291516645
8.615277777949814	36.8703276820091	5.96514420604234
8.890000000130385	37.066165990432445	6.215701272511362
9.104166666744277	37.20927860043413	6.387985697963343
9.35833333345363	37.390052423594106	6.5722720827684435
9.574444444442634	37.53316503359578	6.7215990020497
9.821388889162336	37.70640661412414	6.839474806629656
10.09222222241806	37.89471267991581	7.072036771104276
10.35888888908085	38.0830187457075	7.226742687924635
10.63333333359333	38.271324811499156	7.4078669893292055
10.95500000019092	38.48222760518582	7.586131812806385
11.21388888917863	38.67053367097749	7.762647181393887
11.48888888920192	38.85883973676915	7.826588121626429
11.75833333359333	39.03961355992913	8.04607691699297
12.14527777803596	39.29570980940585	8.243919169238909
12.42777777789161	39.49154811782919	8.320132372271816
12.721388889011	39.67232194098918	8.467366465459117
13.09916666691424	39.93595043309754	8.560680822215327
13.40666666685138	40.13178874152086	8.740167587577051
13.76888888888061	40.35775602047083	8.84517423010472
14.10583333350951	40.57619105678919	9.01458891662618
14.50055555580184	40.809690578370876	9.0696905566779
14.8830555556342	41.058254585215856	9.23646289349873
15.34777777787531	41.33694756258755	9.43468800378833
15.75777777802432	41.577979326800886	9.478231076210037
16.13527777791023	41.80394660575089	9.7584079061938
16.61888888909016	42.090171825754254	9.87435892019418
17.09527777793119	42.3688648031259	10.119413349190127
17.55638888909016	42.61742880997089	10.390830880661348
18.02722222247394	42.90365402997428	10.575397690938399
18.49527777777985	43.16728252208259	10.829460980647758
18.9616666669026	43.43844325682258	11.074067785919876
19.42694444447989	43.70960399156258	11.370532317128154
19.9455555556342	44.01089369682929	11.68671811641184
20.42305555567145	44.26698994630596	11.881302697837421
21.01666666689562	44.61347310736264	12.199234206402567
21.56111111131031	44.92982729789263	12.50388611473798
22.09944444475696	45.23111700315932	12.802709364006018
22.61583333351882	45.50980998053098	13.094095275782692
23.15138888906222	45.81863192842929	13.421812003647043
23.74527777777985	46.15005060422267	13.708388447838399
24.29666666686535	46.46640479475266	13.951224043935214
24.88416666677222	46.80535571317766	14.252171493396345
25.5061111113173	47.151838874234365	14.610502676656312
26.10944444459165	47.483257550027695	14.861719547046127
26.75777777808253	47.844805196347714	15.2122362004114
27.41722222231329	48.20635284266772	15.475941755761928
28.08277777803596	48.56790048898773	15.769287180418255
29.00111111142905	49.06502850267772	16.16461069948654
29.6855555557413	49.441640634261034	16.480091116051682
30.42055555572733	49.83331725110773	16.868962023447946
31.21555555576924	50.26265508111274	17.261044583170776
31.95472222252283	50.6543316979594	17.584038731622464
32.70638888888061	51.046008314806116	18.009271503897885
33.55833333358169	51.49794287270608	18.363547274166436
34.42166666686535	51.964941915869474	18.76546623260557
35.22444444475696	52.386747503242795	19.154407166864615
36.0441666666884	52.80855309061614	19.51485515412644
36.88305555575062	53.26048764851615	20.03669023929336
37.76444444461959	53.71242220641618	20.380344688167305
38.74833333352581	54.217082462737835	20.76272351308498
39.68861111142905	54.70667823379617	21.2022180747346
40.61611111136153	55.173677276959495	21.636440611511585
41.5611111111939	55.67833753328117	21.938890033158327
42.61305555567378	56.1980622748662	22.498104315331393
43.61972222244367	56.702722531187895	22.890100470283564
44.63277777802432	57.2149150301412	23.353948830791097
45.6941666668863	57.742172014357905	23.79142962233569
46.82472222251818	58.29202572646955	24.156387324967596
47.91944444464753	58.84941168121295	24.732064583415113
49.03611111128703	59.384200908061274	25.162575821267804
50.29166666697711	60.009377046489604	25.69527277202528
51.55722222221084	60.611956457022984	26.159732208678015
52.95194444461959	61.282326051241334	26.846242116976466
54.23055555584142	61.90750218966967	27.27014467833118
55.50111111119622	62.50254935757135	27.77680122351122
56.88750000024447	63.165386709158035	28.25921230393711
58.21555555576924	63.77549836232303	28.74142326488877
59.56666666700039	64.42327122864636	29.20285986366223
60.96750000002794	65.07104409496971	29.56947308581714
62.43194444454275	65.73388144655638	30.13439924656871
63.89833333343267	66.40425104077475	30.566348465450375
65.41361111128936	67.07462063499308	31.188084528835333
66.94527777802432	67.75252247184311	31.59945938091644
68.49277777795214	68.42289206606148	32.13632548497094
70.1491666669026	69.15351960133312	32.69822971782439
71.7744444446289	69.85401816607813	31.88425398480508
73.51027777791023	70.61477467187648	33.74687567229176
75.26000000000931	71.36046669241149	34.396392284338084
77.09055555565283	72.14381992610487	35.117302627156704
78.96305555576691	72.92717315979819	35.62290819746249
80.86638888908783	73.42430117348822	36.173614903055935
83.26083333359566	74.68971793560826	36.90248463396995
85.23527777806157	75.51073238245996	37.418426489031255
87.22500000020955	76.3317468293116	38.05065019980332
89.34916666697245	77.16782576142668	38.65692709696474
91.42833333351882	77.98884020827832	40.353991054729434
93.58111111127073	78.83245138302499	39.69361249158734
95.77222222241107	79.66853031514002	40.1371248369279
99.78944444475928	81.2201722972634	41.11314485398023
102.3791666669422	82.16923486885341	41.64096837025185
105.8319444447407	83.4271193883418	42.348987036458105
108.3000000002794	84.31592401887848	42.941738438237394
110.8200000001816	85.22732537731011	43.41445424718275
113.4913888890878	86.16132346363678	43.84829612516691
116.2288888891926	87.10285379259516	44.33794111760236
118.9744444446405	88.03685187892187	44.85610733352398
121.8166666670004	89.00097893577525	45.331992079869124
124.6858333336422	89.95004150736521	45.670010247481486
127.566666666884	90.89157183632359	46.1286440880249
130.6038888889016	91.84816665054525	46.59616773299457
133.7383333333419	92.83489043529363	46.98431909629506
136.8330555558787	93.7914852495153	47.272305773069675
140.0886111111031	94.770676791632	47.93351850166949
143.3655555558507	95.74986833374871	48.53436321209805
146.7041666666628	96.72905987586535	49.243042224821615
150.0872222225298	97.69318693271873	49.8098235877437
153.6275000000023	98.67991071746712	50.15592557261996
157.2163888891228	99.72689244326882	50.782081439082404
160.9491666667163	100.7889386543338	51.43815486187511
164.6822222225019	101.8359203801355	52.0175721276522
168.4991666668793	102.87536986330552	52.636145164534646
172.4302777778939	103.91481934647553	53.05203017678924
176.4905555555597	104.96180107227725	53.57803787569229
180.6258333334699	106.01631504071054	53.9029177794603
184.8125000000582	107.0858934944072	54.18313557361787
189.0961111114011	108.14040746284057	54.48556302259111
193.4952777780709	109.20245367390568	54.806166555380024
198.0444444447057	110.28709661286564	54.70157334409353
202.6500000001397	111.34161058129901	55.727089986666776