0.002777777845039964	1.2107331030490327	1.6453510935616968
0.005555555748287588	2.6623179249933666	2.5430581351356225
0.00833333347691223	3.799889081173664	3.2116256018327203
0.01111111120553687	4.806675164190361	3.929209054390895
0.01388888893416151	5.757780473483971	4.775868866737929
0.01666666683740914	6.7050010776340825	5.548324805797257
0.0194444443914108	7.60625267091978	6.3037283700587095
0.02222222229465842	8.500382304775775	7.144834528028575
0.02500000019790605	9.3776782163434	7.914212017250406
0.02777777775190771	10.251089422767524	8.650503965089491
0.03055555565515533	11.104429652617053	9.36619679949543
0.03333333338377997	11.94805811960791	10.09310961325894
0.0361111112870276	12.77485286431037	10.781357057874107
0.03888888884102926	13.606179765013549	11.452723970817264
0.04166666674427688	14.41678823828489	12.10288941323329
0.04444444464752451	15.21509514526855	12.717011351550283
0.04722222237614915	15.999805584250044	13.301590420822533
0.05000000010477379	16.778041514659105	13.863414799942309
0.05277777765877545	17.537501370208037	14.431617188267891
0.05555555573664606	18.293723971470765	14.978224583032732
0.05833333329064772	19.033760301302333	15.469701985889218
0.06111111119389534	19.771206827704944	15.960687308855748
0.06388888909714296	20.489229828390144	16.429802085553813
0.06666666665114462	21.20077832050293	16.8968438981606
0.06944444455439225	21.895493090327314	17.33148185978992
0.07222222228301689	22.582438449864757	17.753896938142283
0.07500000018626451	23.255139890542804	18.127600558937598
0.07777777774026617	23.92913623293533	18.539376304073436
0.0805555556435138	24.589536107325703	18.890024181194395
0.08333333354676142	25.229865005141487	19.261634918962944
0.08611111127538607	25.87602096067247	19.60097773591481
0.08888888900401071	26.492394176770155	19.911386317082915
0.09166666655801237	27.12171641001275	20.187538331408938
0.09444444463588297	27.72514060896554	20.45971062880821
0.09722222218988463	28.32532755363208	20.740905927978428
0.1000000000931323	28.919039989726166	20.989048923210508
0.1027777779963799	29.4991559578181	21.20689488512564
0.1055555555503815	30.06243820362167	21.434599613125638
0.1083333334536292	30.621835744281753	21.61360869324754
0.1111111111822538	31.173463874654882	21.80684308906385
0.1138888890855014	31.71343788959762	21.987864505467286
0.1166666666395031	32.252117002825855	22.166170325631093
0.1194444445427507	32.77849454976641	22.331844322520226
0.1222222220967524	33.28739092356136	22.42080250515351
0.1277777779032476	34.29676681000704	22.70122595225892
0.1333333335351199	35.26859054673249	22.885113422006686
0.1388888889923692	36.222933110312326	23.03446554355302
0.1444444444496185	37.12159490016904	23.140280140523686
0.1500000000814907	38.0040704185946	23.20454075177523
0.15555555553874	38.84510908215647	23.234925534965633
0.1611111109959893	39.66478186742923	23.225821408578135
0.1666666668024845	40.464383676127376	23.17782611406668
0.1722222224343568	41.22513843339083	23.146278657334452
0.1777777778916061	41.95999515636444	23.063999750666646
0.1833333333488554	42.66701149247649	22.99781283486254
0.1888888889807276	43.35719410630017	22.862282400651164
0.1944444444379769	44.024715940120224	22.69138524788181
0.1999999998952262	44.66698719050775	22.525678904968437
0.2055555557017215	45.28595021003442	22.32502359554843
0.2111111113335937	45.88354735127199	22.08617665313802
0.216666666790843	46.462368417649444	21.896848082921505
0.2222222222480923	47.012701646308095	21.39128100646947
0.2277777778799646	47.547496054392845	19.937338252645645
0.2333333333372138	48.069341445332704	18.379621513890182
0.2388888887944631	48.55946174426754	17.482669651682208
0.2444444446009584	49.041812632915374	15.402695508706929
0.2527777777868323	49.71904622959416	13.423977929976159
0.2611111111473292	50.28427082796943	11.562038342035692
0.2694444445078261	50.479800986857576	9.33561560276688
0.2777777776937001	50.54389862172488	7.320985036278671
0.286111111054197	50.56785430344295	5.378281727060502
0.2944444445893168	50.6028166497342	3.3930729422601353
0.3027777779498138	50.63454174173924	2.8130025947090127
0.3111111111356877	50.648138209741376	1.5519840466889439
0.3194444444961846	50.667561735458754	1.1085429074937965
0.3277777778566815	50.69475467146307	0.9999819193444904
0.3361111110425554	50.721947607467364	1.0287161860325
0.3444444445776753	50.7478456417572	1.0423070884361005
0.3527777779381722	50.771801323475266	1.0439776325460206
0.3611111112986691	50.7989942594796	1.0828922652899338
0.3694444444845431	50.826187195483904	1.1468711209799993
0.3805555557482876	50.86244444348966	1.1857147502996568
0.3916666668374091	50.889637379493955	1.2062483154404835
0.4027777777519077	50.929131881785935	1.2381428122888003
0.4138888888410293	50.9627993263627	1.2668032213984193
0.4250000001047738	50.99776167265396	1.318206521549705
0.4361111111938953	51.0340189206597	1.3321955612343543
0.4472222222830169	51.06444911095022	1.3552993245416693
0.4583333335467614	51.09682165381253	1.4069309357942885
0.469444444635883	51.130489098389276	1.4520981808084394
0.4805555555503815	51.17127850239574	1.469637743850178
0.4916666666395031	51.19393928239934	1.5260340096481768
0.5055555554572493	51.244440449264474	1.5330113478537912
0.5194444444496185	51.28134514812747	1.5682164742094424
0.5333333334419876	51.32278200299119	1.628283109448723
0.5472222224343568	51.37393062071355	1.6712222646617476
0.561111111252103	51.41213022129104	1.676068306326961
0.5749999998952262	51.45874668301273	1.7459816558004952
0.5888888888875954	51.49306157844672	1.7587113098795013
0.6027777778799646	51.54162039274016	1.775272630244916
0.6194444446009584	51.58435214931834	1.8670878837714022
0.6361111111473292	51.63744311961247	1.8745578740703175
0.6527777776937	51.683412130476896	1.9371536309025459
0.6694444445893168	51.7319709447703	1.9583016240287698
0.6861111111356877	51.78117720992097	2.029858872987549
0.7027777778566815	51.82520386821368	2.012788281040452
0.7194444445776753	51.88347444536576	2.0575559772531107
0.7361111112986691	51.93073835794466	2.1255759239964234
0.7555555557482876	51.983829328238784	2.182247875915802
0.775000000197906	52.043394807105386	2.212255827324982
0.7944444446475245	52.09778067911399	2.242063526970344
0.813888889097143	52.154756354551616	2.2811325600081025
0.8333333335467614	52.1987830128443	2.3448509737422145
0.8527777779963799	52.253168884852904	2.3527766943374004
0.875000000174623	52.31791397057747	2.3694361694026136
0.8972222223528661	52.38719121230272	2.4249256662996497
0.9194444443564862	52.440282182596846	2.458458120945155
0.9416666668839753	52.495962956319964	2.489987358599466
0.9638888888875954	52.55552843518656	2.536462488891151
0.9888888887944631	52.62545312776906	2.5861906302662154
1.013888889050577	52.69084566435084	2.6233523599540187
1.038888888957445	52.74587898721671	2.649092121528524
1.063888889038935	52.812566425513005	2.664801650963116
1.088888888945803	52.87795896209479	2.74534553710889
1.116666666755918	52.94464640039108	2.800151186885385
1.144444444391411	53.019103248974304	2.7961569144803167
1.172222222376149	53.07996362955538	2.8678029490923973
1.200000000186265	53.14729851870891	2.877169515028519
1.22777777799638	53.21269105529069	2.951041572121786
1.25833333353512	53.28650045301669	2.9834595792460377
1.28888888907386	53.36613690845788	2.9860441833885503
1.319444444437977	53.43800395361214	3.0592906417900707
1.35000000015134	53.49497962904972	3.038151125018141
1.383333333244082	53.58497529820686	3.1319377494446408
1.416666666686069	53.651015285645904	3.148966557049625
1.449999999953434	53.7280619376581	3.203185544936404
1.486111111298669	53.807698393099294	3.2538687663041084
1.522222222294658	53.87632818396732	3.275989754104795
1.558333333290648	53.96243914798094	3.2822808164594663
1.594444444635883	54.02524188113377	3.371841543199956
1.63333333353512	54.117179902862645	3.3491899570450157
1.672222222434357	54.19034184973137	3.4210964514848676
1.711111111333594	54.27386301031604	3.439167000369689
1.752777777786832	54.36256377775867	3.510239139720467
1.794444444589317	54.4473798400578	3.5317051626916807
1.836111111042555	54.519894336069314	3.548050307143069
1.880555555748288	54.609890005226404	3.6510939630985835
1.925000000104774	54.688879009810364	3.6491612899871866
1.969444444635883	54.774989973824006	3.6859163187280006
2.016666666546371	54.859806036123196	3.7187407276978575
2.063888888980728	54.957571115567255	3.7328315792858753
2.113888888794463	55.03332286586496	3.7709158098465165
2.163888888957445	55.124613436736574	3.8185588683745766
2.213888888945803	55.220436163608916	3.833825363308234
2.266666666837409	55.30978438190877	3.9121761648858735
2.319444444554392	55.39330554249345	3.9259625043525017
2.375000000174623	55.48977572022302	3.9714652379301825
2.430555555445608	55.57977138938014	3.990107006531607
2.488888888794463	55.6775364688242	4.047932641364499
2.547222222143319	55.766237236266846	4.065260788606541
2.608333333395422	55.86076506142467	4.07052387432562
2.669444444647525	55.96435719858394	4.15767886880813
2.733333333453629	56.05823757288455	4.172861819699256
2.797222222434357	56.15535520147136	4.2087707712397915
2.863888888794463	56.26088969120239	4.231891214816076
2.930555555678438	56.35153281121675	4.270026853122709
2.999999999941792	56.44865043980356	4.305557751028482
3.069444444554392	56.54576806839039	4.347740249297162
3.141666666546371	56.662309222694574	4.3507306294284644
3.216666666790843	56.75295234270894	4.402161739762752
3.291666666686069	56.85848683243995	4.416309001429381
3.369444444484543	56.95689936274124	4.418742762264806
3.447222222283017	57.06308130332952	4.472764715285436
3.527777777984738	57.162788735345316	4.488421168423871
3.611111111240462	57.26961812679082	4.53934165225214
3.694444444496185	57.37256281309286	4.490883457255671
3.780555555655155	57.480039655395586	4.516329045425386
3.869444444542751	57.582336890840374	4.547680694225254
3.961111111333594	57.68787138057138	4.572341663486228
4.052777777949814	57.79534822287413	4.578318057927304
4.147222222294658	57.895703105747195	4.579449867766475
4.244444444542751	58.01030190747962	4.577503923188513
4.344444444344845	58.111304241209936	4.594006996757057
4.447222222399432	58.20906932065401	4.577783244357676
4.550000000104774	58.323668122386444	4.589499233572675
4.65555555553874	58.42790771040297	4.554176678357405
4.763888889050577	58.53667945442019	4.527708804080943
4.874999999941792	58.636386886436014	4.560443135944932
4.988888889085501	58.74127392530978	4.50908628498163
5.105555555608589	58.85069312018427	4.5144397335885476
5.225000000034925	58.952990355629055	4.558477642504311
5.347222222189885	59.058524845360054	4.502735973839623
5.472222222248092	59.15111031794618	4.4781230349343035
5.600000000034925	59.25081774996195	4.3989778061470215
5.730555555550382	59.36153184655094	4.422910380758614
5.863888888794463	59.45864947513777	4.404880990645381
5.999999999941792	59.55965180886805	4.330607434995421
6.138888888992369	59.669071003742545	4.308893379388052
6.280555555771571	59.76554118147212	4.236613888621051
6.427777777658775	59.86265881005894	4.266009685189684
6.577777777973097	59.94617997064359	4.230895868920323
6.730555555492174	60.0530093620891	4.153914889044065
6.886111111089122	60.150774441533144	4.103151867335369
7.047222222143319	60.23623795468957	4.053220246670178
7.211111111275386	60.330765779847404	3.996963386242249
7.377777777786832	60.41169713700309	3.9203106056149766
7.550000000104774	60.51334692159063	3.864139518935059
7.724722222134005	60.60075278731875	3.875177599458323
7.905277777987067	60.6868637513324	3.7490944211314665
8.088611111219507	60.76714765763085	3.67027573940703
8.277500000083819	60.85261117078727	3.663978164319073
8.469166666676756	60.943901741658856	3.5558956576084535
8.666388889076188	61.01641623767036	3.5373297213888786
8.866388889029622	61.0941103405398	3.436500076437733
9.071944444614928	61.18022130455347	3.381464731105254
9.28305555548286	61.246908742849755	3.2924255589614138
9.499722222331911	61.3200706897185	3.231627264113304
9.719166666734964	61.40229694858866	3.183705981481202
9.944166666595265	61.46186242745524	3.0727480236896407
10.17472222243669	61.53696672689573	3.024271189309092
10.41083333338611	61.605596517763736	2.9579571088779755
10.65250000014203	61.67552121034626	2.848334173689086
10.89972222218057	61.73249688578386	2.8220768683889577
11.15250000002561	61.793357266364936	2.764844666905059
11.4108333333279	61.86263450809019	2.6526225387843243
11.67472222243669	61.91831528181331	2.63052008069855
11.9441666668281	61.97464350639363	2.5277583957203738
12.22194444458	62.031619181831246	2.4630674065215974
12.50527777778916	62.08276779955365	2.4395006808006814
12.79416666663019	62.14039092584849	2.3488295772710894
13.09138888883172	62.1947767978571	2.292444309630318
13.39416666683974	62.241393259578786	2.2033019485110557
13.70527777768439	62.293836779015685	2.174988403415157
14.02194444433553	62.335921084736626	2.097387910738097
14.3469444445218	62.38383244817278	2.0621526225825026
14.68027777789393	62.44598773046837	1.9905855719997017
15.01916666672332	62.473828117329916	1.946292442554001
15.36638888908783	62.516559873908115	1.8900563503686632
15.72194444463821	62.55734927791458	1.8394078818360027
16.08583333337447	62.603965739636266	1.7807303554460092
16.45805555564584	62.63569083164129	1.7485896517017814
16.83861111127771	62.681012391648466	1.6937649615938006
17.22750000009546	62.70950022936725	1.6126895883500914
17.62750000017695	62.75287943680272	1.5985360025680841
18.03583333344432	62.789136684808454	1.5538142865994702
18.45249999989756	62.81956687509898	1.4990103013078238
18.88027777778916	62.85323431967577	1.4441427383548446
19.31638888904126	62.884959411680796	1.4160690991502156
19.76361111103324	62.91538960197133	1.3608848589554812
20.22194444463821	62.951646849977074	1.31726300125223
20.68861111107981	62.974955080837915	1.2276785040154243
21.16638888878515	63.0034429185567	1.2310166267448452
21.65527777792886	63.02675114941754	1.1524651188585213
22.15527777798707	63.0558864379936	1.1349631361956531
22.66638888878515	63.07854721799719	1.0942016600732736
23.19138888892485	63.10638760485874	1.026024877050447
23.72749999997905	63.1212789745754	1.011011539800096
24.27472222229699	63.13617034429205	0.9551588910076572
24.83583333343267	63.173075043155016	0.9344939461444268
25.41083333338611	63.17890210087024	0.9000069433442692
25.99694444442866	63.206742487731795	0.8607253118977618
26.59694444463821	63.22551856259191	0.8361013078868278
27.21083333349088	63.23458287459335	0.7574964713998921
27.83861111098668	63.26566051574113	0.799702725016434
28.48305555572733	63.27148757345634	0.794023381402613
29.14138888911111	63.29350090260267	0.7192499449246024
29.81361111131264	63.30580246889035	0.7514912896808839
30.50249999988591	63.32263619117873	0.7460128235292307
31.20805555552943	63.33752756089537	0.7043857496514726
31.93027777789393	63.340764815181586	0.705095999261896
32.66916666663019	63.368605202043156	0.6739444941104081
33.42472222243669	63.381554219188075	0.7125168601204414
34.19694444461493	63.3951506871902	0.6711120448062463
34.98583333351417	63.4106895077641	0.6885012453855058
35.7941666666884	63.43658754205393	0.6909547483806735
36.62194444448687	63.44241459976912	0.6708409591305123
37.46916666673496	63.45147891177058	0.6820255454072316
38.33583333343267	63.47284479005968	0.6661125145968138
39.22194444458	63.490325963205315	0.6901848261719723
40.12750000017695	63.49939027520676	0.6589809601767161
41.05527777777752	63.516871448352354	0.6466798576140013
42.00250000017695	63.53435262149801	0.6264791636200183
42.97194444458	63.54276948264219	0.676596996210678
43.96361111098668	63.54924399121463	0.7078119087441147
44.97750000009546	63.57190477121822	0.6395897623088966
46.01638888911111	63.59197574779283	0.6661636389092505
47.08027777768439	63.59586045293632	0.6261650146404067
48.16638888878515	63.607514568366724	0.6165425341367518
49.27750000014203	63.62693809408407	0.589512618949452
50.41638888878515	63.647656521515955	0.6619174425734786
51.58027777768439	63.665785145518825	0.6646376631755313
52.77194444439374	63.66643259637606	0.6218463412051559
53.99138888908783	63.69168317980865	0.6213702923868142
55.23861111124279	63.688445925522416	0.6169276960081274
56.51361111103324	63.70268984438183	0.6377317535138212
57.8191666668863	63.71434395981223	0.6581492766115765
59.15250000002561	63.72340827181368	0.5962720414665238
60.51916666678153	63.754485912961464	0.57520230954066
61.91638888907619	63.75837061810493	0.5849925318378618
63.34416666673496	63.77131963524984	0.5792159791043945
64.80527777783573	63.789448259252694	0.5302854979563401
66.29972222237848	63.79333296439616	0.6026832128636324
67.83027777791722	63.811461588399055	0.6053834198776263
69.39694444462657	63.831532564973664	0.5882000152924021
70.99972222233191	63.829590212401925	0.5882212011088377
72.63861111103324	63.84318668040409	0.5418501889951715
74.31638888898306	63.863905107835926	0.5787464559660951
76.03027777792886	63.86261020612147	0.563452497887611
77.7858333333279	63.871027067265636	0.5418096068941581
79.58027777797543	63.89174549469748	0.572901312605874
81.41638888907619	63.90663686441415	0.5406735614387942
83.29416666663019	63.91246392212933	0.5254024872073649
85.21638888888992	63.92088078327354	0.5454711223899723
87.18305555568077	63.93577215299019	0.5285160805895686
89.1941666668281	63.95195842442131	0.5041526134699038
91.25249999988591	63.95908038385102	0.5405723854235056
93.35805555572733	63.96943959756693	0.5375900542283036
95.51361111103324	63.98368351642637	0.5132953854738329
97.71638888894813	63.990805475856064	0.4748958881679572
99.97194444458	64.00504939471546	0.5035085091784731
102.2775000000256	64.00958155071618	0.5338542662543441
104.6386111110915	64.0173509610031	0.49521065189295144
107.0525000000489	64.02965252729079	0.484718552046235
109.5219444446266	64.04001174100671	0.4979744284028418
112.0497222223785	64.04713370043642	0.4977379048907273
114.6358333334792	64.05943526672407	0.46004409058459733
117.2802777779289	64.06137761929581	0.4704315629824298
119.9858333332813	64.07626898901245	0.46757410974967367
122.7552777777892	64.0937501621581	0.49424259980283913
125.5886111112777	64.09569251472983	0.4735333898387684
128.4858333333978	64.1079940810175	0.4602255469767325
131.4497222222271	64.11900074559065	0.436142845549074
134.4830555554945	64.12871250844933	0.417972975625009
137.5858333333745	64.13065486102109	0.39963935367743364
140.760833333421	64.14036662387974	0.40350929489487536
144.0080555556342	64.15331564102466	0.34976868213407697
147.3302777779172	64.16626465816955	0.2603123473668582
150.7302777778241	64.16691210902682	0.27154311071835685
154.2080555555294	64.17468151931378	0.16642687339985673
157.7663888891111	64.17727132274277	0.10180995287946387
161.405277777696	64.17856622445723	0.22849288183932526