0.006359999999972388	0.5942488634941071	0.47733213646927164
0.01271999999994478	1.1824878389060693	1.2199977154273254
0.01907999999991716	1.7652084526922482	1.7708134917196396
0.02543999999988955	2.3427064099141095	2.321880293613896
0.03179999999986194	2.915199035061876	2.8673124614877623
0.03815999999983433	3.482858695990137	3.4055979470935913
0.04451999999980671	4.045827970106732	3.9362693102557946
0.0508799999997791	4.6042288216808425	4.459209759152
0.05723999999975149	5.158168383634594	4.984760844900339
0.06422433632394586	5.763632340234263	5.554770226898933
0.07206089057081044	6.437036925961882	6.157577436288148
0.0808536490538927	7.181262330601105	6.820570609149754
0.0907192863361388	8.007276993602082	7.554349919016427
0.10178871343021	8.920399668190333	8.373596226686765
0.114208814908352	9.93497564783003	9.279578465876448
0.1281443979711412	11.056612901380413	10.250323044993648
0.1437803793390913	12.294594169764498	11.285812891757285
0.1613242389850029	13.654519465976716	12.410672440794386
0.1810087732674219	15.151334254203949	13.632376077413943
0.2030951839966519	16.79235297579401	14.911216041405467
0.2278765444241344	18.583373542064145	16.293958928993423
0.2556816881464101	20.542465070171346	17.759284962644163
0.2868795725273685	22.67050904851753	19.257101415894986
0.3218841745380132	24.97403322478335	20.853539253408112
0.3611599839794053	27.469123811206497	22.49085850635404
0.4052281669803506	30.14900751487192	24.12335021977675
0.4546734815548916	33.01923397033482	25.797946175553392
0.5101520369862556	36.08381027633527	27.435202723565624
0.5723999999983107	39.32999041645433	29.009534221959576
0.6422433632405955	42.755873520658305	30.51963630230173
0.7206089057089002	46.348395679666694	31.880194204896
0.8085364905397228	50.08601685814233	33.08116749365835
0.9071928633620701	53.953347427947904	34.082573528984845
1.017887134303237	57.91964728447842	34.81472290827478
1.142088149084771	61.95350217947907	35.26888807726411
1.281443979712662	66.02217286623589	35.40800373632738
1.437803793391709	70.08574695287352	35.206996511005954
1.613242389850825	74.10575455186358	34.649707579991535
1.810087732674788	78.03862237799157	33.75831149048585
2.030951839966747	81.85102778230168	32.55869348103211
2.27876544424123	85.50541753412152	31.055118340930825
2.556816881464329	88.96953452136081	29.34714393987505
2.868795725273799	92.22874109317854	27.474816185450994
3.218841745379791	95.26006529515364	25.490881811992157
3.611599839793712	98.06102809070572	23.530685258299375
4.052281669802596	100.63970998198143	21.59690597521092
4.54673481554812	102.99431070141316	19.76664729784976
5.101520369862215	105.15052839500119	18.139031585249448
5.723999999982766	107.12919585843409	16.66089015695795
6.422433632405046	108.94383744543003	15.383492237130271
7.206089057088093	110.62686060567489	14.330529555203817
8.085364905396318	112.19709452247163	13.435914927687245
9.071928633620132	113.67177932700152	12.709060234440253
10.17887134303214	115.071727994624	12.124949582144811
11.42088149084748	116.40837819376462	11.643797420625699
12.81443979712662	117.69338102039228	11.260913262260962
14.37803793391754	118.93696753300408	10.947876067413032
16.13242389850916	120.14425633894768	10.688612189168328
18.10087732674936	121.32171699908619	10.481299797816577
20.30951839966872	122.47392602302286	10.306214331307556
22.78765444241356	123.60282242457322	10.160964988384702
25.56816881464408	124.71229750504638	10.046017622267279
28.68795725273867	125.80425806476948	9.952253514148211
31.86795725273862	126.78688933719417	9.88461062519249
35.04795725273857	127.66552462835745	9.830089501749551
38.22795725273852	128.45958796882593	9.792495364637432
41.40795725273847	129.18325055735892	9.764488506877765
44.58795725273842	129.84832186449472	9.745589383275082
47.76795725273837	130.46272151133164	9.734908777547458
50.94795725273832	131.03398400089816	9.727129660579035
54.12795725273827	131.56736295428144	9.727347033536908
57.30795725273822	132.06727055381614	9.728475773188627
60.48795725273817	132.53777283323205	9.735574312313165
63.66795725273812	132.9820149290023	9.743495980698437
66.84795725273807	133.4026813710747	9.75476745249288
70.02795725273802	133.80208175353263	9.768104667499024
73.20795725273797	134.18221676104216	9.782416719494607
76.38795725273792	134.54483057439793	9.798786867429607
79.56795725273787	134.89139391482573	9.819454570929697
82.74795725273782	135.22304231955746	9.838535203424216
85.92795725273777	135.54120629857135	9.859472352172936
89.10795725273772	135.84695476934166	9.884751892853899
92.28795725273767	136.14124057355147	9.907563097537816
95.46795725273762	136.4244430938605	9.933630980597759
98.64795725273757	136.69778433515123	9.960546328570352
101.8279572527375	136.96196437048354	9.974337642791209
105.0079572527375	137.2170964545637	9.994852946584762
108.1879572527374	137.46423365458352	10.012957187886917
111.3679572527374	137.7037178185058	10.018088097407459
114.5479572527373	137.93422557691704	10.027943739754697