0.5530559999988327	13.830163702815483	0.9881465732012039
1.053055999998833	13.588906216497698	1.3226986181474636
1.553055999999742	14.50741444247033	2.5997683608430915
2.053055999998833	15.290671951902443	2.950038822970549
2.553055999998833	15.970422068802257	3.15970668663257
3.053055999999742	16.555071329363198	3.3490119557874256
3.553055999998833	17.08794921295143	3.6481998557300432
4.053055999998833	17.599883369089667	3.7329192206520454
4.553055999999742	18.03476105126889	3.795302969448942
5.053055999998833	18.452613085461604	3.965388496445305
5.553055999998833	18.840823705955405	3.966458061665606
6.053055999999742	19.189054643048028	4.069884213199964
6.553055999998833	19.532797297891513	4.276134515479811
7.053055999998833	19.86287782652515	4.41826498953898
7.553055999999742	20.181005266980094	4.493422390351929
8.053055999998833	20.480289668929743	4.484188150869294
8.553055999998833	20.74982064059899	4.51626204178627
9.172778000000108	21.08365936625458	4.6550508548202565
9.672777999999198	21.346432469454367	4.7815158934460795
10.17277800000011	21.599503284944984	4.842039207891515
10.67277800000011	21.85032824358461	4.890928477444526
11.1727779999992	22.082830232395953	4.957747028216993
11.67277800000011	22.311354992801224	4.987730902581271
12.17277800000011	22.534751708549987	5.10404168985429
12.6727779999992	22.751868690988488	5.12962936923323
13.17277800000011	22.96902266332619	5.156208723781706
13.67277800000011	23.16897487853462	5.188315413374686
14.1727779999992	23.366659543130435	5.194502720453172
14.67277800000011	23.559201623014996	5.333250261022974
15.17277800000011	23.749473186115754	5.403797699868729
15.6727779999992	23.943797818547942	5.396789746090203
16.17277800000011	24.127226017657527	5.391652829971114
16.67277800000011	24.297452486849746	5.454117397201703
17.1727779999992	24.465975966673735	5.43328652503311
17.67277800000011	24.64890375526027	5.534996214943422
18.17277800000011	24.818624288708676	5.6066284023118795
18.6727779999992	24.978584897671098	5.695498871943904
19.17277800000011	25.14086749521102	5.652821053842407
19.67277800000011	25.29856602062129	5.686261486667062
20.1727779999992	25.45685964139091	5.7319538844669875
20.67277800000011	25.60768845623089	5.672671863697594
21.17277800000011	25.759686582270927	5.67847616912084
21.6727779999992	25.90594417838972	5.6204870173800385
22.17277800000011	26.038396632320495	5.581305349594707
23.1727779999992	26.30852671240422	5.521407030295577
24.17277800000011	26.560276941965554	5.686464494045622
25.17277800000011	26.813805303897905	5.9899282374406875
26.1727779999992	27.07314741946712	6.233018456038324
27.17277800000011	27.355025282156944	6.422203574966993
28.17277800000011	27.611593562408355	6.6010734973756975
29.1727779999992	27.864175948381117	6.6259974358403655
30.17277800000011	28.117384778071077	6.648716076113575
31.17277800000011	28.36833559542428	6.781581647707115
32.1727779999992	28.598561076949277	6.835467233148567
33.17277800000011	28.841525333049567	7.033318715818635
34.17277800000011	29.072989976197462	7.2410639846305624
35.1727779999992	29.323549666078854	7.2569186774435375
36.17277800000011	29.555678324445374	7.354303048221243
37.17277800000011	29.764745350992374	7.34110122927668
38.1727779999992	29.995220398016446	7.265634765313451
39.17277800000011	30.2060919616738	7.358418957314682
40.17277800000011	30.423354577300316	7.426414886884805
41.1727779999992	30.628516435952378	7.387564665640298
42.17277800000011	30.844694014535893	7.391765145846959
43.17277800000011	31.03835969168847	7.3292148847966505
44.1727779999992	31.233210848581972	7.314621132005746
45.6727779999992	31.510794393352548	6.393687057211291
47.1727779999992	31.78033868371197	6.178708811898047
48.6727779999992	31.911660677468934	6.247781277631355
50.1727779999992	32.156984958929804	6.092273385675831
51.6727779999992	32.404091967419	6.870709008333504
53.27694400000019	32.64545745726319	7.1829952208528205
54.77694400000019	32.86486699920843	7.275649723515048
56.27694400000019	33.12484881902481	7.676477815726496
57.77694400000019	33.35650230840332	7.854937737106848
59.27694400000019	33.617741261350176	8.161846593501078
60.77694400000019	33.86049148784503	8.299162609684352
62.27694400000019	34.094594394840556	8.684569144490306
63.77694400000019	34.34033190465644	8.889546201761004
65.27694400000019	34.590174071917865	8.97514573323854
67.27694399999928	34.940381700368626	8.848539411208504
69.27694399999928	35.25994139437307	8.344836610471402
71.27694400000019	35.52040297783472	8.052799576609951
72.94722199999887	35.68111455154292	8.170735370442507
74.94722199999887	35.92947334242251	9.154776631726518
76.94722199999978	36.238827430183804	9.325310781563317
78.94722199999887	36.60167205282684	10.286999274462882
80.94722199999887	36.89957032228058	10.236571268030492
82.94722199999978	37.195793984552886	10.21426543516526
84.94722199999887	37.49092283886545	9.965230856918968
86.94722199999887	37.79716046945972	9.766635331845727
89.44722199999887	38.13195395326797	9.134889291888797
91.94722199999978	38.45229671645905	8.012010881699362
94.44722199999887	38.68606275946695	8.292784132779591
96.94722199999887	38.89195098109223	8.538430314724025
99.44722199999978	39.22818846681423	9.695997700038706
101.9472219999989	39.589536394385306	10.105743848664522
104.4472219999989	39.94167005664358	10.905116008245608
106.9472219999998	40.28516430919234	10.735593378682134
109.4472219999989	40.55187102063407	11.296837873356703
112.4472219999989	40.93222570772647	10.129447411002099
115.4472219999989	41.34707190548842	9.289642104109992
118.4472219999989	41.60000592814432	7.458612547172061