0.016996920040242	3.5826650228598345	2.981622935241489
0.0336635869358588	5.865725145824255	5.633913808620164
0.05033025348222964	8.674972101153703	4.381824359618737
0.06699692020322345	9.399162710354702	0.5621059660359132
0.08366358692421727	9.18420280898309	0.15427925376337168
0.1003302536452111	9.378924755263707	1.4488763547431858
0.1169969201915819	9.65076971959369	1.9336859690856636
0.1336635867379528	9.927537429756622	2.1550197582125534
0.1503302536335696	10.188989930661515	2.287610594167308
0.1669969201799404	10.43567419406757	2.387959106250764
0.1836635869009342	10.668137191734047	2.4756992623829768
0.200330253621928	10.884191036624053	2.5693211038868826
0.2169969199936759	11.09313424864428	2.637255406589153
0.2336635868892927	11.293872884276285	2.696740527144675
0.2503302534356635	11.481484197687118	2.724076271510667
0.2669969203312803	11.65815607591364	2.725022358071339
0.2836635868776511	11.823341547196645	2.7590432154359323
0.300330253598645	11.978681526813771	2.7699066256363785
0.3169969203196388	12.13292756291246	2.796385596871302
0.3336635866913866	12.27514022030842	4.421771598844713
0.3503302535870034	12.414071047149086	2.4558279311944764
0.3669969201333743	14.587189846511254	0.5178410866648476
0.8336635869242173	2.1679962447455696	67.98791368564052
0.8669969201915819	5.383096245412758	78.96043756012071
0.9003302536335696	7.195213683692872	70.1716058282907
0.9336635869009342	8.464735136831408	38.8553366831506
0.9669969199936759	9.443814585826708	29.157861784836868
1.000330253435664	10.24129941076254	23.698812149033074
1.033663586877651	10.91516861811569	20.043935339595127
1.066996920319639	11.499334456957563	17.813785322996072
1.100330253587003	12.010206080064608	15.827979306801154
1.133663586854368	12.454347148547383	14.455038034723577
1.166996920296356	12.78307717583575	13.3996882218338
1.200330253389097	13.10141473969901	12.526855968557316
1.233663586831085	13.425222021154415	11.701407767425618
1.266996920273073	13.755045991961229	10.823756353976622
1.300330253540437	14.052051657215099	10.695224144383515
1.333663586982425	14.330460282655661	10.548697288015905
1.36699692024979	14.574956659024853	10.133188289939804
1.400330253342531	14.76913163354627	9.61604691863304
1.433663586784519	14.994483998342957	9.374739443023062
1.466996920226507	15.216007560825116	9.053268099211815
1.516996920040242	15.527781463577808	8.743094603375749
1.566996920203224	15.79689156911172	8.738378439413665
1.616996920191582	16.05779709825737	8.57303748273688
1.66699692017994	16.305028333422644	8.353781195393855
1.716996919993676	16.563745975531482	8.124186841576222
1.76699692033128	16.80769538014149	7.992011032993667
1.816996920319639	17.039611406048735	7.865723977759111
1.866996920133374	17.245819759272873	7.760664971700059
1.916996920296356	17.44601142314566	7.5833875105754105
1.966996920284714	17.634716680074934	7.438671664627733
2.016996920273073	17.819593134689647	7.251573830038547
2.066996920086808	17.996265012916194	7.173414455262005
2.11699692024979	18.17129597586507	7.062322279123583
2.166996920238148	18.331558701315128	7.001917121962076
2.216996920226507	18.50166691843106	6.946429914484815
2.283663586935859	18.70240555406307	6.880469761405434
2.350330253645211	18.893845669788394	6.793041781235062
2.41699692017994	19.085832757272943	6.777623719464037
2.483663586889293	19.270709211887702	6.692710664904342
2.550330253598645	19.45066292066951	6.6940178818764915
2.616996920133374	19.623505996581528	6.704558548534822
2.683663586842727	19.794161185456666	6.693807905591153
2.750330253552079	19.95770574146203	6.674054228943586
2.816996920086808	20.120703325708178	6.66652753252034
2.883663586970783	20.27932513588059	6.708325570111016
2.950330253505513	20.431930256701637	6.676947231641215
3.033663586935859	20.621182485390122	6.686471952803897
3.116996920191582	20.801683165931156	6.696015429047846
3.200330253621928	20.988200535823545	6.656788980227247
3.283663586877651	21.154479950624985	6.665770075346134
3.366996920133374	21.326776054777802	6.65388357524456
3.450330253389097	21.493602441338417	6.658403529368611
3.533663586994067	21.64839544919632	6.639865300263205
3.61699692024979	21.806470287609525	6.6747251097969285
3.716996920226507	21.98915885518741	6.671177801673995
3.816996920203224	22.166924676932393	6.649318382645709
3.91699692017994	22.346878385714177	6.692959253907199
4.01699692033128	22.521909348663087	6.69976930981431
4.116996920133374	22.68600087642763	6.724756632206807
4.216996920284714	22.845169658359275	6.748193142191804
4.316996920086808	23.007620270846196	6.760992622655736
4.416996920238148	23.161866306944898	6.7494415162852635
4.533663586935859	23.33963212868985	6.768923587581461
4.65033025363357	23.51685097867559	6.813091357169973
4.76699692033128	23.69024102634682	6.833714511638741
4.883663586854368	23.855426497629846	6.855926136379407
5.000330253552079	24.02389379946812	6.87483869909521
5.11699692024979	24.185250468436625	6.860285634054926
5.250330253668494	24.368486007773715	6.8707747443213805
5.383663586737953	24.543516970722596	6.897993602718875
5.51699692033128	24.71417215959776	6.891172831833547
5.650330253575362	24.876075800325456	6.889992577462902
5.783663586994067	25.044543102163768	6.920195501771742
5.933663586784519	25.220121036871863	6.917799977511482
6.083663586924217	25.402262632690512	6.940514221963954
6.233663586889293	25.570182962769618	6.989577890463921
6.383663586854368	25.743026038681595	6.999012062929329
6.533663586994067	25.90875848172382	6.9970208572640935
6.700330253505513	26.087618246987198	7.032633886199147
6.866996920191582	26.265384068732175	7.040893308692056
7.033663586877651	26.44041503168106	7.105540780941959
7.200330253389097	26.61216416407463	7.127156296412753
7.36699692024979	26.772426889524677	7.122267356628118
7.55033025348223	26.950192711269644	7.158399102523714
7.733663586889293	27.127958533014613	7.1656822903304205
7.916996920296356	27.30572435475956	7.2060376129710475
8.100330253528796	27.478020458912372	7.209644370256568
8.30033025348223	27.651957478342787	7.279610094837542
8.500330253435664	27.83027027184699	7.325638964110795
8.700330253389097	28.000925460722144	7.326792034440557
8.916996920238148	28.191271632929027	7.396612104192134
9.133663586737953	28.369037454674	7.448473010296323
9.350330253587003	28.551179050492642	7.530944614893399
9.566996920086808	28.7283979004784	7.5556080828667715
9.80033025348223	28.90835160926023	7.662506149004403
10.03366358687765	29.10416749905927	7.693555641457994
10.26699692027307	29.28959092543323	7.772965966076271
10.51699692004024	29.482671956436217	7.84626003045241
10.76699692033128	29.66590749577332	7.944052719231728
11.01699692027307	29.860082470294746	8.046966956490037
11.28366358693586	30.054257444816116	8.042986496820934
11.55033025359865	30.247338475819113	8.123490725531514
11.81699692008681	30.442607393858964	8.157218254001421
12.10033025364521	30.650456662360757	8.235412768437815
12.38366358685437	30.84900741095588	8.285731194982198
12.68366358678452	31.048105131310223	8.3492716674288
12.98366358688929	31.25704834333045	8.425964616148212
13.28366358699407	31.449582402574194	8.445170340551497
13.60033025364521	31.653055897002275	8.477933701898149
13.91699692029636	31.86090516550407	8.512947462421703
14.25033025366849	32.06930140576509	8.586764328016482
14.58366358669139	32.279885533062966	8.62070465979933
14.93366358678452	32.48882874508318	8.709333701952431
15.28366358687765	32.70105378765867	8.793833950991727
15.65033025334253	32.914372773752625	8.836022079474253
16.01699692033128	33.125503872809695	8.875223830785467
16.40033025334253	33.34648046353266	8.9376863003806
16.78366358687765	33.56362825194111	8.966726241922636
17.18366358678452	33.78898061673778	8.992530738717212
17.58366358669139	34.00776932042388	9.062011261672518
18.00033025366849	34.224917108832315	9.128208175790054
18.41699692029636	34.44917553011059	9.186746605169894
18.85033025364521	34.66249451620453	9.224569232746887
19.30033025354044	34.88620596572357	9.245760124772517
19.75033025343566	35.11155833052025	9.282509371993337
20.21699692022651	35.34183344114987	9.364824134226696
20.68366358684273	35.57046763650183	9.357733141544443
21.16699692017994	35.798007888335384	9.458089321071848
21.66699692023815	36.02773602720575	9.499886695234403
22.16699692029636	36.2547293072801	9.55530403765509
22.68366358690093	36.489380191983436	9.58849815915919
23.21699692022651	36.71692044381699	9.606123191418474
23.76699692027307	36.957588017871686	9.672234749713118
24.31699692031964	37.18567524146443	9.745065997379461
24.88366358673795	37.42579584375993	9.779868131001294
25.46699692022651	37.66372855901856	9.845595682193965
26.06699692008681	37.9027552177956	9.90185583833192
26.68366358684273	38.15053342472012	9.954944036039084
27.30033025359865	38.39448282933007	10.005602137599467
27.93366358690093	38.63241554458874	10.040351834693768
28.58366358692422	38.88402255382776	10.09247522677865
29.25033025366849	39.12469012788245	10.192399036700083
29.93366358678452	39.376297137121455	10.212911613105229
30.63366358697078	39.62079351349065	10.25630938366671
31.3503302535288	39.87185355097048	10.431262459698097
32.08366358698243	40.123460560209466	10.408161980965486
32.83366358698243	40.38655397639202	10.4998186687008
33.6003302535288	40.6376140138718	10.518083178124128
34.38366358697078	40.89578468422141	10.625561142122256
35.18366358678452	41.178569083735674	10.646029312625274
36.00033025366849	41.42525334714173	10.69667508823183
36.83366358692422	41.68779979156505	10.689131588530127
37.68366358690093	41.94214165960016	10.747935691748554
38.56699692031964	42.21508056744853	10.729457359735264
39.46699692028471	42.472157294279725	10.575718104837014
40.38366358697078	42.73579768222145	10.640194126656827
41.31699692020322	42.9956092678487	10.771106280478552
42.28366358687765	43.26307845810494	10.821137155418034
43.26699692027307	43.51742032614004	10.909067103642704
44.26699692004024	43.76246367426846	11.012050947310259
45.30033025359865	44.02774497748787	11.068783862733154
46.3503302535288	44.32420367098252	11.14456360030545
47.43366358690093	44.59550166355329	11.1949924889947
48.53366358699407	44.88867852649265	11.300077893099996
49.66699692017994	45.17310384128458	11.463099551569229
50.81699692008681	45.45096549496589	11.52477287760489
52.00033025343566	45.73265595096174	11.498883077930872
53.20033025350551	46.00997063288387	11.564660445422634
54.43366358684273	46.290567145361315	11.548636913875962
55.70033025362193	46.57882126246773	11.577686312817587
57.00033025366849	46.86051171846359	11.63498974763966
58.31699692008681	47.150953722606864	11.658476997218875
59.66699692029636	47.43701995267646	11.708486390225547
61.05033025359865	47.727461956819745	11.780796679172733
62.46699691999368	48.018450932722246	11.819525306852483
63.91699692017994	48.31217476742081	11.873305852982257
65.40033025363357	48.59988191276805	11.908358348008425
66.91699692017994	48.891964832188975	11.943265282903964
68.46699691999368	49.19115838447972	11.982039962032333
70.05033025359864	49.488164049733605	12.008636689410443
71.66699692029636	49.780793940913746	12.05216537111393
73.33366358698242	50.082722352000545	12.108696080012956
75.03366358693586	50.378634073736	12.137515010972997
76.76699692033128	50.678374597785954	12.092610711696695
78.55033025354044	50.97702117831747	12.109738049522518
80.36699692019158	51.281137476441145	12.110287011652812
82.23366358683109	51.58361285928716	12.111814291196298
84.13366358673795	51.88225943981871	12.14886653934034
86.08366358698242	52.17106052868433	12.159537980517662
88.08366358669139	52.474082883289576	12.195333370724702
90.11699692019158	52.767259746228966	12.158203275949667
92.20033025350551	53.06809421379731	12.132341439550192
94.33366358698242	53.372757483680225	12.176362159688988
96.51699692027307	53.67577983828548	12.245106156154874
98.75033025355208	53.982084023446006	12.231655408730663
101.0336635869941	54.27690180166301	12.193315249756349
103.3669969202498	54.57117260812083	12.177133568002786
105.7669969200402	54.88185256735506	12.277502072794908
108.2169969199937	55.18706280899715	11.96983109692895
110.7169969202847	55.484615446010245	11.84991542286515
113.2836635869359	55.76904076080215	12.172689195417698
115.9003302535754	56.06495248253761	12.30529294631143
118.5836635869242	56.393682509826036	12.536262512373874
122.4394969202009	56.731166874817724	12.364704271172075
125.4394969202009	57.10570846710202	11.972235468817068
128.6894969201427	57.46370815656383	12.563314667779284
131.6894969201427	57.827189596996526	12.738801055269882
135.1894969202009	58.13009079735711	13.585771694568269
138.6894969202591	58.366904463093555	13.254438952071911
142.3394969202824	58.82957201203277	13.70799503817704
145.8394969203406	59.21509893043194	12.650636201863762
149.3394969200496	59.61713143272863	13.157838598740272
152.8394969202824	59.89249616032919	14.036902846551294
156.8394969200496	60.349601608146	13.440466387223568
160.8394969203406	60.52583503381033	13.164148927908279
164.905885809149	60.91685294700311	12.931230067010478
168.9092191425049	61.30787086019582	13.099686555322377
172.9419969202032	61.6107720605565	12.029313290935042
177.0161635868614	61.9191534803669	13.35348213322594
181.5269969202824	62.288094574111426	13.535989312624617
186.0914413647739	62.623996166923526	13.1344811713801
190.6711635869475	62.83324633949505	13.522191405094542
195.1797746978015	63.25174668463801	12.478864814892773
200.1061635870034	63.67575361326974	11.811924477529057
205.106163586887	63.98961880784662	10.884037365982898
210.1061635869452	64.36952400520171	6.203630699691979