13.93070276233448	328.1233897989573	0.6155318118453724
14.93070276233539	328.34705945798856	0.03630690690872407
15.93070276233357	328.57072911701977	0.26916982427026553
16.43070276233539	328.34705945798856	0.1843002220319386
16.93070276233448	328.34705945798856	0.19794591117029253
17.43070276233357	328.57072911701977	0.1980928169086793
17.93070276233539	328.57072911701977	0.35771995950421454
18.43070276233448	328.57072911701977	0.1758609464266696
18.93070276233357	328.794398776051	0.07643564590911105
19.43070276233539	328.57072911701977	0.0027052292287139995
19.93070276233448	328.34705945798856	0.08841369069529458
20.43070276233357	328.57072911701977	0.5321388445964597
20.93070276233539	328.794398776051	0.6174281548621364
21.43070276233448	329.0180684350825	0.7981874500178776
21.93070276233357	329.0180684350825	0.7936343477681016
22.93070276233448	328.34705945798856	0.809168372348588
23.93070276233539	328.1233897989573	0.7097385460136258
24.93070276233357	327.6760504808945	0.6132325669937667
25.93070276233448	328.1233897989573	0.7156724864023669
26.93070276233539	327.4523808218632	0.5357115913133882
27.93070276233357	327.6760504808945	0.5351018300585068
28.93070276233448	327.6760504808945	0.001161482436499293
39.93070276233357	326.33403252670644	0.07428001503910268
40.93070276233448	326.33403252670644	0.15888339283521966
41.93070276233539	326.33403252670644	0.20941923891822645
42.93070276233357	326.110362867675	0.22310475654234432
43.93070276233448	326.33403252670644	0.2365478811084641
45.43070276233448	326.55770218573787	0.22348122246586394
46.93070276233448	325.6630235496126	0.6537762211371687
48.43070276233448	325.21568423154986	0.9409234132780976
49.60709176233468	325.43935389058123	0.9408548621112995
51.10709176233468	325.6630235496126	0.8352208935317917