0.3544444445287809	10384.558175962286	743289.4119838927
0.3627777778892778	29444.65325895175	852405.0425938535
0.3738888889783993	55612.47069478784	680038.3089643014
0.3849999998928979	69652.3312733375	572580.6147935537
0.3961111111566424	88049.94175151891	730126.5307190468
0.407222222245764	109898.15620776727	743849.6816680644
0.4183333333348855	128115.03828549416	703186.6354036473
0.4294444442493841	146650.8889709986	767772.1148549039
0.4405555556877516	167146.77491586376	683536.1602389757
0.4516666667768732	180731.84688591328	266364.5797191431
0.5822222222923301	179464.58270960292	1342.3685239482813
0.6266666666488163	179329.40786412996	2690.831764626583
0.6433333331951872	179481.47956528695	2584.547518601746
0.7100000000791624	179278.71729707706	2307.0494770164228
0.7461111112497747	179160.4393072882	610.137658326236
0.7655555553501472	179430.78899823508	4983.3764609346845
0.8044444442493841	179346.3047198134	1179.3540443131565
0.8655555556761101	179329.40786412996	3820.238703056814
0.8877777778543532	179498.37642097156	1251.5025444992714
0.9544444443890825	179380.098431182	2383.0444792736293
0.9766666667419486	179549.0669880234	3650.825065547947
1.001666666648816	179532.17013234	2902.0728022983712
1.076666666544043	179565.9638437078	1478.3747560576676
1.101666666800156	179565.9638437078	1357.5233056161776
1.185000000055879	179532.17013234	4445.699103550443
1.243333333404735	179363.20157549786	221.682206551722
1.273888888943475	179565.9638437078	3941.106787244381
1.304444444482215	179549.0669880234	794.0677200767625
1.334999999846332	179599.75755507636	487.005524752959
1.368333333288319	179565.9638437078	411.3330251846947
1.401666666730307	179616.65441076044	710.8342059623959
1.434999999997672	179599.75755507636	2375.4183062100633
1.468333333439659	179718.0355448655	2791.2945005620236
1.654444444575347	179532.17013234	2290.971818726579
1.693333333474584	179582.86069939207	2994.126746726063
1.735000000102446	179667.3449778123	2594.7805841216305
1.776666666730307	179701.13868918066	1143.399445050071
1.862777777889278	179616.65441076044	503.89925545301
1.907222222245764	179734.93240054874	1059.4655495279192
1.998888888861984	179549.0669880234	1712.3277094726045
2.046111110947095	179734.93240054874	6248.017934630024
2.193333333358169	179582.86069939207	2184.923987925653
2.246111111249775	179751.82925623312	2200.6599786768606
2.354444444586989	179616.65441076044	478.75138394555995
2.410000000032596	179701.13868918066	2756.839434066057
2.526666666730307	179701.13868918066	1271.3282238937786
2.585000000079162	179785.6229676017	2048.499247358776
2.771111111040227	179718.0355448655	415.77268464426345
2.837777777749579	179701.13868918066	2874.5357617340096
3.043333333334886	179718.0355448655	33.14120916404134
3.11555555567611	179667.3449778123	1312.7874223564856
3.187777777842712	179768.72611191732	3293.0832828941584
3.498888888861984	179650.44812212855	5631.9447542766775
3.58222222229233	179954.59152444333	3834.5865110955033
3.751666666707024	179734.93240054874	2435.9554080365806
3.840555555594619	179920.79781307548	2754.074253383044
3.929444444482215	179853.21039033835	820.5281239977791
4.212777777691372	179701.13868918066	132.00602067393368
4.309999999939464	179802.51982328587	438.34927022986454
4.410000000090804	179718.0355448655	2977.160881935213
4.512777777796146	179920.79781307548	2561.5006363103466
4.951666666776873	179684.24183349672	1730.570396406271
5.068333333474584	179853.21039033835	1264.9458318611137
5.310000000055879	179734.93240054874	1303.9870736556798
5.434999999939464	179785.6229676017	1734.8553941438374
5.562777777900919	179802.51982328587	3071.0812771319042
5.693333333241753	179903.9009573909	2179.462460292053
5.826666666660458	179887.0041017068	1340.5854837305276
6.243333333288319	179768.72611191732	3211.0317237671306
6.387777777796146	179954.59152444333	3673.25947016561
6.690555555629544	179937.6946687586	2276.859921076605
7.504444444435649	179802.51982328587	5108.069491214762
7.679444444482215	179988.38523581173	3668.3113312596915
8.226666666800156	179836.3135346538	4274.97974757191
8.418333333393093	179937.6946687586	3314.5790015876514
8.812777777842712	179887.0041017068	484.63709409873394
9.660000000090804	179785.6229676017	1490.7684896995024
9.885000000125729	179887.0041017068	2949.645978074028
10.3488888888387	179802.51982328587	1038.6116355089684
10.58777777769137	179920.79781307548	2509.082955167791
11.08222222229233	179819.41667897033	1061.3602498878652
11.33777777769137	179920.79781307548	1044.4366575453748
11.60166666680016	179853.21039033835	554.2263299668253
12.42666666669538	179802.51982328587	2635.818804425624
13.01000000000931	179768.72611191732	546.6067339194802
13.9377777777845	179718.0355448655	2785.2983540556547
14.2599999998929	179836.3135346538	6036.408506520738
15.27388888900168	179853.21039033835	559.4461960812819
15.98777777783107	179819.41667897033	17.217880668168416
17.12111111119157	179819.41667897033	4674.76641969616
17.51833333319519	179937.6946687586	4067.3891415076455
17.92388888890855	179937.6946687586	1198.679024684149
18.33777777780779	179971.48838012712	2390.1951150815225
20.09611111111008	179802.51982328587	6886.262519837685
20.55999999999767	179988.38523581173	8072.309162800138
22.52666666678852	179836.3135346538	3284.5785016040645
23.04888888902497	180022.17894718013	3132.52086909066