0.01666666672099382	4.275116741945234	3.1760764360960154
0.03333333344198763	7.848709697532196	7.136346902412253
0.04999999998835847	11.211185776973723	8.917413500890119
0.06666666670935228	13.902925947828184	9.751689395076996
0.0833333334303461	16.146042756873495	11.096847602915567
0.09999999997671694	18.386960431792364	11.669931324588044
0.1166666666977108	20.405765559933197	13.084520995564423
0.1333333334187046	21.865990619939133	13.306121689433278
0.1499999999650754	23.770440773501218	13.16230704285182
0.1666666666860692	25.041540298626913	14.01977485463731
0.183333333407063	26.37201644516849	13.520506723190854
0.1999999999534339	27.54635406872751	14.478546218252097
0.2166666666744277	28.64812026611158	14.691021641539102
0.2333333333954215	29.78727174364639	14.532543394970206
0.2499999999417923	31.005592049735743	14.2438915580139
0.2666666666627862	31.847860420190976	14.922943741100019
0.28333333338378	32.529591999410655	14.89568955160942
0.3000000001047738	33.52799889284847	14.673355859415077
0.3166666666511446	34.04919368083256	14.519001751720866
0.3333333333721384	35.05199884252339	14.925821422875922
0.3500000000931323	35.74032782412261	15.689483961964998
0.3666666666395031	36.43085593984839	14.62437478503408
0.3833333333604969	37.11918492144756	14.906755054947824
0.4000000000814907	37.80971303717328	15.126625154722387
0.4166666666278616	38.49804201877254	14.302884336131628
0.4333333333488554	39.186371000371715	14.09425795467407
0.4500000000698492	39.44806796142699	13.875462786952413
0.46666666661622	40.02863937082699	13.054778713232832
0.4833333333372138	40.61800731673306	13.013376430362895
0.5000000000582077	40.9654705087224	12.693314355083874
0.5166666666045785	41.32612850547086	12.394729917017461
0.5333333333255723	41.68898563634584	12.885102459876606
0.5500000000465661	42.05184276722082	13.778441894927608
0.56666666676756	42.3949076909572	14.152066812686332
0.5833333333139308	42.5444488115602	14.438574770747021
0.6000000000349246	42.99966957574883	14.577558842124848
0.6166666667559184	43.329539694726144	15.151538059354587
0.6333333333022892	43.69239682560107	15.404915378594218
0.6500000000232831	44.18720200406697	16.322679975995666
0.6666666667442769	44.7479812063283	16.61326990608381
0.6833333332906477	45.21419764114951	17.227820231083328
0.7000000000116415	45.63423225931388	17.867465679365434
0.7166666667326353	46.10044869413507	18.751934437794038
0.7333333332790062	46.57106339720923	19.065797784391656
0.7666666667209938	47.483704059713006	20.11161099315869
0.7999999999883585	48.27979061351143	20.613656144560444
0.8333333334303461	49.07807630143637	20.67142525300146
0.8666666666977108	49.970924756801516	21.324638829850336
0.8999999999650754	50.71203295743716	21.87746058869952
0.933333333407063	51.46633596283175	22.3857691026864
0.9666666666744277	52.36358268644989	22.984074660196413
0.9999999999417923	53.05850907042866	23.650855414070474
1.03333333338378	53.7512363202809	24.61359168292987
1.066666666651145	54.56711508121802	24.670394626351513
1.100000000093132	55.36540076914297	25.501729020103063
1.133333333360497	56.13729684754976	26.03072604238278
1.166666666627862	56.84761717041415	26.316651024062498
1.200000000069849	57.6766907361103	26.28493409746656
1.233333333337214	58.41120153436633	26.907248335989255
1.266666666604579	59.26886384370716	27.736084118205838
1.300000000046566	60.0165694467223	28.188412031292145
1.333333333313931	60.61913219738747	28.536342068364288
1.366666666755918	61.41082048293286	28.8413675472248
1.400000000023283	62.061764184381296	29.122452805416664
1.433333333290648	62.62254338664262	29.786130577441277
1.466666666732635	63.18112345477747	30.080895571769485
1.516666666720994	64.19052601884786	30.33236581150129
1.566666666709352	65.23071646068946	30.635658074867774
1.616666666697711	66.27090690253108	30.716764617174327
1.666666666686069	67.21873371105913	31.500211843893457
1.716666666674428	68.13357350768939	31.554805772478122
1.766666666662786	69.12978126700068	32.5467618005453
1.816666666651145	70.00943491760671	32.57603588972321
1.866666666639503	70.89128770233921	32.71842091826779
1.916666666627862	71.68297598788466	32.80749075428675
1.96666666661622	72.71436989322031	32.80628132876208
2.016666666604579	73.40709714307242	32.971206930615025
2.06666666676756	74.28455165955198	33.255559475082016
2.116666666755918	75.0124650554284	33.62170753422464
2.166666666744277	75.94269879094433	33.16445823508621
2.216666666732635	76.56945201700113	33.42822678668025
2.283333333441988	77.48429181363136	33.144486516559596
2.349999999976717	78.39473334200866	33.91994994469699
2.416666666686069	79.33156447990409	33.20537084200309
2.483333333395422	80.27499302017897	33.71486052182414
2.550000000104774	81.21842156045395	33.83892806537716
2.616666666639503	82.1618501007289	34.17776543645866
2.683333333348855	82.83478514344252	32.99187596188453
2.750000000058208	83.75622234245235	33.90546684662202
2.81666666676756	84.38077643438261	33.55868616508916
2.883333333302289	85.37698419369393	34.58346605980228
2.950000000011642	85.9509582007143	33.91147827515685
3.033333333441988	86.96475903303778	34.196441502163914
3.116666666697711	87.9191832439453	34.254647122037035
3.199999999953434	88.91099273500362	34.422112143106396
7.066666666651145	115.74042907848721	28.05189493810013
7.233333333337214	116.28361520773639	28.520205115599712
7.416666666744277	117.13028184644483	27.611701184402932
7.599999999976717	117.73064546298336	27.844007152788627
7.78333333338378	118.40358050569702	27.48758558648104
7.96666666661622	118.81921685560832	28.493480871954514
8.166666666744277	119.41958047214693	28.40206133827027
8.36666666669771	120.12110425850516	27.24920702543898
8.566666666651145	120.64449818061584	26.991557019576387
8.766666666604578	121.19648084637109	25.887061296408387
8.983333333279006	121.91119943748843	25.931003341972666
9.199999999953434	122.4961691151414	24.96208239690468
9.416666666627862	123.1471128165899	25.137466114084607
9.650000000023283	123.75407383550815	24.780613598239825
9.883333333418705	124.462195024246	24.88103545091271
10.1166666666395	125.01417769000123	24.517575499975056
10.35000000003493	125.3990261621413	23.392961969807082
10.59999999997672	125.8762382675951	23.575690184249602
10.85000000009313	126.38863651907312	23.006160018819998
11.11666666675592	126.97140706259961	22.083166480692487
11.38333333341871	127.37384860775194	21.947911121885873
11.65000000008149	128.0050001020617	21.006697679206106
11.93333333329065	128.52839402417237	20.853892754624123
12.21666666667443	128.99461045899346	19.48546689399173
12.50000000005821	129.39045460176612	19.2106591858765
12.79999999998836	129.60157147791162	19.294673555315633
13.10000000009313	130.17994375318514	18.586897627125197
13.41666666674428	130.5098138721623	18.067209361036642
13.73333333339542	130.80449784511535	17.502183035799607
14.06666666676756	131.18934631725546	17.286326173408323
14.39999999996508	131.72593504412524	16.713247066191553
14.73333333333721	131.926056249638	16.024812167548458
15.08333333343035	132.44505190349554	15.522872437594788
15.43333333334886	132.5396146709357	15.390132570152524
15.79999999998836	132.9794414962387	14.51954949284395
16.16666666662786	133.4368613945539	14.550487488708727
16.54999999998836	133.5468181008796	14.273436885361168
16.93333333334886	133.84809947621224	13.555177109138823
17.33333333343035	134.10099990076134	13.413553382514532
17.73333333333721	134.54962326257058	13.541764995040474
18.14999999996508	134.69916438317358	12.829854009601613
18.58333333331393	135.0070431608856	13.002362457816242
19.01666666666279	135.29293059733263	12.054008681689412
19.46666666673264	135.6711816670932	11.957906492952338
19.91666666662786	135.69317300835834	11.365227081793552
20.38333333341871	135.90868815275684	10.89351211190294
20.86666666675592	136.34191757568027	10.572671235257857
21.35000000009313	136.34411670980674	10.357054264032344
21.84999999997672	136.56622925658485	10.601811379654565
22.36666666675592	136.98406474062273	9.609194519495238
22.8833333333605	137.19298248264155	9.645273620588423
23.41666666668607	137.46347598020284	9.260911168657637
23.96666666673264	137.5646361500227	8.99301336184953
24.53333333332557	137.6284110396916	8.493758916918338
25.10000000009313	137.78674869680066	8.625743145602872
25.68333333340706	138.03085258484379	8.195008054711899
26.28333333344199	138.01325951183162	7.674962419491475
26.90000000002328	138.20458418083848	7.658780358396398
27.53333333332557	138.54544997044832	7.501866632527968
28.18333333334886	138.58503438472567	6.642500193316827
28.83333333337214	138.73897377358162	6.118916669210723
29.49999999994179	138.87312095529916	5.603798533793067
30.18333333340706	139.0336577465346	5.273122422582866
30.88333333341871	139.18319886713778	5.6230337937202
31.59999999997672	139.25796942743915	5.314573057619868
32.33333333343035	139.2931555734635	4.843295401522345
33.08333333343035	139.48228110834373	4.80437921879728
33.84999999997672	139.48228110834373	4.534356879746383
34.63333333341871	139.70659278924833	3.619962473002984
35.43333333340706	139.70659278924833	3.223253654743935
36.26666666666279	139.77476594717035	2.911218384977062
37.1166666666395	139.7483763376521	3.4534196203328946
37.98333333333721	139.7967572884354	3.590679525878132
38.86666666675592	139.7329823987665	9.716197608616536
39.76666666672099	139.9309044701528	1.29750382515217