0.03333333344198763	0.7292569439816579	0.5023334197290218
0.06666666688397527	1.2489071016691893	0.9990105792709387
0.1000000001513399	1.7117887547353925	1.6396591894405175
0.1333333334187046	2.282748906984508	2.1464332277674147
0.1666666668606922	2.7865693854987783	2.953620268396734
0.1999999999534339	3.424123360476758	3.82570450183813
0.2333333333954215	4.050760315335251	4.014678742687421
0.2666666668374091	4.746720347952482	3.636613789066562
0.3000000001047738	5.022375105969498	3.6300386362719625
0.3333333335467614	5.3820909189065596	3.071288561873055
0.3666666668141261	5.702505459413469	3.440648303094859
0.3999999999068677	5.966151495299054	3.507034317785867
0.4333333333488554	6.274011462668564	3.567981472092814
0.466666666790843	6.5354740945302465	3.678661819327981
0.5000000002328306	6.7767402391708895	3.427036095615358
0.5333333335001953	7.033290211978802	3.285179122295017
0.56666666676756	7.225975617087735	3.1145864514292816
0.6000000002095476	7.355888156509613	3.2086535262493077
0.6333333333022892	7.530560478421389	3.1108111693234624
0.6666666667442769	7.658289613819376	2.892055456577822
0.7000000001862645	7.840057998808819	3.2227953812221055
0.7333333334536292	8.025101489834109	3.1868173911732205
0.7666666668956168	8.14955551919624	3.2056134579178703
0.8000000001629815	8.212874235889258	3.1767472717984617
0.8333333332557231	8.395734322890656	3.172867646397411
0.8666666666977108	8.518004948228896	3.1074541530313913
0.9000000001396984	8.639729722561158	3.042735724532207
0.933333333407063	8.700865035230283	3.151782151644281
0.9666666668490507	8.823135660568523	3.223617509803809
1.000000000116415	8.945406285906765	3.1765574835102135
1.033333333558403	9.067676911245007	3.189144834239678
1.066666666651145	9.128812223914135	3.0449616263342296
1.100000000093132	9.189947536583256	3.2048734004595416
1.13333333353512	9.311672310915517	3.094635390386119
1.166666666802485	9.431759532229869	3.035865214739139
1.233333333511837	9.612436215207357	2.902575596152543
1.300000000046566	9.732523436521701	3.061483898728114
1.366666666755918	9.858615018901764	2.8116034006366815
1.433333333465271	9.978702240216114	2.688316485724283
1.5	10.104247971590205	2.694632829135569
1.566666666883975	10.224335192904542	2.823216116800096
1.633333333418705	10.344422414218892	2.6688497316786326
1.699999999953434	10.410470385941775	2.6176230666446463
1.766666666837409	10.538199521339761	2.547808981573894
1.833333333546761	10.659378444666057	2.835146096043011
1.899999999906868	10.665382805731774	2.8659577578932063
1.966666666790843	10.786561729058073	2.863763630111912
2.033333333500195	10.853155551786934	2.83954171466655
2.100000000209548	10.918657672503851	2.823192697164421
2.166666666744277	11.098788504475372	2.598255109870876
2.233333333453629	11.16429062519228	2.9865417506520586
2.300000000162982	11.229792745909194	2.8587082945560462
2.366666666697711	11.350971669235493	2.725958023399437
2.466666666849051	11.417565491964355	3.1411700203495476
2.566666666651145	11.484705165699193	2.568437629115438
2.666666666802485	11.611888450091207	2.3682181038011456
2.766666666604579	11.680665676843976	2.558848046943504
2.866666666755918	11.747259499572841	2.7193782868467475
2.966666666907258	11.928482033556296	2.790014597638509
3.066666666883975	11.934486394622008	3.0411808864498524
3.166666666860692	11.93994490468176	2.6477537316340265
3.266666666837409	12.067128189073765	2.880020294885612
3.366666666814126	12.188307112400064	2.999116687245016
3.466666666790843	12.310031886732329	3.154271478864042
3.56666666676756	12.370621348395474	2.8811463151614873
3.704722222464625	12.519638673026458	3.1426827382195825
4.066944444668479	12.735795671392285	3.4153653689500185
4.400277777865995	12.974332561003054	3.25168837068734
4.73361111106351	13.27345891227696	3.4865585900673906
5.066944444610272	13.455227297266402	3.7212998262463683
5.400000000139698	13.629899619178177	3.6914104045082183
5.733333333511837	13.866798955771026	3.538756503125627
6.066666666883975	14.043654681706695	3.520772499293516
6.399999999906868	14.221056258648343	3.319119771541618
6.733333333453629	14.34332688398659	3.3279728929823764
7.066666666651145	14.498894420689261	2.6325678526531906
7.400000000197906	14.592780793716834	3.0103970743734347