0.002777777554001659	1.9494577370026642	2.0305175105815905
0.005555555631872267	3.775688057001294	3.2388815539430054
0.008333333360496908	5.2322361259881	3.9715620166756884
0.01111111108912155	6.452187554327312	4.551957172901702
0.01388888881774619	7.521801533921627	5.116269771507545
0.01666666654637083	8.502691773273153	5.670242252724662
0.01944444444961846	9.414574659102463	5.999579688502018
0.02222222200362012	10.225411062988602	6.5259665475429705
0.02500000008149073	11.041176563554746	6.986737044036433
0.02777777781011537	11.783005613918588	7.234724221531843
0.03055555553874001	12.512511922582032	7.557737632211359
0.03333333326736465	13.163152684362988	7.903781236926814
0.03611111099598929	13.80639980112365	8.156238157174926
0.03888888889923692	14.425001434483551	8.349051190945643
0.04166666645323858	15.023886681122764	8.654358280147965
0.0444444443564862	15.55869367091988	8.893360117043786
0.04722222225973383	16.123075240798038	8.989549351957349
0.04999999998835847	16.648024037234965	9.380000666258058
0.05277777771698311	17.143398253590814	9.620593769199118
0.05555555544560775	17.64863066330706	9.796224601094154
0.05833333334885538	18.146469428003115	10.149070120865137
0.06111111090285704	18.597481774237618	10.295188842482306
0.06388888880610466	19.0731396038729	10.492272303482498
0.06666666670935228	19.524151950107324	10.617100841600195
0.06944444443797693	19.955447909621252	10.687021843464686
0.07222222216660157	20.39167296581529	10.820532515136017
0.07499999989522621	20.80571708694855	10.928695329190608
0.07777777779847383	21.172934789620378	11.117647957626938
0.0805555553524755	21.579585265733435	11.251693633539444
0.08333333325572312	21.961590258445657	11.464875755211384
0.08611111115897074	22.338666154477764	11.722546466371092
0.08888888888759539	22.710812953829773	11.891113176566975
0.09166666661622003	23.09035339820198	11.935304007442351
0.09444444434484467	23.469893842574184	12.111815684572877
0.0972222222480923	23.80014332014475	12.238676822274103
0.09999999980209395	24.150109184436	12.425547071762859
0.1027777777053416	24.480358662006577	12.478512205803423
0.1055555556085892	24.82293088127763	12.42479613303267
0.1083333333372138	25.143322165487906	12.697928893454861
0.1111111110658385	25.478500739738667	12.783342367203597
0.1138888887944631	25.79149837892878	12.921336186457204
0.1166666666977108	26.089708728078392	12.968273046020256
0.1194444442517124	26.410100012288662	13.100566444698124
0.12222222215496	26.713239458118384	13.267798616240377
0.1277777777868323	27.297337414717127	13.457267862169738
0.1333333332440816	27.87650627463575	13.715020864471306
0.1388888887013309	28.44335239285402	13.946309473996807
0.1444444445078261	28.995411221031716	14.237364808273991
0.1499999999650754	29.540076404189183	14.47344594035515
0.1555555555969477	30.065025200626106	14.579234111583652
0.161111111054197	30.587509448722848	14.796228344905591
0.1666666666860692	31.097670955119266	14.957941399674027
0.1722222221433185	31.573328784754555	15.138008551503837
0.1777777776005678	32.07363209779071	15.412115986146485
0.183333333407063	32.53203808904531	15.580839632054191
0.1888888888643123	32.995373176980294	15.676870545294245
0.1944444444961846	33.456243716575	16.019780559298514
0.1999999999534339	33.92697244953018	15.889198438125375
0.2055555555853061	34.3681266024043	16.171203260506257
0.2111111110425554	34.789564368557876	16.36561266508998
0.2166666664998047	35.23811216645229	16.459305461057962
0.2222222223063	35.61518806248439	16.528067337729265
0.2277777777635492	36.03909037697806	16.705052728762034
0.2333333333954215	36.44820540143121	16.746817916156207
0.2388888888526708	36.84499768418391	16.888962768600457
0.2444444444845431	37.22207358021611	16.96353325151919
0.25277777784504	37.82342337519542	17.207870334143355
0.2611111108562909	38.35330126831245	17.40960574840518
0.2694444443914108	38.907824644830214	17.451500402033282
0.2777777777519077	39.459883473008006	17.785709505704865
0.2861111111124046	39.965115882724234	17.800495053412053
0.2944444442982785	40.50485196920155	18.053724101531373
0.3027777778333984	40.978045250496805	18.24845314090735
0.3111111111938953	41.50299404693362	18.4203011518804
0.3194444442051463	41.976187328228846	18.577796351438007
0.3277777777402662	42.4543097062042	18.60379793466543
0.3361111111007631	42.929967535839495	18.958067246889083
0.34444444446126	43.413019010495056	18.987971832306904
0.3527777776471339	43.84677951834899	19.124793890009915
0.3611111111822538	44.29779186458341	19.119171200497032
0.3694444443681277	44.736481469117535	19.53168888405524
0.3805555556318723	45.32304397405638	19.538288807548142
0.3916666665463708	45.88742554393455	19.868734023900217
0.4027777778101154	46.40251614701106	20.149828388930707
0.4138888888992369	47.00386594199039	20.269742924597363
0.4249999999883585	47.50663380336655	20.21628146273158
0.436111110902857	48.06115717988442	20.41453980776668
0.4472222221666016	48.598428718021616	20.803201108832308
0.4583333332557231	49.09873203105765	20.623223537885522
0.4694444443448447	49.58917715073353	20.668089604031966
0.4805555556085892	50.05004769032824	21.011911669393765
0.4916666666977108	50.533099164983796	21.029801414592498
0.505555555515457	51.122126218262736	21.11728610008569
0.5194444445078261	51.691436884821	21.29412941636007
0.5333333331509493	52.265676648059454	21.640020736438945
0.5472222221433185	52.82266457291733	21.82952571926984
0.5611111111356877	53.36979430441501	22.088492916668955
0.5749999999534339	53.90706584255223	22.356188703678075
0.588888888945803	54.44680192902963	22.483504048103377
0.6027777777635492	54.966821628786256	22.616827622966188
0.619444444484543	55.590352358826316	22.784524894116608
0.6361111108562909	56.21881218554651	23.11121110391381
0.6527777777519077	56.80537469048536	23.227530684052038
0.6694444442982785	57.387008098744104	23.471269065361444
0.6861111111938953	57.95631876530236	23.60772106365204
0.7027777777402662	58.530558528540816	23.816860202228625
0.71944444446126	59.09494009841898	23.910201687452695
0.7361111111822538	59.63960528157645	24.143713370751698
0.7555555556318723	60.28038784999703	24.356478874389005
0.7750000000814907	60.89652493501683	24.498217273181105
0.7944444443564862	61.51019747169651	24.72530421785977
0.8138888888061047	62.109082718335756	24.94091802969462
0.8333333332557231	62.70550341663498	25.077122594984495
0.8527777777053416	63.279743179873435	25.158423620987318
0.8750000000582077	63.91066755493362	25.401403310990045
0.8972222222364508	64.56623741339475	25.586885623769092
0.9194444444146939	65.19962633679512	25.772216179449618
0.941666666592937	65.81083432513475	25.968216674891718
0.963888888945803	66.40479047509376	26.134892326956834
0.9888888888526708	67.08500581695567	26.45624543908494
1.013888888934162	67.74796932043701	26.482146598316753
1.038888888841029	68.39614553387786	26.771510414048564
1.063888888747897	69.04432174731863	26.861627059117033
1.088888888654765	69.66292338067855	27.178070957138676
1.116666666639503	70.35792601258085	27.37633872567366
1.144444444449619	71.00610222602168	27.658982431151617
1.172222222259734	71.69617576124388	27.824445518931043
1.199999999895226	72.3172419429438	27.96631267168799
1.227777777705342	72.97527634974496	28.168237644587713
1.258333333244082	73.67520807832749	28.426759546588915
1.288888888957445	74.37760435524999	28.77140197490524
1.319444444496185	75.04056785873134	28.877650534541235
1.350000000034925	75.6961377171924	29.143838902861617
1.383333333302289	76.39853399411496	29.188346116327377
1.416666666744277	77.115717561078	29.34330517199345
1.450000000011642	77.80825564464031	29.54471239029159
1.486111111182254	78.5426910499839	29.758117247689693
1.52222222200362	79.24508732690643	30.015744187240834
1.558333333348855	79.92776721710841	30.253312207975846
1.594444444344845	80.61537620399048	30.391621623804213
1.633333333244082	81.36952799605473	30.598985570023807
1.672222222143319	82.08424701467767	30.65920327557927
1.711111111042555	82.80143058164076	30.917207183563768
1.75277777784504	83.55065327702484	31.227956891915564
1.794444444298279	84.29248232738861	31.492687429387
1.836111111100763	85.02198863605207	31.565063843637848
1.880555555631872	85.75149494471559	31.744466424028328
1.924999999988359	86.49578854341945	31.88358798090642
1.969444444344845	87.23022394876301	32.129732747499816
2.016666666604579	88.00409212754789	32.22892289667243
2.063888888864312	88.74592117791173	32.402131187670385
2.113888888852671	89.51486026001649	32.745547475745425
2.163888888841029	90.27640569710093	32.94019372828686
2.213888888654765	91.04534477920565	33.10705551672431
2.266666666546371	91.81181931297023	33.35356857814291
2.319444444437977	92.58322294341505	33.596757364393376
2.375000000058208	93.3842011539408	33.78613875020404
2.430555555503815	94.16546297774586	33.89370221852132
2.488888888852671	94.96890573661169	34.22163603809011
2.547222222201526	95.78220668883785	34.44239747407933
2.608333333104383	96.60043673774413	34.702845534403885
2.669444444356486	97.38662765822939	34.791569031552974
2.733333333337214	98.18267677207493	34.98483992250262
2.797222222143319	99.03541049774239	35.282310779506744
2.863888888852671	99.85364054664869	35.498577654268495
2.930555555562023	100.68419333725534	35.67052250751974
3.0	101.4974942894815	35.84555452583453
3.069444444437977	102.31325979004774	36.110706612478445
3.141666666604579	103.17092261239529	36.22126030351001
3.216666666499805	104.0483018214634	36.3937683273694
3.291666666744277	104.88378370875026	36.588226485382776
3.369444444368128	105.71680104769712	36.89784887805249
3.447222222166602	106.54488928996362	37.0868894167958
3.5277777776937	107.42226849903182	37.32828159776388
3.611111110949423	108.27253767635925	37.36204349077573
3.694444444205146	109.14005869206703	37.5239870638293
3.78055555553874	110.01004425611502	37.896515394784906
3.869444444251712	110.88249436850307	38.10212626871123
3.961111111042555	111.80177089935262	38.24089458356301
4.052777777833398	112.65943372170015	38.485293276129475
4.14722222200362	113.53188383408822	38.586786125990464
4.244444444251712	114.44376671991753	38.875063797045975
4.344444444403052	115.33593321902626	39.081568988073485
4.447222222283017	116.25520974987575	39.08639649086144
4.549999999988359	117.14244715230427	39.37990067978947
4.655555555596948	118.03707819975294	39.58054504573915
4.763888888934162	118.97114202064299	39.73034256021189
4.875	119.8830249064723	39.93525858293495
4.988888888794463	120.78997869562147	40.117790337066474
5.105555555492174	121.72404251651152	40.228286700688756
5.224999999918509	122.64578359570112	40.2748114176702
5.347222222248092	123.58970560995145	40.17057184377479
5.4722222223063	124.52130488250131	40.46285086640083
5.599999999918509	125.47015599343185	40.632856530991084
5.730555555608589	126.38943252428126	40.74706395504214
5.863888888852671	127.29638631343062	40.945283890714784
6.0	128.20334010257963	41.02179837849911
6.138888888701331	129.17437214857082	41.18939917319717
6.280555555305909	130.10843596946097	41.333461453329704
6.427777777716983	131.06960982209182	41.72745890571762
6.577777777856682	132.0332482230627	41.93404936739362
6.730555555550382	132.98702843067338	42.314132955010905
6.886111111147329	133.9457377349642	42.32436527263051
7.047222222201526	134.9290925226558	42.59050958763291
7.211111111158971	135.93462824540802	42.780770378642494
7.37777777784504	136.88101480799847	42.98713667890307
7.549999999988359	137.87915688573068	43.2342593227578
7.725000000034925	138.8526534800619	43.52098896232663
7.90555555553874	139.85818920281415	43.34975703052644
8.088888888945803	140.85140218386613	43.47822846264736
8.277777777810115	141.86186700329858	43.32465433655626
8.469444444403052	142.86740272605087	42.997744689379275
8.666666666453239	143.89758393220404	43.27627021272654
8.866666666406672	144.826718656414	43.40400183279257
9.072222222166602	145.856899862567	43.520786191360806
9.28333333338378	146.77371184507643	43.697552529963495
9.500000000058208	147.6954529242661	43.77533130538111
9.71944444446126	148.72809867875915	43.686467275988946
9.944444444496185	149.7508862398921	44.05263078243228
10.17499999998836	150.76874470434478	44.033139398300655
10.41111111111241	151.81124865219826	43.8722891854222
10.6527777776937	152.83403621333116	44.059358976607776
10.90000000008149	153.83957193608347	44.235387767453666
11.15277777775191	154.85496585219616	44.315369133118935
11.4111111110542	155.877753413329	44.5045140287543
11.67499999998836	156.75020352571698	44.61130538109961
11.94444444420515	157.70151918498763	44.85409789052425
12.2222222223063	158.7785268096023	45.12355749687939
12.50555555551546	159.81856620911555	45.41377794609904
12.79444444435649	160.8733928986695	45.54080039936776
13.09166666673264	161.93807778158364	46.43517664755092
13.39444444439141	163.0101563095181	47.001352939075325
13.70555555558531	164.0748411924324	47.075856275326196
14.02222222223645	165.14938426870685	47.18503053555843
14.34722222224809	166.1992818615806	47.39840268240733
14.68055555544561	167.27628948619522	47.58496116587524
15.01944444444962	168.35329711080982	47.764924215286804
15.3666666666395	169.43769838044466	48.014761612741886
15.72222222218989	170.4974541666789	48.24844967150936
16.08611111110076	171.5991072746941	48.51843732030867
16.45833333319752	172.69829583436947	48.67201085554344
16.83888888865477	173.80734258740517	48.909799138858894
17.22777777764713	174.91885388878077	48.93215826760271
17.627777777554	176.0476170285371	49.44055412002762
18.03611111099599	177.15419923323267	49.571206828698365
18.45277777779847	178.25585234124813	49.64859326356328
18.88055555551546	179.38708002934433	49.75247803651435
19.31666666659294	180.47148129897928	49.8403382752347
19.76388888893416	181.64214176051684	50.03190866537319
20.22222222218989	182.7709049002732	50.19605493759183
20.68888888880611	183.87995165330875	50.37143340137416
21.16666666668607	185.00625024472495	50.541855806956335
21.65555555530591	186.13254883614104	50.849243504478444
22.15555555553874	187.29335110431856	50.67353191841507
22.66666666668607	188.4270433407548	50.939174151424616
23.19166666665115	189.5656646738715	51.322421618330615
23.72777777770534	190.72646694204866	51.430408072340434
24.27499999984866	191.87248192018546	51.70551806332739
24.83611111115897	192.99631596326168	51.88485177448467
25.41111111111241	194.17683461815975	52.01879643916559
25.99722222215496	195.36474691807797	52.30288944511757
26.59722222218989	196.5082973478747	52.446732192928636
27.21111111104256	197.68881600277248	52.746852909469666
27.8388888888876	198.88165739937097	52.97555387033682
28.48333333310438	200.042459667548	53.13609814151496
29.14166666666279	201.2353010641464	53.200123774843
29.81388888886431	202.41828426738442	53.359146667208215
30.50277777778683	203.62591295402322	53.51462926648626
31.20833333325572	204.7941088672208	53.57821918516124
31.93055555544561	206.00173755385953	53.96255773423123
32.66944444435649	207.19950804713807	54.09120559655526
33.42499999998836	208.37263305701572	54.23171533056714
34.1972222221666	209.5802617436547	54.09178555888633
34.98611111106584	210.77803223693314	54.45299968461269
35.79444444441469	212.0127709553129	54.38851057520462
36.62222222221317	213.22532873863162	54.49689587744022
37.46944444446126	214.4329574252706	54.59163559837742
38.33611111115897	215.60115333846812	54.694548555854894
39.2222222223063	216.83835660518784	54.64128613730598
40.127777777554	218.01887526008582	54.52713483068221
41.05555555550382	219.22896849506452	54.498020105786296
42.002777777554	220.4094871499627	54.45685172038737
42.9722222223063	221.62697402996184	54.6726092176634
43.9638888888876	222.8025635881794	54.51868349173498
44.97777777764713	223.99786953311795	54.71958038998884
46.01666666666279	225.19071092971623	54.77890486754935
47.08055555558531	226.37615868129436	55.107552703404465
48.16666666668607	227.57639372291277	55.087142582595064
49.2777777776937	228.76430602283116	55.2953959107947
50.41666666668607	229.97686380615002	55.66675529096649
51.58055555558531	231.18449249278885	55.95240990877945
52.77222222229466	232.42416030784875	56.19644655337198
53.9916666666395	233.62439534946736	56.27427778296994
55.23888888879446	234.83202403610596	56.666504482502674
56.51388888893416	236.0938727862265	56.82371880762863
57.81944444443798	237.33354060128633	57.05696476890944
59.15277777775191	238.55349202962572	57.094825559470095
60.51944444450783	239.75619161958426	57.254766139066014
61.91666666645324	241.0131112730247	57.478327820593854
63.34722222218989	242.24292089472405	57.53213005382984
64.80833333329065	243.48258870978395	57.604962650202
66.30555555556202	244.71239833148363	57.770526171486445
67.83611111110076	245.92742066314258	57.92281043997839
69.40277777781012	247.16462392986256	58.05741006697677
71.00555555551546	248.41907903496264	58.15356939171717
72.64444444439141	249.65381775334237	58.24387810675543
74.3222222221666	250.89102102006228	58.46457445925246
76.0361111111124	252.10357880338123	58.715942705993726
77.79166666668607	253.36789210184156	58.92335699509602
79.58611111115897	254.59523717520133	59.046543438831286
81.42222222225973	255.83244044192114	59.19966236430946
83.29999999998836	257.0844309986811	59.41817916544986
85.22222222224809	258.32902791042136	59.62559548364428
87.18888888886431	259.5859475638617	59.79446435441818
89.20000000001164	260.8404026689617	60.04791370386733
91.25833333324408	262.08253503236176	60.15765011336711
93.36388888891088	263.3394546858023	60.41830526705645
95.51944444439141	264.5717288558417	60.51188760720218
97.7222222223063	265.8434357993227	60.69021112859595
99.97777777776355	267.0978909044232	60.904235957384934
102.2833333333838	268.33016507446257	61.00379803384921
104.6444444444496	269.6092656629635	61.105797691440564
107.0583333334071	270.84400438134327	61.41274362832694
109.5277777778101	272.1083176798039	61.38232321000472
112.055555555562	273.3775600749449	60.79050280129504
114.6416666666628	274.6098342449841	62.04982635810624