0.0002777777776827861	1.2384846106749143	5.344427636073769
0.0005555555553655722	4.08332054806672	2.864036169075821
0.0008333333335031057	4.950434950165835	42.897123040954796
0.001111111111185892	25.610530421593833	70.36064178928291
0.001388888888868678	41.05918074909288	133.37329499738254
0.001666666666551464	74.93094656523093	47.736161840944916
0.003055555555420142	14.397602567378938	24.346533923776924
0.003333333333557675	30.373528521204914	138.04977330075542
0.003611111111240462	39.66479072066684	137.49287097943423
0.003888888888923248	57.478298508436104	37.786688328311946
0.005555555555474712	33.479374652359894	68.76101822039111
0.005833333333157498	38.116247020756504	100.05286123347469
0.006111111111295031	46.8819853401584	52.36702839713728
0.006388888888977817	54.05888979551201	7.012309728078327
0.007777777777846495	35.693581933679624	32.837890351196826
0.008055555555529281	41.4743446143403	31.669773560605723
0.008333333333212067	44.48559644708452	54.75732838641282
0.008611111110894853	49.684779367145424	40.893707876918846
0.00944444444439796	45.39475275958839	0.16551998042705426
0.009722222222080745	40.67379657038218	4.417031065477959
0.01000000000021828	38.41404388612389	10.533118707474737
0.01027777777790107	41.08896043562959	19.06781843165031
0.01055555555558385	44.711571715510296	13.2687322798916
0.01083333333326664	48.74233987557101	15.90024928911036
0.01111111111094942	51.040630977700346	49.18398813284138
0.01138888888908696	50.45905121710059	25.11531223743986
0.01166666666676974	47.78763816012858	26.801926931888328
0.01194444444445253	45.03214128234696	28.320671357559693
0.01222222222213532	42.77238859808872	3.2980073118516797
0.01333333333332121	50.66575727659089	6.1849136386901336
0.01388888888868678	50.34518770975421	27.3879257206981
0.0144444444445071	45.85195853524061	34.69104200217904
0.01611111111105856	52.1915282750319	34.308479212209285
0.01666666666687888	48.86671386051851	25.547506598307663
0.01777777777761003	50.222565471073516	1.5435782037900294
0.01833333333343035	52.993828065256956	4.881235038618827
0.01888888888879592	51.41550467880993	18.196024444045875
0.01944444444461624	49.111958337879905	18.471004534972217
0.01999999999998181	50.58517694831499	6.052290434405157
0.02055555555534738	53.41775066183876	3.7850888781309857
0.0211111111111677	53.2250585724834	14.762971534466208
0.02166666666653327	51.264854499859325	16.186975846701316
0.02222222222235359	51.50309199215318	17.687879885901687
0.02277777777771917	53.81364531815064	8.530509201607373
0.02333333333353949	54.56689621290343	8.399889724603192
0.02388888888890506	53.1690026919437	4.879071268301386
0.02444444444427063	52.71880390135884	20.286095733967798
0.02527777777777374	55.19577312270866	9.806819321552245
0.02611111111127684	54.87870704840575	5.7041450697622915
0.0269444444443252	54.381211108615496	18.602378658725325
0.02777777777782831	56.427250748316055	16.32854762321222
0.02861111111133141	55.89997512198912	9.927778945917279
0.02944444444437977	55.940265286127044	17.0612467333136
0.03027777777788288	57.515085180040366	15.87917830363584
0.03111111111093123	57.00357527011525	11.573463424674637
0.03194444444443434	57.40998040402835	14.64259233366643
0.03277777777793745	58.55737420882614	18.729945588520234
0.0336111111109858	58.14571383611243	12.178580372068806
0.03444444444448891	58.77459074591762	17.182432872778953
0.03527777777799201	59.59265625254452	16.423690497309483
0.03611111111104037	59.333397805048186	18.65868530631019
0.03694444444454348	60.0411032968624	14.408406000216761
0.03805555555572937	60.5648754306556	19.25937619008058
0.03916666666646052	60.94675611683255	15.42036374089125
0.04027777777764641	61.65971684744739	20.039976821756824
0.0413888888888323	61.894450847207615	17.926532125505933
0.04250000000001819	62.670474443429526	18.510306548655628
0.04361111111120408	62.87718050291987	19.739962264766476
0.04472222222238997	63.630431397672645	21.39002141641574
0.04583333333312112	63.87042063623342	17.913998244221094
0.04694444444430701	64.560608665379	16.70598192888927
0.0480555555554929	64.86891600834754	20.228736341111023
0.04916666666667879	65.48202720175091	21.097245122630895
0.05055555555554747	66.62066227521444	21.470051703650174
0.05194444444441615	65.88843233566409	19.933824980510195
0.05333333333328483	67.18297282687874	22.025600415847393
0.05472222222215351	67.68046876666884	22.11948012583506
0.05611111111102218	68.600135556774	21.07992324586826
0.05749999999989086	68.60889428810832	28.003492512701843
0.05888888888875954	69.85088239131693	25.679003111670102
0.06027777777762822	69.85263413758379	24.014125239721373
0.06194444444463443	70.64967868900821	25.449847840857654
0.06361111111118589	71.56058674777903	26.82178918205269
0.06527777777773736	71.99677156822892	23.514326511659743
0.06694444444428882	72.56959259749433	26.788357260285963
0.06861111111129503	73.37714762652001	26.63433421703195
0.0702777777778465	73.96223087965348	26.660458870569922
0.07194444444439796	74.50176872984852	25.95544305616702
0.07361111111094942	75.1972119977947	27.101377970247665
0.07555555555563842	75.9346971761456	27.965664128357073
0.07749999999987267	76.61437472768999	27.630513107064854
0.07944444444456167	77.28003830909938	28.187362811550482
0.08138888888879592	77.95796411437692	28.529552771470218
0.08333333333348492	78.6569108748567	28.94639618119932
0.08527777777771917	79.33834017266798	29.179963014679718
0.08750000000009095	80.09509455995448	29.69264914409407
0.08972222222246273	80.84484196217343	30.241189501230835
0.09194444444437977	81.59108587185884	30.70318624919732
0.09416666666675155	82.32156406514237	31.000479297877703
0.09638888888866859	83.04328352709146	31.377704395959704
0.09888888888872316	83.85259030238396	31.829945635074424
0.1013888888887777	84.65664183887583	32.21500036348676
0.1038888888888323	85.45193464403344	32.59836564813442
0.1063888888888869	86.2279582402554	32.97293296293741
0.1088888888889414	87.00573358274434	33.34445201358992
0.1116666666666788	87.85533052217475	33.73378825661688
0.1144444444444162	88.68215476013589	34.0326449711261
0.1172222222221535	89.5054755055634	34.34880696314306
0.1199999999998909	90.31127878832217	34.67578728839293
0.1227777777776282	91.10832333974658	34.897979993695536
0.1258333333335031	91.97718948811256	35.17453687281331
0.1288888888889233	92.81977944247552	35.474492939517
0.1319444444443434	93.65886590430475	35.65394712637621
0.1350000000002183	94.48218664973223	35.83322077736523
0.1383333333333212	95.35630803689874	35.9706327861615
0.1416666666668789	96.22342243899791	36.04746592864875
0.1449999999999818	97.07477112469512	36.16378197205131
0.1486111111112223	97.96465822826357	36.17088148709516
0.1522222222224627	98.83527612289635	36.10837701739168
0.1558333333332485	99.68312131606	35.958517373402
0.1594444444444889	100.50994555402112	35.722327994957205
0.1633333333334122	101.3840669411877	35.41366304454327
0.1672222222223354	102.22840864181761	35.092983005233826
0.1711111111112587	103.0412189096438	34.70406033421152
0.1752777777778647	103.86804314760495	34.23661245529377
0.1794444444444707	104.66683944529622	33.6533458982573
0.1836111111110768	105.4376078027177	32.99135120931922
0.1880555555553656	106.22589362280783	32.27822991992298
0.1925000000001091	106.97914451756056	31.5397296844743
0.196944444444398	107.70086397950966	30.735036746793075
0.2016666666668243	108.41907994892509	29.693090936742102
0.2063888888887959	109.1022609930032	28.45558869953366
0.2113888888889051	109.79420076841554	27.125678058350942
0.2163888888890142	110.44760212595689	25.78982712122962
0.2213888888886686	111.04319585669167	24.35795157532302
0.2266666666664605	111.60200291582223	22.903262107149082
0.2319444444442524	112.0872366317443	21.500361518884226
0.2375000000001819	112.56020812379843	20.015711415801157
0.2430555555556566	112.99814469051516	18.625930728295586
0.2488888888888141	113.40104633189453	17.365590265885757
0.2547222222224264	113.76891304793652	16.31865852832961
0.2608333333332666	114.12977277891106	15.493467166695895
0.2669444444445617	114.46085282334899	14.788158054680691
0.2733333333335395	114.79018112151994	14.168495902881446
0.2797222222220626	115.10549544955606	13.723510509064615
0.2863888888887232	115.41555453879138	13.38992947074788
0.2930555555553838	115.71335140415877	13.108757569123643
0.3000000000001819	116.0146517620599	12.931521303162228
0.3069444444445253	116.30719338862667	12.768707077348928
0.3141666666665515	116.5979832689266	12.617367184197771
0.3216666666667152	116.89402838802704	12.52240134754251
0.3291666666668789	117.17956302952638	12.442054323004454
0.3369444444442706	117.47210465609312	12.34064749291205
0.3447222222221171	117.7523840587918	12.247018769779697
0.3527777777776464	118.03266346149057	12.179172449979086
0.3611111111113132	118.31819810298988	12.095122792900025
0.3694444444445253	118.59497401315478	12.036044149410639
0.3780555555554201	118.86824643078607	11.940016924258568
0.3869444444444525	119.14327059468414	11.832141322647018
0.3961111111111677	119.42004650484908	11.764207807132626
0.4052777777778829	119.6880636836797	11.65409216871368
0.4147222222222808	119.95958435504417	11.58691513659367
0.4244444444443616	120.22760153387478	11.542878643493928
0.4344444444445799	120.48861172763793	11.48373460857507
0.4447222222220262	120.7566289064685	11.400646642400453
0.4549999999999272	121.01063211516427	11.336493646674851
0.4655555555555111	121.27339405519433	11.241362227794435
0.4763888888887777	121.53615599522438	11.153172673256906
0.4875000000001819	121.79541444272058	11.071534698098729
0.4988888888888141	122.04941765141635	10.957562118586784
0.5105555555555839	122.3051726063789	10.87158410541397
0.5225000000000364	122.55567232254087	10.753619452712979
0.5347222222221717	122.80266854616906	10.641590538889826
0.5472222222224445	123.04265778472981	10.542786900736605
0.5599999999999454	123.28089527702375	10.441160735004495
0.5730555555555839	123.51738102305076	10.363555823222113
0.5863888888889051	123.75386676907775	10.305801666959043
0.599999999999909	123.99035251510487	10.252412199727662
0.6138888888890506	124.22508651486505	10.248937933918757
0.6280555555554201	124.45281352955766	10.231785248431525
0.64277777777761	124.69105102185152	10.22682308337002
0.6577777777779374	124.92753676787855	10.21840489044303
0.6730555555554929	125.16051902137188	10.212812010918483
0.6886111111111859	125.397004767399	10.249701393709246
0.7047222222222445	125.63173876715909	10.27513419260228
0.7211111111109858	125.86647276691929	10.240400751101284
0.7377777777778647	126.09945502041258	10.254988447878809
0.7550000000001091	126.33594076643962	10.281247537774432
0.7725000000000364	126.57943349753398	10.296634882940532
0.7905555555557839	126.81591924356113	10.318435040957697
0.8088888888887595	127.04364625825377	10.344789719446362
0.8277777777780102	127.28363549681457	10.384028114416422
0.8469444444444889	127.52187298910843	10.422234203982013
0.8666666666667879	127.7636139739361	10.403278880306193
0.8866666666667697	128.00009971996315	10.428305142576505
0.9072222222221171	128.24008895852387	10.497492280564956
0.9283333333332848	128.48358168961832	10.496573515904327
0.9499999999998181	128.72882616697973	10.51708389593347
0.9719444444444889	128.9670636592736	10.55905352756153
0.9944444444445253	129.20705289783436	10.55412909097125
1.017499999999927	129.4505456289289	10.578144787800843
1.04111111111115	129.68878312122285	10.55428169945693
1.065277777777737	129.93227585231728	10.543250231958446
1.090000000000146	130.18277556847923	10.551623893320995
1.115277777777919	130.41926131450631	10.527420991237056
1.141111111111059	130.6645057918676	10.516004490826809
1.167500000000018	130.90099153789467	10.492242474125224
1.194444444444343	131.1409807764554	10.4658064753997
1.222222222222172	131.3827217612831	10.411500405460043
1.250555555555366	131.61745576104326	10.39252363680948
1.27944444444438	131.85744499960393	10.338635803842362
1.309166666666442	132.09042725309726	10.318739766351907
1.339444444444325	132.32691299912432	10.265096543977519
1.370555555555711	132.5651504914181	10.233019810924853
1.402222222222463	132.79638099864465	10.204643129176171
1.434722222222263	133.029363252138	10.141626058957831
1.468055555555566	133.26234550563123	10.115060120795258
1.501944444444234	133.4900725203239	10.031338420850144
1.536666666666861	133.72305477381715	9.937662026171347
1.572222222222081	133.9507817885099	9.77221141993211
1.608611111111259	134.17675705693574	9.612238737894403
1.645833333333485	134.4027323253615	9.62578197358264
1.68388888888876	134.61994886245313	9.583750592867494
1.722777777777992	134.8354136532776	9.339660476773645
1.762777777777956	135.02985748889986	9.415712992101044
1.803611111110968	135.226053070789	9.398945438314836
1.845277777777937	135.46078707054912	9.34038658381378
1.888055555555638	135.67975535390752	9.32660166758899
1.931666666666843	135.85668172686113	9.25822935992772
1.976388888888778	136.10192620422242	9.401388646380333
2.022222222222354	136.3243979801146	9.358779608128529
2.068888888888978	136.53635927840534	9.195853054616236
2.116666666666788	136.75007232296315	9.10683970188263
2.165555555555784	136.94977139738597	9.192894594955183
2.215555555555511	137.17574666581183	8.97994367107846
2.266666666666879	137.36143177009973	8.851723206262237
2.319166666666661	137.55937909825568	8.752291749806124
2.372777777777628	137.75732642641157	8.676309365161147
2.427500000000237	137.9535220083007	8.608211784062538
2.483611111111259	138.1497175901899	8.432462954899808
2.54111111111115	138.34240967954514	8.414435608802691
2.599722222222226	138.53159827636682	8.34768068883699
2.659722222222172	138.7277938582559	8.257639685639395
2.721111111110986	138.9117272162769	8.171996223825984
2.783888888888669	139.09741232056487	8.072173376184828
2.848333333333358	139.27959393231893	7.9883903394704445
2.914166666666461	139.4617755440731	7.9093889031429985
2.981388888888887	139.63870191702662	7.7546855331508615
3.050277777777865	139.8156282899802	7.700570247699185
3.120833333333394	139.9890511704	7.608655074358971
3.193055555555475	140.1624740508199	7.518296323146704
3.266944444444562	140.3341451849728	7.418360396576487
3.3425000000002	140.49530584152458	7.339873037120843
3.41972222222239	140.6669769756775	7.262807064925606
3.498611111111131	140.83164112476305	7.164108343728456
3.579444444444562	140.9928017813147	7.0279419688390625
3.662222222222226	141.15221069159966	6.898367786731021
3.74694444444458	141.31161960188453	6.808032083270902
3.833611111111168	141.4710285121695	6.670478424884967
3.92222222222199	141.62167869111997	6.555124825062794
4.012777777777956	141.76357013873624	6.456928612953333
4.105555555555384	141.9054615863524	6.3736935818317155
4.200277777777956	142.04560128770171	6.251752048830854
4.29722222222199	142.18574098905117	6.1693749364161
4.396388888888851	142.32412894413358	6.109608697854757
4.497777777777628	142.46251689921615	6.063404379907128
4.601666666666461	142.60265660056547	6.026408353985619
4.708055555555347	142.7340375705805	5.9722363844389985
4.816666666666606	142.87417727192982	5.910558123055677
4.927777777777919	143.01081348074538	5.833618692231138
5.041666666666515	143.14219445076048	5.787409076621847
5.15805555555562	143.27532716704235	5.70324940820661
5.277222222222463	143.40320464452356	5.651346777158164
5.399166666666588	143.52933037573797	5.566333523670927
5.523888888888905	143.65020086815179	5.489476681780812
5.65138888888896	143.7780783456331	5.428695850453608
5.781944444444434	143.89894883804695	5.360445050608161
5.915277777777646	144.01806758419394	5.276423798208958
6.051944444444416	144.13893807660764	5.231397099400424
6.191666666666606	144.2580568227546	5.193695324029049
6.334722222222354	144.37542382263473	5.116977720691973
6.480833333333521	144.49279082251482	5.048768751552218
6.630555555555475	144.6013990910605	5.017891522475181
6.783611111110986	144.71701434467374	4.9269197553666615
6.940277777777737	144.82912610575323	4.8813596691844126
7.100555555555729	144.9394861205659	4.813398428290449
7.264444444444507	145.04459089657786	4.783292644001634
7.432222222222208	145.15670265765738	4.761669164959051
7.60361111111115	145.2565521948687	4.693256767520921
7.779166666666697	145.36516046341453	4.655824502717753
7.958611111111168	145.46676174689273	4.587683292621701
8.142222222222244	145.5771217617054	4.565422335725605
8.329999999999927	145.6804747914506	4.489461757371365
8.522222222222354	145.78032432866195	4.458884257838635
8.718888888889069	145.8836773584072	4.398402856878575
8.920000000000073	145.97827165681795	4.375946016571292
9.125833333333503	146.07812119402928	4.3074151864826975
9.336388888888905	146.17271549244015	4.238304152313548
9.551944444444416	146.26555804458408	4.224021085022865
9.772222222222354	146.36015234299492	4.155513852522292
9.997777777777628	146.4564983876726	4.140792067783227
10.22833333333347	146.55109268608336	4.110844024665915
10.46444444444433	146.63867999942676	4.119902629094518
10.70583333333343	146.73502604410436	4.1135880858060245
10.95277777777801	146.82261335744772	4.09896846212693
11.20555555555575	146.9137041633249	4.076936720712408
11.46416666666664	147.00654671546883	4.062518269934753
11.72861111111115	147.10289276014646	4.0639638789642225
11.9991666666665	147.19398356602352	4.018500763494104
12.27611111111128	147.28507437190063	4.035258024313322
12.55944444444458	147.37616517777764	4.044469451256723
12.84916666666686	147.46725598365472	4.0538888270608275
13.14555555555535	147.55484329699806	4.016460245468062
13.44888888888909	147.64067886407457	4.017881476567403
13.75916666666672	147.73176966995175	4.019540013130637
14.07666666666682	147.82461222209568	4.028982554516589
14.40138888888896	147.9192065205064	4.014971787003452
14.73361111111126	148.0067938338497	4.071437283936205
15.07361111111095	148.0978846397268	4.1045590944218855
15.42138888888894	148.18897544560386	4.098552676426178
15.77722222222246	148.28181799774796	4.100602918058832
16.14111111111106	148.36940531109119	4.110596937823613
16.51333333333332	148.46925484830257	4.1436799914874936
16.89416666666648	148.56209740044665	4.153608796479471
17.28388888888867	148.6514364600568	4.179417430899255
17.68249999999989	148.74427901220068	4.220800539706339
18.09027777777783	148.8406250568784	4.238384913984954
18.50750000000016	148.93521935528918	4.216996136552557
18.93444444444458	149.02806190743314	4.266540107603735
19.37111111111108	149.12440795211086	4.300332549528408
19.81805555555548	149.22600923558903	4.326121917259381
20.27527777777777	149.31710004146626	4.344602433869862
20.74305555555566	149.411694339877	4.3550852455117095
21.22138888888867	149.5150473696221	4.4049990858264065
21.71083333333354	149.61139341429987	4.3919517571221744
22.21166666666659	149.70949120524435	4.4110042740599305
22.72388888888872	149.80934074245573	4.445464314436016
23.24805555555577	149.9056867871334	4.503956134415684
23.78416666666681	150.00903981687858	4.491113297977219
24.33277777777767	150.10188236902258	4.518350905627777
24.8938888888888	150.20698714503462	4.537518131886853
25.46805555555557	150.30508493597912	4.548860156439565
26.05555555555566	150.411941458258	4.575974893396837
26.65666666666675	150.5117909954693	4.571711974547903
27.27138888888885	150.61339227894774	4.622907507347706
27.90027777777777	150.71499356242603	4.618875769243805
28.54388888888889	150.8165948459042	4.622829025662453
29.20222222222219	150.91819612938255	4.6352686865582235
29.8758333333335	151.01979741286084	4.655633658585952
30.56500000000006	151.1231504426059	4.66788852158787
31.26999999999998	151.22650347235103	4.688291169678118
31.99111111111097	151.32460126329565	4.717189087300767
32.72888888888883	151.43320953184144	4.729641216132051
33.48361111111126	151.53656256158652	4.7585600040041935
34.25583333333316	151.63991559133171	4.747555102135837
35.04583333333312	151.74502036734367	4.7928920754090605
35.85416666666652	151.8518768896226	4.821954222975068
36.68111111111102	151.95522991936778	4.819654005208448
37.52722222222246	152.06208644164656	4.84123174322963
38.39277777777761	152.161935978858	4.871491427060379
39.27833333333319	152.27404773993746	4.893174129435067
40.18416666666644	152.37740076968268	4.915768133634809
41.11083333333318	152.48425729196154	4.913764288924315
42.05888888888876	152.5911138142404	4.928473117749961
43.02888888888901	152.69972208278608	4.967154367019733
44.02138888888885	152.80833035133182	4.941548433926177
45.03666666666686	152.91869036614452	4.980753856923133
46.07527777777796	153.02029164962283	4.97996051720609
47.13777777777796	153.1288999181685	5.01177210739369
48.22499999999991	153.23575644044743	4.97010429543206
49.33722222222241	153.3408612164594	4.986324608518499
50.47499999999991	153.451221231272	4.969388951461331
51.63916666666682	153.556326007284	5.018370985362673
52.82999999999993	153.66843776836353	5.001433193579004
54.04833333333318	153.76653555930807	5.027127559444145
55.29472222222239	153.8768955741207	5.051983131598414
56.57000000000016	153.98200035013278	5.01962095619861
57.87472222222232	154.09236036494536	5.036531866036685
59.20944444444422	154.1957133946905	4.99631644182755
60.57499999999982	154.30607340950314	5.038094097488079
61.97194444444449	154.4146816780489	5.056262192208538
63.40111111111128	154.5162829615271	5.06650522027689
64.86333333333323	154.623139483806	5.043268281089857
66.35916666666662	154.72474076728435	5.036833493088324
67.8894444444445	154.82984554329633	5.030954138924991
69.45499999999993	154.9419573043757	5.032766956277743
71.05666666666684	155.04706208038775	5.051776465833307
72.69527777777785	155.15041511013285	5.046254098970797
74.37166666666644	155.2502646473444	5.074945270340423
76.08666666666659	155.35712116962318	5.086433890436065
77.84138888888901	155.46397769190213	5.064562261550432
79.63666666666677	155.56733072164727	5.076908975988805
81.47333333333336	155.67068375139235	5.063407411573732
83.35222222222228	155.77578852740444	5.092728888044954
85.27444444444427	155.88089330341631	5.097188742153767
87.24111111111097	155.9859980794284	5.084577462005398
89.25305555555542	156.09110285544048	5.097913794948885
91.31138888888881	156.18920064638502	5.103670223715753
93.41722222222234	156.29255367613007	5.091639680835108
95.57166666666672	156.39765845214217	5.1059677096033225
97.77555555555546	156.49925973562043	5.095229961762683
100.0302777777779	156.6026127653656	5.107547864225237
102.3372222222224	156.70421404884382	5.019819939606515
104.6972222222221	156.80406358605524	5.023002074258154
107.1116666666667	156.90566486953355	5.054235101056393
109.5816666666665	157.01076964554554	5.062722317911693
112.1086111111113	157.11061918275686	5.101966305464674
114.693888888889	157.21572395876888	5.133609750320511
117.338888888889	157.2857938094436	5.156254038687557
120.0447222222224	157.3873950929219	5.196573884709011
122.8130555555554	157.49600336146761	5.221166166788853
125.6452777777777	157.59935639121286	4.978437248984802
128.5427777777777	157.70621291349164	5.080060716526457
131.5069444444443	157.81306943577053	4.795839827665112
134.5397222222223	157.91467071924885	5.064559332918075
137.6422222222222	158.01977549526092	4.971445526582022
140.8163888888889	158.12312852500594	4.7846576338103075
144.0636111111112	158.16867392794455	4.9976620325867085
147.3858333333333	158.28779267409152	4.551303292370953
150.7847222222222	158.32457934569564	6.486614794016645