0.01111111093382533	2911.161941368918	77227.32870882259
0.02222222219756986	38337.656251585395	27520.458283230982
0.0333333334613144	43483.03843472512	10274.584284896438
0.04444444437581296	45714.93148559344	7465.456486543659
0.0555555556395575	47144.94679363489	6355.481677685095
0.06666666672867905	48133.92934312138	5679.320743077231
0.0777777778178006	48895.71319880706	5253.275961695984
0.08888888873229916	49497.12150592718	4845.5549339741
0.0999999999960437	49978.24815162341	4739.850427101398
0.1111111112597882	50472.73942636674	4723.749317000652
0.1222222221742868	50820.21978159173	4662.9714573048295
0.1333333334380313	51167.70013681669	4326.793740408581
0.1444444445271529	51448.357346806144	4844.062302987151
0.1555555556162744	51702.285298701514	4539.090388595201
0.166666666530773	52049.765653926464	4453.1731568384885
0.1777777777945175	52223.5058315389	4402.565361409484
0.1888888888836391	52397.24600915147	4101.108692596444
0.1999999999727606	52570.986186763985	3918.1154267725597
0.2111111112365052	52744.72636437639	4179.275855314566
0.2222222223256267	52878.37265484754	4300.4145550230805
0.2333333334147483	53065.47746150719	4208.806610622927
0.2444444443292468	53239.2176391196	4195.605317006337
0.2555555555929914	53372.8639295909	4487.932898290081
0.2666666666821129	53479.78096196766	4237.103824584844
0.2777777777712345	53613.42725243901	4133.331463605976
0.288888889034979	53720.34428481588	4094.632961973339
0.3000000001241006	53867.35520433409	4044.054041414854
0.3111111112132221	53934.17834956968	4226.244838531863
0.3222222221277207	54041.09538194657	4227.859958203074
0.3333333333914652	54148.0124143237	4286.455336047358
0.3444444444805868	54214.83555955922	4282.65910514838
0.3555555555697083	54321.75259193611	4205.342792981344
0.3666666664842069	54428.669624313065	4361.271888863118
0.3777777779225744	54522.22202764285	4407.06027571125
0.3888888890116959	54602.40980192562	4185.284546880481
0.3999999999261945	54669.23294716116	4429.034970899987
0.411111111189939	54776.14997953803	4223.095636188692
0.4222222222790606	54842.97312477358	4175.782487285223
0.4333333333681821	54909.79627000921	4041.5290913068557
0.4444444442826807	54989.984044291894	4209.010614571518
0.4555555555464252	55016.71330238623	4039.5103666124387
0.4666666668101698	55083.53644762164	4037.2955911261097
0.4777777777246683	55163.72422190447	3964.1978508891225
0.4888888889884129	55190.45347999854	3795.392293542066
0.511111111166656	55297.37051237563	3972.4218292871096
0.5333333333448991	55444.38143189381	4054.4931784498826
0.5555555555231422	55511.2045771295	3964.1621419079547
0.5777777778760083	55578.02772236506	3845.6569384589134
0.5999999998796284	55725.03864188322	4332.250871379298
0.6222222222324945	55791.8617871189	4061.703363083495
0.6444444445853605	55898.77881949583	4129.996225180566
0.6666666667636036	55925.50807759012	4054.878858869826
0.6888888889418467	55965.601964731446	4433.2768864267855
0.7111111111200898	56099.24825520262	4407.779458612035
0.7333333334729559	56212.48461739466	4240.98977777558
0.755555555476576	56212.48461739466	4402.182366517667
0.7777777778294421	56328.42996906315	4279.350011335919
0.7999999998330622	56444.37532073151	4508.659206846876
0.8222222223605513	56400.895813855954	4923.86453339107
0.8444444445387944	56516.841165524405	4725.282248545086
0.8666666667170375	56560.320672400034	4504.420544218941
0.8888888888952806	56632.786517192966	4223.80571010051
0.9111111110735237	56705.25236198563	4628.787903503022
0.9333333334263898	56748.731868861454	4880.7824613254625
0.9555555554300099	56792.21137573712	4536.420843479235
0.977777777782876	56893.66355844699	4303.6454119435275
1.011111111224864	56980.62257219844	4894.505126238493
1.044444444492228	56980.62257219844	4723.789480288427
1.07777777758497	57053.0884169911	4740.346758521579
1.111111111026958	57096.56792386685	4608.741198792213
1.144444444468945	57241.49961345244	4862.028935441793
1.177777777910933	57284.97912032813	4783.255785980882
1.211111111178298	57313.96545824525	4524.130418234343
1.244444444445662	57357.444965120885	4668.757832256846
1.27777777788765	57429.91080991379	4366.001155948991
1.311111110980392	57502.37665470648	5023.866940412498
1.344444444422379	57502.37665470648	5025.238569710674
1.377777777864367	57589.335668457876	4912.6344296216475
1.411111111131731	57618.322006375	5236.021898418133
1.444444444573719	57734.2673580435	4787.890128734472
1.477777777841084	57777.746864919216	4575.301340090189
1.52222222219757	57806.73320283624	4676.275593240351
1.566666666728679	57850.21270971193	5075.571787641402
1.611111111259788	57922.67855450484	5134.683593456961
1.655555555616274	57922.67855450484	5083.304067042919
1.699999999972761	58038.623906173176	5130.713908449298
1.744444444329247	58082.10341304892	5170.452403123079
1.788888889034979	58111.08975096608	5185.143227511742
1.833333333391465	58198.04876471757	5287.827479987478
1.877777777922574	58227.03510263453	4757.872730511981
1.922222222279061	58227.03510263453	4703.288116161999
1.96666666681017	58313.994116386	4874.371752263032
2.022222222081155	58313.994116386	5278.759535537294
2.077777777876008	58415.44629909587	5132.197049498025
2.133333333321616	58458.9258059716	5064.280644750725
2.188888888941847	58502.40531284733	5687.365121931152
2.244444444562078	58574.87115764015	5202.884004758757
2.299999999833062	58574.87115764015	5191.382456201898
2.355555555627916	58618.35066451573	5248.53499058112
2.411111111073524	58690.8165093085	5144.229085614763
2.477777777782876	58734.296016184206	4977.972828721196
2.544444444492228	58734.296016184206	5310.219916008937
2.611111111026958	58763.28235410137	5500.426417860483
2.677777777910933	58835.748198894245	5562.175549952544
2.744444444445662	58922.70721264549	5598.844154557469
2.811111110980392	58922.70721264549	5712.482213132769
2.877777777864367	58951.69355056269	5592.255772730662
2.944444444573719	58995.17305743827	5807.623182731378
3.02222222219757	59111.11840910681	5303.291368231297
3.099999999996044	59111.11840910681	5382.766771352113
3.177777777794518	59140.10474702393	6026.537445017291
3.255555555592991	59183.58425389954	5683.828346929284
3.333333333391465	59183.58425389954	5383.157504871878
3.411111111189939	59256.05009869234	5601.88948963396
3.500000000077534	59256.05009869234	5710.400289004746
3.58888888896513	59343.00911244386	6164.38786859051
3.677777777678102	59371.99545036096	5896.403367946496
3.766666666740321	59458.954464112314	6043.426700914931
3.855555555627916	59458.954464112314	6038.098212099056
3.95555555543001	59487.94080202941	5691.767019022148
4.05555555558135	59603.88615369786	6132.928275312445
4.155555555383444	59603.88615369786	5917.73921887418
4.255555555534784	59676.35199849079	6105.530482126446
4.355555555686124	59603.88615369786	5776.002388358595
4.466666666577339	59676.35199849079	5695.085871630126
4.577777777817801	59719.83150536646	5984.526519105054
4.688888888883639	59835.77685703481	6031.776115752958
4.800000000124101	59792.29735015921	5899.303028240666
4.911111111189939	59792.29735015921	6172.962045801661
5.033333333344899	59864.76319495201	5939.0832792740775
5.155555555674482	59908.24270182769	6163.8670334910885
5.277777777829442	59951.72220870334	6423.673135530066
5.399999999984402	60024.1880534962	6427.850630741935
5.533333333228484	59980.70854662042	6152.654653071569
5.666666666647188	60067.66756037172	6354.020609289906
5.800000000065893	60096.653898288896	6460.152548894251
5.944444444573719	60096.653898288896	6387.803366703931
6.088888888732299	60140.133405164626	6400.706716214085
6.233333333414748	60212.5992499575	5899.2384710614215
6.377777777922574	60183.61291204024	6386.950678801369
6.533333333344899	60256.07875683308	6440.109950264957
6.688888888941847	60285.06509475024	6616.08482046694
6.844444444538794	60328.54460162587	6886.418188883704
7.011111111224864	60285.06509475024	6617.641146964439
7.177777777910933	60372.02410850153	6804.748178613887
7.344444444422379	60401.01044641871	6149.238232364505
7.52222222219757	60401.01044641871	6758.398478441626
7.699999999972761	60444.489953294375	7150.491698840735
7.877777777922574	60516.95579808719	6860.7142130002085
8.066666666786887	60487.969460170054	6951.278974261591
8.255555555476576	60516.95579808719	6556.869563244636
8.45555555543001	60603.91481183869	6428.633794444363
8.655555555383444	60676.38065663135	6669.22147676116
8.855555555686124	60632.90114975563	6917.054054940073
9.066666666728679	60748.8465014242	6683.292898723625
9.277777777771234	60792.326008299875	6742.597452628598
9.500000000077534	60792.326008299875	6636.237538204516
9.722222222034588	60792.326008299875	6885.945471687781
9.95555555543001	60821.312346216924	6705.337322696149
10.18888888882543	60821.312346216924	6724.510457383257
10.43333333313535	60908.271359968436	7033.323130946346
10.67777777779452	60980.737204761135	6714.199020397312
10.93333333336818	60937.25769788532	6792.394711127336
11.18888888894185	61009.723542678206	6644.7324967878985
11.45555555543001	61053.20304955402	6802.629197166794
11.72222222226742	61053.20304955402	7246.089232264227
12.00000000001933	61125.66889434672	6838.610378973773
12.27777777777123	61096.68255642962	7058.097355505689
12.56666666678689	61169.14840122243	7288.652271348108
12.86666666671704	61241.61424601528	6886.062376051993
13.16666666664719	61212.627908098155	6870.611168730311
13.47777777784108	61285.09375289097	7251.891668758135
13.78888888903498	61241.61424601528	7095.362292321734
14.11111111114337	61314.080090808086	7136.548494238715
14.44444444451551	61285.09375289097	6897.048164141202
14.77777777788765	61401.03910455937	6878.423647436096
15.12222222217429	61401.03910455937	6860.6728973690915
15.47777777772467	61430.02544247656	6877.033889713562
15.84444444453879	61473.50494935222	6865.319812756676
16.2111111111783	61473.50494935222	6856.164654997309
16.5888888887323	61516.98445622783	6983.457004358955
16.97777777772467	61516.98445622783	6690.652423462983
17.37777777763154	61589.45030102074	7239.2145765441455
17.78888888897677	61618.43663893784	7149.554430417695
18.19999999997276	61618.43663893784	6565.020162843156
18.62222222223249	61661.91614581352	6932.899555701171
19.05555555558135	61661.91614581352	6777.4527162842
19.50000000001933	61734.38199060633	6678.495050206189
19.95555555554643	61777.861497481994	7077.644734033699
20.42222222233727	61777.861497481994	6697.431602467624
20.90000000004261	61850.32734227471	7161.334986208531
21.3888888890117	61893.80684915044	6782.383076407873
21.88888888889528	61850.32734227471	6601.530479108702
22.40000000004261	61922.79318706758	6899.466906735177
22.92222222227906	61966.27269394324	6655.826411686614
23.45555555543001	61966.27269394324	7040.901913024546
24.00000000001933	62009.75220081895	7295.967409190577
24.55555555552314	62082.21804561175	6688.539159057015
25.1222222222907	62038.73853873612	6841.244102904393
25.71111111123651	62154.6838904047	6830.627125195124
26.31111111109681	62198.16339728043	6748.924080251619
26.92222222222085	62198.16339728043	6705.9678873927705
27.54444444443402	62227.149735197396	6878.986551511123
28.18888888882543	62198.16339728043	7189.320194814852
28.84444444448059	62314.1087489486	6928.9494965090835
29.51111111122486	62386.57459374158	6745.644893285874
30.19999999997276	62343.09508686575	6839.437251244069
30.8999999999844	62386.57459374158	6993.925737780628
31.62222222217429	62415.560931658765	6946.490763454337
32.35555555562792	62502.51994541002	6891.9025411045495
33.11111111125979	62502.51994541002	6840.430585443392
33.87777777763154	62574.98579020287	6999.55058596349
34.66666666653077	62574.98579020287	7083.147036533055
35.46666666669375	62618.4652970785	6841.96015938361
36.28888888903498	62647.451634995756	6979.377874812972
37.13333333337982	62690.93114187135	7154.993257342165
38.00000000007753	62763.39698666412	7237.645441786085
38.87777777786437	62763.39698666412	7041.030646879256
39.77777777782944	62806.87649353973	7185.742308701249
40.69999999997276	62835.86283145695	6989.824490678005
41.64444444446895	62835.86283145695	7133.421635143143
42.61111111114337	62922.8218452083	6962.831263718242
43.59999999999604	62995.2876900011	7272.454091002837
44.61111111102696	63024.27402791825	7012.610904117279
45.64444444458536	63024.27402791825	6967.6014537714855
46.69999999997276	63067.75353479391	7127.178111766596
47.77777777788765	63140.21937958683	6943.20518483453
48.88888888889528	63183.69888646242	6939.0783261175875
50.02222222208116	63183.69888646242	7083.749486193887
51.17777777779452	63299.64423813089	7035.750171543943
52.36666666677525	63372.11008292363	7203.970669190377
53.57777777758497	63328.63057604792	6956.597352242823
54.82222222236055	63415.589589799376	7289.615147600232
56.08888888896513	63488.055434592236	7089.314676161864
57.3888888890117	63531.53494146797	7380.910980569358
58.72222222232563	63531.53494146797	7108.816972073939
60.0777777778178	63632.9871241778	7124.808587540146
61.46666666657734	63676.466631053336	7546.067640207209
62.88888888877887	63676.466631053336	6915.092806597942
64.34444444442238	63748.93247584629	6979.490890078428
65.83333333333326	63821.398320639055	7348.782350228111
67.35555555568612	63835.89148959773	7221.164390291162
68.91111111113173	63835.89148959773	7387.662592928735
70.51111111093383	63937.343672307594	7111.1152214141375
72.14444444452715	63980.82317918329	7401.357331119159
73.81111111121322	64053.28902397611	7064.403371066117
75.52222222208115	64053.28902397611	7366.3693417098275
77.26666666674032	64169.23437564439	6921.184206725028
79.05555555558135	64212.71388252018	7260.060437057688
80.88888888877887	64285.17972731306	7151.929261913456
82.75555555559299	64285.17972731306	7299.570628423631
84.6666666667636	64328.65923418879	7062.139226299555
86.6222222222907	64430.111416898624	7134.296473785031
88.62222222217429	64430.111416898624	6960.077670303585
90.6666666667636	64517.07043065006	7127.029522141068
92.7666666666239	64546.056768567134	7362.153317756769
94.91111111118994	64662.00212023561	7536.582504335531
97.10000000011246	64662.00212023561	7202.346733907864
99.34444444448059	64734.46796502845	7092.139212024306
101.644444444469	64821.42697877981	6950.4599244080555
103.9888888889884	64850.41331669694	7174.492230915978
106.3888888887789	64850.41331669694	7034.67354745532
108.8444444445388	65009.838175241195	6680.293918710639
111.3555555555697	65038.824513158164	6659.454888232145
113.9333333331354	65082.30402003386	6910.908236713589
116.5666666666705	65154.76986482669	6503.839655516113
119.2555555554766	65154.76986482669	7319.176910100172
122.0111111111667	65270.715216495104	6113.159084302399
124.8333333333915	65343.181061288145	5270.4209310619235
127.7222222223256	65386.66056816374	4735.847553971889
130.6777777777945	65430.140075039286	3779.1982893185377
133.6999999999728	65459.126412956524	6858.525316505204