0.002500000060535967	0.04153357599991601	0.6024908192773372
0.003333333064801991	0.4715282451755225	0.6555861238131656
0.004999999771825969	0.2558328672936048	0.008695661484369082
0.005833333299960941	0.4132416301168172	0.8269735697552036
0.007500000006984919	0.43034369082266666	0.15312787304133443
0.008333333185873926	0.5175991025871977	0.7380657178040554
0.009166666714008898	0.6366154842340183	0.4510506459412675
0.009999999892897904	0.6237016832928672	0.5046883780198412
0.01083333324640989	0.6317291811752048	0.2072352940444505
0.01166666659992188	0.6914118828221388	0.20110606727139277
0.01249999995343387	0.6903648178809707	0.3727087334428534
0.01333333330694586	0.6907138395280312	0.32195243176865945
0.01416666666045785	0.7329454588220549	0.377794648443954
0.01500000001396984	0.7626122988220012	0.5471089004344859
0.01583333336748183	0.7786672945866696	0.5472450233565831
0.01666666672099382	0.8142675025866043	0.4739220079726222
0.01749999972525984	0.8456794508218333	0.5530386102959672
0.01833333325339481	0.8578952084688699	0.4852032676191878
0.01916666643228382	0.8774404207041228	0.4418328701860927
0.01999999996041879	0.898730741174665	0.4335023650742227
0.0208333331393078	0.913738671998165	0.4796699588269208
0.02166666666744277	0.9304917110569542	0.4947482922071792
0.02249999984633178	0.9535271397627922	0.5030718434196872
0.02333333337446675	0.9723743087039308	0.5322137928152586
0.02416666655335575	0.9905234343509555	0.5443164347675759
0.02499999990686774	1.0100686465862083	0.5362462496119789
0.02583333326037973	1.0278687505861723	0.540699497031065
0.02666666661389172	1.0453198329390825	0.533310676176163
0.02749999996740371	1.059978742115522	0.5487174251543888
0.0283333333209157	1.0770808028213719	0.5561677995503082
0.02916666667442769	1.0927867769389863	0.5507212987319434
0.03000000002793968	1.1067476428213054	0.5611992962762024
0.03083333338145167	1.1238497035271553	0.583227995061527
0.03166666673496366	1.1409517642330047	0.5842687410325733
0.03249999991385266	1.1538655651741618	0.5878258204306
0.03333333309274167	1.16957153929177	0.5989194113635401
0.03416666662087664	1.1859755567035053	0.5975481787119541
0.03499999979976565	1.200285444232885	0.5921922838369825
0.03583333332790062	1.2131992451740357	0.5927813086938547
0.03666666650678963	1.227858154350482	0.6181046194359324
0.0383333332138136	1.2536857562327834	0.6098135839080585
0.03999999992083758	1.2791643364680179	0.6223588078113513
0.04166666662786156	1.3074350898797358	0.6340550343147067
0.04333333333488554	1.3311685618796811	0.6361695447501172
0.04500000004190952	1.3552510555266937	0.6480940986291761
0.04666666657431051	1.3803806141148809	0.646380409233325
0.04833333328133449	1.4009728912913089	0.6573909724021337
0.04999999998835847	1.4236592983500858	0.6651990350160399
0.05166666669538245	1.446345705408863	0.6559314337105456
0.05333333340240642	1.4665889609382368	0.6683039363713633
0.05499999993480742	1.4885773247028997	0.6829195385115147
0.0566666666418314	1.5091696018793275	0.6841489218571261
0.05833333334885538	1.5269697058792915	0.6887543664511664
0.06000000005587935	1.5475619830557195	0.6870680321962227
0.06166666641365737	1.5671071952909794	0.6961055388827114
0.06333333312068135	1.585256320937997	0.6855855960231366
0.06499999982770532	1.603754468232075	0.7070839075727977
0.0666666665347293	1.61980946399675	0.6995729822509834
0.06833333324175328	1.63935467623201	0.7010775704541701
0.06999999994877726	1.65436260705551	0.7073598762767037
0.07166666665580124	1.6700685811731177	0.7225962384278403
0.07333333336282521	1.6885667284672028	0.7189813254115326
0.07583333307411522	1.7119511788200943	0.7139972005530564
0.07833333330927417	1.735684650820053	0.7337308249647755
0.08083333319518715	1.7611632310552874	0.7440323078665939
0.08333333325572312	1.7824535515258362	0.7377085915064302
0.08583333331625909	1.8026968070552034	0.7462817347852955
0.08833333337679505	1.8250341924669333	0.7539574899005318
0.09083333326270804	1.846324512937469	0.7442352337074742
0.09333333314862102	1.8662187468197893	0.7571033596519018
0.09583333338377997	1.8861129807020958	0.760694670867531
0.09833333326969296	1.9067052578785304	0.766487282026922
0.1008333333302289	1.9252034051726084	0.7655437303328844
0.1033333333907649	1.944748617407868	0.7749414838081333
0.1058333331020549	1.9611526348195967	0.7794861793169063
0.1083333333372138	1.9796507821136753	0.7915750267486968
0.1108333332231268	1.998846972701875	0.7795809798431664
0.1141666666371748	2.0215333797606516	0.7877060878606389
0.1175000000512227	2.0445688084664897	0.7881908776725398
0.1208333332906477	2.0686513021134956	0.7899672342593826
0.1241666667046957	2.088196514348755	0.8006711367459826
0.1274999999441207	2.1094868348193034	0.8012141889653018
0.1308333333581686	2.1279849821133823	0.8013185146072264
0.1341666664229706	2.1485772592898096	0.782976168048
0.1374999998370186	2.1709146447015266	0.8050733003305176
0.1408333332510665	2.1894127919956112	0.8030616445141918
0.1441666666651145	2.2082599609367497	0.809015986948477
0.1474999999045394	2.2271071298778886	0.8220692901041672
0.1516666664974764	2.2470013637601958	0.8264249806117963
0.1558333332650363	2.2703858141130944	0.8223805041082771
0.1600000000325963	2.292723199524811	0.8315647917470369
0.1641666664509103	2.31436254164242	0.805637244857527
0.1683333333930932	2.334954818818848	0.8147226132872049
0.1724999999860302	2.355896117642336	0.8007639655643443
0.1766666664043441	2.3764883948187636	0.8091577553152676
0.1808333333465271	2.3970806719951914	0.8145704628652977
0.185833333292976	2.412437624465752	0.8592312358266367
0.190833333064802	2.432331858348059	0.8445291786091699
0.1958333331858739	2.4564143519950785	0.8543902151304404
0.2008333333069459	2.478751737406795	0.8518269987954534
0.2058333332533948	2.505626404230271	0.8993490122212174
0.2108333333744668	2.5276147679949275	0.9025801750894666
0.2158333333209157	2.548905088465476	0.9117376266455757
0.2208333330927417	2.5694973656419045	0.9023356620231657
0.2266666665673256	2.5914857294065734	0.9124684062862564
0.2325000000419095	2.6127760498771093	0.9026096991979324
0.2383333331672475	2.6365095218770676	0.8986685005454421
0.2441666666418314	2.6564037557593743	0.8934484362821873
0.2499999999417923	2.679788206112273	0.9029538268267122
0.2558333332417533	2.698984396700472	0.9085241851121352
0.2625000000698492	2.7244629769357194	0.9181676818088473
0.2691666667233221	2.746451340700376	0.920314124296416
0.2758333333767951	2.768788726112092	0.9312529932127135
0.282499999855645	2.7911261115238224	0.914919835869273
0.2891666666837409	2.8120674103472973	0.9229718034487707
0.2966666665161029	2.8358008823472565	0.9222927521163287
0.3041666666977108	2.8602323976413224	0.929957813935453
0.3116666667046957	2.8829188047000995	0.9362472068416849
0.3191666667116806	2.9024640169353595	0.9384529917389116
0.3266666665440425	2.9237543374059083	0.9461515399617195
0.3349999999045394	2.948534874347028	0.9560964099862292
0.3433333332650363	2.9719193246999263	0.9543452792996736
0.3516666664509103	2.9953037750528173	0.9580872696753449
0.3599999999860302	3.017641160464541	0.9703043598231679
0.3683333333465271	3.039978545876258	0.9757567603714972
0.377500000060536	3.0651081044644455	0.9785405668201824
0.3866666665999219	3.088143533170283	0.99010741391521
0.3958333331393078	3.11082994022906	0.9816584814958946
0.4050000000279397	3.1324692823466562	0.9938327733137253
0.4149999999208376	3.156202754346615	0.9963278077482748
0.4249999999883585	3.1802852479936203	0.9990862185644346
0.4350000000558794	3.2050657849347477	1.004560425175751
0.4458333333022893	3.2270541486994166	1.0164842090471915
0.4566666667233221	3.252881750581712	1.0145916618825126
0.467499999969732	3.2762662009346095	1.0220424176272578
0.4783333333907649	3.300348694581616	1.0249301906049406
0.4899999999906868	3.3247802098756885	1.0190834965465554
0.5016666665906087	3.3502587901109226	1.0293931358145751
0.5133333333651535	3.3715491105814723	1.0235210957406389
0.5258333333185874	3.3966786691696593	1.0293952106537976
0.5383333332720213	3.4211101844637257	1.0306359587699077
0.5508333334000781	3.444145613169563	1.0334748435261247
0.564166666707024	3.467879085169521	1.0183903328447614
0.5775000000139698	3.491612557169468	1.040900981868456
0.5908333333209157	3.5156950508164813	1.041828052357504
0.6049999999813735	3.540824609404666	1.0477780771874372
0.6191666666418314	3.5649071030516737	1.0416642043296354
0.6341666666558012	3.587244488463397	1.0581864199633046
0.6491666666697711	3.6141191552868666	1.0608529430074618
0.6641666666837409	3.638201648933886	1.064495978965396
0.6800000000512227	3.664029250816181	1.0671188547451778
0.6958333332440816	3.6856685929337885	1.0751438958082042
0.7124999997904524	3.712892281404318	1.1001996593067973
0.7291666666860692	3.7369747750513325	1.0943931693710225
0.746666666585952	3.762802376933634	1.0922196568196891
0.7641666666604578	3.787931935521821	1.105881296483535
0.7824999999138527	3.814457580698235	1.129058214098247
0.8008333331672475	3.841681269168772	1.1213012634220676
0.8199999999487773	3.867508871051067	1.131875198995325
0.839166666730307	3.89124234305102	1.135950873637818
0.8591666665161029	3.920211139756843	1.1491955840609227
0.8791666666511446	3.9470858065803225	1.1496223015577869
0.8999999997904524	3.9722153651685073	1.1551863295553402
0.9208333332790062	3.998391988697863	1.16860744251765
0.942499999771826	4.024568612227226	1.1811769179218672
0.9649999999674037	4.053188387285992	1.181100807267622
0.9874999999883585	4.0790159891683	1.187188090170952
1.010833333362825	4.1076357642270604	1.1923534133340292
1.034166666562669	4.135557495991703	1.19685811634719
1.058333333290648	4.16208314116813	1.213219903772241
1.083333333372138	4.190702916226897	1.2127638589930443
1.108333333279006	4.218624647991539	1.2269613516313815
1.134166666714009	4.244452249873841	1.2312932328623645
1.160833333327901	4.27202495999144	1.2338937463449575
1.188333333120681	4.3020408216384345	1.2405121865944373
1.215833333262708	4.329613531756022	1.2496849456159527
1.244166666583624	4.358582328461851	1.260295711111137
1.273333333083428	4.387900146814736	1.2716984261847726
1.303333333111368	4.416868943520554	1.2870602492646974
1.334166666667443	4.445139696932259	1.277110323845169
1.364999999874272	4.475155558579267	1.3023883964894087
1.396666666609235	4.505520441873314	1.3069153474967081
1.429166666697711	4.533791195285033	1.3107844489772362
1.462499999790452	4.56450510022614	1.3184581684197114
1.496666666585952	4.591728788696678	1.339132439033277
1.531666666734964	4.625234866814259	1.3417715665502208
1.567500000062864	4.6552507284612545	1.3420319388624806
1.604166666395031	4.685266590108259	1.360016749757029
1.641666666604579	4.71563147340231	1.3726508610162083
1.679999999818392	4.748090486578721	1.3996198964005835
1.719166666734964	4.7788043915198335	1.3845209037297213
1.759166666655801	4.809169274813884	1.4026405438686145
1.799999999930151	4.84127926634324	1.4135296421538295
1.841666666732635	4.874436322813756	1.4266312999366413
1.884166666714009	4.90724435763722	1.4317013303088728
1.928333333402406	4.937260219284222	1.4562367794400082
1.973333333269693	4.971115319048853	1.4580027918286749
2.019166666665115	5.003225310578206	1.476744515900845
2.065833333064802	5.03603334540167	1.4758195265920564
2.114166666695382	5.069539423519249	1.4780478889565556
2.163333333330229	5.105488653166237	1.4990612845120126
2.213333333318587	5.135853536460291	1.5155202368894336
2.26500000001397	5.172151787754335	1.532617872169729
2.317500000062864	5.204959822577803	1.534029853740867
2.371666666469537	5.238465900695379	1.5497836218219387
2.426666666404344	5.272670022107073	1.5497927174498078
2.483333333395422	5.310015338342293	1.5779315196946961
2.540833333390765	5.345615546342225	1.571159679772541
2.599999999743886	5.3787726028127425	1.6013052029317736
2.659999999799766	5.415070854106794	1.6116667612853481
2.721666666562669	5.450671062106716	1.6223527718052322
2.785000000032596	5.4873183350478225	1.6151551183127335
2.850000000034925	5.5218714781065765	1.6320223577484967
2.915833333390765	5.560961902577084	1.652570141237112
2.983333333279006	5.59621308892995	1.6626907430069098
3.052499999874272	5.632511340223999	1.6753251721059632
3.123333333176561	5.667762526576873	1.682644266065954
3.195833333185874	5.70685295104738	1.696953095807021
3.269999999902211	5.744198267282607	1.6926673714431169
3.345833333325572	5.782590648458996	1.719388644306164
3.423333333281335	5.820634007988328	1.734326237579781
3.502499999944121	5.858328345870605	1.7580330289613897
3.583333333139308	5.895324640458768	1.7604279944325192
3.666666666395031	5.933367999988104	1.776474795467207
3.751666666707024	5.9742035326939	1.7884972010313689
3.838333333376795	6.013293957164418	1.7982006370038515
3.927499999932479	6.053431446576093	1.8153025864785357
4.018333333195187	6.092521871046605	1.8348760696643474
4.111666666693054	6.133008382105355	1.8540335340059708
4.206666666723322	6.173494893164091	1.8581098341353484
4.304166666639503	6.213283360928717	1.8744914831991537
4.404166666441597	6.2544679152815865	1.8871679065074098
4.505833333299961	6.295303447987378	1.9039785014757535
4.610000000044238	6.336837023987297	1.9170927374760443
4.716666666674428	6.378021578340152	1.9283145551031637
4.825833333365154	6.420253197634189	1.9486935487110546
4.937499999941792	6.462484816928222	1.965360948090536
5.051666666404344	6.504716436222255	1.9834531760097966
5.168333333102055	6.547297077163345	1.9895784553119387
5.288333333213814	6.589877718104436	2.000443009955325
5.410833333386108	6.633505423986702	2.019279417147844
5.535833333269693	6.677482151516027	2.0407751466277624
5.664166666567326	6.721807900692407	2.060498079495238
5.794999999925494	6.764039519986441	2.076913830717939
5.929166666697711	6.806969182574588	2.097887024560127
6.066666666534729	6.852691018339204	2.1153146617144207
6.206666666432284	6.898761875750876	2.1246556484585195
6.349999999743886	6.94448371151549	2.1486450363021756
6.496666666469537	6.989856525633051	2.165752632832472
6.646666666609235	7.035927383044712	2.1913274505047324
6.799999999988359	7.082347262103444	2.207219691396238
6.957499999960419	7.127720076221001	2.2131710276811085
7.118333333346527	7.176234085162088	2.2222516029581083
7.28249999997206	7.221257877632584	2.223291774012953
7.450833333365154	7.268724821632489	2.241192274442798
7.623333333176561	7.316889808926506	2.2582755527899283
7.799166666576639	7.36330968798524	2.275074713523737
7.979166666395031	7.410078588691025	2.2889407817403433
8.163333333330229	7.454753359514471	2.3121348364703174
8.351666666683741	7.5036163901026	2.320197790764957
8.544999999809079	7.552828442337802	2.3321768360058934
8.742500000051223	7.600644407984768	2.360559018232557
8.94416666671168	7.650903525161128	2.384014123468056
9.150833333318587	7.699766555749274	2.4354673593954317
9.362500000046566	7.7479315430432925	2.4518502570865452
9.579166666720994	7.797492616925544	2.4739232592207228
9.800833333167247	7.848798799043089	2.503922354560959
10.02749999973457	7.899406937866515	2.5340191825090597
10.25916666642297	7.953505293160532	2.5536233388922787
10.49583333323244	8.004462453631007	2.596961376914613
10.73833333316725	8.056815700689727	2.621314285678939
10.98666666657664	8.10951796939551	2.638065202841407
11.24083333311137	8.164663389630695	2.674356060873606
11.50083333312068	8.216318593395288	2.6785122158240178
11.76666666660458	8.271813035277532	2.706752589474737
12.03833333321381	8.322770195748022	2.7158372486299918
12.31666666665115	8.379311702571435	2.732322419510898
12.60083333321381	8.432362992924268	2.7367930894581556
12.89166666660458	8.488555478100633	2.7429230227388897
13.18916666664882	8.542653833394635	2.795527995508287
13.49333333334653	8.59710121033571	2.802158550765964
13.80500000005122	8.650152500688534	2.812628805018499
14.12416666641366	8.704599877629606	2.816409914528843
14.44999999995343	8.756255081394212	2.8472920576688474
14.78333333332557	8.810702458335278	2.870246121223003
15.12499999988359	8.872479289864561	2.7920409963925046
15.47416666662321	8.927275688452688	2.712388732189835
15.83166666672332	8.978581870570228	2.8882349862295285