0.16666666672063	1.2328369493218312	1.2177913993501848
0.3333333332320763	2.5576004317331154	2.604526106407234
0.4999999999181455	3.7781805099763606	3.5435972927550625
0.9999999999763531	6.866912021781859	5.008494698377291
1.500000000034561	9.02922836123033	5.103245041401546
1.999999999918146	10.45102540634714	4.792040563053739
2.499999999976353	11.494902259874005	4.697800238161817
3.000000000034561	12.354926047221966	4.887635085303834
3.499999999918146	13.131194548866205	5.781510636180907
3.999999999976353	13.990196930290931	6.46703870026111
4.500000000034561	14.756251372703012	6.035078533347107
4.999999999918146	15.348666808168359	5.502664536626561
5.499999999976353	15.829748998003131	5.325788073637415
6.499999999918146	16.717350745277926	5.441629669599483
7.500000000034561	17.51302595946327	5.5446968205307146
8.499999999976353	18.20656058132701	5.902433839443992
9.499999999918145	18.900095203190748	6.550284569848679
10.50000000003456	19.585458577668753	7.0295437350879615
11.49999999997635	20.2677577343771	7.305627342977143
12.49999999991815	20.870387229074595	7.682914308271605
13.50000000003456	21.461781258616718	8.002230517160429
14.49999999997635	22.05317528815885	7.7541796635201425
15.49999999991815	22.63639807031523	8.304796807740086
16.50000000003456	23.033724974446297	8.13893151727464
17.49999999997635	23.626140409911635	8.156778996456948
18.49999999991815	24.023467314042694	9.089476326404567
19.50000000003456	24.511699345340013	8.447008394726824
20.49999999997635	24.99993137663728	8.778362491412187
21.49999999991815	25.286946441061023	9.473418370247176
22.50000000003456	25.77517847235832	9.08752334131061
23.49999999997635	26.070364784167754	9.232446722297224
24.49999999991815	26.64950194263131	9.744072893777393
25.50000000003456	26.94468825444076	5.09230364243123
26.49999999997635	27.330779693416446	10.41887988995784
27.49999999991815	27.70869988500641	10.95707934005635
28.50000000003456	27.0927921133071	16.13681562417628
29.49999999997635	28.445133555645214	11.91807362629401
30.49999999991815	29.01303524895335	11.207601080322661
31.50000000003456	30.046698043248046	18.06811855342211
32.49999999997635	30.07836162686774	16.50086465385557
33.49999999991815	30.19684471396083	11.731353660942009
34.50000000003456	30.195823308037596	10.905251260307288
35.49999999997635	30.580893341090086	7.467735668797612
38.49999999997635	31.523651008218536	12.159819715629947
41.49999999997635	32.36324667710216	12.33287062240529
44.49999999997635	33.30191872053776	11.958517943063391
47.49999999997635	34.140492983498206	12.262137776837228
50.49999999997635	34.78295730920113	13.239030133558563
53.49999999997635	35.50815551468456	13.114206238936852
56.49999999997635	36.42435662780938	14.507345849551335
59.49999999997635	37.05762830020337	14.40612708543704
62.49999999997635	37.87986006839237	13.702279635874392
65.49999999997635	38.51313174078632	13.695797516062077
68.49999999997635	39.05651969193726	14.011635644136291
71.49999999997635	39.594800613472145	13.662059143700576
74.49999999997635	40.22705087994292	14.275657353196607
77.49999999997635	40.765331801477814	15.291136922525778
80.49999999997635	41.30769834670555	15.899651989018402
83.49999999997635	41.94914126648526	16.003965494720994
86.49999999997635	42.582412938879244	16.318799967923656
89.49999999997635	43.124779484107016	16.199952990039044
92.49999999997635	43.66408181156513	15.92282016344193
95.49999999997635	44.01544544915147	15.902393467045771
98.49999999997635	44.65790977485438	15.856396604047871
101.4999999999764	45.01029481836393	15.844739457668023
104.4999999999764	45.472991701580845	15.161545090430874
114.5666666666275	47.01327183379073	15.708156016079352
129.7166666665926	48.83546000080821	15.129952711201225
142.1333333332204	50.30832734208585	14.88389792060587
154.7499999999764	51.5677208454113	13.790493041754537
159.0000000000346	51.929298542229795	13.713639397100183