0.002777777554001659	0.6674272760230685	1.2772624117790439
0.005555555457249284	1.3870312772074853	0.7994376564477902
0.008333333011250943	1.6544369936598595	0.6231720574975157
0.01111111108912155	1.826185380649418	0.5847970820348467
0.01388888881774619	1.9544531633379214	0.4950103853298575
0.01666666654637083	2.0327182510799853	0.47212549908751367
0.01944444444961846	2.1109833388221317	0.38428300058951786
0.02222222200362012	2.147941852478131	0.3556366507165953
0.02499999990686774	2.1979445474245725	0.46235011703405304
0.0277777774608694	2.250121272585919	0.5372307133758218
0.03055555553874001	2.2936018768870574	0.4017199545485963
0.03333333326736465	2.3609968135539185	0.3861069316244459
0.03611111099598929	2.350126662478635	0.4514280368472132
0.03888888872461394	2.3914332365647812	0.3627384742594397
0.04166666645323858	2.4283917502207792	0.6083761062473981
0.0444444443564862	2.4588281732314776	0.630072953356452
0.04722222191048786	2.511004898392909	0.5393214092134629
0.04999999998835847	2.545789381833918	0.6986331979897122
0.05277777771698311	2.5588335631242756	0.49515283517516206
0.05555555544560775	2.6153583487157706	0.6521708534567985
0.05833333317423239	2.6218804393609902	0.4570799061002834
0.06111111090285704	2.64362074151156	0.4613550476740734
0.06388888880610466	2.7044935875332836	0.3366372252932153
0.06666666636010632	2.6784052249525683	0.6121158880292784
0.06944444443797693	2.689275376027852	0.6783939512870334
0.07222222216660157	2.7131897083934122	0.3293624856090864
0.07499999989522621	2.7697144939849903	0.541969019673309
0.07777777762385085	2.7979768867806962	0.7036733924677161
0.0805555553524755	2.774062554415136	0.6898884355434822
0.08333333325572312	2.804498977425917	0.5464847400062176
0.08611111080972478	2.845805551512063	0.6338481422351033
0.08888888888759539	2.8610237630174096	0.6258316995633452
0.09166666661622003	2.882764065168061	0.6596214933352221
0.09444444434484467	2.90450436731863	0.6059938692155751
0.09722222207346931	2.9458109414047766	0.5498918539702139
0.09999999980209395	2.9501590018349244	0.42433790330226184
0.1027777777053416	2.9392888507594734	0.5149822263954204
0.1055555552593432	2.9523330320499137	0.4030756445708264
0.1083333333372138	2.978421394630631	0.270877326682019
0.1111111110658385	2.9632031831251995	0.2927288423877572
0.1138888887944631	2.9936396061360604	0.4512202237573367
0.1166666665230878	2.9805954248456197	0.462931665102599
0.1194444442517124	2.997987666566208	0.47967809579736176
0.12222222215496	3.006683787426337	0.3868727374599464
0.1277777776122093	3.034946180222206	0.29836221999057866
0.1333333332440816	3.0610345428029238	0.3875736544674886
0.1388888887013309	3.076252754308272	0.34918943162610594
0.1444444441585802	3.063208573017912	0.35302479757713234
0.1499999999650754	3.082774844953492	0.39475366599999767
0.1555555554223247	3.095819026243767	0.3315395470516139
0.161111111054197	3.1132112679642705	0.34288044833766085
0.1666666665114462	3.1436476909751336	0.33969216159379617
0.1722222221433185	3.1436476909751336	0.3231542488124433
0.1777777776005678	3.152343811835345	0.3579287189928646
0.1833333330578171	3.139299630544987	0.2682722673994769
0.1888888888643123	3.1501697816202707	0.056013417771576604
0.252777777670417	3.1219073888244817	0.09159391743723788
0.2777777777519077	3.1066891773190504	0.14724528152506391
0.2861111111124046	3.1219073888244817	0.15865794162849212
0.2944444442982785	3.1110372377491986	0.14306185750583292
0.3027777776587755	3.1066891773190504	0.11806843985356842
0.3111111110192724	3.1479957514051966	0.2999846783889393
0.3194444442051463	3.1545178420504167	0.2854564003972276
0.3277777777402662	3.1327775398997653	0.33483729744752705
0.3361111111007631	3.1610399326955543	0.31869124480278305
0.344444444112014	3.1719100837708396	0.17837700215630609
0.3527777776471339	3.1632139629106284	0.17098750948947947
0.3611111110076308	3.1871282952762714	0.2553849603959698
0.3694444443681277	3.1893023254912607	0.29303924960613315
0.3805555554572493	3.1697360535558485	0.16057772224964187
1.063888888747897	1.9979337676390587	0.025037957478842986
1.116666666639503	2.01315197914449	0.092293921848097
1.144444444449619	2.0153260093595633	0.3778050448873978
1.172222221910488	2.028370190649921	0.4325318737799077
1.199999999895226	2.1044612481769938	0.415599590334601
1.227777777705342	2.0544585532306368	0.38878663439770217
1.258333333244082	2.0653287043059207	0.3423751345557367
1.288888888608199	2.106635278391985	0.32034356200621783
1.319444444321562	2.1044612481769938	0.07744256082235941
1.969444444344845	1.4696444253797782	0.3000694916498045
2.016666666604579	1.3848572469924945	0.6996266675047583
2.063888888864312	1.3892053074226414	1.4834330946720446
2.113888888852671	1.545735482906851	1.6009038007231051
2.163888888841029	1.6979175979609968	1.8955879721386826
2.213888888654765	1.8348815015096287	1.93913786982075
2.266666666546371	1.9109725590367843	2.193384933553426
2.319444444437977	1.980541525918637	2.2484855560461394
2.374999999708962	1.9761934654884903	1.5439676717077893
2.430555555503815	1.9479310726927843	0.9454602204080202
2.488888888852671	1.8957543475313534	0.3176421757548264
2.547222222201526	1.8674919547354818	0.10041582628425677
2.733333333337214	1.9022764381764907	0.058410265724182016
2.797222222143319	1.9044504683914816	0.4676108042576305
2.863888888852671	1.932712861187353	0.6449071383465891
2.930555555562023	1.9196686798969125	0.4758148648797736
3.0	1.9370609216174997	0.45434593250845506
3.069444444437977	1.9588012237680683	0.7421249824727547
3.141666666604579	1.995759737424068	0.7207759187433893
3.216666666499805	2.0066298884993525	0.6719456381785845
3.291666666569654	1.9827155561336278	0.8084753863227838
3.369444444368128	1.980541525918637	0.8343118694701144
3.447222222166602	2.060980643875774	0.9300315575325051
3.5277777776937	2.0588066136607006	0.7575860898677281
3.611111110949423	2.076198855381205	0.7191650228504147
3.694444444205146	2.0914170668865535	0.862779496008471
3.78055555553874	2.1131573690371224	1.060534279138482
3.869444444251712	2.156637973338425	0.7194089302145353
3.961111111042555	2.156637973338425	0.8942525029147045
4.052777777658775	2.1588120035534155	0.8043633617975111
4.14722222200362	2.165334094198553	0.9708100412152516
4.244444444251712	2.2044666380697095	0.8570180521692656
4.344444444403052	2.2131627589298386	0.7988045128293446
4.447222222108394	2.247947242370845	0.807912913759037
4.549999999988359	2.245773212155856	0.9963844984398657
4.655555555422325	2.295775907102131	1.0355988049635398
4.763888888759539	2.2936018768870574	0.8926826295215858
4.875	2.32403829989792	0.9457962217999369
4.988888888794463	2.326212330112992	1.0410432371356395
5.105555555492174	2.367518904199056	1.1038133418433451
5.224999999918509	2.382737115704488	0.8752818643544783
5.347222222073469	2.3914332365647812	1.095879493857263
5.472222221957054	2.4109995085001934	1.056527413585106
5.599999999918509	2.4653502638767804	1.1170894709496575
5.730555555259343	2.4762204149520657	1.1415297632110812
5.863888888852671	2.4783944451670545	1.0693212322938903
6.0	2.5218750494682753	1.1740649810660833
6.138888888701331	2.543615351618844	1.1655184774138734
6.280555555305909	2.5588335631242756	1.0189256616809037
6.427777777716983	2.6044881976404852	1.1038742741495207
6.577777777507436	2.6044881976404852	1.2631669456959638
6.730555555550382	2.6349246206512653	0.8730209523173347
6.886111110972706	2.652316862371852	1.2211717747145547
7.047222222201526	2.676231194737412	1.1568709738190566
7.211111110809725	2.7044935875332836	1.2221910639288651
7.377777777670417	2.739278070974127	1.3165786863692828
7.549999999988359	2.702319557318127	1.1702139388819623
7.724999999860302	2.7958028565657047	1.4008626518222629
7.90555555553874	2.7979768867806962	1.3929867479473563
8.08888888877118	2.8566757025873466	1.3823504436130893
8.27777777746087	2.876241974522841	1.3396077488205842
8.469444444403052	2.876241974522841	1.603290975339222
8.666666666453239	2.9414628809746306	1.3399233552536962
8.866666666406672	2.9632031831251995	1.3414225046110073
9.072222222166602	2.989291545705914	1.2358205420660815
9.283333333209157	3.0153799082866293	1.4583902498464538
9.499999999708962	3.0327721500070517	1.5636709587235356
9.719444444112014	3.071904693878207	1.3947477002443496
9.944444444321562	3.0740787240931984	1.372639618649244
10.17499999998836	3.1110372377491986	1.4253139926157528
10.41111111111241	3.176258144200986	1.626650557880819
10.6527777776937	3.197998446351555	1.3533693285511232
10.89999999990687	3.228434869362417	1.3941848709735076
11.15277777775191	3.2458271110828387	1.5412990330845968
11.4111111110542	3.2827856247388385	1.6257407002215032
11.67499999998836	3.3501805614057	1.4986227511682018
11.94444444420515	3.3110480175347106	1.486418133219257
12.22222222195705	3.3588766822659113	1.4337161201876132
12.50555555551546	3.3914871354917633	1.6022976508153026
12.79444444435649	3.445837890868268	1.559768127147483
13.09166666655801	3.484970434739343	1.2634885907034434
13.39444444439141	3.504536706674919	1.746938084170676
13.70555555541068	3.5241029786103315	1.6518919050100236
14.02222222206183	3.576279703771764	1.6726560163784785
14.34722222207347	3.6045420965676356	1.5763305850311329
14.68055555544561	3.611064187212772	1.4811514311549645
15.01944444444962	3.6719370332344137	1.5960596034842909
15.3666666666395	3.70019942603012	1.742716855269898
15.72222222218989	3.73715793968612	1.7192719084851922
16.08611111110076	3.7719424231271295	1.8122739857122832
16.45833333319752	3.7915086950627064	1.9063238502530555
16.83888888865477	3.834989299363844	1.7470547380364754
17.22777777764713	3.88499199431012	1.715643633912512
17.627777777554	3.932820659041486	1.9332258543287366
18.03611111099599	3.9806493237727696	1.8278226471664971
18.45277777762385	4.006737686353484	1.775205159071467
18.88055555551546	4.0350000791491905	1.8877470814536685
19.31666666659294	4.056740381299759	1.9895475503990943
19.76388888875954	4.139353529472053	1.854866359764333
20.22222222218989	4.1523977107624095	1.9992493748049918
20.68888888880611	4.161093831622622	2.0173026359996906
21.16666666651145	4.228488768289483	2.1103237882755472
21.65555555530591	4.3002317653864095	2.0897568154330823
22.15555555553874	4.319798037321986	1.7864452046716808
22.66666666651145	4.398063125064133	2.1397307252087474
23.19166666665115	4.428499548074829	2.221413664501454
23.72777777770534	4.476328212806195	2.198589839573504
24.27499999984866	4.493720454526619	2.061363486896771
24.83611111080973	4.513286726462195	2.1842882957336767
25.41111111111241	4.600247935064472	2.1206269023015687
25.99722222215496	4.626336297645186	2.098834041571763
26.59722222218989	4.689383173881902	2.01600315044041
27.21111111104256	4.7328637781831215	2.1594426083599916
27.8388888888876	4.778518412699333	2.3237559259705667
28.48333333310438	4.843739319151123	2.2500028829451515
29.14166666666279	4.869827681731836	2.2893787736043456
29.81388888886431	4.900264104742699	2.3588438050753733
30.50277777761221	4.948092769473983	2.286140263661007
31.20833333325572	5.0024435248504036	2.3064252549532402
31.93055555544561	5.074186521947331	2.3063857497214983
32.66944444435649	5.10897100538834	2.5116115155197614
33.42499999998836	5.187236093130486	2.6237484468452963
34.1972222221666	5.215498485926192	2.4997116323672603
34.98611111106584	5.265501180872548	2.468857757862562
35.79444444441469	5.330722087324255	2.48993072127758
36.62222222221317	5.400291054206107	2.469732846672959
37.46944444411201	5.454641809582694	2.470482756196276
38.33611111080973	5.476382111733263	2.398980709335339
39.22222222195705	5.524210776464548	2.5440194567663106
40.127777777554	5.60030183399162	2.5242843917564253
41.05555555550382	5.630738257002401	2.557922244228375
42.002777777554	5.709003344744463	2.4237860320679787
42.97222222195705	5.722047526034904	2.6537324106533324
43.9638888888876	5.802486643992039	2.5304794122119194
44.97777777764713	5.863359490013684	2.428716458407327
46.01666666666279	5.939450547540838	2.751208793813606
47.08055555541068	5.965538910121555	2.4847964030069463
48.16666666651145	6.035107877003406	2.9006897339445
49.2777777776937	6.056848179153974	2.676653518974041
50.41666666651145	6.111198934530395	2.7844027095083748
51.58055555541068	6.209030294208038	2.6820232089582823
52.77222222212004	6.230770596358605	2.843656916830677
53.9916666666395	6.330775986251319	2.677300395476313
55.23888888879446	6.363386439477256	2.9115509456588913
56.51388888875954	6.445999587649467	2.86127953179441
57.81944444443798	6.500350343025971	2.6796463053340793
59.15277777775191	6.55904915883254	2.8929353465920786
60.51944444415858	6.593833642273549	2.6180934535033105
61.91666666645324	6.663402609155401	2.8964176307948013
63.34722222218989	6.70688321345654	2.68246055484467
64.80833333329065	6.76558202926319	2.62401606318148
66.30555555556202	6.830802935714897	2.5217354654189346
67.83611111110076	6.872109509801042	2.602852304220844
69.40277777746087	6.961244748618391	2.3261050297860204
71.00555555551546	6.99820326227439	2.268173057750871
72.64444444439141	7.039509836360537	2.189532954265509
74.3222222221666	7.076468350016535	1.9928254811725468
76.0361111111124	7.126471044962976	2.1617941431717593
77.79166666651145	7.139515226253251	1.838016431188207
79.58611111080972	7.169951649264113	1.9101118174042981
81.42222222191049	7.211258223350176	1.8325749726497278
83.29999999998836	7.23517255571582	1.8366772395723132
85.22222222207347	7.309089583027901	1.904844143928042
87.18888888886431	7.328655854963314	1.9331456699304261
89.1999999996624	7.369962429049458	2.0392422512866086
91.25833333324408	7.426487214641037	1.9756727898678366
93.36388888856163	7.446053486576532	2.226938122961202
95.51944444439141	7.487360060662679	2.242501141728108
97.72222222195705	7.543884846254256	2.073685863760527
99.97777777776355	7.583017390125249	2.2529400522902434
102.2833333332092	7.619975903781248	2.4401736033196952
104.6444444444496	7.635194115286681	2.394803366001515
107.0583333330578	7.7308514447492485	2.445877503018721
109.5277777774609	7.756939807329962	2.6908660102890485
112.055555555562	7.789550260555897	2.6426361755854963
114.6416666666628	7.848249076362467	2.7423121551502274
117.2861111111124	7.928688194319602	2.906330603678049
119.9916666666395	7.9699947684057495	2.996576260439628
122.7611111109727	8.002605221631605	2.7993915363725734
125.594444444112	8.093914490664108	3.011360593799958
128.4916666664067	8.135221064750255	3.151897391215932
131.4555555554107	8.193919880556821	3.297660192823611
134.4888888888527	8.265662877653746	3.122284109781645
137.591666666558	8.2982733308796	3.2739422981469324
140.7666666666046	8.343927965395894	3.4522790900465177
144.0138888888178	8.415670962492735	3.4201212388912454
147.3361111111008	8.47436977829947	3.394362186356786
150.7361111110076	8.559156956686673	3.474041719738552
154.2138888888876	8.598289500557746	3.503510332654049
157.77222222212	8.665684437224524	3.4523522368522097
161.4111111110542	8.730905343676396	3.4079257005296832
165.1333333332441	8.809170431418458	3.495227762185643
168.9416666665929	8.841780884644313	3.3981337270677687
172.8388888886548	8.91352388174132	3.2477752471687613
176.8249999999534	8.983092848623174	3.2569017461060152
180.9027777776937	9.009181211203892	3.3356695176162385
185.0749999999534	9.057009875935174	3.1594346406556952
189.344444444112	9.080924208300816	2.950712224244325
193.7111111110426	9.165711386688098	2.7847373130627036
198.1805555555038	9.200495870129107	2.755649982357919
202.7527777776704	9.246150504645238	2.5826635347266436
207.4305555554456	9.274412897441106	2.437682690790505
212.2138888886548	9.357026045613233	2.3374221947262925
217.1083333331044	9.378766347763884	2.3876716893349834
222.1166666665231	9.389636498839169	2.3078905973037203
227.2388888885616	9.42876904271016	2.0116737783112937
232.4805555555504	9.45050934486073	2.053542406117914
237.8416666666162	9.4787717376566	1.8653736143707786
243.3277777777403	9.509208160667463	1.8086127136430838
248.9388888887479	9.51790428152759	1.516988546595068
254.6805555554456	9.567906976474031	1.428714500168755
260.555555555562	9.570081006689023	1.4397889829487893
266.5666666666511	9.580951157764305	1.4284989147401015
272.7138888888876	9.602691459914876	1.5580487429629533
279.002777777554	9.64399803400102	1.481261443295961
285.4388888888061	9.64399803400102	1.4655280377162767
292.02222222212	9.654868185076307	1.4611424169129492
298.7583333333023	9.676608487226959	1.5042439168215525
305.6499999999069	9.67226042679681	1.6795728299486823
312.6999999996624	9.683130577872094	2.054717607595391
319.911111110996	9.707044910237736	2.37626389618742
327.288888888841	9.765743726044388	0.644081020237732