0.0001892469478264047	0.054821493924117684	0.06335309586161347
0.000467024790538062	0.1225421628892042	0.08658284927628737
0.0007448024586267366	0.16575439927644042	0.11015538672829858
0.001022580126715411	0.204451924399347	0.10912864223086251
0.001300358144050051	0.22831539822517732	0.15721653930465093
0.001578135812138726	0.2637881295877943	0.2806280372123933
0.001855913654850383	0.3147398709996023	0.359795740484441
0.00213369149756204	0.3785907874524267	0.37500922897497235
0.002411469165650715	0.4314774051204369	0.3931925298682568
0.002689246833739389	0.464370301474879	0.3782551125849456
0.002967024851074029	0.5043577441018731	0.38488689175079327
0.003244802519162704	0.5424103104727123	0.4829995596813059
0.003522580361874361	0.5688536193067174	0.5495467309409684
0.003800358204586019	0.6094860206857787	0.5607038244281426
0.004078135872674693	0.6720470196344681	0.5998861087897008
0.004355913540763368	0.7126794210135297	0.6586933712523544
0.004633691208852042	0.7571815749048536	0.6786558292911256
0.004911469226186682	0.7894295125072757	0.782914516251857
0.005189247068898339	0.8249022438699402	0.7573795293445711
0.005467024736987014	0.8577951402244295	0.776904037243858
0.005744802579698671	0.9016523353637332	0.7854402469228984
0.006022580247787346	0.9622784580562674	0.8341757288603266
0.00630035791587602	0.9893667256422931	0.8903648127941485
0.00657813593321066	1.0332239207815963	0.9434276138311208
0.006855913601299335	1.0648268996319514	0.9817332466708766
0.007133691444010992	1.0964298784823063	0.9809176578226996
0.00741146928672265	1.132547568597085	0.9764452633987948
0.007689246954811324	1.1764047637363415	1.0113610550435592
0.007967024622899999	1.2176821238674704	1.0747477707198618
0.008244802640234639	1.2602494015026393	1.0869987557108445
0.008522580308323313	1.2924973391050616	1.1376909319460853
0.00880035815103497	1.3189406479390664	1.192574023334003
0.009078135819123645	1.361507925574235	1.2347561960629343
0.009355913661835302	1.3976256156889668	1.2612118810436197
0.009633691329923977	1.432453388299564	1.2854635667963914
0.009911468998012651	1.4730857896786256	1.295677320467692
0.01018924701534729	1.5066236447851347	1.3197248488950182
0.01046702485805895	1.5440312524039537	1.3355642649545982
0.01074480252614762	1.5717644787420464	1.3675394316222684
0.01102258036885928	1.6194914263936595	1.4151517128537983
0.01130035803694796	1.6568990340124319	1.4681109840662265
0.01157813570503663	1.6904368891189883	1.4978195249226414
0.01185591372237127	1.7278444967377604	1.5261893330271403
0.01213369139045994	1.758802516836095	1.5419891178338612
0.01268924707588326	1.8316828558175784	1.5931389395404154
0.01324480241206061	1.8884392259978036	1.641625446208146
0.01380035809748392	1.95551493621087	1.702521307856849
0.01435591360828425	2.0393595739771677	1.7507887978197083
0.01491146911908459	2.103855449182012	1.823291545783664
0.0154670248045079	2.1683513243868564	1.8567002784190163
0.01602258031530823	2.2309123233355463	1.9212872282844082
0.01657813582610856	2.2876686935158186	2.0074275268839217
0.01713369151153188	2.366998620017786	2.047664637848087
0.01768924702233221	2.430849536470563	2.049195880157944
0.01824480253313254	2.5011500404438243	2.1107328791694426
0.01880035786930989	2.5598412868802525	2.1925281346397747
0.01935591372935619	2.619822450820766	2.2159409867907587
0.01991146924015652	2.690767913546096	2.277474497484045
0.02046702457633387	2.7559087475030073	2.351808155226835
0.02102258026175718	2.8139550351873193	2.389719480108915
0.0215781359471805	2.875871075383989	2.4116163685326777
0.02213369128335785	2.931982486812194	2.4618251764542127
0.02268924696878116	2.994543485760931	2.4768377186318817
0.02324480247958149	3.0687137422465023	2.530303387247953
0.02380035799038183	3.116440689898068	2.6172780167971514
0.02435591367580514	3.1796466475988243	2.671448078386691
0.02518924702931713	3.270585831637674	2.747439484341234
0.02602258038282912	3.369264520701048	2.835198412465162
0.02685591373634111	3.446014612194842	2.935808722782669
0.0276892470898531	3.5337290024734496	3.0335377218578725
0.0285225802687421	3.6124139702233014	3.0541196535706816
0.02935591344763111	3.711092659286723	3.1917117848726018
0.03018924697576608	3.809126389598077	3.2520945820499962
0.03102258015465509	3.8987756561328393	3.3299649057428526
0.03185591368279006	3.987135005163466	3.3948413084351508
0.03268924686167907	4.066464931665434	3.465525172886939
0.03352258038981404	4.170948249497272	3.56997858123472
0.03435591356870305	4.259952557279967	3.642124163216265
0.03518924692221503	4.339282483781935	3.747306682719048
0.03602258027572702	4.435381337837135	3.7983215387899407
0.03685591362923901	4.522450769363674	3.87060421232886
0.03796702465083968	4.63273871596393	3.942078955780829
0.03907813584706332	4.750766167588851	4.0167787846066
0.04018924704328697	4.858474279180933	4.138677887948238
0.04130035806488763	4.974566854549652	4.18394699608349
0.04241146926111128	5.0835648836458205	4.272380546665842
0.04352258010808896	5.197077624006317	4.3544004366415985
0.04463369147893559	5.307365570606667	4.394114102808065
0.04574480250053625	5.420878310967164	4.478408395021749
0.04685591352213692	5.5292313813113125	4.567403412477812
0.04796702471836056	5.631134864134928	4.639599097912506
0.04907813591458421	5.742712728239319	4.7206920148604645
0.05046702460427355	5.876864148665406	4.803636198468615
0.05185591364320885	6.011660527843558	4.92266807040453
0.05324480250752117	6.1354926082368495	4.979324261821763
0.05463369137183349	6.257389812373986	5.044879159610746
0.0560225804107688	6.38896139779185	5.106242120244041
0.05741146910045814	6.516663230697494	5.201321414113416
0.05880035813939344	6.645010022355071	5.290451619480147
0.06018924700370576	6.772711855260721	5.354985355485885
0.06157813586801808	6.885579636869153	5.419717461497756
0.06324480257504206	7.0371449436005395	5.5275512208231
0.06491146928206604	7.193224961596299	5.614153793560727
0.06657813563984405	7.328021340774406	5.709410094944579
0.06824480234686803	7.4634626787045795	5.824820095701772
0.069911469053892	7.5989040166347515	5.879165508575421
0.07157813576091598	7.744664694597718	5.951456223501833
0.07324480246793996	7.880106032527887	6.024021628624916
0.07518924684305262	8.03812092677976	6.094559078551904
0.07713369121816527	8.190976151015185	6.229376946580006
0.07907813594252389	8.356730550291672	6.277786669781379
0.08102258031763654	8.514100485791518	6.345268573100149
0.08296702486737217	8.664375875018766	6.4428722049892215
0.08491146924248483	8.821745810518568	6.543819072903829
0.08713369146030914	8.983630457282747	6.64156034599247
0.08935591350351046	9.149384856559236	6.705412435415187
0.09157813589595776	9.315784214587692	6.76792807438198
0.09380035811378207	9.474444067591628	6.849480384426406
0.09602258033160638	9.646648054388557	6.91342720867917
0.0982448023748077	9.796278484863786	6.97061739731194
0.1007448026099667	9.978156852941437	7.037691288548102
0.1032448024958796	10.152295715994565	7.129000161888493
0.1057448025564156	10.328369455303749	7.2316631748329625
0.1082448026169516	10.498638565844571	7.412022591602442
0.1107448023282416	10.664392965121008	7.610730861910839
0.1135225804061122	10.838531828174087	7.834148209793464
0.1163003581347368	11.019765237499673	8.068067226302915
0.1190781358633615	11.189389389288417	8.284345124922098
0.1218559135919861	11.368042963605877	8.545770228658832
0.1249114689886994	11.557015877956077	8.771410151101033
0.1279670247346587	11.749213586066485	9.029713173413265
0.131022580305995	11.953020551713811	9.231338282490142
0.1340781358773313	12.173596444914367	9.458284899919896
0.1374114692913793	12.423840440709172	9.690506332220467
0.1407448023561813	12.680534024024418	9.89400982904487
0.1440781357702292	12.933357854827392	10.124431449242165
0.1474114691842772	13.191341355646816	10.36525057845068
0.1510225802664138	13.466093784019426	10.583818374441808
0.1546336913485504	13.729236954855201	10.807822984719637
0.1582448024306871	13.998184754459391	11.040998543743557
0.1621336915301583	14.266487595311562	11.235864903329398
0.1660225802803836	14.539950106180125	11.40135313066535
0.1699114692052319	14.798578565751525	11.535573953926042
0.1740781357981689	15.058496942827055	11.641397603717184
0.1782448025657288	15.335829206207897	11.736249705973565
0.1824114691586658	15.605421964564147	11.821443031784558
0.1868559134196914	15.88597902170522	11.883921609794623
0.191300358204586	16.15879657382167	11.944263075936774
0.1957448026402346	16.438063713458657	11.963441980277635
0.2004670247439719	16.726360275624305	12.056027978676555
0.2051892470223322	17.019171549054327	12.169758496549095
0.2101892469687812	17.322302162517047	12.310247274686821
0.2151892470898531	17.617693270955296	12.471735260735018
0.2201892468616791	17.904699915616852	12.583826553999288
0.2254670246508397	18.20847548783164	12.683961830994946
0.2307448024400003	18.496127091245214	12.805652061740378
0.2363003578972496	18.78700348841908	12.954698064372728
0.2418559137037448	19.066270628056067	13.07888739367906
0.2476892470037058	19.368756282766768	13.205305609330289
0.2535225803036667	19.68543103002257	13.289045099628641
0.2596336914463393	20.010490241054974	13.414595436505737
0.2657448025890119	20.32716498831077	13.56293551648253
0.2721336913997732	20.654159075599324	13.682967711269084
0.2785225802105344	20.9663191115908	13.811456026168578
0.2851892470386304	21.293958157631376	13.887401451694975
0.2918559136921033	21.623532079928143	14.008876207466146
0.2988003581882879	21.962135424753583	14.151763423684168
0.3057448025098495	22.291064388298285	14.2454486659848
0.3129670248487457	22.619993351842997	14.259371916238605
0.320189247013019	22.957951737916343	14.266278168081614
0.3276892470200039	23.310744175286892	14.317591904802562
0.3354670248697005	23.653217272624584	14.284447201094414
0.3432448025447741	24.00020508122666	14.2885892944014
0.3513003578879363	24.319459663490633	14.288495078254865
0.3596336914230562	24.658063008316077	14.281264118694555
0.3679670247835531	24.99215164187717	14.253907705136298
0.3765781358121387	25.324950357934142	14.28950233284044
0.385467024858059	25.648074692710434	14.314085201943456
0.3943559137293562	25.962169604958017	14.255596221576482
0.4035225802687421	26.296258238519115	14.2027142594343
0.4129670246508397	26.60067876948597	14.230755754859949
0.4226892470502719	26.915418640485633	14.218492183695666
0.4326892467685468	27.238542975261893	14.273624820040247
0.4426892470106907	27.561667310038175	14.333080212078624
0.4529670247463002	27.88027693355009	14.343131061547833
0.4635225803246215	28.224684907143967	14.425997000535475
0.4743559137456543	28.560063458209175	14.53132127176179
0.4854670246601529	28.878028122969038	14.73002769711598
0.4968559135919861	29.20889196276988	14.882159386882437
0.508522580191908	29.55910456513221	15.164203559464228
0.5204670248091645	29.904802456230154	15.45485492715293
0.5326892470945097	30.246630594815805	15.72935283601425
0.5451892470479436	30.606517578458867	16.140134710992566
0.5579670246694661	30.948345717044543	16.620268285802553
0.5710225803083233	31.31532724696011	17.162078513032856
0.5843559136152692	31.678439024363364	17.690326333023044
0.5979670247649267	32.07766849188134	18.13312639336229
0.6118559137572959	32.47367316563911	18.629300549976
0.6260225804177537	32.89031651946241	18.948274285202444
0.6404670247463002	33.317279213318464	19.443212612055955
0.6554670245856471	33.75004653594296	19.894853527247445
0.6707448026169516	34.24408494001209	20.2910623254341
0.6863003581417217	34.7581170653947	20.81885967406515
0.7021336915092036	35.319231179676834	21.27073707394107
0.7185225803874857	35.87067091267825	21.82393141465324
0.7351892467592336	36.36728915175557	22.25243571565928
0.7524114691656507	36.90389483345985	22.741569350024335
0.7699114692401565	37.38374414498391	23.106104091448998
0.787689246982751	37.92808933171279	23.422629006687608
0.8060225804107688	38.45115087962407	23.597613735521026
0.8246336915068753	38.96647292251079	23.87704349172225
0.8438003581137821	39.52307232552859	23.636329074725456
0.8635225804061122	40.07773685229024	23.39072409109559
0.883522580191908	40.66335939915023	23.15008792715419
0.9040781358377501	41.23801764722541	23.024881716424723
0.9251892469943925	41.836539369126356	22.915214503559103
0.9465781358191236	42.40087827716875	22.591634356378183
0.9685225801546551	42.96005751519476	22.292100532383564
0.9910225803502328	43.459900548032266	22.05555294956549
1.014078135881988	44.067451692461916	21.954286081433697
1.03768924674992	44.483450087533164	21.446122756190043
1.061855913652522	44.947175430255975	21.158013610999912
1.086578135891301	45.39735663918583	20.72877978052301
1.111855913466258	45.843023136851265	20.045062926481286
1.137689247075883	46.329322035895814	19.484263215209836
1.164078135847063	46.67308505073766	19.114905240391522
1.191022580303667	47.09488807457733	18.33882928681381
1.21852258027107	47.51604613966492	18.1728458964079
1.246855913591986	47.99331561618079	17.757729466243482
1.275744802598325	48.33901350727874	17.92409077314953
1.305189246940842	48.768556036143	17.75370380096339
1.335467024811493	49.17810484369376	17.30928512518027
1.366300358018322	49.468336282115565	16.804802933221065
1.397967024753285	49.83209301827089	16.145616709989323
1.430467024841761	50.244866619581906	15.22792417660586
1.463522580266414	50.48350135783982	14.245573795816158
1.497411469044579	50.91175396919998	13.598531640743742
1.532133691525502	51.34645616808064	12.90544803134342
1.567689247010691	51.82695043835675	12.476417203291515
1.604078135849392	52.21779544209808	11.820768704361242
1.641300358041605	52.48351844794204	11.216674354524029
1.67935591358733	52.7195733511918	11.128026281325562
1.718244802486566	52.93369965687188	11.082223507782816
1.757967024739315	52.90080676051736	10.292151514189355
1.798522580345576	52.91886560557476	10.069964579990184
1.840189246973438	53.07623554107458	9.578662459159851
1.882689246954811	53.267788290432954	9.309341840462052
1.926300358132409	53.43870235972578	8.565699464192596
1.970744802488895	53.60252188274612	7.838111651936064
2.016300358041605	53.764406529510254	7.896324824853757
2.062967024790538	54.019165236569386	8.173136566233337
2.110744802561072	54.36163833390714	8.267404742295913
2.15963369152783	54.44677288917754	8.816938487063338
2.209633691516189	54.592533567140464	9.014180186143582
2.260744802526148	54.81826913035741	8.154328347230686
2.312967024557707	55.1401035476296	7.656648468360672
2.366578135977449	55.315532328186784	7.5974578756825455
2.421300358069544	55.408406388481744	7.561394787508349
2.477411469025952	55.696702950647406	7.734760288535555
2.53463369152783	56.04369075924947	7.69653489327048
2.593244802544774	56.29522467254835	7.550231998474687
2.653244802600653	56.48484254565058	7.723920463703274
2.714633691520845	56.58287627596194	7.576267131181805
2.777411469305349	56.390678567851516	7.374746929330386
2.841578135779542	56.38035922781875	6.867658872688187
2.907133691292671	56.526119905781705	6.643043581307972
2.974355913512824	56.67446041875282	6.428424309826021
3.042967024771912	56.90664556949026	5.740716563784915
3.113244802563401	57.14528030774819	4.935580585560892
3.185189247061913	57.4264823236413	3.141721076795592
3.258800358092827	57.58127242413293	0.7038095124868768
3.5704670246229	58.00178553046856	0.15783468095345482
4.002411469282066	56.7763639015765	0.18974902736940605
4.094911469251798	56.454529484304345	0.49641876996950046
4.189355913596643	56.33521211517538	0.6141805012974867
4.286022580333935	56.39261344410766	0.6716275882573469
4.384911469289051	56.60222503852343	0.05202133021188191
4.48630035813008	56.377779392810545	0.0035597661754073334
4.804355913645537	57.3368330571066	1.4286036663699528
4.915189247043287	57.648993093098014	4.09515464141782
5.028800358169661	57.851510141241256	5.331797052017402
5.144911469007326	58.035323385575055	5.941671408047409
5.263800358097484	58.17205464100932	5.830063416821053
5.385189246898932	58.27202324757684	5.13873820472893
5.509633691446339	58.33651912278165	4.534864214375874
5.636855913722371	58.36941201913616	4.837829307237419
5.766855913727028	58.23461563995803	3.7107143474220265
5.899911469128398	58.2172017536527	2.438681558238762
6.036022580275727	58.284277463865756	0.7855154701530938
7.244633691199539	58.239775309974405	0.1260271584202104
7.411855913745654	57.9830817266591	0.4559218874680803
9.745744802337555	56.660271326207756	0.04856726545353909
9.970744802547102	56.39132352660358	0.5293557047213827
10.20074480252848	56.433890804238736	0.7825370655100597
10.43602258029901	56.74798571648637	0.3624948354637656
11.69685591342901	57.545154734018226	0.33264276278147153
11.96685591368046	57.52709588896087	4.274794803368284
12.24296702472535	57.593526640421864	7.944718673833603
12.52546702475561	57.712199050798795	9.420861030497104
12.81435591359664	57.748961699665536	10.11921458478052
13.10991146909115	57.77991971976384	7.765829090647749
13.41241146908183	57.277496851918116	7.092941411584689
13.7218559135687	57.08594410255975	7.454372989197733
14.03852258021985	57.398104138551176	7.561463041200638
14.36241146903527	58.03016371555868	7.591030593164858
14.69380035803229	58.52678195463594	8.415990559522921
15.03268924686168	59.570325215450325	8.614198606435332
15.37935591354076	60.02502113564453	8.401335927400265
15.73407813591226	60.38103836677523	9.156323926342687
16.09713369146962	60.70932237156789	10.736397403556238
16.46852258038749	60.02437617689244	8.99650446338853
16.84852258033394	59.945046250390476	4.554030280723033
17.23713369148359	60.40038712933672	3.6620785794965656
17.63463369132992	60.717706835344515	4.515500871131146
18.04130035806489	60.81767544191202	4.8909988116564165
18.45741146900733	61.05889001517813	6.573527627124628
18.88324480252382	61.153698951729304	6.562433558313559
19.31880035791588	61.14015481793626	6.03077974862446
19.76435591355008	61.57163222305667	5.076662628187869
20.22018924709451	62.26044817024441	5.174463893648137
20.68657813586802	61.54454395547066	8.072002326380431
21.16380035788794	59.24010633440153	8.712090747026101
21.65185591350351	58.70930528146566	7.7401578241631706
22.15130035805092	59.36651824980304	5.334696399142885
22.66213369153016	60.126279659716104	4.89890708126035
23.18491146927741	61.28849533090736	4.165180498994785
23.71963369129267	62.281731809061995	3.914189303342162
24.26685591361061	62.49650307349415	3.912422468133486
24.82657813588199	62.46812488840396	2.4769308048085126
25.39907813594951	62.84736063460847	1.024773186209538
25.98491146914935	63.31044101857929	2.6644808043336896
26.58435591367348	63.37106714127182	9.514808480117209
27.19741146899801	63.382676398808684	10.964609302607228
27.82463369150688	63.43104830521233	9.343284957228732
28.46630035816966	63.340754079925524	7.444877995007918
29.12296702484642	63.13823703178235	5.55100367001342
29.79463369153714	62.90734179854903	3.411677141301803
30.48185591357802	62.755131533065544	1.7159447898914306
31.18491146916099	62.70417979165376	0.11885624656760092
31.90407813577954	62.553904402426454	0.21818208284954932
32.63991146911909	62.63581416393664	0.3533464956435174