0.8333333336049691	9.61105941319117	30.537088336735632
0.9166666668606922	12.624671185987303	33.7468003688615
1.000000000116415	15.719528608174903	26.112693210409496
1.083333333546761	18.76624046035272	16.867429465889096
1.166666666802485	18.7226085375314	9.217974758338924
1.333333333488554	18.747433597067666	0.08041966042143753
1.583333333604969	18.73765402815946	0.35300818890981056
1.833333333546761	18.83921108989872	0.3396914917864991
3.833333333604969	18.764735911289957	0.301995044064813
4.333333333488554	18.81288148129963	0.024121279715679796
7.333333333488554	18.457055627946506	0.02140137677673882
8.333333333604969	18.50520119795626	0.2521841184701138
12.33333333354676	18.342709899173414	0.014177378920413757