0.01000000000021828	5814.674636455123	2636.0098871150026
0.02000000000043656	7970.988210037375	3585.8138636370104
0.03000000000065484	9537.540806229808	4208.073082809861
0.04000000000087312	10818.42792899878	4712.565530223125
0.05000000000109139	11915.014746333472	5046.995610410977
0.06000000000130967	12854.946304048839	5406.786580846156
0.07000000000152795	13721.157739590439	5640.537592302229
0.08000000000174623	14476.788991871397	5894.661340368366
0.09000000000196451	15195.560183065489	6173.747426581957
0.1009816608893743	15914.331374259678	6283.314815600543
0.1133032870638999	16642.3175807256	6403.394084593445
0.1271283790192683	17388.73381773487	6563.49714491207
0.1426403873247182	18153.580085287525	6723.603368884375
0.1600451469075779	18936.856383383823	6883.713203299641
0.1795736083513475	19738.56271202334	7083.849065867811
0.2014849024762953	20567.91408647807	7209.673712132402
0.2260697788406105	21398.584385631366	7144.745939774889
0.2536544638196574	22212.978176409622	7240.544488183592
0.2846049894214957	23065.69638087172	7365.425890131135
0.3193320503178256	23908.833481912636	7448.704081685398
0.3582964535071369	24780.713893216434	7490.373838881724
0.4020152329449047	25633.43209767839	7490.440931527704
0.4510685102750358	26505.312508982235	7532.127335841142
0.5061071926829754	27367.611816865152	7448.981521340346
0.567861610044929	28220.330021327096	7532.305715711348
0.6371512059604356	29101.7915360517	7574.022977907224
0.7148954112690262	29964.09084393461	7574.143584284044
0.8021258443386614	30845.55235865935	7615.890749400549
0.9000000000214641	31717.432769963183	7574.42319432257
1.009816608895562	32589.313181267	7574.5898916894575
1.133032870640818	33461.19359257071	7658.018409584567
1.271283790190864	34352.236210716306	7699.8479888663105
1.426403873249001	35233.69772544114	7783.336860993757
1.600451469072141	36143.90255042866	7908.474868064184
1.795736083513475	37054.10737541609	8033.665042058966
2.014849024758405	37993.05551066627	8283.780429402752
2.260697788411562	38960.74695617932	8658.857217748033
2.536544638196574	39985.925022217874	8992.378491525576
2.846049894217686	41030.26529509826	9326.019116654077
3.193320503176437	42132.09218850422	9743.032154035716
3.582964535065003	43272.24349559365	10201.845371811562
4.020152329452685	44479.462526629664	10827.40151907429
4.510685102750358	45763.330385033136	11369.877754730038
5.061071926830664	47095.10376054118	11870.972287143877
5.678616100452928	48493.944859995456	12372.32425326567
6.371512059604356	49940.69147655459	12915.68578131427
7.148954112683896	51464.08692048105	13584.419127750409
8.021258443389343	53064.131191774846	14128.576894662061
9.000000000208274	54712.08098017315	14484.689708537184
10.00000000020827	56249.39446306999	14908.04542772946
11.00000000020827	57710.62434836333	15362.403489778002
12.00000000020827	59052.570161387644	15747.377614886702
13.00000000020827	60324.93359892187	16017.199005554141
14.00000000020827	61517.77432161037	16324.120809770142
15.00000000020827	62650.97300816424	16530.105636420918
16.00000000020827	63724.52965858372	16767.345170581622
17.00000000020827	64738.44427286892	16943.0997999589
18.00000000020827	65712.59752973125	17094.646254553274
19.00000000020827	66637.04908981457	17259.695360151865
20.00000000020827	67521.7392924752	17380.3183491149
21.00000000020827	68366.66813771274	17478.875785651642
22.00000000020827	69181.77596488316	17633.901114154913
23.00000000020827	69967.06277398634	17759.540388757065
24.00000000020827	70712.58822566667	17870.75045996397
25.00000000020827	71448.17333799093	17999.112331344728
26.00000000020827	72153.9374322483	18029.40180408886
27.00000000020827	72829.88050843842	18146.87255699106
28.00000000020827	73495.88324527274	18221.267556712526
29.00000000020827	74122.12462468418	18260.305240419155
30.00000000020827	74738.42566473974	18366.364357291666
31.00000000020827	75344.78636543968	18399.29045223132
32.00000000020827	75931.26638742827	18440.883855706034
33.00000000020827	76487.92539134932	18535.690337308028
34.00000000020827	77044.58439527055	18638.261843032982
35.00000000020827	77581.36272048022	18674.639731203366
36.00000000020827	78098.26036697882	18681.13082090496
37.00000000020827	78605.21767412125	18740.424128190458
38.00000000020827	79112.1749812638	18801.167589013734
39.00000000020827	79599.251609695	18821.018885485766
40.00000000020827	80066.4475594145	18871.988187906856
41.00000000020827	80523.70316977838	18910.53715620512
42.00000000020827	80980.95878014227	18945.676566964557
43.00000000020827	81428.27405115029	18929.8763577587
44.00000000020827	81855.70864344708	18964.018600468746
46.00000000020827	82690.69714932881	19113.960342049286
48.00000000020827	83495.86463714355	19112.27751230205
50.00000000020827	84271.21110689105	19206.050176638535
52.00000000020827	85026.67689792709	19285.535517345757
54.00000000020827	85742.38133154002	19321.903986032197
56.00000000020827	86438.20508644152	19398.918053139318
58.00000000020827	87114.14816263152	19392.498451274834
60.00000000020827	87760.27022075442	19430.409408442858
62.00000000020827	88396.45193952153	19458.585070341716
64.00000000020827	88992.87230086573	19540.3178665873
66.00000000020827	89599.23300156578	19569.315423817654
68.00000000020827	90170.34906656563	19613.054721029264
70.00000000020827	90726.13185987156	19627.452110104925
72.00000000020827	91281.91465317771	19612.840563880836
74.00000000020827	91817.11289858348	19654.130771303455
76.00000000020827	92331.72659608898	19672.6846695525
78.00000000020827	92836.04801964466	19740.225456539723
80.00000000020827	93309.49262134967	19703.280023467214
82.00000000020827	93803.52177095506	19728.658714653244
84.00000000020827	94266.67409871014	19740.099627432992
86.00000000020827	94719.5341525149	19742.479569884403
88.00000000020827	95172.39420631998	19727.53948919193
91.00000000020827	95831.09973912712	19773.637865461045
94.00000000020827	96458.92845008407	19835.885266322173
97.00000000020827	97066.17261314068	19832.298035314943
100.0000000002083	97652.83222829686	19858.9103397477
103.0000000002083	98229.19956950328	19896.460425364807
106.0000000002083	98795.27463675954	19930.473016854296
109.0000000002083	99330.47288216543	19943.850647225372
112.0000000002083	99865.67112757105	19986.27952255137
115.0000000002083	100390.57709902662	20039.21845294092
118.0000000002083	100894.89852258218	20014.77772288556
121.0000000002083	101378.63539823762	20061.669565440836
124.0000000002083	101862.3722738927	20120.19137851275
127.0000000002083	102325.52460164776	20132.897624495374
130.0000000002083	102788.6769294028	20042.61676862956
133.0000000002083	103231.24470925759	20069.071419610234
137.0000000002083	103807.61205046406	20151.432425662286
141.0000000002083	104383.9793916703	20164.063250436742
145.0000000002083	104919.17763707618	20107.40321722544
149.0000000002083	105454.37588248192	20175.244914774346
153.0000000002083	105979.28185393765	20194.840513075713
157.0000000002083	106483.6032774932	20082.790363072774
161.0000000002083	106967.34015314846	20155.4276595435
165.0000000002083	107440.7847548534	20147.094992295973
169.0000000002083	107924.52163050888	20187.712940857436
173.0000000002083	108377.38168431351	20161.927117958643
177.0000000002083	108809.65719021848	20151.968721963935
182.0000000002083	109355.14770957461	20170.27447457536
187.0000000002083	109880.05368103004	20279.527611111258
192.0000000002083	110404.95965248582	20190.348428309815
197.0000000002083	110898.98880209122	20284.407178703714
202.0000000002083	111382.72567774658	20271.790949459995
207.0000000002083	111866.46255340161	20342.457514219983
212.0000000002083	112339.90715510694	20345.668982131443
217.0000000002083	112782.47493496188	20325.782857957172
223.0000000002083	113317.67318036758	20329.41745244044
229.0000000002083	113832.2868778731	20353.634761242847
235.0000000002083	114346.90057537866	20323.274756345447
241.0000000002083	114830.63745103408	20361.879602308127
247.0000000002083	115314.37432668936	20317.545307289856
253.0000000002083	115767.23438049426	20383.874298992123
259.0000000002083	116220.09443429917	20383.919172961207
265.0000000002083	116662.6622141539	20285.256362387827
272.0000000002083	117166.98363770932	20312.334672112866
279.0000000002083	117650.72051336471	20335.116069726395
286.0000000002083	118144.74966297009	20403.64828106351
293.0000000002083	118607.90199072497	20343.864446213553
300.0000000002083	119050.46977057998	20380.59443341728
307.0000000002083	119493.03755043469	20413.92953892166
315.0000000002083	119997.35897399035	20428.51683235664
323.0000000002083	120481.09584964534	20353.468907450926
331.0000000002083	120933.95590345035	20324.490579240835
339.0000000002083	121397.10823120561	20384.953819859675
347.0000000002083	121849.96828501057	20492.16683047602
356.0000000002092	122333.70516066572	20475.082634117207
365.0000000002083	122807.14976237068	20523.544843885244
374.0000000002074	123260.00981617552	20815.117313868977
383.0000000002092	123712.86986998071	21303.9848514247
392.0000000002083	124176.02219773569	20522.137897771612