0.001975379624558793	2.727147918992026	1.5046870933681231
0.003086490624558735	4.063608153627915	1.9001352719289344
0.004197602624558761	3.6998110953325862	1.3723057831828722
0.005308713624558703	4.287433890975594	0.766345347881332
0.006419824624558645	4.234619023941161	1.5722183591516894
0.00753093562455881	4.590417698711944	1.132669040588322
0.008642046624558752	4.680160791757662	1.7092167095322657
0.009753157624558695	4.873497309306553	1.7150946016149613
0.01086426862455864	4.999141306430613	1.613761279766092
0.01197537962455858	5.1526328212080355	1.75132072197452
0.01308649062455874	5.286532002283564	1.8393572917589112
0.01419760262455855	5.399518058696953	1.9605106592727688
0.01530871362455871	5.503239943526032	2.026383968232942
0.01641982462455843	5.641321749534042	2.130319816164816
0.01753093562455882	5.740824280717949	2.1986299634094824
0.01864204662455876	5.838749160402108	2.3675817831027297
0.0197531576245587	5.944764155223983	2.4695069139239627
0.02086426862455865	6.049109766932938	2.479071577451722
0.02197537962455881	6.1355874910658015	2.61029689773697
0.02308649062455875	6.241052096208421	2.711282272804152
0.0241976016245587	6.330575057427465	2.810141537479019
0.02530871362455872	6.414484476727971	2.9310156814525916
0.02641982462455866	6.494926729589046	2.962468177805089
0.02753093562455883	6.582101517802407	3.108620732311542
0.02864204662455855	6.6615715117434675	3.188918298863554
0.02975315762455871	6.7463614583508145	3.270448039866643
0.03086426862455843	6.83199532377717	3.406568831930279
0.03197537962455882	6.899834638828097	3.4442137622977436
0.03308649062455876	6.970774253978035	3.6597000559268458
0.03419760262455879	7.053069293066019	3.6410983152774743
0.03530871362455873	7.132245757867371	3.8198773350335395
0.03641982462455867	7.201057331838313	3.8542928710305935
0.03753093562455884	7.279096408793323	3.9640672224577416
0.03864204662455878	7.3323698737813405	4.14141752567181
0.03975315762455872	7.419599725007586	4.1873048443056895
0.04086426862455866	7.482724419859413	4.274052758434141
0.04197537962455883	7.534126764320432	4.377141533474126
0.04308649062455855	7.617559191254714	4.444106443016011
0.0441976026245588	7.671089516782237	4.5583235144282
0.04530871362455852	7.744487310738727	4.5779262584926945
0.04641982462455868	7.812693552242474	4.724783551667252
0.04753093562455885	7.863563841324386	4.838654436188194
0.04864204662455879	7.92435875758317	4.963044079474911
0.05086426862455867	8.04493954235546	5.240465218950654
0.05308649062455878	8.163263945847778	5.276255122426268
0.05530871362455875	8.268746945403038	5.464153678611179
0.05753093562455863	8.396592320906636	5.672656199915529
0.05975315762455852	8.489509051251995	5.89116020261135
0.06197537962455885	8.614309189669502	6.093591467736486
0.06419760262455881	8.694549645004036	6.426138728422643
0.0664198246245587	8.809388487644336	6.663579888314056
0.0686420466245588	8.903020676482692	6.812516496326735
0.07086426862455869	9.001037347892561	7.23060880465399
0.0730864906245588	9.106685416261616	7.511930605521124
0.07530871362455877	9.210022040337686	7.90768749825073
0.07753093562455865	9.307690119594879	8.328219251370806
0.07975315762455876	9.401010444993348	8.685981525051618
0.08197537962455864	9.495339758024608	9.315132910374597
0.08419760262455883	9.601152955319911	9.641675505389903
0.08641982462455872	9.714652612587367	9.99703551471736
0.0886420466245586	9.804120570905928	10.477868997271944
0.09086426862455849	9.91154808830126	11.084302416781645
0.09308649062455882	10.016572489902925	11.609932287696743
0.09530871362455878	10.137960464781482	12.13129950452462
0.09753093562455867	10.228840885561056	12.77574161380293
0.1008642686245587	10.38822113709662	13.420220449657977
0.1041976016245588	10.549142311419194	14.231301452883526
0.1075309356245585	10.724867741818992	15.167396482501873
0.1108642686245587	10.884816657221508	15.842905498698526
0.1141976026245586	11.056010930648654	16.996106347155106
0.1175309356245587	11.219647144317275	18.04673202347885
0.1208642686245587	11.37312032479451	18.92609825996256
0.1241976016245588	11.555339884532179	19.902811177659036
0.1275309356245587	11.732753092457537	20.99361851716308
0.1308642686245587	11.883236038749168	22.1385326686504
0.1341976026245587	12.06681311815987	23.415623944414822
0.1375309356245587	12.25044526058341	24.424771950160842
0.1408642686245588	12.414576740805904	25.92287182985895
0.1441976026245587	12.602024581709056	26.849336015127353
0.1475309356245587	12.780501840280197	27.927927740353027
0.1519753796245587	13.014087015766012	30.00957124701768
0.1564198246245588	13.27674882836481	32.03208995459746
0.1608642686245588	13.508646286437557	33.75269952595546
0.1653087136245586	13.767620740657796	35.76127044761357
0.1697531576245588	14.002581830229277	37.96901338723186
0.1741976026245587	14.260914223269507	39.8545818920929
0.1786420466245587	14.513871600630537	42.30367232815716
0.1830864906245587	14.792401719952338	44.43046823020631
0.1875309356245588	15.043671319787817	46.875941941696176
0.1919753796245587	15.3039482907806	49.30253663319726
0.1964198246245586	15.593155164372622	51.70558602726967
0.2019753796245588	15.907824653899581	55.26811966120001
0.2075309356245588	16.25369876160598	58.81731891867024
0.2130864906245585	16.608561846057032	62.286674876009265
0.2186420466245587	16.950877055710823	66.08728747124671
0.2241976026245587	17.31243606702629	69.0319654296319
0.2297531576245585	17.677939177034823	73.2391142951228
0.2353087136245587	18.035352232018134	77.66989739038914
0.2408642686245588	18.409312323504775	81.6924141053513
0.2464198246245584	18.79350884549572	85.53826115883892
0.2530864906245585	19.23969273460473	90.44134538647036
0.2597531576245587	19.677914908789486	95.71894965533849
0.2664198246245587	20.139435049242444	100.54006816640567
0.2730864906245585	20.609980895152848	106.09242951898504
0.2797531576245587	21.079499419130254	110.72754958708238
0.2864198246245585	21.542542208182432	116.21988528668471
0.2930864906245588	22.000081521229525	121.5158888099235
0.3008642686245585	22.559086277713195	127.77644790929065
0.3086420466245588	23.09732470416082	133.60116806464308
0.3164198246245585	23.66097074364298	139.59522378844346
0.3241976026245588	24.188367286894106	146.2824878641386
0.3319753796245584	24.756801343888366	151.78332883612433
0.3397531576245588	25.302157566441206	158.0463541716466
0.3486420466245588	25.919499000264636	164.30348679762884
0.3575309356245587	26.525723476276845	171.00396804711892
0.3664198246245585	27.146367007725786	177.20599443326338
0.3753087136245586	27.78128286009797	184.042179151281
0.3841976016245588	28.366814283162295	189.90431568474767
0.3930864916245585	28.969112994781547	195.84124022972273
0.4030864906245587	29.624648442676058	202.7898393851001
0.4130864906245587	30.27424015091203	209.15030914803984
0.4230864906245584	30.924070385387296	215.09083015551928
0.4330864906245587	31.569406131490236	220.7968145058466
0.4430864906245585	32.19549807593148	227.11027967756286
0.4541976026245585	32.87614766783316	232.8698129915669
0.4653087136245587	33.55310996146876	238.83418408617283
0.4764198246245588	34.198317247245704	245.0106580674411
0.4875309356245588	34.83976383744353	250.39712039354603
0.4997531576245585	35.54528910722556	255.95302121662175
0.5119753796245585	36.22370059203494	260.903644814168
0.5241976026245587	36.873255631670595	266.47047101598685
0.5364198246245584	37.51255590650174	269.87293284868025
0.5497531576245587	38.203019999554485	274.86908808823347
0.5630864906245585	38.86860847483943	279.0126148958346
0.5764198246245584	39.52012642672776	283.3241590167033
0.5897531576245585	40.13598194066469	286.77822985472585
0.6041976026245586	40.80252434056946	289.84481955550723
0.6186420466245586	41.40823515561524	294.12633870106094
0.6330864906245586	42.02104543246599	296.6980591851974
0.6486420466245586	42.652218923559154	299.28211693726047
0.6641976026245586	43.28506179776521	301.82530095962534
0.6797531576245586	43.87123528200954	304.46382453192683
0.6964198246245585	44.46359103215177	306.970520426284
0.7130864906245584	45.0642386949582	309.89108692770793
0.7297531576245584	45.62568329594832	310.9567974682087
0.7475309356245585	46.19850177540157	314.7471597015399
0.7653087136245587	46.763615400470066	314.5937710400379
0.7830864906245587	47.29609349037311	317.2434190643522
0.8019753796245586	47.85036529235756	319.7037272271751
0.8208642686245589	48.37271707778202	320.37706767157334
0.8408642686245589	48.88817113881555	322.5737046509352
0.8608642686245584	49.42980333438956	325.29652987424566
0.8808642686245585	49.90183510018649	326.45923768322854
0.9019753796245586	50.413528465640844	328.71344301886023
0.9230864906245584	50.89396214990292	330.04361853284496
0.9453087136245588	51.37133226277867	331.540780825056
0.9675309356245587	51.83855767676332	334.5967866901808
0.9908642686245588	52.32794372928222	335.2298142087196
1.014197602624559	52.773173633658914	337.0538292030101
1.038642046624559	53.236766752277845	337.87228671597313
1.063086490624559	53.673631406789646	339.6911133009962
1.088642046624559	54.10407538938912	342.6711110629683
1.114197602624558	54.53094207952339	345.15693714420445
1.140864268624559	54.962541784269376	345.82588605518885
1.167530935624559	55.351507989472275	348.2989643466576
1.195308713624559	55.754764849898486	351.2737400594027
1.223086490624559	56.145693967354184	352.28713262543147
1.251975379624559	56.54251176145546	354.546148164579
1.280864268624559	56.92762553946603	357.75199047446245
1.310864268624559	57.3029064820254	360.3815598888077
1.341975379624558	57.67416992857863	363.46245716794533
1.373086490624559	58.05099179392494	366.4851967279905
1.405308713624559	58.39763642313724	369.26285914129414
1.438642046624559	58.75139884845472	372.05484081553294
1.471975379624559	59.1132513287975	374.719750619183
1.506419824624559	59.46605976938264	377.3434447283761
1.541975379624559	59.79944106530468	383.07286382852516
1.578642046624559	60.144416311404086	384.4773383617193
1.615308713624558	60.46899203369533	390.85048275423685
1.653086490624559	60.79652126145952	397.4000990039164
1.691975379624559	61.12744431846244	398.4112094130992
1.731975379624559	61.444920578948654	403.6063724156391
1.771975379624558	61.772816733165676	410.5323810613784
1.813086490624559	62.07425955800262	414.73001346416504
1.855308713624558	62.39402892848161	417.4297357091074
1.898642046624558	62.717889252392325	425.833146177632
1.943086490624559	63.00658240490543	429.4580517310667
1.988642046624559	63.31857352368662	435.5958899598807
2.035308713624558	63.63326140762617	438.6860854175346
2.083086490624558	63.92534838937805	443.9439820859427
2.131975379624559	64.19969582365498	446.7077359235725
2.181975379624559	64.51950192284673	451.511772965795
2.233086490624559	64.79450981271623	459.55817046152185
2.285308713624559	65.08147857921593	465.17265898683723
2.338642046624559	65.35978850659853	470.3059116077266
2.393086490624559	65.62657794122924	475.5696677082384
2.448642046624559	65.88424993878935	486.5034481985611
2.505308713624558	66.1688705322834	483.72589833874633
2.563086490624559	66.43591676734115	489.1061237130573
2.623086490624559	66.71079625699713	491.3211236374347
2.684197602624558	66.98119959258088	499.1015807056728
2.746419824624558	67.23149693349632	504.48526873170914
2.809753157624559	67.49887336629413	515.2476313794427
2.875308713624559	67.7296334365206	517.2763197808739
2.941975379624559	67.96954761241803	522.608689421102
3.010864268624559	68.20412344123655	528.3530514861594
3.080864268624559	68.4613184464304	535.218054048779
3.151975379624558	68.69090446021036	542.1756599075254
3.225308713624559	68.94835632594373	542.1147774733296
3.299753157624559	69.17016414813824	553.5551714708214
3.376419824624557	69.4005572919119	558.9324327442393
3.455308713624559	69.63516978933072	568.9611118340464
3.535308713624559	69.87662494812756	572.0423945141769
3.617530935624559	70.09907477138964	582.226310674017
3.701975379624559	70.31002243619994	583.2790107125685
3.787530935624559	70.53331611816854	589.5145053660514
3.875308713624559	70.73938403385351	600.6940223002022
3.965308713624559	70.96049473185518	607.0965028339938
4.057530935624559	71.17324011987948	606.098638178932
4.151975379624559	71.39104872025558	611.7219921068393
4.248642046624559	71.58871465736297	620.0026705353787
4.347530935624559	71.78531660393712	627.4661008594123
4.448642046624558	72.00169428732708	634.3824956995159
4.551975379624558	72.20493709775269	641.5500480101292
4.657530935624559	72.38572574050427	649.1113295344608
4.765308713624559	72.5768058767731	659.1546206835463
4.875308713624559	72.76269440047669	665.0887026617124
4.988642046624559	72.95770036125091	681.6269746609617
5.104197602624558	73.14147923818821	695.1850081439437
5.221975379624558	73.33338489886343	712.6026832470694
5.343086490624557	73.51551272698786	726.4020522287709
5.466419824624558	73.7107938224893	739.5001800195013
5.593086490624557	73.87767707077049	760.356016363608
5.723086490624558	74.07748938335708	768.3431347073929
5.855308713624559	74.2791728164706	784.1447320857869
5.990864268624558	74.48388321248258	795.7027920411546
6.129753157624558	74.65799432278237	809.140477181427
6.271975379624559	74.84133293606622	835.074622727551
6.417530935624559	75.0339356608219	855.7935277133502
6.566419824624559	75.20525839457503	873.6359305760418
6.718642046624558	75.38911066882535	889.957558761352
6.874197601624559	75.56876192373055	917.8364609651868
7.033086490624557	75.73683762287105	1033.4069510156974
7.195308713624559	75.9463359762827	882.950764059785