0.01666666666278616	3.9234809747679034	1.2062118054173214
0.03333333338377997	5.163397352053646	2.371532692327332
0.05000000010477379	6.263111170776941	3.1259069269844124
0.06666666647652164	7.246719745690856	3.788320692548413
0.08333333337213844	8.155845711368528	4.391493546447203
0.09999999991850927	9.003633057675188	4.903092887045684
0.1166666666395031	9.792272449588374	5.460985022612353
0.1333333333604969	10.561195856703687	5.970765637088947
0.1500000000814907	11.286305964268308	6.540628771012919
0.1666666666278616	12.011416071832846	7.011178548100343
0.1833333331742324	12.690522214869226	7.231986738059405
0.2000000000698492	13.32800572333238	7.731789855128654
0.21666666661622	13.976442556683216	8.179171551333281
0.2333333333372138	14.587638085415835	8.48415920161144
0.2500000000582077	15.187880289260864	9.048076902574723
0.2666666667792015	15.792503823061004	9.441048618679776
0.2833333333255723	16.368648712153064	9.58634406858596
0.2999999998719432	16.920696286492298	10.153813809988623
0.31666666676756	17.49465051060688	10.453846848501518
0.3333333333139308	18.02260077019314	10.613634659682289
0.3500000000349246	18.55493235973459	11.284309204077857
0.3666666667559184	19.096026609186076	11.257836039576128
0.3833333331276663	19.580163569221654	11.617287598773222
0.4000000000232831	20.103732498852892	12.054577383842217
0.4166666665696539	20.585678793910994	12.342844641727277
0.4333333332906477	21.08953173874436	12.932571043214663
0.4500000000116415	21.58024069371258	12.86024403476957
0.4666666667326354	22.04247100397272	13.143113231581545
0.4833333332790062	22.51784530409818	13.368986552989826
0.499999999825377	22.964740959515613	13.417315668804003
0.5166666667209938	23.411636614933077	14.145300842410421
0.5333333332673647	23.87605759017085	14.583901774997834
0.5499999999883585	24.32295324558829	14.088552084014266
0.5666666667093523	24.730416931410076	14.440615655871653
0.5833333334303461	25.170740591894948	14.989982736710182
0.5999999999767169	25.58696693762685	15.07787642757267
0.6166666665230878	26.00757461331394	15.617433855733244
0.6333333334187046	26.430372953978488	15.909251040462632
0.6499999999650754	26.84440863473292	15.679244285817546
0.6666666666860692	27.234347000734363	16.105952644866452
0.683333333407063	27.64838268148879	16.48440585124584
0.6999999997788109	28.038321047490257	16.72257682244809
0.7166666666744277	28.44359406833456	16.671285277932732
0.7333333332207985	28.81381644953822	16.62624027518125
0.7666666666627862	29.595883846518834	17.588474545982958
0.8000000001047738	30.3429006038588	17.786128755163205
0.8333333333721384	31.076773371333456	18.14175890014681
0.8666666666395031	31.793120818987948	18.411905214128925
0.9000000000814907	32.491942946822135	18.831267962797295
0.9333333331742324	33.1863837447012	18.961113887998504
0.96666666661622	33.845773902939705	19.01644243478531
1.000000000058208	34.49640140126809	19.783647838513616
1.033333333325572	35.162363554439146	20.428040080308783
1.06666666676756	35.81299105276752	20.415459011337777
1.100000000034925	36.437330571365464	20.44678970661621
1.133333333127666	37.050716765075734	20.924603304557728
1.166666666569654	37.666293623763444	21.53847906887312
1.200000000011642	38.27967981747369	21.182600023829874
1.233333333279006	38.84268071670063	21.906332844584867
1.266666666720994	39.460448240365885	22.27231135942456
1.299999999988359	40.01468647968269	21.694913527498706
1.333333333430346	40.57111538397693	22.65460042414358
1.366666666523088	41.145069608091546	22.650944385730966
1.399999999965075	41.67521053265534	22.682504566911906
1.433333333407063	42.222876777039495	23.688413495939244
1.466666666674428	42.774924351378736	23.989310348606413
1.516666666662786	43.57451706817961	23.820937355443757
1.566666666476522	44.3434404752949	23.78696110548805
1.616666666639503	45.09045723263487	24.350126941300854
1.666666666627862	45.846236649884965	24.643276210660307
1.71666666661622	46.56696542749447	24.643815352864454
1.766666666779202	47.27893154519387	25.052720220761874
1.81666666676756	47.982135002983064	25.485106077168172
1.866666666755918	48.678766465839686	25.605363405571907
1.916666666569654	49.35130061394341	25.194247421473147
1.966666666732635	49.990974787384125	25.797738250847235
2.016666666720994	50.65912760553282	26.743784986817055
2.066666666709352	51.314136433816145	26.491913742856998
2.116666666523088	51.93847595241415	26.356481964496684
2.166666666686069	52.55624347607944	26.59770780382229
2.216666666674428	53.16305767485703	26.836204858783447
2.28333333338378	53.9626503916579	26.883351430142095
2.349999999918509	54.729383133795665	26.947081808724704
2.416666666627862	55.48735321602329	27.435973717258904
2.483333333337214	56.238751303318345	28.201563830361994
2.549999999871943	56.996721385545996	28.048323262262535
2.616666666755918	57.702115508312836	27.81997058817188
2.683333333290648	58.40970029605714	27.349927676278956
2.749999999825377	59.05813712940795	27.952463606276226
2.816666666709352	59.75914992221959	28.72127422296772
2.883333333418705	60.414158750503084	28.42863648911192
2.949999999778811	61.06916757878648	28.457346130751695
3.03333333338378	61.84904431078947	28.575582933965766
3.116666666639503	62.633302372747536	28.514340399029965
3.200000000069849	63.36936580519987	28.5487469983782
3.283333333325572	64.11419189756235	29.241543764444803
3.366666666755918	64.84806466503699	29.13248825072115
3.450000000011642	65.5512681228263	28.95486079993874
3.533333333267365	66.24132759075034	29.240740743233825
3.616666666523088	66.92481506374166	28.886783540324554
3.716666666674428	67.6915478058795	28.374111383299475
3.816666666476522	68.4451365581521	28.938717284460136
3.916666666627862	69.20091597540218	29.565401600963124
4.016666666779202	69.94793273274207	29.245054621685124
4.116666666755918	70.65113619053137	28.582243547955372
4.216666666732635	71.33024233356765	28.73416286876221
4.316666666709352	72.00715781162647	29.37255571912707
4.416666666686069	72.68407328968529	29.207546301834537
4.53333333338378	73.42670871707017	28.839600382702294
4.650000000081491	74.16058148454492	29.054560286473183
4.766666666779202	74.87692893219932	28.883067819466536
4.883333333127666	75.56698840012338	28.487428062165733
4.999999999825377	76.23075988831697	28.66714222490521
5.116666666523088	76.89672204148808	28.55999868795928
5.249999999941792	77.61306948914255	28.340534350608532
5.383333333360497	78.32722627181951	28.610749423065297
5.516666666779202	79.02166706969855	28.643104949635347
5.650000000023283	79.70296387771238	28.492214624513483
5.783333333267365	80.3579727059958	28.14176873690743
5.933333333407063	81.06993882369521	28.00564599994124
6.083333333372138	81.76437962157429	27.49840440468946
6.233333333337214	82.41719778488022	27.754346630060258
6.383333333127666	83.08973193298395	27.637557965287243
6.533333333267365	83.70749945664922	27.14659301058516
6.699999999778811	84.39536825959568	27.69316258401396
6.866666666639503	85.07447440263199	27.41761055043909
7.033333333325572	85.71633924105025	27.267699017216856
7.200000000011642	86.3560134144909	26.895796291113022
7.366666666523088	86.95187428838084	26.34446516276593
7.550000000104774	87.59592979177664	26.483960544608042
7.733333333337214	88.22684130530712	26.286879364013387
7.916666666569654	88.83146483910721	26.209893165920363
8.099999999976717	89.42951637797466	26.292352850738226
8.300000000104774	90.06261855648282	25.923873896526295
8.500000000058208	90.66724209028285	25.86191646281348
8.700000000011642	91.2674842941279	25.34036168066324
8.91666666668607	91.86553583299536	25.155179235961143
9.133333333360497	92.47673136172807	25.376896994932288
9.350000000034925	93.05725758077524	25.234453736455414
9.566666666709352	93.63340246986736	25.0476690441695
9.800000000104774	94.2205006838472	24.6613831443925
10.03333333332557	94.79445490796176	24.634754747431813
10.26666666672099	95.3530744772336	24.646249722386962
10.51666666666279	95.94017269121333	24.291285301536334
10.7666666667792	96.49441093053012	24.12755941078846
11.01666666672099	97.04645850486925	23.838205424087384
11.28333333338378	97.59631541423096	23.675866761198492
11.54999999987194	98.15055365354773	23.844548737785964
11.81666666670935	98.68288524308913	23.13113468795526
12.09999999991851	99.21083550267542	23.212615767367403
12.38333333312767	99.7541204171045	23.018863871530083
12.68333333340706	100.27768934673571	22.5188705972737
12.98333333333721	100.80344894134453	23.155746153165474
13.28333333326737	101.33139920093086	22.984937906278034
13.59999999991851	101.85277746558454	22.559668206075
13.91666666656965	102.36539307032801	22.33093047535722
14.24999999994179	102.87800867507161	21.994557904522953
14.58333333331393	103.37748028995003	21.935239896775997
14.93333333340706	103.88790522971598	22.117557686579996
15.28333333332557	104.39613950450445	21.89768692681958
15.64999999996508	104.89561111938276	21.716429082452326
16.0166666667792	105.39508273426111	21.84400731252351
16.39999999996508	105.8989356790945	21.34193386631686
16.78333333332557	106.37430997921993	20.786358867588092
17.18333333340706	106.84968427934534	20.888918415467554
17.58333333331393	107.32724924444838	20.8609969218858
17.99999999994179	107.79824221461874	20.882502911890835
18.41666666656965	108.27361651474416	20.91498522624238
18.84999999991851	108.74241881993697	20.745987999301192
19.29999999998836	109.22436511499501	20.259996490106435
19.75000000005821	109.66687944045734	20.61901444353231
20.21666666667443	110.15977906040321	19.479910172812737
20.68333333329065	110.54752676142712	18.076679231615426
21.16666666662786	110.97032510209168	18.61622723438581
21.66666666668607	111.39093277777866	18.347924712619076
22.16666666656965	111.79620579862289	18.967794439440887
22.68333333317423	112.23872012408533	19.44566156809742
23.21666666667443	112.67247178963756	19.10742391507159
23.76666666672099	113.1062234551899	19.174242575253288
24.31666666676756	113.53559379078695	19.194577347654832
24.8833333333605	113.96277346140661	18.84137673795287
25.46666666667443	114.3811904721161	19.33083087179278
26.06666666670935	114.83465812246612	20.37243942152308
26.68333333329065	115.30346042765895	20.629264496978962
27.29999999987194	115.7591187429866	21.68359512848066
27.93333333317423	116.26516235279747	24.433893748248128
28.58333333337214	116.84568857184463	24.050111628614484
29.24999999994179	117.33639752681292	22.053707529705335
29.93333333340706	117.82929714675865	21.10968359633939
30.63333333341871	118.27838346715353	19.196462273297414
31.34999999997672	118.68584715297546	18.669897271597414
32.08333333343035	119.11083615861753	19.92346042012619
32.83333333343035	119.57306646887777	20.004554467884063
33.59999999997672	120.00024613949732	19.35928076419987
34.38333333341871	120.43180714007204	19.55925750153677
35.18333333340706	120.86555880562423	19.96800405448683
35.99999999994179	121.31245446104172	19.835130880969565
36.83333333337214	121.73744346668377	19.613648764978773
37.68333333317423	122.17119513223614	19.514599686171447
38.56666666676756	122.59618413787813	19.074676364018675
39.46666666673264	123.0146011485877	19.583698109055064
40.38333333341871	123.45711547405013	19.741914331208502
41.31666666647652	123.87772314973711	19.14597563186461
42.28333333332557	124.29614016044648	18.805923443628195
43.26666666672099	124.70360384626831	18.944445856330994
44.26666666666279	125.12202085697773	20.623560486094927
45.29999999987194	125.60396715203586	20.517730729337373
46.34999999997672	126.01800283279024	19.63320621094826
47.43333333317423	126.46051715825251	20.513449866798172
48.53333333326737	126.91179414362512	20.396840090498575
49.66666666662786	127.34773647415487	19.777981063676787
50.81666666670935	127.7705348148194	19.882448183537406
52.00000000005821	128.20866781032683	19.68387690252339
53.19999999977881	128.62051282610372	19.554329763275963
54.43333333329065	129.0498831617008	20.61765713146079
55.70000000006985	129.50992280698347	20.429130144017766
56.99999999994179	129.93272114764798	20.130637906193563
58.31666666670935	130.37523547311042	19.82608240397865
59.66666666656965	130.78050849395473	20.024093462831647
61.04999999987194	131.23178547932721	20.44041635089437
62.46666666661622	131.65458381999187	20.153468156446024
63.91666666662786	132.09271681549907	20.132216559697863
65.40000000008149	132.513324491186	19.660358842252585
66.91666666662786	132.929550836918	18.93606012142423
68.46666666661622	133.31729853794204	19.622055112964038
70.04999999987194	133.7598128634044	21.455260775372327
71.66666666656965	134.22204317366464	20.14500497185821
73.33333333343035	134.60979087468863	20.44859858060568
75.03333333338378	135.08516517481405	22.210315941848577
76.7666666667792	135.54301415511927	23.269799109610112
78.54999999998836	136.06220175479532	22.982240063544943
80.3666666666395	136.50690674523526	21.939286999530655
82.233333333279	136.98009038038313	22.044008893154544
84.1333333333605	137.4269860358007	20.327566205265363
86.08333333343035	137.82568706171224	20.365775734852104
88.08333333331393	138.27477338210718	21.29350468695901
90.1166666666395	138.70852504765955	19.48278223655209
92.19999999977881	139.07874742886327	20.51833755219408
94.33333333343035	139.5541217289886	22.145067618200578
96.516666666721	139.99006405951835	21.87952379150782
98.74999999982538	140.45229436977866	23.978322343104683
101.0333333332674	140.97148196945489	23.780600420094633
103.3666666665231	141.42275895482723	22.345782869380006
105.7666666666628	141.88279860011	22.044588681480068
108.2166666666162	142.3209315956172	22.379402154984117
110.7166666667326	142.78973390081006	22.85904655317445
113.2833333333838	143.24539221613773	22.760292431008363
115.9000000000233	143.70762252639804	22.563302052948504
118.5833333333721	144.1523275168378	22.364324413284884
121.3333333334304	144.60579516718803	24.22973405606644
124.1333333331277	145.12060143690894	27.204448451373345
127.0000000000582	145.687983666091	26.948583081111114
136.1166666667559	147.0133359775006	19.131870900562042
139.266666666721	147.37041436883908	22.302756175057198
142.4833333332208	147.88741130353768	25.201165942437413
145.7833333333256	148.35621360873046	25.46584230768967
149.1499999999651	148.87978253836172	27.139823446472757
152.6000000000349	149.4099234629256	26.291247994847915
156.1333333333605	149.89844175291614	26.94108062253163
159.7499999999418	150.45048932725553	23.767457830857325