0.004166666767559946	10.777418617404608	4.153508314394092
0.005555555457249284	12.820084060967707	3.101687944117825
0.009722222399432212	12.820084060967707	4.17186334373314
0.01111111126374453	13.859706435636962	3.6489009522834124
0.01388888881774619	13.859706435636962	3.0226539185130945
0.0152777778566815	14.408396022267974	2.7474630495202867
0.01805555575992912	14.408396022267974	3.588261636549017
0.01944444444961846	14.920506303123585	3.331724855623857
0.0236111112171784	14.920506303123585	3.710167776920738
0.02499999990686774	15.332504799751755	3.5039329447961602
0.02777777781011537	15.332504799751755	1.0517450096674055
0.02916666684905067	15.665569004969866	1.188115894313507
0.03083333338145167	15.665569004969866	1.7779475808803535
0.03194444440305233	15.665569004969866	2.0842517212020875
0.03333333344198763	15.998633210187972	2.1642874616686316
0.03472222230629996	15.998633210187972	3.3873558758254285
0.03611111117061228	15.998633210187972	1.5243682422835831
0.03750000020954758	16.216183818220603	1.3610367188623549
0.03888888889923692	16.216183818220603	1.4153840786502385
0.04027777793817222	16.216183818220603	1.5231310563959242
0.04166666680248454	16.216183818220603	1.5721888663912122
0.04305555566679686	16.412556933435905	1.4247894830785737
0.0444444443564862	16.412556933435905	3.3079242485698
0.04583333322079852	16.412556933435905	1.887943535710364
0.04722222243435681	16.6281823148488	1.7261120464346829
0.04861111129866913	16.6281823148488	3.2233156478515452
0.05000000016298145	16.6281823148488	1.4822888788610338
0.05138888885267079	16.784125671049175	1.3652599637220328
0.05277777771698311	16.784125671049175	1.404232423632185
0.05416666675591841	16.784125671049175	2.013809165091301
0.05555555562023073	16.784125671049175	1.1267840472070427
0.05694444465916604	16.980498786264512	3.9152447379101742
0.05833333334885538	16.980498786264512	2.8190088931694772
0.0597222222131677	16.980498786264512	3.422829296169598
0.061111111252103	17.255806192889867	3.064160805288439
0.06388888880610466	17.255806192889867	4.363316448279255
0.06666666670935228	17.432927041907604	2.378645559900402
0.06944444461259991	17.648552423320467	2.9244576218726785
0.07222222234122455	17.648552423320467	1.9831938970712353
0.0750000000698492	17.746738980928114	1.7599546521388914
0.07777777779847383	17.746738980928114	2.8500405475803032
0.08055555570172146	17.904607563748293	2.126843771565572
0.08333333325572312	18.041298653751102	2.69566241481826
0.08611111115897074	18.041298653751102	1.643519027707376
0.08888888906221837	18.12023294516115	1.0837522015185224
0.09166666661622003	18.12023294516115	1.3033429420730513
0.09444444451946765	18.17798974375391	0.6530986022285233
0.0972222222480923	18.199167236571245	0.09922516631002955
0.1138888889690861	18.10098067896359	0.0006923381902159856
0.1166666666977108	18.10098067896359	0.21203448660922045
0.1194444446009584	18.13948521135876	0.42483450042440624
0.12222222215496	18.13948521135876	0.11241425476401709
0.1305555555154569	18.12023294516115	0.019264231148731666
0.2458333333488554	17.667804689518064	0.07609616817365898
0.25277777784504	17.667804689518064	0.1730639199735647
0.2597222223412246	17.687056955715658	0.5690469862516985
0.2666666668374091	17.708234448532995	0.9519595860402854
0.2736111111589707	17.727486714730556	1.009679603297553
0.2805555556551553	17.76599124712571	1.0116188227940779
0.2875000001513399	17.76599124712571	1.1750371012613339
0.2944444446475245	17.825673272338207	1.222230231221536
0.3013888889690861	17.825673272338207	1.195191165567735
0.30972222215496	17.883430070930967	1.140627210668768
0.3180555555154569	17.904607563748293	1.7010181140086285
0.3263888890505768	17.943112096143448	1.3270736363684454
0.3347222224110737	18.002794121355947	1.690965736846068
0.3430555555969477	18.041298653751102	1.4523779954534137
0.3513888889574446	18.060550919948664	1.473015170451861
0.3597222223179415	18.10098067896359	1.3424236839781354
0.3680555555038154	18.12023294516115	1.3600650491810746
0.3777777779032476	18.158737477556322	1.7112362780925874
0.3874999999534339	18.199167236571245	1.6793298183306105
0.3972222223528661	18.25692403516396	1.8331645634894569
0.4069444444030523	18.27617630136156	1.7498726131943776
0.4166666668024845	18.335858326574055	1.8679809474179858
0.4263888888526708	18.37436285896921	1.8185503662601024
0.4375000001164153	18.414792617984144	1.889162266832259
0.4486111112055369	18.47254941657686	1.7000346718692372
0.4597222221200354	18.49180168277443	1.7357029393733747
0.470833333209157	18.551483707986915	1.8566245732037083
0.4819444446475245	18.570735974184515	1.9292575028239278
0.4944444446009584	18.630417999397007	1.8878192401268592
0.5069444445543922	18.68817479798972	2.053885001366108
0.5194444445078261	18.70935229080706	2.008969337219363
0.531944444635883	18.76710908939982	1.885577927652676
0.5444444444146939	18.80753884841471	1.762655552906734
0.558333333407063	18.865295647007464	1.8965661945606713
0.5722222223994322	18.9057254060224	1.7839511100840355
0.5861111112171784	18.944229938417518	1.754316263747451
0.6000000002095476	18.982734470812712	1.652180512530267
0.6138888888526708	19.023164229827604	1.784421394342378
0.6291666667093523	19.061668762222762	1.8158900182629387
0.6444444445660338	19.1020985212377	1.8036257479843119
0.6597222222480923	19.15985531983042	1.7755714638580493
0.6750000001047738	19.200285078845347	1.8100127782727915
0.6916666666511446	19.23878961124051	2.0685437627369985
0.7083333335467614	19.27729414363566	1.9243143645847276
0.7249999999185093	19.31772390265056	1.9042862482632628
0.7430555555038154	19.39665819406065	2.073201565126637
0.7611111112637445	19.435162726455804	2.0688989837972898
0.7791666668490507	19.47366725885096	2.2034408698322796
0.7972222224343568	19.533349284063462	1.8046417951051237
0.8166666667093523	19.57185381645862	2.090205671743968
0.8361111111589707	19.63153584167111	2.089798726737582
0.8555555556085892	19.65078810786867	1.953085944604891
0.876388889097143	19.729722399278764	2.091422431095119
0.8972222224110737	19.768226931673922	1.957664882318931
0.9180555555503815	19.808656690688835	2.2339820652498212
0.9402777779032476	19.866413489281573	2.1035778860016996
0.9624999999068677	19.906843248296465	2.1088203093669673
0.9847222224343568	19.964600046889224	2.0943534558997396
1.008333333302289	20.024282072101695	2.102502352808376
1.031944444519468	20.06278660449687	2.1098989549993834
1.056944444600958	20.10321636351179	2.099996636128666
1.081944444507826	20.160973162104508	1.9708686159798028
1.106944444414694	20.201402921119442	2.100286190831554
1.13333333353512	20.25915971971216	2.1127916947840983
1.1597222223063	20.299589478727093	1.9703873358035469
1.187500000116415	20.35734627731981	2.1024747727567723
1.215277777751908	20.397776036334744	2.235297737357745
1.244444444600958	20.43628056872991	2.099771238085187
1.273611111100763	20.495962593942398	2.098194351600901
1.304166666814126	20.572971658732715	2.0955862429724346
1.334722222352866	20.594149151550056	2.376161189933741
1.366666666755918	20.651905950142773	2.242134903168098
1.398611111158971	20.692335709157707	1.9706130118475933
1.431944444600958	20.769344773948017	2.2474548672115566
1.465277777868323	20.809774532962955	2.2574299709273986
1.5	20.84827906535807	2.3882600018365925
1.5347222223063	20.907961090570584	2.1184351068524507
1.570833333302289	20.965717889163322	2.252419247197595
1.608333333511837	21.025399914375818	2.3999841273478584
1.645833333546761	21.06390444677097	2.3989255113545114
1.684722222271375	21.123586471983444	2.411431730318934
1.723611111170612	21.181343270576203	2.2702536326211313
1.763888888759539	21.241025295788702	2.423545082433416
1.805555555736646	21.300707321001187	2.4114732912147
1.847222222364508	21.33921185339631	2.2767871518969867
1.890277777856682	21.39889387860885	2.2666670522086743
1.934722222213168	21.45665067720156	2.271748931049091
1.980555555608589	21.497080436216493	2.4062710068695967
2.026388889004011	21.55483723480922	2.40102528192137
2.073611111263745	21.614519260021712	2.2601105687384413
2.122222222213168	21.67227605861447	2.547704351280049
2.172222222201526	21.731958083826964	2.4209325245727955
2.223611111054197	21.770462616222115	2.41102694313833
2.274999999906868	21.849396907632173	2.4234701520708013
2.327777777798474	21.889826666647114	2.567647105232922
2.381944444554392	21.947583465239823	2.7115786347192823
2.4375	22.007265490452333	2.427448070090999
2.494444444659166	22.086199781862394	2.4122465389660697
2.552777777658775	22.143956580455143	2.7019466135236496
2.612500000046566	22.18438633947004	2.548273167160011
2.673611111298669	22.2228908718652	2.4109023063149446
2.736111111240462	22.321077429472858	2.4256530327231434
2.800000000046566	22.359581961868006	2.6954868484133563
2.865277777716983	22.41926398708051	2.8534649910686896
2.931944444600958	22.478946012293004	2.5672957695062406
3.0	22.555955077083315	2.717678515701943
3.0694444446126	22.61563710229585	2.718153222405624
3.140277777914889	22.67339390088856	2.7057680945500397
3.213888888945803	22.733075926101062	2.5806054356428607
3.288888889015652	22.792757951313554	2.562249470723037
3.365277777949814	22.850514749906313	2.573240985554484
3.443055555748288	22.91019677511877	2.579434965129041
3.523611111100763	22.967953573711526	2.7057892082011548
3.605555555666797	23.02763559892401	2.5806279705819293
3.688888889097143	23.08731762413651	2.7158739330646116
3.774999999906868	23.164326688926824	2.7203310633155153
3.862500000104774	23.204756447941733	2.857846711004865
3.952777777856682	23.283690739351794	2.858300517769256
4.044444444647525	23.34144753794455	2.7194851052369193
4.138888888817746	23.420381829354607	2.8604623253796366
4.234722222201526	23.4800638545671	2.7113129022899907
4.333333333313931	23.53782065315985	2.7239355350490944
4.433333333465271	23.597502678372347	2.724531444341615
4.536111111170612	23.65525947696506	2.712025846522584
4.641666666604579	23.714941502177556	2.72927125076208
4.750000000116415	23.79387579358765	2.8682105078998745
4.859722222317942	23.85163259218037	2.868068822096069
4.972222222248092	23.91131461739287	3.0102708739417774
5.087499999906868	23.99024890880295	3.0131234833137475
5.205555555643514	24.048005707395703	2.871132419299849
5.326388888759539	24.12693999880576	3.011835548143488
5.449999999953434	24.205874290215863	2.8721172930774514
5.576388889050577	24.24437882261098	2.8757946941118697
5.705555555701722	24.323313114021047	2.7340824798310646
5.837499999906868	24.38299513923354	2.735209529417469
5.972222222364508	24.440751937826303	2.878474664191817
6.111111111240462	24.500433963038795	2.8774298307033717
6.25277777784504	24.579368254448855	2.8779150299590723
6.397222222352866	24.637125053041604	3.016250469029311
6.545833333453629	24.716059344451658	3.0198196454497697
6.697222222108394	24.7757413696642	3.0205457334684525
6.852777777705342	24.852750434454467	3.0180289844807007
7.011111111205537	24.912432459667002	2.8806824078720243
7.173611111298669	24.991366751077052	2.8809325389719382
7.340277777810115	25.04912354966977	2.883722030637653
7.509722222399432	25.108805574882265	3.0250299203425985
7.683333333407063	25.168487600094792	2.884948074670028
7.861111111007631	25.24549666488512	3.0290602844933687
8.043055555550382	25.324430956295174	3.0293022932700535
8.229166666860692	25.384112981507638	3.169409378870404
8.419444444414694	25.461122046297984	3.0280272593340722
8.613888888910878	25.520804071510454	3.029365443720489
8.813888889038935	25.599738362920544	3.029186648631814
9.01805555575993	25.65749516151326	3.0449079058483464
9.226388888899237	25.736429452923353	3.029667379265319
9.44027777784504	25.796111478135852	2.889516298437776
9.658333333209157	25.875045769545938	3.0478980989785174
9.881944444554392	25.932802568138666	3.034906129250214
10.11111111100763	25.992484593351154	3.037708923871671
10.34444444440305	26.07141888476121	2.8962423356025093
10.58333333325572	26.148427949551518	3.040459941158611
10.82777777791489	26.20810997476405	3.184352834543774
11.07777777785668	26.267791999976513	3.0421228616333864
11.33333333325572	26.344801064766862	3.0578079340515374
11.5958333335002	26.423735356176916	3.6278701436841305
11.86388888885267	26.483417381389394	3.1858423380167746
12.13750000001164	26.562351672799487	3.044418967500945
12.4180555556668	26.699042762802296	3.0463995721647916
12.70555555564351	26.699042762802296	3.0486619649586855
12.9986111112521	26.75679956139502	3.0501865064932923
13.29861111100763	26.8357338528051	2.4660555462319973
13.60555555560859	26.89541587801761	3.0517668392710826
13.91944444435649	26.974350169427655	3.209739151962855
14.24166666681413	27.032106968020408	3.0534486374295495
14.57083333341871	27.111041259430465	3.0530451053086898
14.90694444451947	27.189975550840554	3.0527361794267702
15.25138888880611	27.24773234943327	3.2110718784984504
15.60416666680249	27.30741437464581	3.054873798119334
15.96527777781012	27.386348666055866	3.05550012573708
16.33472222235287	27.465282957465895	3.2144516707273962
16.71249999990687	27.523039756058665	3.202093180307945
17.09861111117061	27.601974047468705	3.0604162003302777
17.49305555562023	27.680908338878798	3.0621062816767535
17.89722222212004	27.73866513747155	3.220868925032238
18.31111111101927	27.798347162684053	3.207764290963465
18.73472222231794	27.87728145409411	3.065726610742984
19.1680555556668	27.956215745504196	3.066115832724799
19.61111111124046	28.03322481029451	3.3555743770439683
20.06388888903894	28.092906835506998	3.2153238847858256
20.52777777775191	28.15066363409975	3.2190102703594046
21.00138888903894	28.248850191707376	3.2353436357913097
21.48611111124046	28.30853221691987	3.366497697993947
21.98194444435649	28.387466508329958	3.23817990791162
22.48888888891088	28.466400799740033	3.0961162588752247
23.00833333341871	28.54340986453033	3.227487583910032
23.54027777770534	28.583839623545252	3.229506131067921
24.08333333325572	28.662773914955334	3.0862832183102857
24.63888888875954	28.73978297974565	3.102287100196878
25.20833333325572	28.818717271155705	3.2338400528342612
25.79027777770534	28.878399296368244	3.2354282379585686
26.38611111114733	28.95733358777829	3.251563341864542
26.99583333340706	29.015090386371003	3.0951340983891593
27.61944444465917	29.0940246777811	3.2421480028058784
28.25694444455439	29.172958969191153	3.0991103238053954
28.9097222223063	29.230715767783913	3.246980245497463
29.57638888905058	29.309650059193967	3.3943921253829568
30.25972222234123	29.369332084406498	3.1070083216249023
30.95833333331393	29.446341149196776	3.414311495724878
31.67361111100763	29.544527706804423	3.255253904574394
32.40416666655801	29.58495746581936	3.404555858105057
33.15277777786832	29.683144023427	3.4209440172102057
33.91805555555038	29.740900822019764	3.1335061760873533
34.70138888881775	29.81983511342981	3.411701434857726
35.50277777784504	29.898769404839893	3.1235490967539086
36.32222222210839	29.9584514300524	3.287202522526591
37.16111111117061	30.03546049484271	3.1293763871169418
38.01805555564351	30.0951425200552	3.1335877695164216
38.89583333325572	30.174076811465262	3.2830094184205376
39.7930555556668	30.23183361005802	3.154944133332514
40.71111111121718	30.310767901468108	3.2892499162675892
41.64999999990687	30.38970219287815	3.2929628870925787
42.61111111129867	30.449384218090646	3.3107096297596543
43.59444444451947	30.526393282880967	3.4618599623706565
44.59999999991851	30.605327574291028	3.449999992117416
45.62916666670935	30.665009599503545	3.4540602506337477
46.68194444454275	30.76319615711118	3.471498890720359
47.75972222210839	30.84020522190147	3.4754682509435377
48.86111111124046	30.899887247113995	3.612951043822568
49.98888888896909	30.978821538524052	3.469562591972154
51.14166666660458	31.05775582993415	3.4889175986346554
52.32222222239943	31.134764894724466	3.64089739272774
53.52916666661622	31.21369918613451	3.6454399113066054
54.76388888881775	31.292633477544612	3.6349122510619045
56.02777777786832	31.371567768954666	3.654866497090321
57.32083333341871	31.45050206036475	3.6593350437313275
58.64305555564351	31.527511125155062	3.5138594972246717
59.99583333340706	31.606445416565126	3.669315337179313
61.38055555574829	31.68537970797519	3.6597195994910074
62.79722222231794	31.74506173318768	3.681088728965751
64.24583333346527	31.843248290795344	3.6850110412878934
65.72777777770534	31.92025735558565	3.69077637412701
67.24444444460096	31.99919164699575	3.8317675689986674
68.79583333345363	32.078125938405805	3.839125766619449
70.38333333330229	32.15706022981589	3.860067841713453
72.00694444432156	32.234069294606215	4.0189082578110265
73.66805555555038	32.33225585221387	4.024009725618209
75.36805555550382	32.41119014362392	4.031172331787072
77.10694444435649	32.509376701231574	4.205089774182052
78.88611111114733	32.58831099264165	4.060910383619029
80.70555555570172	32.6672452840517	4.053096158382293
82.56666666670935	32.76543184165935	3.9067341582196895
84.47083333320916	32.844366133069464	4.223279915962734
86.4194444444147	32.92137519785976	4.076903724880628
88.41250000015134	33.000309489269796	3.931454392269206
90.45138888875954	33.117748313075055	3.9356263724094718
92.53750000015134	33.17743033828756	3.945259675493612
94.67222222231794	33.25636462969764	4.109265071852602
96.85555555560859	33.33529892110774	3.808867486264441
99.09027777775191	33.412307985898	4.12907109107343
101.3763888890971	33.510494543505665	4.293507076808838
103.7152777778101	33.589428834915765	4.303120896719174
106.1069444444147	33.687615392523405	4.484697903088247
108.5541666668141	33.78580195013107	4.495439081639404
111.0583333333489	33.86473624154111	4.506644619319712
113.6194444445428	33.96292279914875	4.517541945801046
116.2402777779498	34.06110935675643	4.5290285650320605
118.9208333332208	34.1400436481665	4.700761630948383
121.6638888889574	34.23823020577416	4.712862463452215
124.4694444446359	34.336416763381806	4.725310038491177
127.3402777778101	34.43460332098945	4.719494645312298
130.2777777778683	34.53278987859715	4.732767095233367
133.2833333335002	34.63097643620479	4.745854660250341
136.3569444443565	34.707985500995065	4.762735375402332
139.5013888890389	34.80617205860272	4.776816790719502
142.7194444444031	34.90435861621041	4.791321295315088
146.0111111111473	35.00254517381805	5.147754502097098
149.3791666666511	35.10073173142569	5.163930467770736
152.8249999999534	35.19891828903335	5.362758587392105
156.3499999999185	35.31635711283857	5.377169306162121
159.9555555557599	35.41454367044622	5.395196075210088
163.6444444445078	35.5339077208712	5.225966834886829
167.4180555555504	35.63209427847887	5.264220677543146
171.2791666666162	35.73028083608653	5.451049738868079
175.2291666667443	35.80728990087682	5.29228974777907
179.2708333333139	35.92665395130183	5.477314368976516
183.4055555557134	36.04409277510703	5.493924356659674
187.6361111111473	36.14227933271469	5.869857196221966
191.963888889004	36.25971815651991	5.8759985379246045
196.3916666668374	36.357904714127606	5.730892899946719
200.9208333335118	36.475343537932794	5.923208723395783
205.5541666667559	36.59278236173805	5.7734100003437
210.2944444446475	36.69096891934571	5.989826485472914
215.144444444566	36.80840774315096	6.015327824271601
220.1069444444147	36.90659430075857	6.128216349380818
225.1833333334071	37.025958351183576	6.321779231274963