0.008333333535119891	1.3012659051140283	0.9233853188227031
0.0166666668956168	2.0741032334751357	1.3065823173629967
0.02500000008149073	2.6493065885530505	1.535645813593304
0.03333333361661062	3.1149473998066175	1.6876776862181617
0.04166666680248454	3.5034730359838004	1.7942375691863297
0.04999999998835847	3.838481583446767	1.8758386954753228
0.05833333352347836	4.132614874175258	1.9392732494983855
0.06666666688397527	4.395143584954409	2.016526254092031
0.07500000024447218	4.637866758965319	2.0751932243636073
0.0833333334303461	4.8578346354127016	2.1105679955903573
0.09166666679084301	5.057575580692505	2.1479897676933635
0.1000000001513399	5.249731426784477	2.1655725384956277
0.1083333333372138	5.424188708104816	2.2023769487065823
0.1166666666977108	5.585582763046093	2.2290833115171846
0.1250000002328306	5.740234507598182	2.251999409130282
0.1333333335933276	5.888986730559724	2.3160672117757195
0.1416666667792015	6.026782699138837	2.3554175132506985
0.1500000001396984	6.166264245315238	2.3448245724324774
0.1583333335001953	6.295210931508537	2.3779186384468303
0.1666666666860692	6.412358574520734	2.372885082678597
0.1750000002211891	6.5299276119322665	2.375224240061174
0.183333333581686	6.641597127753261	2.418266017533391
0.1916666669421829	6.750738277178303	2.4520264220073154
0.2000000001280569	6.852294327415507	2.47978523176019
0.2083333334885538	6.95680013844798	2.4897242068241767
0.2166666668490507	7.054563639091261	2.4926728510810956
0.2250000000349246	7.151062956536571	2.5114413681458942
0.2333333333954215	7.241241357992018	2.549314062669451
0.2416666669305414	7.328048604252853	2.5470751489542622
0.2500000002910383	7.413170272916398	2.534749501436048
0.2583333333022893	7.504191463170495	2.579407978967554
0.2666666668374091	7.584256399042145	2.5904963830689294
0.2750000001979061	7.663478546115141	2.604957698647168
0.28333333338378	7.737222565996932	2.6132157999690917
0.2916666669188999	7.816444713069929	2.582587502309325
0.3000000002793968	7.891452916149683	2.6130316748201268
0.3083333336398937	7.962247175236207	2.590330406928501
0.3166666668257676	8.030091673527448	2.6443049151145
0.3250000001862645	8.096671988620724	2.6280642987044867
0.3333333335467614	8.16704485330791	2.631556437226287
0.3416666667326354	8.226040069213331	2.6351379996947184
0.3500000000931323	8.295570145101875	2.6474779582773005
0.3583333336282522	8.360043488198531	2.6423717006995666
0.3666666666395031	8.418617309704624	2.6818162515120307
0.3833333335351199	8.53745053031413	2.7001761599174388
0.4000000000814907	8.647855862937147	2.6810518852084604
0.4166666668024845	8.762896533952736	2.699791373134815
0.4333333335234784	8.867402344985205	2.724417423011145
0.4500000002444722	8.971486761618358	2.761768209927315
0.466666666790843	9.069250262261637	2.7419149151938056
0.4833333333372138	9.167856551703569	2.76240710508998
0.5000000002328306	9.26351308035022	2.7944343978980113
0.5166666667792015	9.351584509809044	2.7979064187937936
0.5333333335001953	9.44260570006313	2.7948419509407487
0.5500000002211891	9.526041791129389	2.8116771604147073
0.5666666669421829	9.61622019258482	2.8061527716206123
0.5833333334885538	9.694178156459852	2.83937946962165
0.6000000000349246	9.771293331536233	2.831114584810631
0.6166666669305414	9.851358267407889	2.8482846059153837
0.6333333333022892	9.92678786488697	2.833788141803425
0.650000000197906	10.002638856765387	2.8608937829853627
0.6666666669188999	10.07301172145257	2.8592032537232774
0.6833333336398937	10.143805980539081	2.8489723606533883
0.7000000001862645	10.213757450826952	2.886646686078595
0.7166666667326353	10.28075916031954	2.881989736084388
0.7333333336282521	10.34860365861079	2.886378685387075
0.7583333335351199	10.4400462432642	2.8872347496451796
0.7833333336166106	10.540338110303422	2.897906923950217
0.8083333335234784	10.629252328560895	2.913803874932759
0.8333333334303461	10.719430730016336	2.915154273540126
0.8583333333372138	10.80328821548191	2.945657531263882
0.8833333335933276	10.887145700947475	2.9421944516383496
0.9083333335001953	10.970581792013732	2.9650052481676186
0.933333333581686	11.050646727885384	2.993581032495011
0.9583333334885538	11.128604691760412	2.9912552708285265
0.9833333333954215	11.207405444434086	2.996221227886837
1.008333333302289	11.283256436312497	2.9998226282271157
1.03333333338378	11.361214400187526	3.028298688353033
1.058333333639894	11.429058898478775	3.0228512462851254
1.083333333546761	11.499853157565289	3.0181310836464488
1.108333333628252	11.56643347265855	3.033033590931055
1.141666666895617	11.655769085315354	3.0615681995757034
1.174999999988359	11.745526092371467	3.0692037700750316
1.208333333430346	11.827698000239739	3.0707495789667902
1.241666666697711	11.913662457701935	3.096145714855358
1.275000000139698	11.999205520764807	3.0902060128375917
1.308333333581686	12.079270456636458	3.1071257339534806
1.341666666849051	12.155121448514869	3.1200387568963017
1.375000000291038	12.23223662359125	3.1271421161367754
1.40833333338378	12.302188093879119	3.136170712915706
1.441666666825768	12.375089324962252	3.126895658941332
1.475000000093132	12.450940316840667	3.1372673119907954
1.516666666895617	12.535219196705555	3.1645468376557466
1.558333333523478	12.622869231765046	3.163697301827655
1.60000000015134	12.705883928431971	3.1832949010844396
1.641666666779202	12.789320019498222	3.1827188217749836
1.683333333581686	12.869806349769204	3.1978558358072755
1.725000000034925	12.94270758085234	3.1885357132094447
1.766666666837409	13.018979967130067	3.231603152759224
1.808333333639894	13.095252353407801	3.2182215845473987
1.858333333628252	13.18543075486324	3.2177123614462846
1.908333333616611	13.267602662731516	3.250377237577334
1.958333333430346	13.356938275388302	3.260071125357267
2.008333333593328	13.434896239263335	3.2634302149902084
2.058333333581686	13.514961175134983	3.253534508531765
2.108333333395422	13.595026111006646	3.270131088174162
2.15833333338378	13.670877102885045	3.2978039339111977
2.208333333546761	13.74377833396818	3.288672815997071
2.266666666895617	13.831428369027678	3.3093103711347083
2.325000000244472	13.913600276895961	3.3046256875732953
2.383333333593328	13.997036367962195	3.302379525121732
2.441666666942183	14.07836548703183	3.3513470896106385
2.500000000291038	14.159694606101446	3.3423997709877535
2.558333333639894	14.233860020382567	3.350943609793826
2.625	14.316453322650167	3.3588621442142212
2.691666666883975	14.399468019317093	3.3876615190749257
2.758333333593328	14.48753944877591	3.366708482613465
2.825000000128057	14.564654623852292	3.3629714462496763
2.891666666837409	14.645140954123272	3.3904368198376966
2.966666666732635	14.729841228387498	3.410338160170548
3.041666666802485	14.82086241864158	3.4400086561938314
3.116666666697711	14.89755619931863	3.42184661183739
3.191666666942183	14.978463923988944	3.4442971975360255
3.266666666837409	15.059793043058571	3.456214233433587
3.350000000093132	15.145336106121432	3.481943217228694
3.433333333523478	15.233828929979568	3.4681943944609324
3.516666666779202	15.315579443448533	3.5155609814614768
3.600000000034925	15.396487168118826	3.529078341887195
3.683333333639894	15.478237681587782	3.530954206875438
3.775000000081491	15.565466322247953	3.548152560231256
3.866666666697711	15.649745202112845	3.548753517898701
3.958333333488554	15.734445476377076	3.5627220347767508
4.050000000279397	15.815353201047362	3.586091344597179
4.150000000081491	15.901317658509567	3.594348369437953
4.250000000232831	15.98601793277379	3.607716295137386
4.350000000034925	16.06987541823936	3.609708713012458
4.458333333546761	16.15710405889953	3.596586799075682
4.566666666883975	16.245596882757674	3.6061862562612625
4.675000000221189	16.331139945820546	3.6440184547425
4.78333333338378	16.41541882568545	3.6545044387432446
4.900000000081491	16.500540494348982	3.665548325199434
5.016666666779202	16.582291007817947	3.7053993234844906
5.133333333302289	16.665727098884187	3.6809584811633638
5.25833333353512	16.759276655534222	3.6919297722654223
5.383333333593328	16.84524111299642	3.6873913331086587
5.508333333302289	16.93036278165997	3.7152646381805217
5.641666666895617	17.024333732709326	3.741695980009627
5.775000000139698	17.1048200629803	3.7689296790016136
5.90833333338378	17.190363126043174	3.7453202841161506
6.049999999988359	17.27632758350538	3.7558129148102037
6.191666666942183	17.36439901296419	3.7754754161628057
6.341666666732635	17.453734625620978	3.789572918351157
6.491666666697711	17.54475581587507	3.802793627583876
6.641666666837409	17.628191906941325	3.8341997519496545
6.799999999988359	17.716684730799457	3.843639208689437
6.958333333488554	17.80644173785558	3.845731769639529
7.125	17.902519660901557	3.8939787288596395
7.291666666686069	17.985112963169158	3.873305591576064
7.466666666732635	18.08119088621514	3.910225907004473
7.641666666779202	18.167155343677344	3.9381820201136994
7.825000000186265	18.25775513953212	3.9379213387631875
8.008333333593328	18.355097245776072	3.953436794301461
8.200000000186265	18.44232588643624	3.997368187767999
8.391666666779201	18.53503265428762	3.9800448227378338
8.591666666732635	18.62984639413563	4.03023944355407
8.79166666668607	18.719182006792426	4.056970847129623
9.0	18.81778829623434	4.03992269799845
9.208333333488554	18.909230880887772	4.08261871641755
9.424999999988358	18.999409282343205	4.093027434973647
9.650000000197906	19.098436966184455	4.108729104790295
9.87500000023283	19.192407917233822	4.137141627363298
10.10833333362825	19.286378868283187	4.145495771271124
10.34166666684905	19.37992842493322	4.139774063579405
10.58333333343035	19.474742164781226	4.193138758740568
10.83333333354676	19.572084271025187	4.188889606364325
11.08333333348855	19.6668980108732	4.206715887999468
11.34166666679084	19.765504300315126	4.214929371519999
11.60833333362825	19.85694688496854	4.259299907388989
11.88333333330229	19.959767118403718	4.272110999868311
12.1583333335002	20.054580858251718	4.289899922153357
12.44166666688398	20.152344358895007	4.313198643920259
12.73333333362825	20.24715809874301	4.345294797688741
13.03333333338378	20.352506698574132	4.349732424247983
13.34166666684905	20.451112988016064	4.366989717516183
13.6500000001397	20.550140671857328	4.378464439952757
13.96666666679084	20.650432538896556	4.409728773497962
14.29166666680249	20.755781138727674	4.438027262670293
14.625	20.847223723381084	4.452328938735223
14.96666666673264	20.952150928812877	4.470910769197885
15.31666666682577	21.05033582385549	4.459597799829605
15.6750000002794	21.155263029287283	4.493625251553809
16.0416666669189	21.255976290725844	4.483783015494437
16.4166666669189	21.363431862553583	4.538775793243948
16.8000000002794	21.46456651839146	4.56721849195947
17.19166666682577	21.561487230236107	4.603783981774131
17.59166666673264	21.669364196463164	4.6028409431164325
18.0	21.77176303549902	4.643606610330172
18.41666666680249	21.874583268934185	4.637793789467567
18.84166666679084	21.984145812758555	4.597577154691104
19.2833333335002	22.090337201388337	4.833250140233495
19.73333333339542	22.194421618021472	5.46212530560942
20.19166666682577	22.3031413730472	6.03254683041798
20.65833333361661	22.40764718407966	6.6162862447697455
21.1416666667792	22.499511163132414	7.2694471919982835
21.63333333330229	22.64868478049327	7.870691888510138
22.13333333353512	22.89604329289675	8.483193079395896
22.6500000001397	23.126546029327248	9.110033400962763
23.1750000002794	23.359998526553014	9.755304098628706
23.71666666679084	23.61536353254365	10.366532824343468
24.26666666683741	23.854294156960634	10.881527279334504
24.83333333343035	24.09743872537087	10.873875746955159
25.40833333338378	24.343954448975694	10.962971162224946
26.00000000023283	24.59384132777511	11.067914968272438
26.60000000009313	24.81844454261506	11.040766614371925
27.21666666684905	25.08097325339422	11.100729899764607
27.85000000015134	25.3266461882004	11.13595641440161
28.5	25.57569027820117	11.137227976595574
29.15833333338378	25.83021249539316	11.1178931885771
29.83333333348855	26.07546403580002	11.224495874123804
30.5250000001397	26.326193703398083	11.129138660011606
31.23333333333721	26.573973610200888	11.151835155102154
31.95833333343035	26.819646545007057	11.136492193572044
32.70000000024447	27.062791113417298	11.071148977537247
33.45833333343035	27.310571020220088	11.068667749701676
34.23333333333721	27.549923039036404	11.02646490482189
35.0250000001397	27.79728155143987	10.990272883475459
35.83333333348855	28.038319147853482	10.93467245412115
36.6666666669189	28.278092561069116	10.924038786614862
37.51666666689562	28.521237129479346	10.881946129116255
38.38333333359333	28.759746359497008	10.864236368524445
39.27500000019791	28.99783419511535	10.775021510806049
40.18333333352348	29.228336931545847	10.740828967546612
41.11666666693054	29.46726755596283	10.70130265046795
42.06666666688398	29.70282702518522	10.646424247909975
43.0416666669189	29.936279522410977	10.57955235406882
44.04166666668607	30.162989709247555	10.528991003937644
45.05833333352348	30.3943352344767	10.51290532744079
46.10000000009313	30.621888210111923	10.46254171672992
47.1666666669189	30.850283974545796	10.391281720594854
48.25833333330229	31.072358822989795	10.339622081538355
49.37500000029104	31.2961192490311	10.300651346436563
50.51666666683741	31.520722463871056	10.261607265341196
51.68333333363989	31.744904284311673	10.210124378484055
52.88333333353512	31.963607977561097	10.110395568370949
54.10833333333721	32.18315445960914	10.075795680845472
55.35833333339542	32.397644208865316	9.926443302385627
56.64166666689562	32.61887626851066	9.626774280673704
57.95000000012806	32.832523228968185	9.248930435056202
59.29166666680249	33.03689951264056	8.836052832629889
60.6666666669189	33.249282289900094	8.398248829383142
62.06666666694218	33.437645586398155	7.956346597432391
63.50000000023283	33.595247091745506	7.469141409432713
64.96666666679084	33.735992821119886	6.972260443241626
66.46666666679084	33.862832535316564	6.521659503686502
68.00000000023283	33.98630109431863	6.007245889235593
69.57500000012806	34.10429152612949	5.6023659335610825
71.1833333336399	34.21806801394711	5.341861546321786
72.82500000024447	34.322995219378896	5.094667870767927
74.50833333330229	34.42834381921003	4.969968448992021
76.23333333333721	34.52821429184993	4.794844981670328
77.9916666666395	34.62850615888916	4.6523133932482486
79.7916666669189	34.728798025928384	4.498612886134176
81.63333333330229	34.815183877789906	4.387628296667267
83.51666666683741	34.91379016723184	4.274215260656064
85.45000000018626	34.998911835895385	4.165428632504554
87.42499999998836	35.084876293357574	4.032428045633201
89.44166666694218	35.16451983482989	3.896261040435271
91.50833333353512	35.244584770701564	3.838421333905475
93.62500000029104	35.324649706573204	3.7039738051698228
95.79166666668607	35.4000793040523	3.62665633593169
98.00833333359333	35.47129495753813	3.519925714620488
100.2750000001397	35.541667822225314	3.4466015174036357
102.5916666668491	35.61456905330846	3.342635165621404
104.9583333335468	35.68367773479768	3.231202055160459
107.3833333335933	35.75110083868959	3.160943553956507
109.8666666666395	35.813467209789614	3.077582009858341
112.4083333333838	35.87667636968828	2.9877755114164617
115.0083333333023	35.93398600799641	2.881415781613706
117.6666666669189	35.98961006870724	2.8013772465379763
120.3833333335351	36.049026679011995	2.710551596839193
123.1666666666861	36.10170097892757	2.636316485879807
126.0083333335351	36.15226830684651	2.5643462541086386
128.9166666669189	36.201992845966785	2.483541660553951
131.8916666668374	36.25340296268437	2.4400242732904607
134.9333333336399	36.30102052980804	2.344106491507296
138.0499999999884	36.34695251933442	2.288153303783164
141.2416666669305	36.394148692058764	2.2478575606806777
144.5000000002328	36.439659287185805	2.2292208307171295
147.8333333334304	36.47589920552771	2.217466546894939
151.2500000002328	36.520145617456784	2.181161748844958
154.7416666669305	36.557649718996664	2.2035319680428413
158.316666666884	36.59683939813385	2.2019490000598654
161.9750000000931	36.63687186606967	2.1862277155625107
165.7166666667326	36.68364664439469	2.1760128094092064
169.5416666668025	36.728735845122394	2.2237861159127537
173.4583333334886	36.770032496256206	2.244381352835654
177.4583333334304	36.82102121857448	2.2753232187433827
181.5583333335235	36.86484623610422	2.283941789670847
185.7500000002328	36.90656428163733	2.3250126502999917
190.0416666669189	36.94828232717046	2.3246173134830976
194.4250000002212	36.99421431669684	2.332375587928525
198.9166666666861	37.04141048942117	2.330393062600223
203.5083333333023	37.0848141125516	2.3019839345206985
208.2083333334304	37.124425186088104	2.288622321032365
213.0166666668956	37.172042753211755	2.2922014397649253
217.9333333335235	37.21671055954016	2.269786660677038
222.9666666668491	37.26179976026789	2.222499787131268
228.1083333333372	37.300989439405065	2.2000954487570135
233.3750000002328	37.34355027373683	2.1739945983265287
238.7583333333023	37.38231855847468	2.1673845884637535
244.2666666667792	37.42319381520917	2.142522340808198
249.9000000001397	37.4581695503531	2.155497245556559
255.6666666669189	37.491881102299054	2.1852834398747207
261.5666666669422	37.53191357023487	2.2440637284843525
267.6000000000349	37.56773209417745	2.303680763277793
273.7750000000815	37.60397201251936	2.3803138606495065
280.0916666667326	37.64400448045519	2.48036385171824
286.5583333335235	37.689093681182925	2.6180535931466613
293.1666666669189	37.73797543150456	2.7521148237124295
299.9333333336399	37.78769997062485	2.910949215494382
306.8500000001513	37.84037427054041	2.8050416410759693