0.2289122463155309	3.2280979042813107	3.5765915762053453
0.312245579745877	4.402050231459493	4.000274414500756
0.3955789130016001	5.384137773863435	4.5683203699688075
0.4789122462573232	6.317446133697608	5.235696893426084
0.5622455795130463	7.199807347292333	5.829303827301747
0.6455789127687694	8.0388092874917	6.929196415283419
0.7289122463737385	8.964529774481703	7.478524538939097
0.9789122463155309	11.02734720626389	7.922329368948549
1.228912246257323	12.969842654374077	7.9056865054722385
1.478912246373739	14.316148093298677	7.5629067249516755
1.728912246315531	15.513948020844282	7.708590453025255
2.228912246373739	17.428259941247504	6.269805176172449
2.728912246257323	18.460210648056044	5.310714662327167
3.228912246315531	19.35341167999958	5.420333690458599
3.728912246373739	20.116534891757148	4.146731604332943
4.228912246257323	20.488340661121995	3.90978438393514
4.728912246315531	20.996728141682055	4.097526720100035
5.228912246373739	21.34143436517486	3.6055866732497406
5.728912246257323	21.570154532335128	3.032052159701859
6.228912246315531	21.874753427937225	2.8293936601998957
6.728912246373739	22.030846812160387	2.6996532263128072
7.228912246257323	22.237887342623033	2.1711941560094346
7.728912246315531	22.35604136262526	2.6397494338943184
8.228912246373739	22.465523527948427	2.495527015415837
8.728912246257323	22.679067949420368	2.084064505431963
9.22891224631553	22.798305951257493	2.740329457250329
9.728912246373739	22.82757346079934	1.8187337109138961
10.22891224625732	23.022690191078247	2.043628603128078
10.72891224631553	23.125668465392128	2.1225482314722424
11.22891224637374	23.136508283740945	2.5696729015109643
11.72891224625732	23.255746285578077	1.9150503471629587
12.22891224631553	23.36414446906636	1.5145712371753417
12.72891224637374	23.4627868160407	2.4872138858549087
13.22891224625732	23.477962561729083	2.245446161574568
13.72891224631553	23.48446645273837	1.8427361842795724
14.22891224637374	23.689339019531243	1.6991621624260005
14.72891224625732	23.71210263806381	1.8056679541234144
15.22891224631553	23.805325075863717	1.762357524758873
15.72891224637374	23.817248876047422	1.8238464847796203
16.22891224625732	23.821584803386955	1.4172468095641941
16.72891224631553	23.915891223021784	1.5161675301075113
17.72891224625732	23.93431891421478	1.3422726461464212
18.72891224637374	24.048137006877475	1.1646119271546609
19.72891224631553	24.139191481007643	1.3114732646467921
20.72891224625732	24.168458990549503	1.812172447358201
21.72891224637374	24.178214827063428	1.6428436195139158
22.72891224631553	24.282277083212207	1.6691359734067073
23.72891224625732	24.39717915770977	2.0949914240839616
24.72891224637374	24.42753064908652	1.9418719985267554
25.72891224631553	24.510997250372498	1.6481410815996242
26.72891224625732	24.628067288539864	1.1638368461049347
27.72891224637374	24.52075308688642	1.7678280993576843
28.72891224631553	24.63890710688867	0.5457442100231102