0.04999999643405317	0.37818264121872996	1.1199827044959754
0.08333332987604081	1.1345479236561962	2.2820760923528436
0.1166666633180284	2.0800045267030294	3.0678500544514784
0.1499999965853931	2.89940024934362	4.067321601825444
0.1833333300273807	3.8448568523904547	5.023069354860874
0.2166666632947454	4.727283015234169	5.758646861969704
0.249999996736733	5.609709178077878	6.100783355834584
0.2833333298294747	6.366074460515342	6.444173938466542
0.3166666630968393	7.122439742952808	7.199012972864778
0.34999999671345	7.878805025390283	7.438311196232156
0.3833333299808146	8.572139867624621	7.095992640833504
0.4166666632481793	9.139413829452726	6.995322170907009
0.4499999966901669	9.643657351077707	6.769483073072518
0.4833333297829086	10.14790087270268	6.8136014198747
0.5166666632248962	10.589113954124539	6.79509968854688
0.5499999964922608	11.030327035546389	6.713901234190107
0.5833333299342485	11.408509676765123	6.262016219449229
0.6166666633762361	11.786692317983857	6.039536563778839
0.6499999966436008	12.038814078796342	5.023865070076913
0.6833333300855884	12.353966279811958	0.38232290310742
1.316666663387878	3.907887292593573	0.37074925730002906
1.349999996480619	4.033948172999821	5.5533506880150485
1.383333329922607	4.223039493609185	9.272501421243833
1.416666663189972	4.6642525750310435	12.573207052476901
1.449999996631959	5.1054656564529	16.449941725827262
1.516666663341312	5.798800498687241	21.624586489560635
1.583333329876041	6.807287541937195	24.812106411055495
1.649999996585393	8.067896345999644	26.25788058378182
1.716666663294745	9.328505150062087	26.738124629498557
1.783333329829475	10.463053073718292	25.78120730299564
1.84999999671345	11.408509676765123	22.874567372902806
1.916666663248179	12.101844518999469	19.623613426530813
1.983333329782909	12.732148921030685	16.38677160843418
2.049999996492261	13.173362002452551	13.347884902167504
2.116666663376236	13.48851420346816	11.191152402549712
2.183333330085588	13.803666404483772	9.326801785657148
2.249999996620318	14.055788165296262	7.320959089942767
2.31666666332967	14.244879485905624	5.659381789819465
2.383333330039022	14.370940366311872	4.766260623732867
2.449999996573752	14.49700124671811	3.488464453370518
2.516666663283104	14.560031686921239	2.7912528010118844
2.583333329992456	14.560031686921239	2.2618930122683607
2.649999996527185	14.623062127124362	1.9645183358263758
2.716666663411161	14.623062127124362	1.5111071302341497
2.78333332994589	14.68609256732749	1.4499265369854242
2.849999996480619	14.749123007530612	1.5420619508814812
2.916666663189972	14.749123007530612	1.5164087640535067
3.016666663341312	14.812153447733722	1.6748155465771914
3.116666663318028	14.87518388793685	1.621083166896414
3.216666663294745	14.93821432813997	1.8620976389542667
3.316666663096839	14.93821432813997	1.8658650716516387
3.416666663248179	15.001244768343101	1.9209231622259018
3.516666663224896	15.06427520854622	1.975990116299602
3.616666663376236	15.190336088952455	1.9679223350444965
3.71666666317833	15.190336088952455	2.3480887626520324
3.81666666332967	15.25336652915558	2.1695826599961063
3.916666663131764	15.316396969358706	2.2269321105912985
4.016666663283104	15.37942740956183	1.9037642716441214
4.116666663085198	15.44245784976495	2.1758272489665655
4.216666663411161	15.505488289968072	1.790131117214386
4.316666663387878	15.505488289968072	1.8781352664999051
4.416666663189972	15.568518730171192	1.873667019661931
4.549999996434053	15.631549170374324	1.8031943581445178
4.683333330027381	15.631549170374324	1.4741405856923697
4.816666663096839	15.694579610577442	1.7646654746156432
4.949999996690167	15.75761005078056	1.7593295342273745
5.083333329934249	15.82064049098368	1.6256110133599615
5.21666666317833	15.82064049098368	1.9165718668844278
5.349999996597035	15.883670931186803	1.6804970082973325
5.483333330015739	15.946701371389933	1.6955452905103388
5.616666663085198	15.946701371389933	1.700812128815511
5.749999996678525	16.009731811593053	1.68439178344341
5.883333329922607	16.07276225179617	1.610178341010254
6.049999996434053	16.07276225179617	1.685416954051335
6.216666663294745	16.13579269199929	1.8608570938061584
6.383333329980815	16.198823132202413	1.6872394130183441
6.549999996492261	16.198823132202413	1.6155056987471785
6.71666666317833	16.261853572405546	1.9345542626224024
6.883333330039022	16.32488401260866	1.7135784329544872
7.049999996725092	16.32488401260866	1.7684006172700888
7.216666663411161	16.387914452811778	1.724415408299631
7.383333329922607	16.450944893014903	1.9630337128477544
7.583333329876041	16.513975333218024	1.629460944293624
7.783333329829475	16.513975333218024	1.8161096406784405
7.983333329782909	16.57700577342115	1.9645233808709721
8.183333330085588	16.640036213624274	1.9400131791727488
8.383333330039022	16.640036213624274	1.611869591069665
8.583333329992456	16.703066653827392	1.7812051763744532
8.78333332994589	16.766097094030513	1.9713999570164409
9.016666663341312	16.82912753423363	2.07366439825213
9.249999996736733	16.89215797443677	1.805128829691823
9.483333329782909	16.89215797443677	2.0556124965746827
9.71666666317833	16.95518841463989	1.9580719045756958
9.949999996573752	17.018218854843003	2.0396302253032035
10.18333332979455	17.081249295046128	2.0628236770642623
10.44999999663196	17.081249295046128	1.8290693930828723
10.71666666329475	17.144279735249253	2.083853060568277
10.98333332978291	17.207310175452374	2.0821521242409924
11.24999999662032	17.270340615655495	2.0805505574697327
11.5166666632831	17.33337105585861	2.079040280549014
11.78333332994589	17.33337105585861	2.3680957712418547
12.08333332987604	17.396401496061735	2.372943354306923
12.38333332998082	17.45943193626486	2.3775929047297426
12.68333333008559	17.522462376467985	2.115148743650644
12.98333333001574	17.585492816671113	2.3863453111367283
13.28333332994589	17.64852325687422	2.3657677323542403
13.61666666331803	17.71155369707735	2.374813618373107
13.94999999669017	17.77458413728047	2.383505733909352
14.28333332988768	17.77458413728047	2.392471466581336
14.6166666630852	17.900645017686724	2.384274447501271
14.98333333007395	17.900645017686724	2.371602164159517
15.34999999671345	17.963675457889835	2.385693201447009
15.71666666317833	18.02670589809296	2.3992950234948
16.08333332999246	18.08973633829608	2.655746202679091
16.48333333007395	18.152766778499206	2.6592192645875623
16.88333332998082	18.215797218702328	2.668932311424586
17.28333332988768	18.278827658905445	2.9353745737586876
17.68333332979455	18.34185809910857	2.930789697914215
18.11666666331803	18.404888539311692	2.934681494420193
18.54999999649226	18.530949419717942	2.936878752346816
18.98333333001574	18.530949419717942	2.9364778457156198
19.44999999663196	18.657010300124185	2.943519565260441
19.91666666324818	18.720040740327306	2.9277892911853862
20.38333333003902	18.783071180530435	2.93971695108472
20.88333332992261	18.84610162073356	2.6788113773324222
21.38333332998082	18.909132060936674	2.9340645138717356
21.88333333003902	18.9721625011398	2.68174778997396
22.41666666318997	19.035192941342917	2.677701062387547
22.94999999669017	19.098223381546042	2.6738838180015456
23.48333333001574	19.16125382174916	2.95635999273113
24.04999999643405	19.22428426195228	2.9568970148798654
24.61666666337624	19.287314702155406	2.9574397968591666
25.21666666341116	19.350345142358524	2.961877976590113
25.81666666309684	19.41337558256166	2.9661480133777074
26.41666666313176	19.539436462967895	3.2218059515454063
27.04999999643405	19.60246690317101	3.2297301701244376
27.68333333008559	19.665497343374135	3.222633896085493
28.34999999648062	19.72852778357727	3.5028189672663697
29.0166666632249	19.79155822378039	3.4977231370912922
29.71666666341116	19.917619104186624	3.227839572474538
30.41666666324818	19.980649544389752	3.4967293328191142
31.14999999652719	20.04367998459288	3.50077494068594
31.88333332998082	20.169740864999113	3.5021643361134656
32.64999999652719	20.232771305202235	3.503688224053644
33.41666666324818	20.29580174540536	3.244244144787981
34.21666666341116	20.421862625811606	3.5176905585238605
35.0166666632249	20.484893066014735	3.5294977007918344
35.84999999648062	20.547923506217852	3.2583530780713237
36.68333333008559	20.61095394642097	3.5446304364535632
37.54999999643405	20.673984386624095	3.545845122002985
38.41666666313176	20.800045267030345	3.545795258199267
39.31666666309684	20.863075707233463	3.549873869554454
40.24999999667853	20.926106147436585	3.8307956297260493
41.18333333008559	21.052167027842838	3.824355585639933
42.14999999658539	21.115197468045952	3.833825213131893
43.14999999652719	21.241258348452195	3.831677227557773
44.1499999966436	21.30428878865532	3.8322807284665608
45.18333333002738	21.430349669061567	4.109401449235503
46.24999999667853	21.49338010926468	3.828596953069291
47.31666666332967	21.556410549467802	3.834788539864658
48.41666666324818	21.68247142987406	3.84346096011335
49.54999999643405	21.74550187007718	3.8417659352765465
50.71666666341116	21.871562750483413	3.8427413774672963
51.91666666313176	21.93459319068655	3.8462070182164725
53.11666666337624	21.997623630889667	4.115076664090047
54.34999999671345	22.1236845112959	3.836830545295495
55.61666666331803	22.18671495149903	3.836010617289984
56.91666666318997	22.31277583190528	3.8375379771606415
58.24999999667853	22.375806272108395	3.2965318396051804
59.6166666630852	22.501867152514645	3.838740729596277
61.0166666632831	22.564897592717767	3.8340447160361473
62.44999999657375	22.627928032920888	4.108132237367696
63.91666666313176	22.753988913327124	3.8357686525451515
65.41666666313176	22.690958473124013	4.12275859281326
66.94999999657375	22.880049793733374	4.127108892219845
68.5166666632831	23.006110674139606	4.130774402169914
70.1166666630852	23.132171554545856	4.40492794265436
71.74999999667853	23.195201994748988	4.412933830780407
73.41666666318997	23.32126287515522	4.963499425132914
75.11666666331803	23.447323755561467	4.6977124422112375
76.84999999671345	23.5103541957646	4.424257208867082
78.6499999966436	23.63641507617083	4.150843218923273
80.48333333001574	23.762475956577088	4.426001750732725
82.34999999648062	23.82550639678021	4.150013243108399
84.24999999673673	23.95156727718644	4.15219250956556
86.21666666317833	24.014597717389584	4.148694859062969
88.21666666341116	24.0776281575927	4.156104890634994
90.28333332982947	24.20368903799894	4.158896329734155
92.38333333003902	24.26671947820205	4.434357159806327
94.51666666334131	24.3927803586083	4.433414099194014
96.71666666317833	24.455810798811434	4.713348516296937
98.94999999663196	24.581871679217674	4.709304638848582
101.2499999966203	24.70793255962392	4.377283372789897
103.616666663318	24.83399344003017	4.661753551533889
106.0166666632831	24.96005432043642	4.3948892082854005
108.4833333297829	25.086115200842656	5.241882414484167
111.0166666633413	25.149145641045777	5.115707427484632
113.9666666631783	25.212176081248884	4.858478839168262
116.6016666632459	25.338236961655134	5.037510498949067
119.3016666631411	25.401267401858263	5.063385819734934
125.3516666633041	25.779450043077006	5.542569468341014
128.2516666631527	25.84248048328011	5.6132661906991395
136.7683333299901	26.28369356470197	6.325266844209827
139.9433333300367	26.409754445108227	5.969220133543223
143.1766666632575	26.472784885311338	5.970777939056091
146.509999996455	26.66187620592071	6.191153905905999
149.9099999965365	26.850967526530077	6.000241713536698
153.3766666631527	26.977028406936324	5.86595069472528
156.9433333297457	27.103089287342563	6.151995912244197
160.5766666633972	27.166119727545702	6.435103820707478
164.3099999966762	27.355211048155052	6.160210268416335
168.1099999964899	27.481271928561306	5.884708486557137
172.009999996455	27.60733280896755	6.167868665520427
175.9766666633041	27.79642412957692	5.888878889171767
180.0433333299552	27.922485009983156	6.452811697672023
184.2099999965831	28.048545890389384	6.178889665329638
188.4766666631876	28.17460677079564	6.182881957083297
192.8433333299436	28.363698091405002	6.184880662295058
197.3099999966762	28.42672853160814	6.1887695848771465
201.8766666633856	28.61581985221751	6.187373130014544
206.5433333300716	28.74188073262375	6.192058897920975
211.3099999967344	28.86794161302999	6.194705890143973
216.2099999966413	28.994002493436223	5.919300836972549
221.2099999966995	29.183093814045602	6.486365210514879
226.3433333300018	29.309154694451838	6.209054547158298
231.5666666633879	29.435215574858084	6.495555328994651
236.9333333300856	29.561276455264345	6.498582791590712
242.3999999965854	29.68733733567058	6.5045409314897356
247.9999999966785	29.876428656279945	6.510081807990151
253.7333333300157	30.002489536686188	6.231287645983479
259.599999996597	30.19158085729556	6.517060224893777
265.599999996597	30.317641737701816	6.806740910659476
271.7333333300157	30.44370261810805	6.811251397948684
277.9999999966785	30.632793938717416	6.815912998675722
284.4333333300274	30.69582437892053	7.1081025084665965
290.9999999966203	30.884915699529902	6.827642198553706
297.733333330074	31.074007020139266	6.830949206925705
304.599999996597	31.20006790054551	7.122167758025911
311.6333333299808	31.389159221154888	6.83888479131055
318.833333329876	31.57825054176425	7.413743957070353
326.199999996632	31.704311422170488	7.419867108706553
333.733333330074	31.830372302576723	7.14093882768806
341.4333333300274	32.01946362318609	7.431040599607572
349.3333333299343	32.14552450359234	7.439645884679878
357.3999999965272	32.33461582420171	7.4469054102202135
365.6666666632482	32.52370714481108	7.737665611749457
374.1249999967367	32.64976802521732	8.032660698471917
382.7583333299226	32.83885934582669	8.037377968783156
391.5916666634112	33.02795066643607	8.332416081431644
400.6249999966785	33.21704198704542	8.340077081342534
409.8916666633413	33.406133307654784	8.34957942460886
419.3583333297829	33.595224628264155	8.93603633596567
429.0583333297946	33.78431594887353	9.233279460031442
438.9583333299343	33.9734072694829	9.82286138505693
449.0916666632948	34.162498590092255	10.122017746253954
459.458333329876	34.35158991070162	10.423286440598229
470.0583333300274	34.60371167151412	11.012204157174738
480.9249999964923	34.85583343232659	11.314868796788524
492.0249999965272	35.17098563334221	11.905719767884928
503.3916666632249	35.423107394154705	12.208212050169813
515.0249999965854	35.6752291549672	12.803496208867713
526.924999996434	35.99038135598281	12.813518506130794
539.0916666632947	36.242503116795284	13.12420562798642
551.5249999966436	36.55765531781089	12.84445472968604
564.2583333299226	36.80977707862339	12.861806274336946
577.2916666631318	37.12492927963901	12.875914134437611
590.6249999966203	37.3770510404515	12.897900970555428
604.258333330039	37.692203241467105	13.20818532337497
618.2249999964806	37.9443250022796	12.933145075046113
632.4916666633762	38.19644676309209	13.247425712976609
647.0916666632947	38.44856852390456	12.677251049722118
662.0249999965854	38.76372072492017	12.69239964331661
677.2916666632482	39.07887292593578	12.231522634847373
692.9249999967251	39.33099468674828	11.683567349855396
708.9249999964923	39.64614688776389	11.431231395460141
725.2916666632482	39.835238208373255	11.149529319945295
742.0249999966436	40.08735996918575	10.296509724405885
762.0863888854474	40.339481729998234	9.288826464358525
779.6863888855405	40.465542610404476	8.741167964197606
797.6863888855405	40.654633931013855	7.885660925476136
816.0863888854474	40.84372525162321	7.8997755900771525
834.9197222188777	40.969786132029455	7.347243940284765
854.1863888854823	41.095847012435705	6.610349557245626
873.8863888854357	41.22190789284195	6.623100619119983
894.05305555218	41.34796877324822	6.336837626427052
914.6863888855405	41.53706009385757	5.737994698301763
935.8116666632668	41.663120974263826	6.0548127648406185
957.4116666633017	41.726151414466926	5.766393808042873
979.5116666633949	41.852212294873176	5.778090137598978
1002.111666663197	41.97827317527943	6.714963720693228
1025.244999996499	42.04130361548254	6.433852280630706
1048.911666663302	42.23039493609191	5.822847086685881
1073.111666663255	42.29342537629503	6.146427452515392
1097.862499996434	42.41948625670127	6.782638529155559
1123.195833329923	42.73463845771689	6.777040978153341
1149.129166663097	42.86069933812312	6.785781615977606
1175.629166663388	42.86069933812312	6.510847744008995
1202.762499996632	42.98676021852937	6.833964525638382
1230.529166663178	43.238881979341876	6.835146808939738
1258.929166663376	43.364942859748105	5.8058991367232196
1287.979166663248	43.42797329995122	6.028758462513149
1317.712499996585	43.55403418035749	6.454400386910709
1348.112499996492	43.68009506076373	6.398308474477897
1379.212499996585	43.80615594116997	4.447101329431485