0.01000000000021828	0.14082147054191832	0.11258795843177008
0.02000000000043656	0.28100719799500984	0.2919027583282438
0.03000000000065484	0.42062856119543196	0.4256629697327946
0.04000000000087312	0.5596812896313053	0.5607836375294635
0.05000000000109139	0.6982177399464833	0.6958421356426302
0.06000000000130967	0.8362572168210509	0.8302967224925349
0.07000000000152795	0.9737846830440336	0.9638623889418196
0.08000000000174623	1.1107834880333374	1.0970235669047153
0.09000000000196451	1.247375755119235	1.2292316567976624
0.1009816608893743	1.396720817970542	1.373920093331299
0.1133032870638999	1.5637313902498595	1.5349628399679665
0.1271283790192683	1.750157622124892	1.7141708023754856
0.1426403873247182	1.9584319847752736	1.9132230936575783
0.1600451469075779	2.1906912408792207	2.1342498063129884
0.1795736083513475	2.449858310118385	2.3792140658773393
0.2014849024762953	2.7385219544090424	2.65049276626693
0.2260697788424295	3.060152357792433	2.950331171868399
0.2536544638205669	3.4178552318080304	3.2812740027966525
0.2846049894233147	3.8156866500683093	3.6458115876285344
0.3193320503196446	4.257325680289129	4.046498975074125
0.3582964535089559	4.747416637241206	4.485976812067887
0.4020152329485427	5.290246525080394	4.966537640911427
0.4510685102795833	5.8909874174873345	5.4907887106454645
0.5061071926884324	6.554526518846084	6.060326638268779
0.5678616100522049	7.286403366517428	6.677411175484022
0.6371512059686211	8.092025286078334	7.342299702207165
0.7148954112781212	8.976990838030886	8.056408664115217
0.8021258443495753	9.94703320267645	8.817762719015509
0.900000000032378	11.007295773151725	9.626200414407162
1.009816608908295	12.163474146442862	10.476370156468866
1.13303287065537	13.419479038663114	11.365511066007857
1.271283790205416	14.780369788568946	12.283606583505968
1.426403873265372	16.247750193792765	13.22398899099774
1.60045146909215	17.82514361457705	14.17085952023037
1.795736083535303	19.51051547480972	15.112191578067439
2.014849024782961	21.304619134126728	16.026107648642267
2.260697788438847	23.200382005428725	16.894064189174088
2.536544638227497	25.19428689384648	17.68962052824717
2.846049894251337	27.273172711514153	18.387750592477907
3.193320503214636	29.42775932750131	18.9617739484139
3.582964535107749	31.638742380692225	19.382705408788222
4.020152329499979	33.89016783466713	19.630894261104086
4.510685102803109	36.158207325092356	19.679453172011364
5.061071926889781	38.42071701887361	19.52417797246382
5.67861610052023	40.65290185341835	19.149337309571866
6.371512059680754	42.82899822713491	18.571778111828074
7.148954112768479	44.92809182441339	17.795718643968435
8.02125844348484	46.92539378640866	16.85753206837134
9.000000000314685	48.808366166566074	15.784658985516732
10.09816608907022	50.558541854254294	14.623083789650536
11.33032870654279	52.173971066100826	13.417371898001921
12.71283790204871	53.64644981709558	12.20877247105529
14.26403873264826	54.98352439853679	11.044981768543376
16.00451469090876	56.18797163861786	9.950997182626828
17.95736083534575	57.273090187646105	8.962720722917503
20.14849024781688	58.249918297188515	8.085635935463717
22.60697788437392	59.13301283742242	7.3356883703672215
25.36544638226405	59.937075573018596	6.703724690656598
28.46049894250791	60.67455118327836	6.187136888264213
31.93320503213545	61.359531793136604	5.770533448640919
35.82964535106476	62.000913687155574	5.440481681277043
40.20152329498887	62.60968736460331	5.182329255225141
45.10685102802745	63.19137082440692	4.980212762028386
50.61071926889599	63.75329426471875	4.823540761241823
56.78616100519685	64.29853164589187	4.699300244446571
63.71512059679299	64.83140962789305	4.601192222766724
71.48954112767751	65.35354487526581	4.520667351687573
80.21258443483384	65.86728749435623	4.454510042980986
90.00000000313776	66.37350447977613	4.397959018697727
100.9816608906967	66.87343947774278	4.349368793482561