0.00665478531482222	0.4936137489479888	0.807929332014016
0.02665478531525878	1.6146936353582324	6.6826221709939695
0.04665478531569534	6.682038209231511	10.115304511969061
0.05665478531591361	9.90983829747551	8.49055986285694
0.07665478531453118	12.172102381614394	9.11509008069819
0.09665478531496774	14.085715382627043	10.533833808632023
0.106654785315186	15.770774107599523	10.026499585133072
0.1266547853156226	17.303992376036025	11.691825453703904
0.1466547853142401	18.6959514044199	10.575037000808743
0.1566547853144584	19.967284564893642	11.245023989416582
0.176654785314895	21.10476533685305	11.358586362619059
0.1966547853135126	22.17241008002246	12.481281549573868
0.2066547853155498	23.14641105731423	11.232513501887082
0.2266547853159864	24.04898882334345	10.911970202418235
0.246654785312785	24.872207465747607	11.315405922589191
0.2566547853148222	25.646223451504163	11.462364289566626
0.2766547853152588	26.34564186105317	10.722551925762383
0.2966547853156953	26.956707112966306	10.379863282340478
0.3066547853140946	27.55348772262685	10.12691028346046
0.3266547853145312	28.05503738393735	10.321059318212933
0.3466547853149677	28.551296437006176	9.255092232762399
0.356654785313367	29.01263747567996	9.906046516042329
0.3766547853156226	29.439589560782867	9.422170346725247
0.3966547853160591	29.8358561180841	8.58703928889229
0.4066547853126394	30.23900046609949	8.974527641948278
0.4266547854622331	30.552204474006455	8.863733620390091
0.9266547854622331	36.311560605890406	5.947538691540288
1.426654785462233	38.51721518184338	4.768696520339794
1.926654785462233	39.87266901335968	4.260579327325531
2.426654785462233	40.77365959691642	4.113845135125993
2.926654785462233	41.49529856108047	3.880779676828679
3.426654785462233	42.15450834799277	3.86172101455461
3.926654785462233	42.62748872479824	3.8913149513512573
4.426654785462233	43.10840501396619	3.81254588558436
4.926654785462233	43.52424682176158	3.8602479987936578
5.426654785462233	43.886124425491914	4.01200109519605
5.926654785462233	44.23583363026643	3.8794906187551397
6.426654785462233	44.55591542888759	3.9340798625935673
6.926654785462233	44.90192120789293	3.8268226851295903
7.426654785462233	45.16486443750403	4.005725748247262
7.926654785462233	45.35215196925919	4.056404041119163
8.426654785462233	45.61985674628781	4.08631391127291
8.926654785462233	45.8182545553505	4.072050384283184
9.426654785462233	46.05157037880821	4.106695167876974
9.926654785462233	46.289647749683425	4.242396563300384
10.42665478546223	46.501272079350336	4.3390222089893875
10.92665478546223	46.702315192533874	4.639484904702945
11.42665478546223	46.89806769747572	4.728604123637193
11.92665478546223	47.12609291269176	4.851135867878499
12.42665478546223	47.25835811873357	4.9368807995436725
12.92665478546223	47.47633117829042	5.150589652080451
13.42665478546223	47.61124168845311	4.989994288525875
13.92665478546223	47.83133099130663	5.003502856322112
14.42665478546223	48.10379731575272	5.022659288174823
14.92665478546223	48.26039931970623	5.055451921529828
15.42665478546223	48.42546629684639	5.010794702402214
15.92665478546223	48.58312642244821	5.078088198260102
16.42665478546223	48.765123345961705	5.218336907795
16.92665478546223	49.013252872496096	5.207545259315646
17.42665478546223	49.04288027864946	5.339885526373626
17.92665478546223	49.17726172798796	5.382555643948315
18.42665478546223	49.31005599485389	5.333840321839368
18.92665478546223	49.42962374111567	5.114716529971068
19.42665478546223	49.54919148737746	5.163249511909187
19.92665478546223	49.66664299034261	5.18248233939826
20.43665478535513	49.82218687264775	5.2192861176964795
20.93665478535513	49.948632409623684	5.240156595459212
21.43665478535513	50.07401982495131	5.209622384378338
21.93665478535513	50.206814091817265	5.024689801054683
22.93665478535513	50.427432455494966	5.300779152140011
23.93665478535513	50.68243977274354	5.391956322592567
24.93665478535513	50.86655293955374	5.582216977012411
25.93665478535513	51.08505505993481	5.6639369343383965
26.93665478535513	51.29244690300833	5.670682211765315
27.93665478535513	51.49190283371938	5.718034187252103
28.93665478535513	51.68183566959539	5.742684607548441
29.93665478535513	51.86647789722972	5.820909331732898
30.93665478535513	52.06223040217157	5.822705109874424
31.93665478535513	52.39395153892439	5.794596338981478
32.93665478535513	52.47754314914281	5.727630192526434
33.93665478535513	52.638906700513814	5.806348807652977
34.93665478535513	52.808206164247295	5.847623431428076
35.93665478535513	52.97803468880497	5.789262923811808
36.93665478535513	53.14521790924186	5.825383117344956
37.93665478535513	53.29917460907444	5.9589995376726606
38.93665478535513	53.456834734676264	5.978305935672706
39.93665478535513	53.61449486027811	5.981949827718057
40.93665478535513	53.73935321478153	6.019172907328606
41.93665478535513	53.886961184724164	5.817656181848532
42.93665478535513	53.932460415602556	6.034391263817565
44.32665478531089	54.14620098856617	6.140441416261872
45.82665478531089	54.346715040925446	6.338201982821752
47.32665478531089	54.50490422735147	6.4274677421932775
48.82665478531089	54.69007551581001	6.997614171046774
50.32665478531089	54.921275095971026	6.482376202086302
51.82665478531089	55.09374892464955	6.45280888531381
53.32665478531089	55.28526894299809	6.449107326763682
54.82665478531089	55.48102144793993	6.532829337805411
56.32665478531089	55.66407649310173	6.731203996069688
57.82665478531089	55.8524221465053	6.79882698209504
59.32665478531089	56.08997045655633	7.104281284846356
60.82665478531089	56.260328041938145	7.21352730640361
62.32665478531089	56.45290618193506	7.2633257914098355
63.82665478531089	56.872980476323775	7.39369626761814
65.3266547853109	56.75499991253448	7.385966193440016
67.3266547853109	56.92324125461965	7.507364736844125
69.1566547853854	57.05339021736479	7.442570554242203
71.1566547853854	57.26924703362503	7.2634795687913085
73.1566547853854	57.44701147054517	7.245239955946757
75.1566547853854	57.66551359092619	7.308867977020953
77.1566547853854	57.97871759883318	7.202008683897433
79.1566547853854	58.20092314498339	7.400203343693506
81.1566547853854	58.34482768915686	7.2910167061466336
83.1566547853854	58.55645201882376	6.7633020456878965
85.1566547853854	58.731042090798915	7.379817338930763
87.1566547853854	58.915684318433264	7.460555319100546
89.6566547853854	59.073873504859264	7.542255121694178
91.97665478539238	59.160639480022695	7.5449727813426914
94.47665478539238	59.33152612622863	7.6245730869582475
96.97665478539238	59.52569144869805	7.64617995476577
99.47665478539238	59.744722629903244	7.546683761134958
101.9766547853924	59.906086181274205	7.507422074616197
104.4766547853924	60.17643626242373	6.930469799343736
106.9766547853924	60.30817240764127	7.173571461960936
109.4766547853924	60.449960708518056	7.444472757328838
112.4766547853924	60.67322437631661	6.614747053355626