0.006999999999948159	25736.517134265985	11488.14916798521
0.01399999999989632	34888.13360944308	14918.2786922112
0.02099999999984448	41343.56677964378	16946.54551459157
0.02799999999979264	46427.798154741984	18530.66264666212
0.03499999999974079	50710.877919218896	19653.86479799323
0.04199999999968895	54362.28045224414	20441.35059396751
0.04899999999963711	57566.88689473032	21150.484002411213
0.05599999999958527	60432.54457887672	21597.15738346627
0.06299999999953343	62990.06702816869	21969.26702446558
0.07068716262051566	65547.58947746061	22551.578268770547
0.07931230094243347	68182.14573546597	22819.575890727567
0.08898986531050923	70801.2952317289	22886.868687953975
0.0998482711241877	73451.25825147721	23192.880911030294
0.1120316028315074	76140.76213278367	23390.395737739746
0.1257015258420324	78836.08810577111	23557.28448099178
0.1410394317287	81563.88788566196	23628.415157452368
0.1582488451838344	84275.45076210111	23699.635027996053
0.1775581246682805	87019.48744544371	23841.468709741173
0.1992234925891125	89763.52412878633	23701.24696816901
0.2235324352154748	92475.08700522549	23702.220479302145
0.2508075174467876	95219.1236885683	23703.287075861877
0.2814106630529523	97930.68656500732	23492.85385212418
0.3157479571827935	100626.01253799477	23494.20875160656
0.3542750348672143	103337.57541443397	23566.273325855695
0.3975031270194904	106049.13829087316	23497.405771802096
0.4460058441586625	108744.46426386057	23358.170518490722
0.5004267878725841	111423.5533333964	23148.559978227087
0.5614880910201236	114070.16859602882	23292.127229944388
0.6299999999953343	116781.73147246777	23365.32442378352
0.706871626205043	119444.5836385519	23438.984593593137
0.7931230094244484	122172.38341844278	23724.756760919227
0.8898986531057744	124900.18319833351	23940.485345601366
0.9984827112431276	127676.69368857972	24297.979900300048
1.120316028316211	130485.67798572937	24869.48553126983
1.25701525842112	133392.3873816725	25566.931322185417
1.410394317287683	136360.3318802047	26285.607946307468
1.582488451839367	139430.6192924791	27184.44993708111
1.775581246683373	142603.2496184961	28084.78697308811
1.992234925891353	145878.22285825573	29135.542736109168
2.235324352154976	149289.65331633875	30188.266087816224
2.508075174468445	152803.426688164	31317.928117575335
2.814106630530205	156470.7144306033	32524.653404376066
3.15747957182839	160257.40223907528	33585.82080222127
3.542750348673053	164163.49011358005	34725.15992708161
3.9750312701957	168206.03520640833	35794.00447239549
4.460058441586966	172350.92321297893	36942.496979702075
5.004267878725841	176649.32559016356	37946.61184526696
5.614880910200895	181015.95657650958	38957.47931377226
6.299999999953229	185536.10193346947	39974.4399704015
7.068716262049861	190124.47589959105	40758.75955795157
7.93123009424437	194811.49957221095	41696.26731703482
8.89898653105729	199599.71115871856	42523.62358853298
9.984827112430935	204459.38858980028	43072.71504202014
11.20316028316211	209354.79894316974	43792.003117321954
12.57015258421075	214357.4080634011	44523.31644282938
14.10394317287592	219395.75010592007	45032.409115395196
15.82488451839299	224487.69153186984	45716.71241773952
17.75581246683441	229651.09880239418	46179.01489629421
19.92234925891307	234814.5060729191	46421.81081563653
22.35324352154953	239995.77980458707	46846.099546355144
25.08075174468434	245212.78645854286	47212.895474724806
28.14106630530193	250429.79311249856	47607.89596202589
31.5747957182839	255682.53268874175	48005.94516532444
35.0747957182839	260454.45829384442	48208.60333811317
38.5747957182839	264803.12079340214	48299.359505372864
42.0747957182839	268741.1799668212	48570.8527369172
45.5747957182839	272343.2909643086	48653.653045618725
49.0747957182839	275702.77272362314	48852.297934382506
52.5747957182839	278800.96145721315	48933.636506672985
56.0747957182839	281712.51231528603	49101.66924939803
59.5747957182839	284400.097722738	49190.950865141785
63.0747957182839	286975.7004048789	49099.83082469761
66.5747957182839	289364.6652115032	49248.91250436838
70.0747957182839	291622.98350526474	49316.916771192744
73.5747957182839	293750.65528616385	49201.495301972485
77.0747957182839	295785.0081293047	49401.670648635685
80.5747957182839	297744.70582223847	49306.322367433444
84.0747957182839	299573.7570023094	49469.061693469375
87.5747957182839	301365.48060727713	49560.062362897384
91.0747957182839	303026.557699383	49547.57992226345
94.5747957182839	304650.3072163853	49701.03297683553
98.07479571828401	306218.06537073205	49266.71756277328
100.0	307039.27202300855	49314.70043159125