0.008333333185873926	0.4226398755960022	1.845063338564326
0.01666666637174785	2.393159733529847	3.8407681788334864
0.02499999990686774	4.187065482866147	5.120319433697252
0.03333333326736465	5.802043401658019	6.203436998777589
0.04166666662786156	7.288224132084152	7.188058600909622
0.04999999981373549	8.677228540749047	8.067175584220221
0.05833333334885538	9.979082756088545	8.835490115532327
0.0666666665347293	11.20381290653822	9.546171750492418
0.07499999972060323	12.366843805076076	10.196499160761023
0.08333333325572312	13.471260414297765	10.80908827858584
0.09166666661622003	14.529402584585462	11.387414897865913
0.09999999997671694	15.544355278535003	11.92376475126796
0.1083333331625909	16.51611849614621	12.4242725435438
0.1166666665230878	17.45394712520592	12.892292168882886
0.1249999998835847	18.358612406363047	13.336672342580556
0.1333333330694586	19.23319930221313	13.755870271243326
0.1416666666045785	20.077707812756113	14.161157102081713
0.1499999999650754	20.897536622534552	14.530591517590246
0.1583333333255723	21.69422821284596	14.88632320852987
0.1666666665114462	22.465468861743755	15.223099785135295
0.1749999998719432	23.215114772472372	15.529687011856174
0.1833333332324401	23.945479666978603	15.833783897854484
0.191666666418314	24.655021063964565	16.105607531810556
0.1999999999534339	25.346823926025877	16.36957780353733
0.2083333333139308	26.02165949381145	16.613008975071804
0.2166666666744277	26.675671564076808	16.858799021079566
0.2249999998603016	27.315801302661864	17.072121508992023
0.2333333332207985	27.940506228269143	17.271633129785954
0.2416666665812954	28.552100062845025	17.505263639422534
0.2499999997671694	29.146726603145325	17.70275539958853
0.2583333333022893	29.72824205241423	17.885337930476418
0.2666666666627862	30.301273854545297	18.059789705114834
0.2749999996740371	30.861194565645096	18.19701698357199
0.283333333209157	31.40877542636262	18.35900925767606
0.2916666665696539	31.9432451960486	18.49440869825796
0.2999999999301508	32.4661463560014	18.60214005190202
0.3083333331160247	32.97439394362504	18.70384195325895
0.3166666666511446	33.47724284670643	18.792160529829918
0.3250000000116415	33.966209418107546	18.879971701034222
0.3333333330228925	34.445149861073126	18.95059301021605
0.3416666665580124	34.914064175603016	19.041331346546016
0.3499999999185093	35.373723602346054	19.09419066716445
0.3583333332790062	35.824128141302396	19.15692630748258
0.3666666664648801	36.26604903312073	19.211623027860284
0.3833333331858739	37.12135491274847	19.306128857865946
0.3999999999068677	37.94581116642023	19.387294260558853
0.4166666666278616	38.73864655348711	19.41986380284819
0.4333333333488554	39.50140355524702	19.469187081831187
0.4499999997206032	40.238709615593336	19.479958146183712
0.46666666661622	40.944394809334774	19.4918332519986
0.4833333331625909	41.63002774620492	19.487265462116877
0.4999999998835847	42.289438501012555	19.4553554242568
0.5166666666045785	42.92802575829992	19.451224797712364
0.5333333333255723	43.545018277418166	19.401327787855585
0.5499999998719431	44.14272978031397	19.346768243076763
0.566666666418314	44.7188465450406	19.298677525999704
0.5833333333139308	45.278767256140384	19.227139116327997
0.5999999998603016	45.81863571036883	19.159884116331163
0.6166666665812954	46.34230811097047	19.074745151397757
0.6333333333022892	46.8505556985941	18.993880545924366
0.6499999996740371	47.341835991942	18.90709846322089
0.6666666665696539	47.82000519425861	18.819269900458977
0.6833333331160247	48.282749583597266	18.731145574334104
0.7000000000116415	48.73161164125581	18.62067697500115
0.7166666665580124	49.16967632982975	18.497430097356794
0.7333333332790062	49.59617240867019	18.383734048161408
0.7583333331858739	50.210851205841735	18.197088487085285
0.7833333332673647	50.79853658030187	17.981536333234764
0.8083333333488554	51.35999977269945	17.747501939618605
0.8333333332557231	51.89909698627892	17.500930280392673
0.8583333331625909	52.411972017796046	17.27520416302674
0.8833333330694586	52.902481070495035	17.038435524834846
0.9083333333255723	53.373709106971624	16.806785754385842
0.93333333323244	53.82565612722564	16.584163743229375
0.9583333333139308	54.26217833450184	16.380443791512107
0.9833333332207985	54.67941952555549	16.190615857735338
1.008333333302289	55.08123590363134	16.00786763320461
1.033333333209157	55.47071243132469	15.830028205850075
1.058333333116025	55.8463066273379	15.661833581036449
1.083333333022893	56.20801849167097	15.48724475060974
1.108333333279006	56.55970422756837	15.332155114096535
1.141666666371748	57.01165124782246	15.124552340412642
1.174999999813736	57.44277477055633	14.928704727917824
1.208333333255723	57.85615975836554	14.748498824547646
1.241666666523088	58.25411993319672	14.560603114353635
1.274999999965075	58.63511281375233	14.388392358334416
1.30833333323244	59.00376584392548	14.231675828188411
1.341666666674428	59.35930778306734	14.076413471766028
1.374999999767169	59.700967390529044	13.928633511236903
1.408333333209157	60.033372110204105	13.791657523648563
1.441666666651145	60.3526657388477	13.664853290665501
1.474999999918509	60.663475720353546	13.523311281280098
1.516666666371748	61.03598495377114	13.358274328854641
1.558333333348855	61.3961543368064	13.20344691560092
1.599999999976717	61.742441388161566	13.074006699127349
1.641666666604579	62.07407486718759	12.934849669758481
1.68333333323244	62.39413973648015	12.819434911069886
1.724999999860302	62.70417847733701	12.695141764774364
1.766666666662786	63.00573357105606	12.579987125082813
1.808333333116025	63.295720055041635	12.477702274700688
1.858333333279006	63.633523459258925	12.355865694431555
1.908333333267365	63.96130073504045	12.248567499994763
1.958333333255723	64.27365319784407	12.119008664296535
2.008333333069459	64.57829325415867	12.022816958048518
2.05833333323244	64.87059346009093	11.915618673249472
2.108333333220799	65.15441001888533	11.811484554510898
2.158333333209157	65.42897168989295	11.705376708027863
2.208333333022893	65.692735991816	11.6184300379482
2.266666666371748	65.99429108553505	11.504079939572334
2.324999999720603	66.28427756952057	11.399590298065249
2.383333333069459	66.56423792507049	11.298684484886262
2.441666666418314	66.83571463348254	11.218078662319568
2.499999999767169	67.09947893540554	11.131357039696345
2.558333333116025	67.35244586824406	11.04190188443565
2.625	67.63240622379396	10.941162468636538
2.691666666534729	67.90388293220597	10.863304531562065
2.758333333069459	68.16764723412899	10.782939385195471
2.824999999953434	68.42369912956308	10.706296331842324
2.891666666662786	68.67126737785925	10.642813688211229
2.966666666558012	68.93888788302678	10.575036509591113
3.041666666627862	69.20188094430094	10.505610535534906
3.116666666523088	69.45561911778834	10.438169713006646
3.191666666418314	69.7024161254356	10.375893130334136
3.266666666662786	69.94150072659393	10.318890995107596
3.349999999918509	70.1990951033258	10.263973022788647
3.433333333348855	70.44820583291977	10.19057905689065
3.516666666604579	70.69037539667367	10.134103591717157
3.599999999860302	70.92637503523642	10.075221748744935
3.683333333116025	71.15543350795907	10.010353682646775
3.774999999906868	71.39914555301075	9.935877955444258
3.866666666523088	71.63437395092456	9.890877065921783
3.958333333313931	71.86497490494502	9.84591372531352
4.049999999930151	72.08863469312537	9.805169612432273
4.149999999906868	72.32309185039033	9.755024835507408
4.249999999883585	72.54906536051735	9.710808034485783
4.349999999860302	72.7742676299955	9.676212136144349
4.458333333022893	73.01103850920714	9.626514271254992
4.566666666534729	73.24241070387646	9.579705057192955
4.674999999871943	73.46529925140796	9.546753843365558
4.783333333209157	73.68201787374825	9.529805837378683
4.899999999906868	73.90953386517306	9.482396442632808
5.016666666604579	74.12933745010893	9.444001612717242
5.133333333302289	74.34297110985362	9.406841662223828
5.258333333185874	74.56585965738505	9.389500835254234
5.383333333069459	74.78412076102312	9.380002710723003
5.508333333302289	74.99544069882114	9.363921577012851
5.641666666371748	75.21601552440592	9.343080543275518
5.774999999965075	75.43196290609731	9.332975224410303
5.908333333209157	75.64482532519307	9.320319737313463
6.049999999813736	75.86617139142675	9.289753412497646
6.191666666418314	76.0805762918203	9.292513036346051
6.341666666558012	76.2988373954584	9.271060898944452
6.491666666523088	76.51324229585201	9.255776175499927
6.641666666662786	76.72147727105437	9.233446573481055
6.799999999813736	76.93279720885238	9.189838962810414
6.958333333313931	77.14488838729935	9.170489866216741
7.125	77.35775080639505	9.153306453357656
7.291666666511446	77.56752826289531	9.128739890106935
7.466666666558012	77.78270440393781	9.117116025634033
7.641666666604579	77.98862565719351	9.123641537218436
7.825000000011642	78.20303055758703	9.109600119862963
8.008333333069459	78.40972305149174	9.11555985568294
8.200000000011642	78.62027174864072	9.104500976199338
8.391666666604578	78.82773548319425	9.091680732608681
8.591666666558012	79.0398266616412	9.101438283916726
8.791666666511446	79.24806163684353	9.086412169069055
9.0	79.45938157464155	9.08843041718551
9.20833333331393	79.66376034659946	9.080404012754135
9.424999999813735	79.87122408115297	9.087120097250608
9.649999999674037	80.08254401895094	9.074751597997922
9.874999999883585	80.28692279090885	9.055353777039658
10.10833333327901	80.49515776611138	9.039717985683179
10.34166666667443	80.69568033482469	9.012440231435953
10.58333333325572	80.90391531002712	9.00655677850856
10.83333333302289	81.11060780393171	8.993810405334814
11.08333333331393	81.31190161329404	8.984553894414017
11.34166666661622	81.51550914460312	8.978586664309326
11.60833333327901	81.71603171331647	8.967618123409679
11.88333333330229	81.92272420722111	8.943643864892058
12.15833333332557	82.12401801658342	8.922831080201926
12.44166666653473	82.32531182594575	8.912020059045688
12.73333333327901	82.52969059790364	8.893667217629819
13.03333333320916	82.73098440726608	8.918732515707513
13.34166666667443	82.93536317922391	8.915101046455833
13.64999999996508	83.13202954469283	8.907199122302341
13.96666666661622	83.33100963210843	8.898076715383388
14.29166666662786	83.52921847887522	8.87737227709062
14.625	83.7328260101843	8.87192953613612
14.96666666655801	83.93489106019541	8.867920268499201
15.31666666665115	84.1354136289088	8.854882551876706
15.67499999993015	84.33439371632451	8.853844547178007
16.04166666656965	84.53260256309119	8.830085170272158
16.41666666656965	84.73004016920899	8.800752015835224
16.79999999993015	84.92979149727361	8.782228006444383
17.19166666665115	85.12414414079592	8.786237917993349
17.59166666655801	85.32235298756251	8.787178034885825
18.0	85.51362066848931	8.778664487709976
18.41666666662786	85.70797331201145	8.777153089008689
18.84166666661622	85.90232595553366	8.767525209308147
19.28333333332557	86.10284852424708	8.789758464797249
19.7333333332208	86.3002861303649	8.753188782067344
20.19166666665115	86.49386753323824	8.74769922221618
20.65833333326737	86.6874489361117	8.732283769953224
21.14166666660458	86.88411530158054	8.724266602252179
21.63333333330229	87.08155290769842	8.68824717994038
22.13333333318587	87.26896438538057	8.656903535614646
22.64999999996508	87.45868958500948	8.656153315663277
23.17499999993015	87.64841478463826	8.636157878323953
23.71666666661622	87.84199618751157	8.602833440080884
24.26666666666279	88.03095014649153	8.560786887898168
24.83333333325572	88.21990410547158	8.58380216389322
25.40833333320916	88.41117178639823	8.584680504502321
25.99999999988359	88.60012574537815	8.57801437215109
26.59999999991851	88.78522350111365	8.53840906499975
27.21666666667443	88.97109249749809	8.525945683236545
27.84999999997672	89.16313141907348	8.52202004493816
28.5	89.35131413740469	8.489724063091371
29.15833333320916	89.53718313378897	8.48045882863415
29.83333333331393	89.7184246862799	8.453637133003976
30.52499999996508	89.9027512013666	8.44588389749665
31.23333333316259	90.08784895710195	8.425305001206985
31.95833333325572	90.27063299089073	8.405359559607302
32.6999999997206	90.45495950597733	8.381059413855164
33.45833333325572	90.63311609587268	8.393676493894775
34.23333333316259	90.81512888901257	8.367607838767823
35.02499999996508	90.99945540409928	8.330537019303945
35.83333333331393	91.17915447529245	8.308485083163152
36.66666666656965	91.3588535464855	8.282885861227546
37.51666666637175	91.54086633962544	8.264206263178586
38.38333333306946	91.7167092075741	8.228502138242916
39.27499999967404	91.89178083487387	8.196895156162034
40.18333333334886	92.06685246217369	8.201320866289185
41.1166666665813	92.24346657077136	8.19285898185187
42.06666666653473	92.4146819948266	8.170947966667107
43.04166666656965	92.58666865953083	8.174836211487811
44.04166666651145	92.76251152747956	8.216238226251098
45.05833333334886	92.940668117375	8.2070646721505
46.09999999991851	93.11496850402588	8.20675049891769
47.16666666656965	93.28926889067671	8.219658019768444
48.25833333330229	93.46356927732765	8.252086345587033
49.37499999976717	93.64403958916967	8.270520495935818
50.51666666666279	93.81448377257614	8.260004074340065
51.68333333311603	93.98724167792923	8.271867082718359
52.88333333318587	94.15922834263338	8.308975263398873
54.10833333316259	94.33507121058216	8.337567215836186
55.3583333332208	94.51091407853077	8.333780412520785
56.64166666637175	94.68444322453283	8.362062134481082
57.94999999995343	94.85797237053478	8.3934396989029
59.29166666662786	95.03690020107908	8.418121492685403
60.66666666656965	95.21428555032557	8.420072209509676
62.06666666641831	95.3901284182743	8.409280505837756
63.49999999988359	95.56288632362741	8.4223151615509
64.96666666661622	95.73872919157607	8.43428373197162
66.46666666661622	95.91148709692915	8.387038594851218
67.99999999988358	96.08347376163343	8.400670175183073
69.57499999995343	96.25391794503982	8.337541391678306
71.18333333311602	96.42590460974414	8.342737079625634
72.8249999997206	96.59789127444824	8.314283272349153
74.50833333330229	96.76293677331238	8.282745417752041
76.23333333316259	96.93877964126109	8.273410690740661
77.99166666646488	97.09765521493398	8.274970838855806
79.79166666656965	97.26732815769154	8.263999888780356
81.63333333330229	97.43314489720454	8.261620108292773
83.51666666666279	97.59510543347305	8.267566820285994
85.45000000001164	97.76169341363503	8.247314240822492
87.42499999981374	97.92751015314805	8.303242841929743
89.44166666641831	98.09255565201222	8.275097632290581
91.50833333318587	98.2614573541208	8.291533847918105
93.62499999976717	98.42418913103819	8.260338612167638
95.79166666651145	98.58614966730669	8.267778798214168
98.00833333306946	98.7542801287665	8.274183561203797
100.2749999999651	98.91932562763056	8.283809760056737
102.5916666666744	99.07742996065463	8.27394459022305
104.9583333330229	99.24093297822107	8.293079491706296
107.3833333330695	99.39363862670271	8.333701994669912
109.8666666664649	99.55174295972677	8.426828624312972
112.4083333332092	99.71370349599542	8.432698723672178
115.0083333333023	99.87566403226384	8.462224368428359
117.6666666665697	100.03222588399015	8.55027890924006
120.3833333331859	100.19881386415194	8.614871733971967
123.1666666665115	100.36385936301629	8.730740677169276
126.0083333331859	100.53970223096498	8.658045400835254
128.9166666665697	100.70166276723347	8.738250324826653
131.8916666666628	100.86593702544864	8.951737017273013