0.1666666665114462	2.4978417728142683	7.375050070507971
0.3333333333721384	12.28979058538181	20.88980053833201
0.5000000000582077	22.355300369997565	11.737604287566263
0.75	20.40969383047697	0.9616871056568436
0.7833333332673647	20.013413917696795	8.111156491665549
0.8499999999767169	20.752284206686916	11.96414552040194
0.933333333407063	22.342517147004678	12.631641614912834
1.016666666662786	25.249422055591907	18.581001887737514
1.099999999918509	24.23954743915218	10.77440478490957
1.183333333348855	27.220595041098324	11.092395773337367
1.266666666604579	25.66104183596353	17.28831141256186
1.349999999860302	28.460567671410413	4.130227507759678
1.433333333116025	28.570503389149422	2.6592481933330725
1.849999999918509	25.909036362025955	12.816621186615349
2.016666666604579	28.85940422878914	26.715387711799412
2.183333333116025	31.623137039855862	28.946782933137577
2.349999999976717	35.08483382633533	26.272131316633885
2.516666666662786	35.0337009343637	28.619547267205622
2.683333333348855	36.887268268335355	23.54941311826778
2.849999999860302	39.06808611092549	36.46151624745922
3.349999999918509	45.74348515782201	41.23467833459597
3.849999999976717	51.414122877476004	45.14208804205967
4.349999999860302	57.33019847859388	47.86790716542786
4.849999999918509	62.41280794057408	48.434975560678176
5.349999999976717	67.58745660810324	50.252498947155736
5.849999999860302	71.85449644313591	52.488523315602286
6.349999999918509	76.15988594714729	48.83343716145733
6.849999999976717	80.27608375086372	49.51540601657785
7.349999999860302	83.0193634051418	50.20794901839284
7.849999999918509	86.43504058884676	55.17445221618455
8.349999999976717	89.65129949386242	57.1876442305574
8.849999999860302	93.94646241947954	60.1916707760069
9.34999999991851	96.4800972166739	59.898193770780914
9.849999999976717	99.98781360592791	54.15274646109231
10.3499999998603	102.35526650421437	53.90465769774662
10.84999999991851	105.12922589367545	50.99613877473435
11.34999999997672	106.96489671545699	48.3307116839984
11.8499999998603	108.67529195190806	42.50974631529872
12.34999999991851	110.72572091997058	41.2866124256326
12.84999999997672	112.67132745949112	42.064716367883086
13.3499999998603	113.13152348723581	39.676225578242814
13.84999999991851	115.09502653894646	33.968634843362686
14.34999999997672	116.7619588172217	31.695998546650074
14.8499999998603	117.4113465452615	36.21025227145771
15.34999999991851	118.06840420709695	29.07604499860451
15.84999999997672	119.29048032521892	29.360101060124325
16.3499999998603	119.88106522749135	27.110972790125373
16.84999999991851	121.16961410517648	29.05604509484573
17.34999999997672	121.47385481240761	31.698161513483488
17.8499999998603	122.4428231152701	31.35793693543455
18.34999999991851	123.19191998265448	37.04547597897519