0.007561000000350759	1.1890075725579954	0.987317073446494
0.01512200000070152	2.2490055869303394	2.0712140005778883
0.02268300000014278	3.2173376424183973	2.8080198957835623
0.03024400000140304	4.1108222572424955	3.4506399322728183
0.0378050000017538	4.940465642878344	4.007959170368176
0.04536600000210456	5.714364671679969	4.491486381419135
0.05292700000245532	6.438854586485485	4.911352235752631
0.06048800000371557	7.119089551573491	5.276095429680197
0.06804900000315683	7.759372413792878	5.592770812053784
0.07635223379929812	8.420831814927329	5.892200648284148
0.08566861535200587	9.116029195149874	6.176318704776718
0.09612176737846312	9.842896477745233	6.4395999669172435
0.1078503968583391	10.598702201877142	6.676442103923176
0.1210101355791267	11.380088222778042	6.88145316844745
0.1357756052775585	12.18308148282474	7.049715902374022
0.1523427347656252	13.003191576267144	7.177118395497191
0.170931359784845	13.835498660520818	7.260600540302065
0.1917881400986516	14.674807769679598	7.298464121111397
0.2151898325073489	15.515808121468785	7.290495235611201
0.2414469632522014	16.353255612333424	7.238128266405273
0.2709079485020993	17.18216986476463	7.144356372994487
0.3039637176370889	17.997996097505872	7.013658406179411
0.3410529006268916	18.796785319389485	6.8516900294161305
0.3826676483959091	19.575285059304914	6.664981455682313
0.4293601633653452	20.331049935358344	6.46050841447894
0.4817500268381991	21.062433581720494	6.24527831677276
0.5405324204721182	21.768603910809798	6.025944004288943
0.6064873509185418	22.449446099072137	5.808443521670162
0.6804900000324778	23.105494900713577	5.597793066157671
0.7635223380038951	23.737789966468533	5.397899772635755
0.8566861535136923	24.34776506188232	5.211572229855376
0.9612176737855407	24.937105822148695	5.040524750190186
1.078503968589757	25.507639973915445	4.885543277766976
1.210101355796724	26.06123330563862	4.746614537935164
1.357756052778314	26.59970964672437	4.623141331256378
1.523427347657162	27.12479641894848	4.5141044845632505
1.709313597859364	27.638081919952935	4.4182417228827235
1.917881400987426	28.141002063167882	4.3341769305570415
2.151898325070761	28.634827433355166	4.260526797984513
2.4144696325111	29.120674583107185	4.195975054968399
2.709079485029179	29.59951018901301	4.139313279611214
3.039637176373617	30.072171749466293	4.089468635149006
3.410529006273464	30.539378139886765	4.045503592083334
3.826676483971824	31.001750260197003	4.006616484864194
4.293601633658909	31.459821739125527	3.972123937133336
4.817500268387448	31.91405555925861	3.9414507688052045
5.405324204733915	32.36485246762752	3.9141099731756075
6.064873509197241	32.81256302372333	3.8896914779712404
6.804900000325688	33.25749345910593	3.8678459247381607
7.635223380044408	33.699914027794506	3.848275966439029
8.566861535127828	34.140062898679275	3.8307250093666103
9.612176737862683	34.57815194560992	3.814971434649499
10.78503968589394	35.014369334495356	3.800821328928849
12.10101355795177	35.44888365326545	3.788104973975029
13.57756052778041	35.88184569031357	3.776672195634548
15.23427347657162	36.31339147446949	3.7663902802371565
17.09313597859728	36.74364353399138	3.75714091011252
19.17881400987699	37.17271316778551	3.74881886737044
21.51898325070852	37.60070131957436	3.7413299244309135
24.14469632510918	38.02770025448522	3.73458998233566
27.09079485028906	38.45379410722755	3.7285235138182737
30.39637176373162	38.87906005916033	3.72306295527327
34.105290062731	39.30356859961957	3.718147513384324
38.2667648397055	39.727384284679616	3.7137227061727427
42.93601633658273	40.150565762346865	3.7097394579000875
48.17500268385629	40.57316621571306	3.706153738163936
54.0532420473337	40.995233229710955	3.7029258133678185
60.64873509195968	41.41680902568475	3.700020020256284
68.0490000032496	41.83793028193763	3.697404163887672
76.35223380044044	42.2586282786187	3.6950493142140775
85.668615351271	42.67892875815226	3.6929293719548766
96.1217673786241	43.09885208646134	3.691020880214687
107.8503968589357	43.518413202278076	3.6893026734734438
121.0101355795159	43.937621829054	3.687755756575923
135.7756052777995	44.356482506547415	3.686363005229795
152.3427347657089	44.77499480054962	3.685109052215368
170.9313597859555	45.19315330747783	3.6839784464367558
189.8432360485404	45.573974432382414	3.683000759895924