0.01666666672099382	10.164126047399206	26.14690528805915
0.03333333344198763	21.767696374114372	7.333258057666993
0.04999999981373549	22.509942316891188	2.171695630007046
0.06666666670935228	23.204368493046506	2.722932193793256
0.08333333325572312	23.865528744595586	3.170917070815006
0.09999999997671694	24.47471098894742	3.5548872730149634
0.1166666666977108	25.050627308692988	3.939126170412815
0.1333333334187046	25.60020810479197	4.291984836550615
0.1499999999650754	26.124146417340288	4.651684082571653
0.1666666665114462	26.633530887873395	5.009560075646892
0.183333333407063	27.12836151639125	5.331154821473792
0.1999999999534339	27.60240094203023	5.651773593565376
0.2166666666744277	28.06465868603782	5.934224237108095
0.2333333333954215	28.51790690879788	6.201192573789492
0.2500000001164153	28.95452216925484	6.465058249455562
0.2666666666627862	29.376583587696516	6.72018355188703
0.283333333209157	29.791021565082644	6.953513065730764
0.3000000001047738	30.198529141509127	7.213083960797582
0.3166666666511446	30.59148287592037	7.441563272663284
0.3333333333721384	30.980971409851804	7.61258866058279
0.3500000000931323	31.35867826215184	7.812368380994018
0.3666666664648801	31.72321735262859	7.894201371258883
0.3833333333604969	32.080133002049735	8.005712318163543
0.3999999999068677	32.428732170319336	8.07679844038282
0.4166666666278616	32.75238189513423	8.15661601635966
0.4333333333488554	33.07741770014106	8.192864042212157
0.4500000000698492	33.3872066230367	8.22786126750867
0.466666666790843	33.68798602468482	8.311816952268853
0.4833333331625909	33.9783698248935	8.35470851118745
0.5000000000582077	34.26320930433445	8.392964276801024
0.5166666666045785	34.539732302623854	8.41837235116127
0.5333333333255723	34.81140402024151	8.441264784924444
0.5500000000465661	35.074759256707594	8.437147901267265
0.56666666676756	35.32633281154231	8.423416308815632
0.5833333333139308	35.56958988522546	8.407358846432532
0.5999999998603016	35.809381758428785	8.392090177943821
0.6166666667559184	36.036005869808825	8.303339960096023
0.6333333333022892	36.25708566042113	8.271064941858452
0.6500000000232831	36.47262113026578	8.235982239235893
0.6666666667442769	36.68677051991843	8.147516677218304
0.6833333334652707	36.880128706692226	8.084138891670037
0.7000000000116415	37.07695209394584	7.959700441767517
0.7166666665580124	37.27169636091156	7.84403635195349
0.7333333334536292	37.45257982595799	7.804725537805407
0.7666666667209938	37.793555553171984	7.615077464804837
0.7999999998137355	38.09987927558784	7.400334703681081
0.8333333332557231	38.40828211829153	7.216713220920897
0.8666666666977108	38.686191196772874	6.989852556811947
0.8999999999650754	38.9564768341986	6.775977290580469
0.933333333407063	39.20111998807367	6.583982303751437
0.9666666666744277	39.422199778685986	6.431311317408627
1.000000000116415	39.624567486707285	6.165978794748453
1.033333333209157	39.8345586357842	5.992317391263646
1.066666666651145	40.0223725017903	5.875566204727765
1.100000000093132	40.207414207412505	5.72422330188094
1.133333333360497	40.37166471015586	5.66042876089672
1.166666666627862	40.529677852035505	5.5486542374200365
1.200000000069849	40.68699795381921	5.391574912351789
1.233333333162591	40.82768509329977	5.227541716492079
1.266666666604579	40.97183743326015	5.050980140711043
1.300000000046566	41.11391065293266	4.83771700946411
1.333333333313931	41.2324205093424	4.609577193820526
1.366666666755918	41.3474651652723	4.408297616361852
1.400000000023283	41.44726293909102	4.249587766029758
1.433333333465271	41.53735815156626	4.072724823213111
1.466666666558012	41.62329512346573	3.844776722084305
1.516666666720994	41.73833977939569	3.5271393404243905
1.566666666709352	41.86308699666907	3.375059958842898
1.616666666697711	41.96981517144746	3.182428449509807
1.666666666511446	42.06476166459443	3.0775077854853543
1.716666666674428	42.143075195438264	3.068323555947918
1.766666666662786	42.228319127241804	2.570580236275975
1.816666666651145	42.29554401655024	2.2683125600352523
1.86666666646488	42.376629707777944	2.238680153850707
1.916666666627862	42.46256667967744	2.1791315678939998
1.966666666790843	42.45979451929357	1.9673233905296397
2.016666666604579	42.484050922652294	1.9942838649775392
2.06666666676756	42.558206212920375	1.9958986015542086
2.116666666755918	42.57691829551137	2.145301418184668
2.166666666744277	42.632361503188456	2.0887425682150718
2.216666666558012	42.67047870846645	2.4553923280270267
2.283333333441988	42.760573920941695	2.8128897278972946
2.349999999976717	42.84997609332095	3.066481583705994
2.416666666511446	42.929675704356725	3.303764719624453
2.483333333395422	43.025315237599706	3.6257570533008714
2.550000000104774	43.12996429209015	3.7643023356115424
2.61666666646488	43.23114814610083	3.957237941152308
2.683333333348855	43.33510416049534	4.2282271984735145
2.750000000058208	43.442525375369684	4.421976005811641
2.81666666676756	43.550639630339965	4.581631048573563
2.883333333302289	43.6518234843506	4.720314661355077
2.950000000011642	43.762709899704774	4.877372029727966
3.033333333441988	43.90686223966514	5.413524966240541
3.116666666697711	44.04962849943359	5.5229618966709175
3.199999999953434	44.187543478530316	5.670889677604615
3.283333333209157	44.32961669820282	5.883226559032956
3.36666666646488	44.54030088737567	6.120108827439346
3.450000000069849	44.67405762589664	6.250261163361453
3.533333333325572	44.81127956489737	6.461861260059616
3.616666666755918	44.96166926572141	6.692335250691769
3.716666666558012	45.1474040114396	6.8631870327715365
3.816666666709352	45.31927795523852	6.906078064194997
3.916666666511446	45.51332918210831	7.205149065422574
4.016666666662786	45.700450008018414	7.419410436617015
4.11666666646488	45.875096112201206	7.586960366733274
4.216666666790843	46.061523898015324	7.892629255997566
4.31666666676756	46.25280296450126	8.202268731613024
4.416666666744277	46.43923075031541	8.407240087380421
4.533333333441988	46.65684534044793	8.701961868746373
4.649999999965075	46.873766890484454	9.053341129528832
4.766666666662786	47.112865723591796	9.340533712866986
4.883333333360497	47.34780631612341	9.698158698333028
5.000000000058208	47.57581650769538	9.938837598819765
5.116666666755918	47.81422230070677	10.314999697117974
5.25	48.08381489803653	10.708063731429467
5.383333333418705	48.349942294886475	11.00943972392317
5.516666666662786	48.63686089461532	11.373756191803182
5.649999999906868	48.89328573012181	11.85650694399432
5.783333333325572	49.18089736994661	12.197987671454541
5.933333333465271	49.49553757351397	12.696540574367678
6.083333333255723	49.81017777708135	13.207255902724285
6.233333333395422	50.13590662218416	13.690269187635664
6.383333333360497	50.483812750357785	14.108628672932689
6.533333333325572	50.807462475172684	14.866846504012312