0.03333333326736465	0.3802644985631657	0.47578328222149846
0.06666666670935228	0.7599528387951819	0.6614769133987268
0.09999999980209395	1.0324757294321285	1.1465170558994449
0.1333333332440816	1.4156210196510846	1.2470314225464787
0.1666666666860692	1.6362896604839536	1.2467688898477185
0.1999999999534339	1.8575344596479726	1.4231591040640035
0.3666666666395031	2.682017031532679	1.9730888799929809
0.5333333331509493	3.3417183207066694	2.891527678037867
0.7000000000116415	4.051545384691255	3.586769287157084
0.8666666666977108	4.652478524087302	5.216959552989026
1.366666666755918	7.390382913742155	9.901829649179422
1.866666666639503	9.82061875455953	12.198260009157776
2.366666666697711	11.99964956299274	14.442147458805332
2.866666666755918	14.073819555155493	17.08879973341699
3.366666666639503	16.133009430708192	18.205930222273768
3.866666666697711	17.86263674083948	18.075738778033376
4.366666666755918	19.369866935144422	17.93558319949077
4.866666666639503	20.742276079958792	16.6650633249466
5.366666666697711	21.952208575387058	18.58688624483661
5.866666666755918	22.774386513947135	19.482111123232908
6.866666666697711	25.27837062115252	21.73466081518994
7.866666666639503	27.0817461976718	26.223381220883784
8.866666666755918	28.87129397424333	26.61782489544559
9.86666666669771	31.89670137114518	25.334764289737176
10.8666666666395	33.4269778986964	25.5353117670358
11.86666666675592	34.663989835689	12.405186268056282
12.86666666669771	35.841081306241385	19.993429049271445
13.8666666666395	35.200969400326706	11.004589073072468
14.86666666675592	37.85705930695735	13.537120073027259
15.86666666669771	36.99397412688518	13.752043383350133
16.8666666666395	37.79310573219899	20.14257574306262
17.86666666675592	38.5870519125324	12.501675082916545
18.86666666669771	39.286508126556186	19.637627005457528
19.8666666666395	40.26828192284657	18.141846104157683
20.86666666675592	40.604182229910684	17.579986656804927
21.86666666669771	41.426360168470765	17.402268120334863
22.8666666666395	41.90802853331747	17.65764527867723
23.86666666675592	42.16326667401972	16.400284262378424
24.86666666669771	42.68757075537197	16.319730364463435
25.8666666666395	43.089153112187944	14.831104396541194
26.86666666675592	43.78054310957552	16.31037290950295
27.86666666669771	44.141218224879374	16.6363164866065
28.8666666666395	44.38090009064042	16.658781378419693
29.86666666675592	44.68395937282862	16.389065957260367
30.86666666669771	45.16908468766226	16.931707010018638
31.8666666666395	45.75561386877939	15.640048082354227
32.86666666675592	45.928461368126285	14.992575382010726
33.86666666669771	46.358275483168875	16.409316157564966
34.8666666666395	46.58297723231987	16.340293987122607
35.86666666675592	47.01279134736249	16.135136440169685
50.29999999998836	50.28997993497966	13.428106364152523
54.88333333324408	51.101787023578886	13.383898211797472
69.53333333315095	53.34246677344586	13.304017955801031
74.86666666675592	54.16003544535667	12.684994102689178
79.93333333334886	54.656683926813415	12.764354262620085
86.68333333334886	55.420669873926705	12.38342689419364
92.13333333330229	55.92019914703923	13.305468362486389
97.83333333319752	56.49808595318902	12.63208675623797