0.01480421132873744	0.31811534296933497	0.3652765728148959
0.034804211329174	0.6303613991680007	1.0340731812841275
0.04480421132757329	0.9414335980125949	1.0704746067560114
0.06480421132800984	1.2495711534718215	1.00328393529037
0.0848042113284464	1.5524263508374705	1.516970383688913
0.09480421132866468	1.8499991901095412	1.6237091204159801
0.1148042113291012	2.145224314673358	2.2561724582798326
0.1348042113277188	2.436340938497713	2.4017059295225693
0.1448042113279371	2.7221752042284684	2.40223166676558
0.1648042113283736	3.003314040542693	2.9547585935299856
0.1848042113288102	3.2868005915652154	2.862429413824206
0.1948042113290285	3.557961640369331	3.2608394740890705
0.214804211327646	3.832644261235861	3.5314098775923024
0.2348042113280826	4.100870666654677	3.923522352968806
0.2448042113283009	4.380835645614762	3.682778579270431
0.2648042113287374	4.63791040616933	3.9241199008330563
0.284804211329174	4.8920505233385745	4.254720689913413
0.2948042113275733	5.106866419144454	4.432981560676311
0.3148042113280098	5.329312387752165	4.32419131952454
0.3348042113284464	5.5781701468278095	4.757336419483929
0.3448042113286647	5.818810904424552	4.733028941070584
0.3648042113291012	6.053582375250648	4.983683153694848
0.3848042113277188	6.286006131368467	5.243414699044122
0.3948042113279371	6.516669101455104	5.322698921757721
0.4148042113283736	6.743810499479344	5.759108887379858
0.4348042113288102	6.969191111472379	5.656965349755315
0.464804211327646	7.409387619271297	6.002922765280396
0.4848042113280826	7.624203515077173	6.088419143012098
0.5148042113287374	8.056769950074234	6.375500015113166
0.534804211329174	8.268651202494787	6.688481608686198
0.5648042113280098	8.676566633055105	6.881924056247995
0.5848042113284464	8.876122383257297	6.956878340188009
0.6148042113291012	9.261147595412067	7.15243442093731
0.6348042113277188	9.452486344135336	7.045607510623332
0.6648042113283736	9.817555981269912	7.32920145537671
0.6848042113288102	10.012416302055549	7.4072907895958835
0.714804211327646	10.372203581096525	7.472912208145489
0.7348042113280826	10.54593446950784	7.683839401063437
0.7648042113287374	10.874614528664345	7.895448935347241
0.784804211329174	11.0289767707325	7.949079215760285
0.8148042113280098	11.348265971055977	8.376149790404737
0.8348042113284464	11.517888358727822	9.144300918863575
0.8648042113291012	11.818395841385215	9.521988026105712
0.8848042113277188	11.970410368745098	9.679559733045334
0.9148042113283736	12.306720500703495	9.298573019796756
0.9448042113290285	12.645965276047177	9.59029943332316
0.9848042113280826	12.958211332245861	10.22000400201455
1.014804211328737	13.387843123857623	10.302283634984196
1.044804211327573	13.939556080298912	10.273690629152854
1.084804211328446	14.36801401455654	10.636620904168929
1.114804211329101	14.694933287681874	10.308401435545582
1.144804211327937	14.6808469994323	10.319291976362091
1.18480421132881	15.108718005012824	10.152852336524802
1.214804211327646	15.436224206815249	10.415432357417524
1.244804211328301	15.683321179859686	10.036106133521313
1.284804211329174	15.963873087496852	9.18459539116212
1.31480421132801	16.179275911979783	9.04614379429846
1.364804211329101	16.516759901292286	8.554211151489774
1.414804211328374	16.811398097179048	9.007019772794733
1.464804211327646	17.116601009252964	8.565910358045436
1.514804211328737	17.410652276462635	8.140519473166096
1.56480421132801	17.670074751725448	7.875591353054964
1.614804211329101	17.908954723290996	7.674455208591322
1.664804211328374	18.139030764700575	7.425549035281388
1.714804211327646	18.35208587447523	7.1792637934886825
1.764804211328737	18.557510911448055	7.004630192353268
1.81480421132801	18.7558928042961	6.817857411032354
1.864804211329101	18.94370998095698	6.57270462127602
1.914804211328374	19.11450622598295	6.436361677985429
1.964804211327646	19.278259326884154	6.188200987930974
2.014804211328737	19.429099996889917	5.992797947681835
2.06480421132801	19.564093592614892	5.912109537548467
2.114804211329101	19.690283258183914	5.8708423141288915
2.164804211328374	19.818233709784167	5.834241931720966
2.214804211327646	19.946184161384373	5.926963926539631
2.284804211329174	20.11815426376447	5.8440166704597845
2.344804211328665	20.27075571980142	5.885633155324741
2.414804211328374	20.389315312568616	5.904976261023589
2.484804211328083	20.51022262004405	5.988429222524888
2.544804211327573	20.65519400327915	6.067822257301195
2.614804211329101	20.824816390950996	6.150751573596795
2.68480421132881	20.996199564654045	6.284040855055219
2.764804211328737	21.218645533261764	6.412483223677953
2.834804211328446	21.391202564318938	6.471142006940364
2.914804211328374	21.591345243198173	6.558026516185869
2.984804211328083	21.75157677203699	6.7574511043881795
3.06480421132801	21.939393948697855	6.956861531094756
3.144804211327937	22.119581052556878	6.9964372197527736
3.234804211328083	22.303289728478273	7.05493954978963
3.31480421132801	22.486411475722633	7.107398781459097
3.394804211327937	22.66131622148806	7.080338525030664
3.484804211328083	22.83739482460763	7.100827387361093
3.584804211328446	23.0422329329034	7.095236526752709
3.68480421132881	23.24178868310558	7.132092735386937
3.784804211329174	23.435475146537076	7.131624350172849
3.884804211327719	23.612140678333713	7.155927230776434
3.984804211328083	23.79350163954687	7.191783109122231
4.084804211328446	23.976036458114166	7.188494045563212
4.18480421132881	24.150941203879594	7.199548274939852
4.284804211329174	24.32173744890558	7.2320292823470735
4.384804211327719	24.484903621129703	7.209943606947089
4.494804211328301	24.67154694043645	7.2164744843288045
4.614804211329101	24.85760333106611	7.2089355419389545
4.734804211328083	25.038964292279275	7.155079653572017
4.844804211328665	25.210347465982316	7.176741573391422
4.964804211327646	25.38173063968535	7.15930460793587
5.084804211328446	25.55957002883612	7.1318721070359565
5.214804211327646	25.74973492020527	7.114734708268614
5.344804211328665	25.92816123803308	7.123950450535098
5.484804211328083	26.106587555860894	7.131341602944121
5.614804211329101	26.27620994353276	7.1421829677559
5.744804211328301	26.43878918707983	7.133328175633294
5.884804211327719	26.58962985708557	7.194344398382716
6.034804211329174	26.769230032267533	7.19898300646882
6.18480421132881	26.93650470523112	7.228728587861921
6.334804211328446	27.10084473480939	7.288884571809806
6.484804211328083	27.26342397835645	7.325203340723298
6.634804211327719	27.433633294705363	7.517675873241378
6.794804211327573	27.60619032576253	7.745398352403044
6.964804211327646	27.7957682884546	8.003547645705336
7.134804211327719	27.96128217538697	8.24902406836109
7.31480421132801	28.163185640297442	8.581274684657194
7.484804211328083	28.33574267135461	9.480400854684339
7.664804211328374	28.514168989182444	10.643967354991856
7.844804211328665	28.711377024676374	11.758234679022676
8.034804211329174	28.90799813149321	12.814940259107042
8.234804211328083	29.171529107495502	13.790652382974939
8.43480421132881	29.436820869528947	14.727380223252299
8.634804211327719	29.713264276426678	15.528827743934437
8.834804211328446	29.975034466397755	16.326590472629913
9.044804211327573	30.25676023138908	17.067003973693726
9.264804211328737	30.816103260632243	17.84420930541654
9.484804211328083	31.468181020851688	18.549840178579494
9.714804211327646	32.1173241376858	19.201512678215202
9.944804211329028	32.71951296035471	19.83305649065827
10.18480421132881	33.29000763446212	20.31979986508908
10.43480421132881	33.866371595340155	20.774288620403265
10.68480421132881	34.39988976279246	21.19683743795726
10.93480421132881	34.90816999713091	21.612164007133952
11.19480421132903	35.42114566088591	21.931249872734554
11.46480421132765	35.92120889374551	21.629984603004203
11.73480421132808	36.39251262142884	21.118462306602936
12.01480421132874	36.86675099249757	20.441571619235948
12.29480421132757	37.318099145160716	19.472646060653677
12.58480421132845	37.764751868407345	18.344173940776496
12.88480421132772	38.21492616371635	16.32093514470454
13.18480421132881	38.665100459025375	14.242555922327078
13.4948042113283	39.11351396830322	11.91335196052189
13.81480421132801	39.53316797240484	9.784074098469885
14.13480421132772	39.94401804635052	7.823935192909108
14.46480421132765	40.369541337222785	5.831383552799303
14.81480421132801	40.72874168758669	3.723062802216162
15.16480421132837	40.920667364987	1.640983089274096
36.6148042113291	29.116357811851344	5.431735855576031
37.46480421132765	29.02538386690621	11.67802719028799
38.33480421132845	29.1204663125908	16.6198053465238
39.23480421132808	29.111662382434844	22.454698116449297
40.14480421132794	27.765247997247208	27.524212148772975
41.08480421132845	29.383410359916006	31.754475584097158
42.03480421132917	32.760597967749284	35.40454396094536
43.01480421132874	32.12436728181059	39.76770779580676
44.01480421132874	34.71096196163698	45.79240160402564
45.03480421132917	37.272905637026696	50.02400481434417
46.08480421132845	39.402869806096355	52.66971076052702
47.16480421132837	40.88016928626954	54.63976563733804
48.26480421132874	42.29936282741323	56.381203913532275
49.38480421132772	43.845332962803035	60.22527657155322
50.53480421132917	45.180008774449306	56.63656893593312
51.71480421132765	46.318063479278756	47.88761129953309
52.91480421132837	47.295299726592376	49.49287803867676
54.14480421132794	48.47267865278519	42.8345094252552
55.39480421132794	49.63244971866608	13.049911483125712
71.33480421132845	31.094307453561143	5.7407766524515225
72.98480421132808	29.134552600840387	10.482383994807549
74.68480421132881	28.299353093376542	14.79720377925431
76.41480421132837	26.262123655283183	17.96075963490919
78.18480421132881	24.109856196485026	21.042163117516836
79.9948042113283	27.59621253825243	22.994482084828572
81.84480421132866	36.90079285576734	24.711078270827016
83.73480421132808	44.84956792926161	49.569859532625216
85.68480421132881	50.015127216112575	67.61674642543322
87.66480421132837	53.59950064694987	79.93717633719194
89.69480421132903	56.17729139662034	85.50584433500904
91.76480421132874	58.08891809782176	88.34775982992463
93.88480421132772	59.51045935367371	94.01926083456009
96.06480421132801	60.59979897830675	99.84028407642988
98.28480421132917	61.464344919623834	91.81987214108057
100.564804211328	62.16689854607087	69.33143443846632
102.8848042113277	62.73445857679292	50.22217880039223
105.2648042113287	63.19695837432037	37.94443160969116
107.694804211329	63.57494044235031	29.500609927681577
110.1848042113288	63.898338143413234	23.4925144951145
112.7348042113281	64.18241162311284	19.124216699251487
115.3348042113285	64.43713866895916	15.998802230679438
117.9948042113283	64.66897549639991	13.68241338506621
120.7348042113281	64.87498746204979	11.887592354590868
123.5348042113292	65.05282685120058	10.489985977400393
126.3848042113277	65.23125316902838	9.427680221553722
129.314804211328	65.39324548389835	8.607172793656863
132.314804211328	65.5481946546436	7.995093049180054
135.3848042113277	65.68670982243097	7.509820403192026
138.5148042113287	65.82992041963492	7.106131608972268
141.7148042113277	65.98252187567185	6.788217092468681
144.9848042113281	66.12866711626108	6.448097959230532
148.3348042113285	66.26835614140253	6.237677889123956
151.7648042113287	66.40393666580471	6.102515295808497
155.2648042113287	66.54069104756087	5.9739249819057125
158.8648042113291	66.67098921386936	5.845493269636857
162.5348042113292	66.80128738017784	5.727864367344238
166.2848042113292	66.92747704574685	5.639975862731501
170.1348042113277	67.04721049586817	5.550900620202787
174.064804211328	67.1728132327601	5.407396512326653
178.0848042113285	67.26672182109053	5.539729582024504
182.194804211329	67.38586834253479	5.566452054104801
186.4148042113284	67.50794950736439	5.642490053655639
190.7148042113277	67.63355224425632	4.924826449743942