0.09855854750236404	5.483248995178482	3.8723394558663102
0.1818918807580872	9.922211285360941	10.63482349839697
0.2652252141884333	14.707569043419586	16.143713111686857
0.3485585474441564	19.781943878969983	13.979148736588975
0.4318918808745025	21.98952432087038	10.553512439364631
0.5152252141302256	23.874510701276286	10.700391681990592
0.5985585473859487	25.466229753050833	10.031761920428167
0.6818918806416718	26.693702282162942	8.799079303139415
0.9318918807580872	28.92040885419148	4.512726098215112
1.181891880874503	29.505243410998354	1.7696639518203072
1.431891880641672	29.731356771624284	0.22389400741693227
4.181891880874503	29.22770201158348	0.010686639954736118
4.681891880758087	29.248103217053476	0.14076464931847776