0.0769201916828024	12.492802688724028	16.134180302795368
0.110531191679911	18.4290832069153	16.6166127253919
0.1435871916819451	22.821997602763076	16.011112618829987
0.1821981916800723	26.198250187860808	14.78536025966094
0.2102541916829068	28.494369195272252	14.460286967437282
0.2435871916823089	30.3628889306924	14.696349581742806
0.276920191681711	32.39398547265092	12.930193249963114
0.3102541916814516	33.83713301562145	11.221468842831195
0.3435871916808537	35.56089258083624	11.0085100593417
0.3769201916802558	35.95508565970322	8.948278864597963
0.5435871916815813	38.09864971851365	5.162652071684562
0.7102541916829068	39.343587182279826	5.445712453663807
0.8771981916797813	40.788961804792	5.250912128725195
1.043865191682926	41.87689016087391	5.383901521138481
1.543587191681581	43.50599884556982	4.0766060785117935
2.043587191681581	44.63067401408852	3.660695866578291
2.543587191681581	45.3811998196149	3.340752812070179
3.043587191681581	45.88897395510449	3.4020297422527475
3.543587191681581	46.39563455082331	3.1261365825746177
4.043587191681581	46.902295146542144	3.40146972594234
4.543587191681581	47.16620407222426	3.361925890121523
5.043587191681581	47.52030971934204	3.310840371726875
5.543587191681581	47.913389258438194	3.122713863663583
6.043587191681581	48.15725446824566	3.278457762237149
7.043587191681581	48.660574444652084	3.1465131849381325
8.043587191681581	49.0336102678736	3.129994919112428
9.043865191681107	49.40664609109515	2.3660913053820267
10.04358719168158	49.66944147700643	0.5612212057600426
18.04358719168158	49.103763273434666	0.40590617717575084
19.04358719168158	48.90221257491795	2.6689801726116915
20.04358719168158	49.03249672810279	4.534242061158202
21.04358719168158	49.16278088128763	5.109390957990824
22.04358719168158	49.18282459716226	5.227377195281691
23.04358719168158	49.18282459716226	6.378929273120271
24.04358719168158	49.53470316473839	6.138309517853275
25.04358719168158	50.10928968647662	6.093464226734372
26.04386519168293	50.83420407727434	6.821252232165559
27.04358719168158	51.05579849166567	5.677641284092283
28.04358719168158	51.427720775116356	4.836065765887617
29.04358719168158	51.649315189507696	4.358508103054147
30.04358719168158	52.00230729685466	4.320401421367157
31.04358719168158	52.13259145003952	3.128245580902488
32.04358719168158	52.243945427120536	2.746443240092794
33.04386519168111	52.243945427120536	1.4382082973659973
35.04358719168158	52.26398914299513	0.044421664402784014
36.04358719168158	52.26398914299513	1.4421654519517872
37.04358719168158	51.93104075152281	0.7753738576291818
38.04386519168293	51.59809236005044	1.1007334231444699
39.04358719168158	51.486738382969335	0.6192281573332036
40.04358719168158	51.13485981539322	0.5413328062256736
41.04358719168158	51.043549554186704	1.3499811322993993
42.04358719168158	51.26514396857804	1.026716806554349
43.04358719168158	51.043549554186704	1.3853957443660991
44.04358719168158	50.952239292980245	0.17843033204268302
46.04358719168158	50.952239292980245	1.739959833129447
48.04386519168111	51.87870438229468	2.0938414930820266
50.04386519168293	52.25174020551622	2.1240478243404763
52.04358719168158	52.473334619907526	3.171610653160452
54.04358719168158	52.825213187483676	0.7991068374621865
56.04358719168158	52.95661088043933	3.6693508464781286
58.04358719168158	52.95661088043933	4.450451517065666
60.04358719168158	53.086895033624195	5.06120819724701
62.04358719168158	52.9766545963139	3.694927139332197
64.04358719168158	52.99558477241769	3.5554567718640473
66.04358719168158	52.75394664215181	1.3085121767743972
74.03719819168145	52.90427451121124	0.7693983584699082
76.03719819167964	53.38755077174305	1.405688908268224
78.03719819168145	53.61025872590511	1.4140552249141762
80.03719819168145	53.74054287908998	2.338233056530593
82.03719819167964	53.85078331640023	2.183036201582613
84.03719819168145	53.85078331640023	1.3172449089867233
86.03719819168145	52.964405658835034	2.1160643473714655
88.03719819167964	52.38981913709672	2.799664230792344
91.03719819167964	52.188268438579996	6.012766576453664
94.03719819167964	52.29850887589026	5.182959490402245
97.03719819167964	53.35637165816034	2.7848297618149047
100.0371981916796	53.70825022573647	0.4644003301797484