0.0166666668956168	0.9632466439313919	1.3743890130645096
0.03333333344198763	2.311791945435334	2.516774438915935
0.05000000016298145	3.467687918153002	3.425194250732718
0.06666666688397527	4.623583890870667	4.22602014538179
0.08333333360496908	5.58683053480206	5.441532543550722
0.1000000001513399	6.548188459823787	5.937409835060413
0.1166666666977108	7.704084432541454	6.384940521806088
0.1333333335933276	8.474681747686573	6.4492281919585235
0.1500000001396984	9.437928391617964	6.687256225540117
0.1666666668606922	10.015876377976792	6.977477743631512
0.183333333581686	10.59382436433563	7.69002778810204
0.2000000003026798	11.171772350694454	7.83266899091899
0.2166666668490507	11.74972033705328	7.975161515644941
0.2333333333954215	12.520317652198399	8.831317542581775
0.2500000002910383	13.290914967343513	10.017168651312817
0.2666666666627862	13.86697423479269	10.22933937269997
0.283333333558403	14.25227289236524	10.93631981644786
0.3000000002793968	14.830220878724065	11.17909113546487
0.3166666666511446	15.600818193869179	11.174360472181256
0.3333333335467614	16.371415509014298	11.134248792271636
0.3500000000931323	17.14201282415942	11.087694228242567
0.3666666669887491	17.52731148173198	11.021113796534195
0.3833333333604969	18.105259468090814	11.674286383501308
0.4000000002561137	18.490558125663355	11.563041204015262
0.4166666669771075	19.068506112022185	11.740384130276189
0.4333333333488554	19.45380476959475	11.777288902758636
0.4500000002444722	19.839103427167306	11.828748078753959
0.466666666790843	20.2225133658302	11.733938970923322
0.4833333335118368	20.607812023402776	11.665937621081971
0.5000000000582077	20.800461352189018	12.06095101489695
0.5166666669538245	20.993110680975303	12.490718420578345
0.5333333335001953	21.57105866733414	12.241613386358168
0.5500000000465661	21.956357324906715	12.660663742213675
0.5666666669421829	22.341655982479267	12.675610122279524
0.5833333334885538	22.726954640051837	12.819256723706328
0.6000000002095476	23.112253297624388	12.948109532228557
0.6166666667559184	23.497551955196958	13.203036910510374
0.6333333336515352	23.882850612769463	13.046825630907843
0.650000000197906	24.268149270342043	13.222759530060728
0.6666666667442769	24.65344792791459	13.153098288877194
0.6833333336398937	25.03874658548716	13.586344753195913
0.7000000001862645	25.42404524305971	13.88888486092434
0.7166666669072583	25.809343900632264	13.44865327357121
0.7333333334536292	26.00199322941857	13.164056619806614
0.7666666668956168	26.772590544563663	12.676962400333199
0.8000000001629815	27.348649812012827	11.872770792001855
0.8333333336049691	27.926597798371674	11.469468857445442
0.8666666666977108	28.311896455944204	10.684452450960501
0.9000000001396984	28.88984444230305	9.789171143800534
0.933333333581686	29.27514309987562	9.27979230064554
0.9666666668490507	29.660441757448165	9.558648233255893
1.000000000291038	29.853091086234443	9.310709893615027
1.033333333558403	30.045740415020738	8.572852119124322
1.066666666651145	30.23838974380699	8.547422920050652
1.100000000093132	30.23838974380699	8.74564746241067
1.133333333360497	30.431039072593283	8.530883003073281
1.166666666977108	30.431039072593283	8.768280733754859
1.200000000244472	30.62368840137956	9.121509463204495
1.233333333511837	30.62368840137956	8.912961637391781
1.266666666953825	30.81633773016585	8.877723977827259
1.300000000046566	31.201636387738393	9.653655108910272
1.333333333488554	31.586935045310923	9.93157640857924
1.366666666755918	31.77958437409723	10.514260489362602
1.400000000197906	31.77958437409723	11.055949102142815
1.433333333639894	32.164883031669795	11.557958506192007
1.466666666907258	32.357532360456055	12.114505647086592
1.516666666895617	32.93548034681493	13.016103375668092
1.566666666883975	33.318890285477764	13.941994312510408
1.616666666697711	33.70418894305035	14.881693075136651
1.666666666860692	34.28213692940915	15.806258334325223
1.716666666849051	34.66743558698171	16.72169511352706
1.766666666662786	35.24538357334057	17.030545883284447
1.816666666651145	35.82333155969942	17.332967191030484
1.866666666988749	36.40127954605822	18.248308423791315
1.916666666977108	36.97922753241706	19.149137243216067
1.966666666790843	37.364526189989654	19.75174479165342
2.016666666953825	37.94247417634847	20.33145273311548
2.066666666942183	38.32777283392102	20.571869447017257
2.116666666755918	38.905720820279846	21.43821065564576
2.166666666744277	39.291019477852416	21.816717865051483
2.216666666907258	39.86707874530157	22.715223547864856
2.283333333441988	40.44502673166045	23.168775340079478
2.35000000015134	41.21562404680555	23.917029707057512
2.416666666860692	41.79357203316436	24.688140391212848
2.483333333395422	42.37152001952318	25.144732431641355
2.550000000279397	43.14211733466833	25.906727944659387
2.616666666988749	43.72006532102715	26.564866590835884
2.683333333348855	44.49066263617226	27.391969667442016
2.750000000058208	45.06861062253112	27.93349120434376
2.816666666942183	45.64655860888993	28.739943388113097
2.883333333651535	46.417155924035015	29.228160363074295
2.950000000186265	46.99510391039387	30.03610894125073
3.033333333441988	47.95646183541555	30.70753319796878
3.116666666697711	48.727059150560706	31.63305011824054
3.20000000030268	49.49765646570581	32.515027528930396
3.283333333558403	50.46090310963721	33.51216636409067
3.366666666988749	51.23150042478233	34.483925989548425
3.450000000244472	52.19474706871369	34.5885262824714
3.533333333500195	52.96534438385885	35.13410934423383
3.616666666755918	53.926702308880536	36.106179747857496
3.716666666907258	54.889948952811906	37.08271192901231
3.816666666883975	55.853195596743355	38.264173017685295
3.916666666860692	56.81644224067468	39.12425134829724
4.016666666662786	57.77968888460611	40.309434099893465
4.116666666988749	58.74293552853751	40.83517571534136
4.216666666790843	59.70618217246889	41.97399978002888
4.316666666942183	60.860189426276925	43.0839545567365
4.416666666744277	61.82343607020828	43.988936385925335
4.533333333441988	62.97933204292599	45.0341052724967
4.650000000139698	64.13522801564359	46.067789040593205
4.766666666662786	64.90582533078877	46.837767387853646
4.883333333360497	65.86907197472011	47.953213919928004
5.000000000058208	67.02307922852816	49.07060718281457
5.116666666755918	68.17897520124583	50.10480021076804
5.25	69.52752050274971	51.306980699314565
5.383333333593328	70.87606580425368	52.50867785453994
5.516666666662786	72.22461110575769	53.77189600221137
5.650000000256114	73.38050707847533	55.042875528633296
5.783333333500195	74.72716366106955	56.304523326005906
5.933333333639894	76.26835829135983	57.10691143565411
6.083333333604969	77.61690359286375	58.60199269557016
6.233333333395422	79.15809822315406	59.70202918712616
6.383333333360497	80.50475480574828	61.13316001095318
6.533333333500195	81.85330010725218	62.92690239215028
6.700000000186265	83.39449473754244	64.56129021179292
6.866666666697711	85.12833869661897	65.87644915684044
7.033333333558403	86.66953332690919	67.20007863425667
7.200000000244472	88.2088392382897	68.55513064024932
7.366666666755918	89.75003386857999	69.27268348791544
7.550000000162982	91.48387782765643	70.10827868910606
7.733333333395422	93.21772178673297	71.01645600241028
7.916666666977108	94.94967702689974	71.94248034073453
8.100000000209548	96.49087165718997	72.51355233790974
8.300000000162981	98.41736494505284	73.57346423236054
8.500000000291038	100.1512089041293	74.33320895621316
8.700000000244472	102.0758134730824	75.39576825795345
8.916666666744277	104.00230676094517	76.64086808866783
9.133333333593328	105.92880004880803	77.84730606057049
9.350000000093132	107.8552933366708	78.54903841951187
9.566666666942183	109.77989790562394	79.56559225404878
9.800000000162981	111.89904052227301	80.62102353392953
10.0333333335584	113.6328844813495	81.51301642950003
10.26666666695382	115.36483972151625	82.36096176632036
10.51666666689562	117.09868368059284	83.071374386414
10.76666666666279	119.02517696845561	83.77855628860075
11.01666666695382	120.75902092753212	84.95262874823851
11.28333333344199	122.68362549648522	85.46831063670626
11.5500000002794	124.61011878434805	86.44666659001173
11.81666666694218	126.53661207221073	86.78992752154957
12.10000000015134	128.65386596995015	87.24230470244296
12.3833333333605	130.77300858659925	88.01752753232067
12.68333333363989	132.89215120324835	88.1466666089418
12.98333333339542	135.01129381989725	88.43331160011004
13.2833333335002	137.1285477176368	88.61708051685599
13.60000000015134	139.24769033428578	89.05069589107526
13.91666666697711	141.3668329509349	89.65326218744006
14.25	143.4840868486743	90.48460870392651
14.58333333354676	145.6032294653233	90.86320991177135
14.93333333363989	147.91502141075856	91.02261104514409
15.2833333335584	150.0322753084981	91.21730242884715
15.65000000019791	152.34406725393333	91.31978810878303
16.01666666666279	154.46320987058246	91.08406772800443
16.40000000019791	156.58046376832186	90.90918597376964
16.7833333335584	158.89225571375718	90.37937590369943
17.18333333363989	161.0113983304062	89.89988710749697
17.58333333354676	163.1286522281457	89.47193619648219
18.0	165.2477948447946	89.23914010995783
18.41666666697711	167.36693746144377	88.62093430277638
18.85000000015134	169.29154203039678	88.09204856569488
19.30000000004657	171.4106846470459	87.44950816084966
19.75000000029104	173.52982726369504	86.99046866671638
20.21666666690726	175.648969880344	86.42361031968929
20.68333333334886	177.38092512051082	85.37167204008162
21.16666666686069	179.30741840837365	84.81497627530467
21.66666666674428	181.23391169623645	83.7204484779547
22.16666666697711	182.9658669364032	82.86637535240784
22.68333333358169	184.89236022426604	82.3772506426495
23.21666666690726	186.62620418334265	81.19428930789788
23.76666666695382	188.5526974712053	80.06216433033602
24.31666666665115	190.28465271137208	79.18900550115977
24.88333333359333	192.2111459992349	78.05639829472688
25.46666666690726	193.94498995831142	76.85209102543328
26.06666666694218	195.67883391738786	76.0008819223315
26.68333333334886	197.41078915755483	74.89498836940894
27.3000000002794	199.1446331166312	73.43210420089866
27.93333333358169	200.87847707570776	72.28171267791774
28.58333333360497	202.4196717059979	71.37117767339609
29.25	204.15162694616484	70.18989564140116
29.93333333363989	205.692821576455	69.05666981277588
30.63333333365154	207.23401620674522	67.82437790539468
31.35000000020955	208.96786016582175	66.62795948930263
32.08333333348855	210.5071660772024	65.4661592979815
32.83333333348855	211.85571137870636	64.32515170386353
33.60000000020955	213.39690600899644	63.11376689256918
34.38333333365154	214.74545131050039	61.60993720846561
35.18333333363989	216.09399661200445	60.13071929745107
36.0	217.44065319459847	58.96915582329949
36.83333333360497	218.7891984961027	57.83568044953521
37.68333333358169	219.94509446882023	56.32463932294667
38.56666666665115	221.29363977032412	54.80605913303776
39.46666666679084	222.4495357430419	53.60653523649255
40.38333333365154	223.60354299684982	52.111793454291096
41.31666666688398	224.75943896956758	50.92211519797098
42.2833333335584	225.72268561349895	49.42541394759555
43.26666666695382	226.87858158621674	47.61883864397386
44.26666666689562	227.84182823014822	46.44669845113048
45.3000000002794	228.9977242028656	45.23922381204673
46.35000000020955	229.96097084679712	43.73663261681366
47.43333333358169	230.92232877181885	42.84073441842473
48.5333333335002	231.69292608696395	41.64243828645422
49.66666666686069	232.65617273089532	40.42548959875385
50.81666666694218	233.61941937482666	39.209565160531184
52.00000000029104	234.3900166899718	37.981101616084146
53.20000000018627	235.16061400511688	36.79192994902786
54.43333333334886	235.93121132026204	35.900596686696574
55.70000000030268	236.70180863540733	35.00125469247976
57.0	237.47051723164282	33.76377737489956
58.31666666694218	238.04846521800144	33.19703731083257
59.66666666697711	238.62641320436018	31.984697469009824
61.0500000002794	239.39701051950533	31.38310764623371
62.46666666684905	239.97495850586412	30.172795680100315
63.91666666686069	240.55290649222292	29.579715550584446
65.4000000001397	241.323503807368	28.673028105642445
66.91666666686069	241.90145179372703	28.07198441339638
68.46666666684905	242.47939978008586	27.490636036368137
70.0500000002794	243.0573477664447	26.57518375790157
71.66666666697711	243.44264642401717	25.98944709030019
73.33333333348855	244.01870569146635	25.374809036985724
75.03333333344199	244.59665367782515	25.0865159263975
76.76666666666279	245.1746016641841	24.506189965311826
78.55000000004657	245.55990032175663	23.899179888355288
80.36666666669771	246.1378483081154	23.632196797651467
82.23333333351184	246.52314696568803	23.337155746532662
84.13333333359333	247.10109495204694	22.749425324481475
86.08333333348855	247.48639360961926	22.455117242768196
88.08333333354676	248.06434159597828	22.192105298700092
90.11666666669771	248.44964025355068	21.27816308218231
92.20000000018626	248.83493891112326	20.98501468401986
94.33333333348855	249.4128868974823	20.719328348895985
96.51666666695382	249.79818555505483	20.42341961055781
98.75000000005821	250.18348421262715	20.451500179978208
101.0333333335002	250.56689415129014	19.862829798408175
103.3666666667559	250.95219280886263	19.692903942096518
105.7666666668956	251.53014079522166	19.413497874158352
108.2166666668491	251.9154394527941	19.14367426036496
110.7166666667908	252.3007381103666	19.180704977901865
113.283333333442	252.68603676793916	18.601966997127843
115.9000000002561	253.0713354255119	18.323429286218527
118.583333333605	253.45663408308434	18.05772524215692
121.3333333334886	253.84193274065674	17.77390309410254
124.1333333333605	254.22723139822943	17.511550032589355
127.000000000291	254.41988072701588	17.563712753713848
129.9333333335817	254.8051793845882	17.278831911597514
132.9333333335817	255.1904780421608	17.012878644236622
136.000000000291	255.5757766997334	16.726929582061512
139.1500000002561	255.961075357306	16.76101590858782
142.3666666667559	256.15372468609223	16.496975503915166
145.6500000001397	256.5390233436647	16.208821738151652
149.0166666669538	256.92432200123733	15.620231755205516
152.4666666668491	257.3077319399003	15.65621285093824
155.9833333334536	257.693030597473	15.365059013267768
159.5833333334886	257.88567992625906	15.038679462718312
163.2666666669538	258.07832925504533	14.758585501135245
167.0333333335002	258.46362791261794	14.496322611515115
170.9000000001979	258.6562772414042	14.216628277860796
174.8500000001513	259.0415758989768	13.950251082674965
178.8833333333605	259.4268745565493	14.000914211834532
183.0166666668956	259.6195238853355	13.718380813655783
187.2500000000582	260.004822542908	13.449103505376016
191.5833333335468	260.1974718716943	13.163954194926399
196.0166666666628	260.58277052926707	12.586140254509433
200.5500000002794	260.7754198580534	12.62048246031904
205.1833333333489	260.96806918683956	12.251560900779067
209.9166666667443	261.16071851562583	11.898415572679609
214.7666666666628	261.54601717319827	11.433973141122717
219.7333333334536	261.73866650198477	11.04892635771068
224.8166666669422	261.93131583077087	10.766906104487278
230.0166666669538	262.12396515955726	10.641159210639165
235.3333333334886	262.31661448834336	10.48993604639593
240.7666666668956	262.50926381712964	10.107295600070529
246.3333333335468	262.70191314591597	9.892903688028216
252.0166666668956	262.8945624747022	9.448165901207304
257.8333333334886	263.08721180348863	8.939005480559308
263.7833333335002	263.2798611322751	8.417544600888238
269.8666666667559	263.4725104610613	7.454260067559903
276.1000000001513	263.6651597898475	5.7562418793175745
282.4833333335118	263.6651597898475	10.222661290232047
289.000000000291	263.8578091186338	7.304200852426969