0.031666666676756	0.1551586586115427	0.7540597689756556
0.13166666647885	0.32324720544070373	0.2918981401089793
0.1649999999208376	0.41837424018468833	0.012289354203624125
0.1983333333628252	0.35926617976124386	0.31135405221253926
0.2316666666301899	0.4904121888257599	0.6321848057357251
0.2649999997229315	0.550443812693318	0.36743114263936866
0.2983333331649192	0.5855392235697355	0.318666137477303
0.3319444442749955	0.6215581978902758	0.3689916751026346
0.498333333118353	0.8182772114870497	0.6118139266249659
0.6649999999790452	1.0196140423044096	0.8914612379223248
0.8316666666651145	1.2505049033334874	0.9632849157147955
0.9983333331765607	1.4139756329420707	1.309979493513218
1.498333333234768	2.3042907930702015	2.230603563904521
1.998333333118353	2.94062600606634	3.2394696175167152
2.498333333176561	3.819858404865063	3.5660753344033367
2.998333333234768	4.391544176773065	2.8569131726542416
3.498333333118353	4.776670132969555	2.649211070137539
3.998333333176561	5.129471368621994	1.895221276345796
4.498333333234768	5.262464504574745	0.9068400006326118
4.998333333118353	5.330808199439353	0.4319945998170203
5.498333333176561	5.395457640527489	0.08327482725706743
6.998333333176561	5.319725438109955	0.7460682591358037
7.498333333234768	5.367750737203999	0.5416241398009188
7.998333333118353	5.5044381269332225	1.3700141320168553
8.49833333317656	5.457336391283284	0.8883405503130629
8.998333333234768	5.645743333883007	0.19759709779185816
9.498333333118353	5.560775497024309	0.737542422800257
9.99833333317656	5.517368015150842	0.5916357459535919
10.49833333323477	5.473036969833261	0.23150007781843063
10.99833333311835	5.614342176783062	0.4728041309931685
11.99833333323477	5.65220827799183	1.5808290497498643
12.99833333317656	5.699310013641761	2.6062004256429905
13.99833333311835	5.890487646573835	2.955702440386551
14.99833333323477	6.2552952069997705	3.0469361664121575
15.99861111084465	6.367969947181958	3.595427045529955
16.99861111113569	6.469561926034766	3.452694721382267
17.99833333323477	6.7013763505079575	3.6659718661544503
18.99861111084465	7.068954601266243	3.372229050818483
19.99833333311835	7.228731077098361	3.466471291644032
20.99833333323477	7.2629029245306755	2.8324464866087675
21.99833333317656	7.3561828323864225	1.6416860217855305
22.99833333311835	7.4485391767980484	0.42757319139130123
23.99833333323477	7.4485391767980484	0.46434127236784334