0.01211730947352407	9.828161215099652	3.5252252219030336
0.02878430947339439	12.973518257752684	3.74567619759648
0.0454513094732647	14.711150978735205	5.015826469497111
0.06211730947370597	16.536874424141217	6.3599234559903115
0.07878430947357629	18.14323469304148	7.243054016927358
0.0954513094734466	19.57341351309462	8.112688741527316
0.1121173094738879	20.925865223362326	8.879000336159386
0.1287843094737582	22.214407976695195	9.691957203800175
0.1454513094740833	23.421769082029922	10.460805381091035
0.162117309473615	24.58249392149329	11.182953461458908
0.1787843094734853	25.701764302404506	11.827564783664506
0.1954513094733557	26.77958022476341	12.536291440660488
0.2121173094733422	27.815941688570007	13.167355357385022
0.228784309474122	28.841939537738533	13.780205742663792
0.2454513094739923	29.81611931371687	14.382610862141892
0.2621173094735241	30.781662744163267	14.952436114576217
0.2787843094733944	31.71266079248301	15.513005473833827
0.2954513094732647	32.621204342420086	16.05119422626607
0.3121173094741607	33.51765700861284	16.537831800786083
0.328784309474031	34.39338244552946	17.054779965806357
0.3454513094739014	35.24665338406359	17.543975629881142
0.3621173094734331	36.07056074778986	18.019359353404084
0.3787843094733034	36.89619538062247	18.464028781118383
0.3954513094736285	37.683830093115525	18.940295746904702
0.4121173094740698	38.48010115114028	19.378818406414744
0.4287843094739401	39.25046317256985	19.787835552359482
0.4454513094738104	40.01564338668042	20.205963232927378
0.4621173094733422	40.75491456419578	20.619383321559
0.478784309474122	41.48727666528583	21.029808658016318
0.4954513094739923	42.22136603548225	21.423858834037517
0.5121173094739788	42.92436456176439	21.79559007616577
0.5287843094738491	43.623908549833814	22.18364868816483
0.5454513094737194	44.32345253790329	22.59384840520356
0.562117309473706	45.007451104015765	22.935684504299925
0.5787843094735763	45.67417697906461	23.303314569073546
0.5954513094734466	46.335721046794596	23.660536162149022
0.6121173094738879	46.998992383630736	23.990295425107117
0.6287843094737582	47.641536491190905	24.345264600378467
0.6454513094736285	48.28408059875101	24.72685061920778
0.6621173094740698	48.91798836077934	25.056187319046273
0.6787843094739401	49.53462343174431	25.361985861198697
0.6954513094738104	50.152985771815636	25.7122557467818
0.7121173094737969	50.77652991920595	26.031866923654587
0.7287843094736672	51.36034687715043	26.367779380347727
0.7621173094735241	52.555617098740704	26.986831167597813
0.7954513094732647	53.712887399991395	27.596379811892152
0.8287843094735763	54.84943047196603	28.16833480862484
0.8621173094738879	55.96351904555814	28.732461330828407
0.8954513094740832	57.07933488825659	29.270663289283593
0.9287843094734853	58.15024173419012	29.810279754604736
0.9621173094733422	59.2142395036983	30.31961164000349
0.9954513094739923	60.260964582142975	30.823766492379256
1.028784309473394	61.28350789309892	31.337907269055865
1.062117309474161	62.30086939673579	31.766276253468938
1.095451309473901	63.28541278735199	32.250944504013454
1.128784309473303	64.25959256333017	32.685611388809754
1.16211730947407	65.20440876450064	33.10969402025632
1.19545130947381	66.15095223477736	33.54896915115455
1.228784309474122	67.07849574488421	33.928317362652294
1.262117309473979	67.98703929482146	34.314016100978144
1.295451309473719	68.88694649922691	34.68427711941342
1.328784309473576	69.78685370363232	35.044383860215355
1.362117309473888	70.64012464216637	35.412796135854045
1.395451309473629	71.51930461729572	35.77943379142645
1.42878430947394	72.36566647940444	36.12224557146133
1.462117309473797	73.18784657402445	36.45299086357799
1.512117309473524	74.43320759969869	36.93531732900919
1.562117309473706	75.63193235950163	37.435510956518705
1.612117309473888	76.81856623556024	37.94339190472374
1.662117309473615	77.99138195876812	38.433748809331185
1.712117309473342	79.1210159543174	38.911268323071326
1.762117309473524	80.23683179701577	39.36280771431618
1.812117309474161	81.33537494865088	39.83102112133905
1.862117309473433	82.42528175475405	40.356084181514426
1.91211730947407	83.49618860068762	40.79579202947761
1.962117309473342	84.54291367913225	41.28308981473309
2.012117309473979	85.57927514293895	41.75530516607765
2.062117309473706	86.58281849372514	42.18574149059304
2.112117309473888	87.59499819004293	42.69182034195717
2.16211730947407	88.58817792619094	43.18277980539633
2.212117309473797	89.56408497127553	43.63424625662259
2.278784309473394	90.8664458774591	44.223963275449556
2.345451309473447	92.13426140151599	44.867730615249144
2.412117309473615	93.37444061987115	45.480823784875035
2.478784309474122	94.62325618375824	46.12896513950627
2.545451309473265	95.85825359479449	46.75476512800848
2.612117309473433	97.06388743102283	47.38237761185718
2.67878430947394	98.26433945993217	47.86885529580773
2.745451309473992	99.43024610671468	48.44490384307702
2.812117309473706	100.58924367707174	49.048638285689066
2.878784309473758	101.76205940027958	49.60573424352747
2.94545130947381	102.89860247225415	50.108084651453716
3.028784309473394	104.30114498660578	50.77990696661764
3.112117309473888	105.68296027168132	51.450253682163456
3.195451309473356	107.05959374943775	52.12709393072952
3.278784309473394	108.40686365238646	52.773417898358844
3.362117309473433	109.76276990086672	53.37807501024029
3.44545130947381	111.0996761891772	54.01694356058232
3.528784309473849	112.42103705553082	54.60930392964404
3.612117309473888	113.71130707796992	55.16188869738007
3.69545130947381	114.90139549224136	55.71566817962749
3.795451309473265	116.3989378074419	56.400093621510855
3.895451309474083	117.87748016247268	56.97411436028888
3.995451309473992	119.29729536788784	57.57683625912603
4.095451309473901	120.71711057330289	58.17381907949067
4.19545130947381	122.15592573888773	58.73435404674539
4.295451309473719	123.53255921664423	59.28259285565222
4.395451309473629	124.916101770826	59.74659507447848
4.512117309473524	126.4844621193868	60.23900744439799
4.628784309473758	128.03554977688395	60.72572773322002
4.745451309473992	129.59700104901933	61.23293475652767
4.862117309473433	131.09799790243252	61.712608724306016
4.978784309474122	132.5799947956761	62.12487794376739
5.095451309473447	134.0429917287498	62.690151808022414
5.228784309473667	135.69426099441506	63.107815942565495
5.362117309473888	137.28334857225192	63.49607421836184
5.495451309473992	138.86725434276974	63.902729657243476
5.628784309473303	140.43043288401137	64.18114980220898
5.762117309473979	141.9607933122324	64.42088837983154
5.895451309473629	143.46351743475208	64.79827238731673
6.045451309473265	145.0992412784602	65.13734928908141
6.195451309473356	146.6693288961273	65.53002729415115
6.345451309473901	148.24805285932595	65.85034734127116
6.495451309473992	149.8250495534184	65.96876637483598
6.645451309473629	151.37095540359658	66.18357309101096
6.812117309473706	153.01531559283652	66.27318401104154
6.978784309474122	154.65449397475734	66.53413790073537
7.145451309473629	156.21594524689263	65.63726063811164
7.312117309473706	157.7463056751139	65.15100883941321
7.495451309473538	159.39239313346	64.87043551940371
7.678784309473485	160.9590262129144	64.6094592475564
7.862117309473433	162.51875021594336	64.54967345131303
8.04545130947372	164.1026559864612	64.27703140647353
8.245451309473538	165.7884706342533	64.08625126601166
8.445451309473356	167.45873986008823	64.0952310544326
8.645451309473628	169.07373647452022	64.05902920516048
8.845451309473447	170.57991513525258	63.87789798112631
9.062117309473706	172.2156389789607	63.598144213235685
9.278784309473394	173.74254486896902	63.5535950389076
9.495451309473992	175.3575414834011	63.16995596563485
9.728784309473667	176.36108483418715	63.011712867220325
9.962117309473342	177.5511732484584	62.868912785209695
10.19545130947381	178.8742613839183	62.66340078428057
10.44545130947381	180.2923493202269	62.42171333208094
10.69545130947336	181.80025525006567	62.1928735995078
10.94545130947381	183.15097969122692	61.7495558737895
11.2121173094738	184.6018857405562	62.16091975304866
11.47878430947412	186.11324620860765	61.82021156117083
11.74545130947399	187.60733398559537	61.48070783144866
12.02878430947339	189.09105814794523	61.38119033850772
12.31211730947416	190.509146084254	61.6485537325926
12.61211730947389	192.06714281817668	60.96325390427122
12.91211730947362	193.4161399902316	60.71827520821638
13.21211730947334	194.84459154117843	61.549224497593855
13.52878430947339	196.31967935799653	62.02538287631111
13.8454513094739	197.72913094877364	62.246742019468975
14.17878430947394	199.12130984848721	62.318681191330725
14.51211730947352	200.51694328641346	62.225818169777966
14.86211730947389	201.87284953489367	62.17674971746054
15.21211730947334	203.72275474778854	62.297446563850656
15.57878430947358	205.1736607971179	62.126540975624074
15.94545130947336	206.5710215041504	62.06819057058878
16.32878430947358	208.06510928113835	62.253125328462176
16.71211730947334	209.79928746390817	62.70647876519938
17.11211730947389	210.90646696107493	62.462957527105864
17.51211730947352	212.36428208682963	62.96532755329769
17.92878430947394	213.83246082722235	63.16716744204077
18.3454513094739	215.26436691638176	63.15197173575591
18.77878430947339	216.7308183876682	63.26195274024102
19.21211730947334	218.10054278899923	63.092019667396876
19.66211730947362	219.51690345620156	63.124123610489164
20.12878430947376	220.85380974451223	63.145618194101615
20.5954513094739	222.30989760116057	62.52021022421127
21.07878430947358	223.69516742444878	62.39857758378538
21.57878430947358	225.1771643176921	62.88282974335078
22.07878430947403	226.7075247459134	62.71867091291569
22.59545130947345	228.13597629686024	62.525927685178125
23.12878430947376	229.81315459912048	61.875106226512955
23.67878430947394	231.2226061898976	62.343288326863416
24.22878430947412	232.84969368807404	62.30936164855952
24.79545130947327	234.4145994984219	62.43946541403374
25.37878430947376	235.84823285668796	63.964440721239335
25.97878430947412	237.33368428814396	63.319236186265535
26.57878430947403	238.54277266258492	62.852901088993356
27.19545130947336	239.93149702408587	62.20782715360484
27.82878430947358	241.2442215449076	62.140585092698174
28.47878430947367	242.71240028530048	62.00924108728036
29.14545130947363	244.03894295897297	62.1631195371177
29.82878430947358	245.73512122140326	62.27436647892916
30.52878430947385	247.02884578205493	62.51521797982591
31.24545130947399	248.35884299394033	62.8751198229788
31.97878430947412	249.66811297654917	62.8550104128322
32.72878430947412	251.0430191851994	63.23357024952268
33.49545130947399	252.47665254346518	62.72194436261438
34.27878430947385	253.99664935704814	62.54513592788763
35.07878430947358	256.4044624912923	62.610472992009754
35.89545130947363	257.43046034046085	62.83621476508631
36.72878430947367	258.50136718639453	63.6811128624493
37.57878430947358	259.48072876969155	64.37383893308548
38.44545130947336	260.726089795366	64.99331886515283
39.3454513094739	262.10445054222896	65.32761114828716
40.26211730947398	263.5691747444088	66.12116117340258
41.19545130947381	265.08398975067274	66.09626781083612
42.14545130947408	266.75080443829535	66.62597541557231
43.1287843094733	268.3934373584286	66.98189408654973
44.12878430947376	270.01707031839237	67.40791303324058
45.16211730947362	271.6355214710374	67.74500098044389
46.21211730947334	272.92579149347625	68.05889026385788
47.27878430947339	274.34906123710425	68.2881670444403
48.3787843094733	275.81896724660334	67.08594615822535
49.49545130947354	277.39423667158934	68.0712892903034
50.64545130947363	279.13186939257173	69.03075626613479
51.82878430947358	280.95068376155234	70.05464817396711
53.02878430947385	282.63649840934465	70.67534276397748
54.26211730947352	284.2946767514351	71.12589516958005
55.52878430947339	286.11003658220324	71.39812206109991
56.81211730947371	287.7561240405492	71.59435622331411
58.1287843094733	289.36421157855574	71.57387018199682
59.47878430947412	290.894572006777	71.60777339002487
60.86211730947389	292.45256874069963	71.72110853848247
62.27878430947339	294.0174745510478	71.84618665283695
63.72878430947367	295.62556208905437	72.4447040599665
65.2121173094738	297.27164954740056	72.76827229294462
66.72878430947367	298.8935552382579	73.08045006997402
68.2787843094734	300.5310063510722	73.3849061083782
69.86211730947389	302.19436650048203	73.4695494946242
71.47878430947412	303.80763584580774	73.34058002534401
73.1287843094733	305.4329960748776	73.39996580832121
74.82878430947358	307.0704471876925	73.5974035658259
76.5621173094737	308.68371653301784	73.53622418590402
78.32878430947403	310.29871314744975	73.68971852501625
80.14545130947363	311.9430733366896	73.90049287967292
81.99545130947399	313.57016083486633	74.19783881146769
83.89545130947363	315.2438845989137	74.53016680948667
85.8454513094739	316.90897201742973	74.86422456712819
87.82878430947358	318.5481503993506	75.16482010985315
89.86211730947389	320.16141974467627	75.49241974388411
91.94545130947381	321.8023253957033	75.89228746480914
94.07878430947403	323.55550353864305	76.08969979221506
96.26211730947352	325.32077256532705	76.17116751452599
98.49545130947399	327.02213263507616	76.48229585466284
100.7787843094734	328.7234927048258	76.81035854984772
103.1121173094734	330.47321630955236	76.80112060635047
105.495451309474	332.2073944923222	76.72519083980946
107.9287843094739	333.9208454458158	76.61322558290458
110.4287843094735	335.63429639930945	76.1678162972472