0.1769444443634711	0.2142944247104394	0.9434721077371273
0.2102777778054588	0.3423375664461315	0.540463475458283
0.2436111110728234	0.3965780639869515	0.401547181952197
0.2763888890040107	0.45081856152776734	0.49069430953597326
0.3269444445031695	0.5468509178295407	0.6294290816216311
0.4936111110146157	0.8642912067159557	0.3485726873713651
0.6936111109680496	0.8642912067159557	0.827257722226641
0.8602777778287418	1.1550558410741036	1.2896386008500011
0.8919444445637055	1.1550558410741036	1.261045915681295
1.160277777758893	1.5151771772057536	1.2895294238914783
1.6602777778171	1.9375417072366987	1.5700015710526896
2.160277777875308	2.4257061851040453	1.629568279240665
2.660277777758893	2.727141081273497	1.8341078316131783
3.1602777778171	3.097043490732181	2.237976453988746
3.660277777875308	3.435824303241217	2.6164366731290496
4.160277777758893	3.803948335731346	2.670376852314403
4.6602777778171	4.084931896762454	3.489623679689582
5.160277777875308	4.531304515868848	4.076800292891327
5.660277777758893	4.889647475031944	3.681294926104302
6.1602777778171	5.153736454861823	3.8217119329832228
6.660277777875308	5.422271377113075	4.173717624670241
7.160277777758893	5.763719755074937	4.731365377232358
7.6602777778171	6.10961407545817	4.5571030145896625
8.160277777875308	6.45373001887286	4.853246448413101
8.660277777758893	6.625343396338061	5.276355932681278
9.1602777778171	6.96590258581565	4.6785246676968395
9.660277777875308	7.300237455903302	5.557817105146115
10.16027777775889	7.468294079431404	5.690563523335711
10.6602777778171	7.807074891940436	5.678469175007501
11.16027777787531	7.973353138499992	6.48187052296976
11.66027777775889	8.393939291562388	6.496692803390364
12.1602777778171	8.560217538121938	6.946849187072638
12.66027777787531	8.979914502700057	7.78265792239688
13.16027777775889	9.145303560775334	7.057796408607253
13.6602777778171	9.482305996315814	7.142604498619469
14.16027777787531	9.818419243372022	6.974089477254594
14.66027777775889	9.97669479357309	7.83309952054948
15.1602777778171	10.141194663164088	7.80882844761794
15.66027777787531	10.477307910220297	8.285040996462957
16.16027777775889	10.641807779811295	7.9388358356236575
16.6602777778171	10.977921026867502	8.837034692800177
17.16027777787531	11.3069207660495	8.934305890398877
17.66027777775889	11.560339484068072	9.284610449333947
18.1602777778171	11.725728542143344	9.967990098855552
18.66027777787531	12.060952600715277	9.811956516434813
19.16027777775889	12.225452470306275	9.316979979251274
19.6602777778171	12.561565717362473	9.968323418359917
20.16027777787531	12.80787092750684	10.43251316223578
20.66027777775889	13.061289645525413	10.132728162981964
21.1602777778171	13.308484044154048	10.435991640202769
21.66027777787531	13.47298391374505	11.00981510115088
22.16027777775889	13.808207972316978	10.955230774355924
23.16027777787531	14.226126559926549	11.060243167517577
24.1602777778171	14.72585048808948	11.923064998229517
27.89361111092148	16.464213974848427	12.386972069790579
30.89361111092148	17.71263460677148	13.122680749546705
33.89361111092148	19.0313011289523	13.778152925888309
36.89361111092148	20.19524885486916	14.814686066780768
39.89361111092148	21.271166920842735	15.355778089446808
42.89361111092148	22.437782212212422	16.548103211087252
45.89361111092148	23.51636784363881	17.71603609278232
48.89361111092148	24.684761511977058	17.715697787096556
51.92694444436347	25.77046065127766	18.02214800049893
54.92694444436347	26.685435601597323	18.723401304833576
57.92694444436347	27.600410551916994	18.665149065555372
60.92694444436347	28.68877725667043	19.215311209477456
63.92694444436347	29.605530583958657	19.09033689086085
66.92694444436347	30.43870019372494	18.99675060747954
69.92694444436347	31.26475629561705	18.592965835817754
72.92694444436347	31.91919902004397	18.49088036768803
75.92694444436347	32.58075525234507	19.02871963528502
78.92694444436347	33.325006013683804	19.02509742731212
81.92694444436347	33.98567305750062	19.432428090784494
84.92694444436347	34.7290346303551	20.283171820324934
87.92694444436347	35.38525573175054	20.951504908782823
90.92694444436347	36.05036871798874	21.995510028501496
93.92694444436347	36.62211691337802	22.88004447614031
96.96027777780546	37.288119088100494	22.513062839272923
99.96027777780546	38.04392929973481	21.873295017010953
102.9602777778055	38.79885032288485	21.58760000088998
105.9602777778055	39.46485249760734	22.182695640484052
108.9602777778055	39.95301697547469	23.885440705396498
111.9602777778055	40.358486924304394	23.262025506382912
114.9602777778055	40.852875721561674	23.356450275911453
117.9602777778055	41.4299590478566	23.225116422686106
120.9602777778055	42.10218554196901	24.723596864082054
124.0269444445148	42.77352284759713	25.89328952207465
127.0269444445148	43.27858190666571	26.270768086002754
130.0269444445148	43.95614353168379	27.030868108802153
133.0269444445148	44.46120259075237	27.01214259479902
139.0269444445148	45.73185293478231	26.577623923319944
145.0269444445148	46.65838733539758	24.077925587347515
151.0769444445032	47.58670011298136	21.87387551275463
157.0769444445032	48.51945883298657	21.238284141943097
163.0769444445032	48.90803420061503	20.43938299540356
169.1102777777705	49.384639228186785	20.714523202571595
175.1102777777705	50.1226656701356	22.455039430308023
181.1102777777705	50.69441386552485	20.77576697899193
187.1102777777705	51.347967401467464	21.240569826649843
193.1102777777705	52.28517206389404	21.94474845655566
199.1102777777705	53.04453902946547	22.356369540123843
205.1102777777705	53.36553607228901	22.8063101608796
211.1102777777705	53.76389251324451	22.193202095740734
217.1102777777705	54.34008665105513	21.114397255513865
223.1102777777705	55.01586989910464	20.239343172462206
229.1102777777705	55.60806942963226	19.90571524993716
235.1102777777705	55.92906647245576	21.37224807511911
242.6602777777589	56.41545257335457	21.556882989997966
248.6602777777589	57.00854129236645	20.69610469125982
254.6602777777589	57.417567995133254	19.640756805660267
260.6602777777589	57.74478935734671	10.600132215381247
269.1436111111543	58.41523747449057	14.79235238064259
278.1436111111543	58.91407221416922	17.196405873874102
287.1436111111543	59.31242865512474	15.424519839133886
296.1436111111543	57.99465132142818	33.36947256032742
305.1436111111543	59.35244213691713	34.448773638151515