0.09999999991850927	0.11770460840162217	0.0708377294271168
0.1999999998952262	0.22294050828612294	0.2328297433462272
0.2833333331509493	0.3182014413569266	0.35760125990448755
0.3666666664066725	0.426429831285535	0.14240558426937372
0.4500000000116415	0.41046988438362253	0.057548014317098495
0.5333333332673647	0.4822896454422384	0.14031298902965172
0.6166666666977108	0.49425960561867405	0.19422136021670688
0.6999999999534339	0.5186982743122313	0.1518156462396517
0.78333333338378	0.5276757444445588	0.22107183924038923
0.8666666666395031	0.5541094065008543	0.23226969755204874
0.9499999998952262	0.556104399863595	0.3441977011925562
1.033333333150949	0.6149567040644037	0.42396018802057606
1.116666666406672	0.6329116443290573	0.3394626284204241
1.283333333267365	0.7251800873557532	0.46348694012420316
1.449999999953434	0.7291700740812302	0.428141661179158
1.616666666639503	0.8209397687672427	0.30298078309912413
1.783333333150949	0.8274234971961436	0.41236493438287314
1.950000000011642	0.8364009673284717	0.387428478400119
2.116666666697711	0.8673233644509302	0.41980414073632133
2.28333333338378	0.9107144700905143	0.43684936577364075
2.449999999895226	0.9291681586958508	0.46233090171536123
2.616666666406672	0.9974966813696734	0.7003788933141739
2.783333333267365	1.0219353500632304	0.6271847214053033
2.949999999953434	1.0488677604602141	0.6470049369084072
3.116666666639503	1.054353992207744	0.7453143271817115
3.283333333150949	1.1770460840162167	0.7882712729991652
3.78333333338378	1.2353996398763396	0.8898177662889296
4.283333333267365	1.385024142081794	0.8969338035433023
4.783333333150949	1.4743000950643799	1.1574019187117106
5.28333333338378	1.591505955125316	1.1518630035363442
5.783333333267365	1.7456191923969286	0.9523384027135118
6.283333333150949	1.8324014036760905	1.1065249262986625
6.78333333338378	1.9276623367468964	1.374153211745555
7.283333333267365	1.9201811116366234	1.290544877130991
7.783333333150949	2.03339698497208	1.5042917798496014
8.28333333338378	2.163071553550136	1.804619425481235
9.28333333315095	2.3670596248902385	2.1568149984128913
10.28333333326737	2.6533411724433327	2.348544580732648
11.28333333338378	2.8692992039598666	2.5243115088662935
12.28333333315095	3.066803546871063	2.884399150651126
13.28333333326737	3.2727866115738995	2.989239172393408
14.28333333338378	3.5017120999482403	3.219417401139647
15.28333333315095	3.7560737536975073	3.5977211048361113
16.28333333326737	3.9665455534665086	3.9501849605229205
17.28333333338378	4.160558657992909	4.353461888343261
18.28333333315095	4.423897781874501	4.492474745705135
19.28333333326737	4.689231899118837	4.59438356823609
20.28333333338378	4.94858103627495	4.8540125252549835
21.28333333315095	5.2144139018599684	5.180964574796665
22.28333333326737	5.433863171761301	5.23004118028417
23.28333333338378	5.669771136905228	5.3946502120063435
24.28333333315095	5.861290499728206	5.471025874950409
27.28333333315095	6.5076683492557486	5.792864745713969
30.28333333315095	7.12362255000153	6.310351956716674
33.28333333315095	7.749551717560992	6.740031998127206
36.28333333315095	8.302663627380477	7.444443880996364
39.28333333315095	8.895176656114064	8.02118173012272
42.28333333315095	9.453276049340397	8.26025143297419
45.28333333315095	10.098157653845892	9.378556592507481
47.06666666670935	10.44129651223706	9.785930292903506
48.66666666668607	10.767477927044936	9.913149219239639
52.75000000005821	11.441785683650846	10.78277269045756
58.01666666660458	12.66770910505417	11.082111793868085
65.01666666654637	13.939018625459818	12.18673948122468
72.98333333333721	15.176413258698899	12.354230878893757
76.53333333338378	15.714063969957158	14.639668124521819
80.53333333315095	16.44123905067565	15.299066804262482
85.93333333329065	17.299086196653565	13.306710574102901
93.30000000004657	18.36740514240049	17.097924343640617
99.38333333330229	20.157412937118366	17.710572481579145
108.0333333333838	20.35840851841435	15.982797227714636
119.6000000000349	23.259627616178044	17.25829598129623
124.7166666666162	23.811742029316157	15.237388910367736
134.533333333151	24.067599928087468	17.29008630600208
141.3833333333023	24.875572239996924	17.656205403028412
147.6999999999534	26.605231485491924	15.910031700260525
156.0666666666511	26.664582538033414	12.874720263792168
165.5	27.309962890879618	12.528803964763817
170.0499999999884	27.70995906010886	14.062155459668283
182.8833333332441	29.068050791793656	12.69262948447295
190.3833333332441	29.357823577731544	15.18631472659946
216.2500000000582	30.228139432226588	17.449350593117607
227.7999999999884	30.796213792266606	15.254134159766158
234.8833333333605	31.4814940123676	14.046174856007145
240.6833333330578	33.2575368535463	15.221157914900997
251.3999999999069	32.76776598299377	12.879151941470838
264.3333333333139	35.11138443587182	12.379343041458991
277.1166666664067	35.450034559196844	13.803695955149271
287.1499999999651	35.352778632763275	14.414106536431378
301.3499999998021	35.32784121572902	14.758447904360194
312.1666666664532	35.98469278041097	11.490225809034834
324.2500000000582	35.519360578552025	13.08835280668383
335.9999999999418	36.664985517105116	8.515367996579675
347.1999999999534	35.73531861006855	12.528870468245955
357.6333333332441	36.360749029287334	12.50634361352541
369.8666666666395	36.72782780803138	14.851196704881827
383.4333333333489	37.87494899160651	7.6043993212623215
407.533333333151	38.20561914148055	5.888636501947312