1.333333333255723	1.0994634447141711	2.423716056675529
1.833333333139308	2.0084061481060447	2.925612538705723
2.833333333255723	3.3208823661041924	1.089321065310575
3.833333333197516	3.245467905997449	2.344258228401803
4.833333333139308	4.24702485864321	5.206632493709854
5.833333333255723	5.355749728282782	3.3039857882179384
6.833333333197516	5.530393741161561	2.4794370595234123
8.833333333255723	6.731732860055032	4.3679883271128634
10.83333333313931	7.56393804263652	4.427323689306348
12.83333333319752	8.353805282701945	6.268609388844259
14.83333333325572	9.446653423897985	7.004413330917945
16.83333333313931	10.257689635221434	6.858128528313662
18.83333333319752	11.056818300212246	6.895336768013553
20.83333333325572	11.371706747675521	6.708613700625664
24.83333333319752	12.735782333115125	6.709826691444719
28.83333333313931	13.575925879918376	7.44798693702107
32.83333333325572	14.716404206444999	8.917042921800089
36.83333333319752	15.71663809838713	8.082898442631667
40.83333333313931	16.457552092418343	8.092466384920307
44.83333333325572	17.18788160082055	9.845740157812354
48.83333333319752	18.086239818583397	10.28204498972679
52.83333333313931	19.04413576800947	11.16256453142912
56.83333333325572	19.710958362637566	12.036422119252169
60.83333333319752	20.507440906221113	13.689466611402223
64.83333333313931	21.34493833161711	16.22976770483451
68.83333333325572	22.43778647281315	17.228876488891306
72.83333333319752	23.484327489382252	19.469191487293664
76.83333333313931	24.340347764629023	19.27302423143593
80.83333333325572	25.524487094375345	18.66905950539651
84.83333333319752	26.369922883993105	21.17571429172463
88.83333333313931	27.21403561290724	22.472031772546064
92.83333333325572	27.81470517235396	22.166778575947173
96.83333333319752	29.164227090053664	22.402253935153027
100.8333333331393	30.073169793445523	22.3240435751372
104.8333333332557	30.82466827310577	23.19260331201181
108.8333333331975	31.63173530231836	22.1521447394201
112.8333333331393	32.28003504709567	23.465979183167175
116.8333333332557	32.897904395689565	22.07935787080847
120.8333333331975	33.78567812782339	21.247559387729567
124.8333333331393	34.4154550227499	18.537304826233406
128.8333333332557	35.53873356012939	17.551532872211567
132.8333333331975	35.75439245482061	19.18757193697021
136.8333333331393	36.12484945183621	17.931719245336375
140.8333333332557	36.16586433364867	17.293639569090672
144.8333333331975	36.59453600162387	12.072751555434404
148.8333333331393	37.31957326721152	14.333085645249973
152.8333333332557	37.729722085335965	15.304185283914848
156.8333333331975	38.05387195772463	15.219193230313769
160.8333333331393	38.473282200774406	16.970097285865943
164.8333333332557	38.31319185563555	17.26175736747246
168.8333333331975	38.88343101889886	15.414161738227774
172.8333333331393	39.37428653994454	15.568763909913997
176.8333333332557	39.687851926704184	15.90813482838757
184.8333333331393	40.338797792888776	18.099413404653717
192.8333333331975	40.946082655853616	17.183842212857744
200.8333333332557	41.603643825556325	16.460109327186665
208.8333333331393	42.132868107007205	15.932632523406815
216.8333333331975	42.72559930223219	15.172270684985081
224.8333333332557	43.268054190719305	13.27204958454422
232.8333333331393	43.69275667658361	12.194078215184128
240.8333333331975	44.043367763044834	12.211426614499635
248.8333333332557	44.280195628994086	11.37522340357133
256.8333333331393	44.42705536709667	12.038198426916058
264.8333333331975	44.68505220430401	11.296117085117473
272.8333333332557	45.07270899046677	10.001046688360166
280.8333333331393	45.321444402748654	10.299867278085685
292.4499999999534	45.9763594510441	5.893715252907215
299.4499999998952	46.099404096481415	1.9512303989214257
306.449999999837	46.09543491437055	13.528004712729398