0.07531836451016716	10.534230117770834	5.497004187948979
0.175318364510531	19.341537265415173	15.351595270127273
0.2753183645108948	27.458075225008983	21.530659773042622
0.3753183645112586	34.883843996552386	26.96047675003311
0.4753183645098034	41.791535877057825	31.07712470473764
0.5753183645101672	48.00845856951267	34.77616274262126
0.675318364510531	53.879996667942294	37.10949435900386
0.7753183645108948	59.06076557832139	38.76288122705465
0.8753183645112586	63.89614989467514	39.8847812092617
0.9753183645098034	68.21345731999102	39.872272975796875
1.075318364510167	72.01268785426902	39.4634452245078
1.175318364510531	75.6392260915344	39.07751580158978
1.275318364510895	78.74768743776184	38.646451852418664
1.375318364511259	81.6834564869766	37.61546533200009
1.475318364509803	84.27384094216619	36.53604548994103
1.575318364510167	86.6915331003431	35.709614793518156
1.675318364510531	88.7638406644947	36.07626084479305
1.775318364510895	90.83614822864634	36.01218451370737
1.875318364511259	92.90845579279794	36.241978163886756
1.975318364509803	94.8080710599369	35.386432285230754
2.075318364510167	96.53499403006332	34.15174069666255
2.175318364510531	98.08922470317695	33.39672587634631
2.275318364510895	99.47076307927811	32.49205251789105
2.375318364511259	100.85230145537919	31.957140566351313
2.475318364509803	102.23383983148028	30.276796274860583
2.575318364510167	103.44268591056871	27.537747806602848
2.675318364510531	104.6515319896572	22.79574615561561
2.775318364510895	105.51499347472036	17.11083805427272
2.875318364511259	106.03307036575823	15.164547578869621
2.975318364509803	106.20576266277087	11.692162413665436
3.075318364510167	106.20576266277087	8.814229497261863
3.175318364510531	106.5511472567962	9.794052194218299
3.275318364510895	106.72383955380876	10.441239589686642
3.375318364511259	107.24191644484672	11.213617414007757
3.475318364509803	107.58730103887196	12.867405033933649
3.575318364510167	107.93268563289726	14.093344211475252
3.675318364510531	108.4507625239351	15.016694986257159
3.775318364510895	108.79614711796037	13.793135043071631
3.875318364511259	109.14153171198568	14.24887911546982
3.975318364509803	109.65960860302364	14.563565489656716
4.075318364510167	110.0049931970488	13.57849001693793
4.175318364510531	110.17768549406145	12.79934204379442
4.275318364510895	110.52307008808671	12.320036801403473
4.375318364511259	110.86845468211209	11.88714842534084
4.575318364510167	111.38653157314997	10.906776253550701
4.775318364510895	111.73191616717523	10.58318028552847
4.975318364509803	112.07730076120055	10.047840791670062
5.175318364510531	112.59537765223835	9.616974339615215
5.375318364511259	112.94076224626362	9.990327823230091
5.575318364510167	113.28614684028895	10.363742432203582
5.775318364510895	113.63153143431423	9.9968586948613
5.975318364509803	113.97691602833947	10.341452818198649
6.175318364510531	114.32230062236476	10.686101766880048
6.375318364511259	114.66768521639	11.038239913000922
6.575318364510167	115.01306981041525	10.584872221995308
6.775318364510895	115.35845440444056	10.907910306906038
6.975318364509803	115.70383899846581	11.230996826907079
7.175318364510531	116.0492235924911	11.554128152479793
7.375318364511259	116.22191588950375	11.166157693025912
7.575318364510167	116.56730048352897	11.467818772781092
7.775318364510895	116.91268507755423	11.943331997027215
7.975318364509803	117.25806967157952	11.702718408365909
8.175318364510531	117.43076196859224	12.478027157307134
8.375318364511259	117.77614656261753	12.859734461948596
8.575318364510167	118.12153115664279	13.433750012384966
8.775318364510895	118.46691575066794	13.150826600620269
9.075318364510167	118.81230034469321	14.173167941592704
9.375318364511259	119.33037723573118	14.049992016294716
9.675318364510531	119.84845412676916	14.543581994006002
9.975318364509803	120.19383872079429	14.39070525706127
10.2753183645109	120.71191561183225	15.476154105338223
10.57531836451017	121.05730020585749	15.252462599344838
10.87531836451126	121.57537709689548	15.683441529137419
11.17531836451053	121.92076169092077	16.11448168405505
11.4753183645098	122.4388385819586	16.220119566729085
11.7753183645109	122.78422317598394	17.32433631090568
12.07531836451017	123.30230006702178	16.57166074615247
12.37531836451126	123.64768466104711	17.751636495014797
12.67531836451053	124.16576155208503	17.99447591216957
12.9753183645098	124.51114614611019	17.968234691860616
13.2753183645109	125.02922303714817	18.462978274135175
13.67531836451053	125.37460763117339	18.581735546048066
14.07531836451017	126.06537681922393	18.685386516531207
14.4753183645098	126.58345371026192	19.367046202383122
14.87531836451126	127.10153060129976	19.307505335932458
15.2753183645109	127.61960749233772	19.99100715452521
15.67531836451053	128.13768438337564	19.671168678245238
16.07531836451017	128.65576127441344	19.736692352306253
16.4753183645098	129.17383816545143	20.461911181294923
16.87531836451126	129.51922275947666	20.826832249261365
17.2753183645109	130.03729965051454	20.665345213473334
17.67531836451053	130.55537654155253	21.41941527827733
18.17531836451053	131.07345343259044	21.573034710337854
18.67531836451053	131.764222620641	22.116843776234226
19.17531836451053	132.28229951167887	22.64647545145935
19.67531836451053	132.97306869972934	22.13876841845328
20.17531836451053	133.49114559076727	23.000417181481346
20.67531836451053	134.00922248180518	22.278687491371127
21.17531836451053	134.6999916698557	22.116608396978528
21.67531836451053	135.21806856089364	22.097752935518756
22.17531836451053	135.56345315491896	21.770378762329134
22.7753183645109	136.25422234296954	21.65163347624809
23.37531836451126	136.7722992340073	21.269811872544885
23.9753183645098	137.2903761250453	20.259600041168607
24.57531836451017	137.8084530160832	20.904455406963585
25.17531836451053	138.32652990712103	19.595715407427985
25.7753183645109	138.84460679815905	19.54174664206169
26.37531836451126	139.18999139218428	19.38683770221968
27.07531836451017	139.70806828322213	19.190399981837416
27.7753183645109	140.22614517426013	18.39042280388403
28.4753183645098	140.5715297682853	18.31889116920446
29.17531836451053	141.08960665932324	17.985469953269796
29.87531836451126	141.43499125334856	17.46637903362581
30.57531836451017	141.95306814438644	17.683861262276018
31.37531836451126	142.29845273841167	17.156943398809286
32.17531836451053	142.81652962944958	17.115522869527577
32.9753183645098	143.16191422347492	16.39934834024926
33.7753183645109	143.5072988175002	17.11518181294078
34.57531836451017	144.02537570853806	16.371538563364417
35.37531836451126	144.37076030256327	16.58889889357902
36.2753183645109	144.71614489658853	15.897530485933974
37.17531836451053	145.06152949061382	15.92466313992038
38.07531836451017	145.5796063816518	15.204856617460607
38.9753183645098	145.9249909756771	14.50636927724834
39.87531836451126	146.2703755697024	14.41629767996113
40.87531836451126	146.6157601637276	14.472042292039282
41.87531836451126	146.9611447577529	14.525642426585359
42.87531836451126	147.13383705476548	13.85103074860167
43.87531836451126	147.47922164879083	13.773255604577338
44.9753183645098	147.8246062428161	12.99624962775002
46.07531836451017	148.16999083684138	13.071902514653507
47.17531836451053	148.5153754308666	13.14493224962534
48.2753183645109	148.86076002489182	13.11595118590947
49.4753183645098	149.20614461891722	13.058018932700886
50.67531836451053	149.37883691592972	12.432439942398668
51.87531836451126	149.72422150995502	12.435834828292414
53.07531836451017	150.06960610398036	11.715911448069791
54.37531836451126	150.24229840099295	11.700093649684048
55.67531836451053	150.5876829950183	10.986630782818446
56.9753183645098	150.7603752920309	11.73511825576161
58.37531836451126	151.10575988605606	11.013852188164478
59.7753183645109	151.27845218306882	10.965791378277824
61.17531836451053	151.623836777094	10.998618731279132
62.67531836451053	151.79652907410673	10.29198024875324
64.17531836451053	152.141913668132	10.983806635201912
65.67531836451053	152.31460596514458	10.304463689613746
67.2753183645109	152.6599905591698	11.02070281060725
68.87531836451126	152.8326828561825	10.275592613475222
70.4753183645098	153.00537515319508	10.331611836978839
72.17531836451053	153.3507597472203	9.593272671355527
73.87531836451126	153.52345204423298	10.331628441594304
75.67531836451053	153.86883663825827	9.602506671709701
77.4753183645098	154.04152893527092	9.613317747714426
79.2753183645109	154.2142212322835	10.322293660414037
81.17531836451053	154.38691352929624	9.611512401166761
83.07531836451017	154.73229812332144	9.592120465991274
85.07531836451017	154.9049904203341	9.622263181812782
87.07531836451017	155.07768271734673	9.609153988275223
89.17531836451053	155.42306731137208	9.604376164563625
91.2753183645109	155.59575960838472	10.349599807189952
93.4753183645098	155.76845190539737	9.620534325042206
95.67531836451053	156.1138364994225	9.624566020957113
97.9753183645098	156.28652879643514	9.629849629583115
100.2753183645109	156.4592210934478	8.918146740810082
102.6753183645105	156.804605687473	9.670564452842843
105.0753183645102	156.97729798448566	9.704156156173573
107.5753183645102	157.14999028149842	8.960218390800913
110.0753183645102	157.32268257851095	8.99390217675988
112.6753183645105	157.4953748755237	9.753825235191663
115.2753183645109	157.84075946954897	9.00624927098464
117.9753183645098	158.0134517665616	9.01612407697563
120.7753183645109	158.18614406357418	9.033308129491692
123.5753183645102	158.35883636058688	9.021715218160436
126.4753183645098	158.70422095461208	9.773684205947085
129.4753183645098	158.87691325162479	9.014693524056097
132.4753183645098	159.0496055486374	9.018379190606398
135.5753183645102	159.22229784565008	9.028905189398001
138.7753183645109	159.39499014266255	9.765053705659934
142.0753183645102	159.74037473668798	9.031137936315924
145.3753183645113	159.91306703370057	9.255609668629022
148.7753183645109	160.0857593307132	9.670589037339353
152.2753183645109	160.25845162772586	10.681214062999453
155.8753183645113	160.6038362217511	8.122023046107975
159.4753183645098	160.7765285187637	8.890659209985953