0.01000000000021828	5534.778591107438	2935.694399762073
0.01999999999998181	8001.056349165668	4180.520048344848
0.02999999999974534	9843.717625842275	4977.795077655728
0.03999999999996362	11364.138201955486	5620.968922387431
0.0500000000001819	12676.522868354192	6147.704545911295
0.05999999999994543	13837.01923348698	6576.287965096886
0.06999999999970896	14878.236811716977	6921.0528985699775
0.07999999999992724	15821.626121598216	7195.104409132684
0.09000000000014552	16682.560653063723	7409.800594772106
0.1009816608871006	17546.87240952036	7589.386827254824
0.1133032870611714	18430.010722521063	7735.304686761362
0.1271283790160851	19327.911161105727	7844.947479481672
0.1426403873215349	20236.28451880005	7917.461430423441
0.1600451469034852	21150.869745711447	7954.457636864489
0.1795736083468	22067.74855363375	7960.414937975602
0.2014849024708383	22983.69108889131	7942.959830613738
0.2260697788356083	23896.53495746497	7913.2840671317435
0.2536544638132909	24805.627002855606	7885.834714392105
0.2846049894146745	25712.130912774766	7877.402501415935
0.3193320503096402	26619.259027838496	7906.259675311444
0.3582964534975872	27532.381371735093	7990.615740823928
0.402015232935355	28458.90183747996	8146.762347534718
0.4510685102636671	29407.940040063928	8387.612191903432
0.5061071926706973	30389.871063277773	8721.585548333696
0.5678616100312865	31415.75093597449	9151.747413013834
0.6371512059449742	32496.657736069832	9675.869268566246
0.7148954112508363	33643.13131750729	10286.823684592966
0.8021258443191073	34864.60531996705	10973.648935396592
0.8999999999987267	36169.09204562182	11722.969133829976
1.009816608870096	37562.94146027036	12520.123372658049
1.133032870613079	39050.78604656467	13350.291663788395
1.271283790158577	40635.559023937036	14199.597533195982
1.426403873212621	42318.69299211036	15055.763337193799
1.600451469032578	44100.28895722914	15908.203805748266
1.795736083469365	45979.33643897198	16748.32842599755
2.014849024708383	47953.951993823175	17569.390743777723
2.260697788355174	50021.564523324596	18366.262087474308
2.536544638134274	52179.1015830272	19135.22461977693
2.8460498941472	54423.12691928658	19873.697027452545
3.193320503097311	56749.963492758136	20580.021957109395
3.582964534975872	59155.78193467787	21253.25524072894
4.020152329352641	61636.67489159395	21893.015729593615
4.51068510263849	64188.71073937077	22499.34882874803
5.061071926705608	66807.97632463704	23072.633263054264
5.67861610031332	69490.60900463344	23613.49831076675
6.371512059447923	72232.82010436618	24122.76699516474
7.148954112507909	75030.91361818842	24601.405021682007
8.021258443191527	77881.29762685925	25050.484433433212
8.999999999986358	80780.49431092668	25471.150507630533
10.09816608870233	83725.14339634865	25864.597277720113
11.33032870613033	86712.00613839332	26232.04576641564
12.71283790158577	89737.96332682742	26574.72774341712
14.26403873212848	92800.01504884993	26893.872416839557
16.00451469032623	95895.27510665737	27190.696808152326
17.95736083469274	99020.96797835463	27466.399012700997
20.14849024708474	102174.42104772016	27722.15348280514
22.60697788355219	105353.05976999992	27959.10834797514
25.36544638134183	108554.39851833651	28178.38303064515
28.46049894147245	111776.0343526103	28381.066652540456
31.93320503097357	115015.63659091256	28568.21536669455
35.82964534976054	118270.93897130067	28740.849837244117
40.20152329352595	121539.72759498174	28899.95129838857
45.10685102638672	124819.83105352748	29046.45819420454
50.61071926705517	128109.1064311215	29181.262012323055
56.78616100313184	131405.42724350782	29305.204847786525
63.7151205944765	134706.6676383735	29419.076899290965
71.48954112507727	138010.688489465	29523.6166056967
80.21258443191618	141315.32039582622	29619.510905339466
89.99999999986449	144618.34863620062	29707.398146323405
100.9816608870242	147917.4957544955	29787.870635608782
113.3032870613042	151210.4061517431	29861.479070560188
127.1283790158564	154494.62898709005	29928.76439836214
142.1283790158559	157665.57123598372	29987.79222295915
157.1283790158564	160507.03526863488	30036.069980449447
172.1283790158559	163078.53958053587	30077.881566781074
187.1283790158564	165424.8269180232	30113.481447235634
202.1283790158564	167580.38550310375	30144.17835384048
217.1283790158564	169572.36233055269	30170.935012313428
232.1283790158564	171422.50980047398	30194.475605581014
247.1283790158564	173148.52685892218	30215.35487897673
262.1283790158564	174765.0075106426	30233.779581389375
277.1283790158564	176284.12690739095	30250.581090445263
292.1283790158564	177716.1482067973	30265.464513314113
307.1283790158564	179069.8030928483	30279.307874393267
322.1283790158564	180352.58141231127	30291.940165978373
337.1283790158564	181570.95638509095	30303.51877914332
352.1283790158564	182730.56067815537	30314.1698604395
367.1283790158564	183836.32494646934	30324.005897487314
382.1283790158564	184892.591152774	30333.004332751316
397.1283790158564	185903.2009940777	30341.481067556186
412.1283790158564	186871.57141912135	30349.38066684767
427.1283790158564	187800.75339497175	30356.627851847148
442.1283790158564	188693.48382665898	30363.56353863775
457.1283790158564	189552.22568443036	30370.150063578065
472.1283790158564	190379.20464344896	30376.33495324857
487.1283790158564	191176.4375494728	30382.156097405168
500.0	191838.23242114505	30387.633792314195