0.8592010828906496	0.03216814608479795	0.015120008573426387
1.35920108289065	0.04289086144640029	0.021291736869856328
1.85920108289065	0.04825221912719694	0.015188315294915745
2.35920108289065	0.05361357680800261	0.02570367536729427
2.85920108289065	0.05361357680800261	0.03376247730598954
3.35920108289065	0.05897493448879927	0.08409629761980086
3.85920108289065	0.06969764985040161	0.07711199366380615
4.35920108289065	0.07773968637160111	0.044883096849740775
4.85920108289065	0.12063054781800138	0.013438429518733981
5.85920108289065	0.12063054781800138	0.08554806165519802
6.35920108289065	0.10186579593519052	0.0019749350773629096
6.85920108289065	0.0938237594140001	0.0038200836043613567
7.85920108289065	0.0750590075311982	0.07867916331060505
8.35920108289065	0.4503540451871805	0.050219969622884414
77.25920108289029	0.01876475188279277	0.28156262400822324
101.959201082891	0.10454647477560239	5.54742519979838
106.959201082891	0.15816005158359597	8.902635185267272
112.459201082891	2.125778320437095	1.1532705579635703
118.459201082891	2.1579464665218935	8.977226881720693