0.007020150285825366	10.942629804371057	5.513526199815276
0.02702015028262395	23.47469187082953	13.081560107230894
0.04702015028487949	31.584871874814045	26.898793314189806
0.05702015028509777	37.59618619937542	25.21047308214429
0.07702015028553433	42.38486032233111	16.69826227457724
0.09702015028597089	46.37881831424307	20.789945480131284
0.1070201502843702	49.92447489889959	19.96163048964861
0.1270201502848067	53.082962086380995	19.154299494200544
0.1470201502852433	55.976543896847865	23.285744843842494
0.1570201502854616	58.645975003687	22.70706538980548
0.1770201502858981	61.13201008028522	21.128641820438737
0.1970201502845157	63.43464912664265	24.914540515662544
0.207020150284734	65.59464681614604	25.440683843401132
0.2270201502851705	67.61200314879547	29.31023593299612
0.2470201502837881	69.48671812459088	26.645697557641753
0.2570201502858254	71.23916908022572	25.912625913990286
0.2770201502844429	72.8897333523934	29.56749889119632
0.2970201502830605	74.43841094109403	24.42721454656351
0.3070201502850978	75.92595651971429	26.115866386429612
0.3270201502855343	77.3319927515608	26.5069792785482
0.3470201502859709	78.63614229994026	24.31366961673914
0.3570201502843702	79.85878250154595	23.905892010195092
0.3770201502848067	81.08142270315165	26.564870259619102
0.3970201502852433	82.24293089467709	24.541592162731252
0.4070201502836426	83.34330707612224	26.07016952951905
0.4270201502858981	84.42330592087393	26.801256986577997
0.4470201502845157	85.44217275554531	27.08541159647256
0.4770201502851705	87.39839707811448	26.641931287202787
0.4970201502856071	88.3357545660122	28.08503231676634
0.5270201502844429	90.14933753172728	27.690718420117847
0.5470201502848795	91.02556300954474	28.18153443193508
0.5770201502855343	92.71688195509925	28.28025693542084
0.5970201502859709	93.5319754228364	28.709618028243177
0.6270201502848067	95.12140768492382	28.858162934980275
0.6470201502852433	95.87536914258071	29.334485714239626
0.6770201502840791	97.36291472120101	30.30474379482232
0.6970201502845157	98.0964988421644	29.785876155488534
0.7270201502833515	99.52291241070434	30.74707976640581
0.7470201502856071	100.19536452158755	31.002087767339
0.777020150282624	101.54026874335378	31.085733474017918
0.7970201502848795	102.17196618085009	31.50054211569748
0.8270201502855343	103.4353610558426	30.97486384241176
0.8470201502859709	104.0466811566455	30.743944666363305
0.8770201502848067	105.2489440215578	30.68111630552058
0.9070201502854616	106.41045221308319	31.659006527202102
0.9470201502845157	107.51082839452836	31.13324315773178
0.9770201502851705	108.59082723928005	31.43841499671071
1.007020150285825	109.65044874733834	30.362855668566677
1.047020150283061	110.66931558200969	31.661726265273742
1.077020150285534	111.66780507998774	32.0949320560207
1.10702015028437	112.6255399045789	30.942935007654068
1.147020150285243	113.54252005578314	31.14198627360601
1.177020150285898	114.43912287029401	32.08479002342126
1.207020150282915	115.33572568480487	30.95031934593036
1.247020150285607	116.19157382592883	30.793339345296843
1.277020150284443	117.02704463035937	31.671456420965526
1.307020150285098	117.82176076140308	31.17171057863301
1.347020150285971	118.6368542291402	30.79775535139093
1.397020150285243	119.81873975735911	31.548222072001842
1.447020150284516	120.91911593880427	30.840075401436632
1.497020150285607	121.99911478355595	31.56698286572569
1.54702015028488	123.03835895492074	31.406039517324214
1.597020150285971	124.05722578959225	31.420728902614325
1.647020150285243	125.03533795087677	31.492175718975016
1.697020150284516	125.97269543877445	31.5283738954854
1.747020150283788	126.8896755899787	31.686242125331724
1.797020150283061	127.78627840448956	31.697698559727293
1.847020150285971	128.66250388230705	31.742311769053998
1.897020150285243	129.51835202343105	31.6154791330469
1.947020150284516	130.374200164555	31.7560314645367
1.997020150285607	131.1892936322921	32.150222843915984
2.04702015028488	131.98400976333582	32.007382516681126
2.097020150285971	132.71759388429928	32.01323243026359
2.147020150285243	133.49193267864956	31.757275218523823
2.197020150284516	134.2255167996129	32.05387052975828
2.257020150285825	135.18325162420416	31.862293312865926
2.327020150285534	136.12060911210176	31.828409357561092
2.397020150285243	137.0172119266127	32.21489660703116
2.457020150284734	137.89343740443013	32.077068308865925
2.527020150284443	138.76966288224753	31.49626053471362
2.597020150285971	139.58475634998462	31.76774738186019
2.657020150283643	140.42022715441522	31.906062901897133
2.727020150285171	141.23532062215233	31.67363144835434
2.79702015028488	142.00965941650264	31.587966754120025
2.877020150284807	142.9266395677069	32.05776631234566
2.947020150284516	143.68060102536384	31.758046303223217
3.027020150282624	144.57720383987467	31.52880933254284
3.097020150285971	145.27003328745113	31.991628310465913
3.177020150285898	146.12588142857513	32.097498046207114
3.257020150285825	146.96135223300575	31.875151536179935
3.347020150285971	147.77644570074284	31.76937043116392
3.427020150285898	148.59153916848007	31.954556438946085
3.507020150285825	149.36587796283024	31.800102444768953
3.597020150285971	150.11983942048715	31.569458790652966
3.697020150284516	151.01644223499798	31.877958634935833
3.79702015028488	151.87229037612204	31.686303855733986
3.897020150285243	152.70776118055255	31.5284118867083
3.997020150283788	153.52285464828975	32.05649053672083
4.097020150285971	154.31757077933347	31.999599433503654
4.197020150284516	155.11228691037715	31.99482676783082
4.29702015028488	155.866248368034	32.09514718235601
4.397020150285243	156.62020982569072	32.3734462012205
4.507020150285825	157.47605796681475	32.20066278751124
4.627020150284807	158.33190610793875	32.28424352920734
4.747020150283788	159.14699957567598	32.525325735199985
4.85702015028437	159.94171570671952	32.48324784261957
4.977020150285171	160.7160545010699	32.207736717226496
5.097020150285971	161.49039329542023	32.28163611989388
5.227020150283352	162.32586409985075	32.19489107374159
5.35702015028437	163.18171224097475	32.32910515832486
5.497020150283788	163.9968057087118	32.31100617888778
5.627020150284807	164.77114450306212	32.387712204375354
5.757020150285825	165.5454832974124	32.282042462351335
5.897020150285243	166.29944475506923	32.33807740874877
6.04702015028488	167.1349155594998	32.26922854616513
6.197020150284516	167.950009027237	32.23257071637219
6.347020150285971	168.74472515828077	32.29062670189171
6.497020150285607	169.49868661593757	32.168918514898905
6.647020150285243	170.2730254102878	32.300251294848465
6.807020150285098	171.08811887802494	32.47431608096123
6.977020150285171	171.8624576723752	32.552532638239455
7.147020150285243	172.6775511401124	32.37373093182255
7.327020150285534	173.49264460784954	32.44631781711533
7.497020150285607	174.24660606550646	32.44276056399501
7.677020150285898	175.08207686993703	32.39450022803149
7.85702015028437	175.87679300098065	32.6234983120734
8.04702015028488	176.63075445863754	32.69069059951993
8.247020150285607	177.44584792637457	32.710325824147084
8.447020150284516	178.2609413941118	32.62221000018789
8.647020150285243	179.05565752515542	32.66302160253797
8.84702015028597	179.82999631950568	32.61728012116579
9.057020150285098	180.64508978724285	32.77709475078979
9.277020150284443	181.43980591828668	32.886683889404914
9.497020150285607	182.19376737594348	32.90453799634318
9.727020150283352	183.04961551706742	32.934122093213304
9.957020150284734	183.84433164811122	33.16374074177735
10.19702015028452	184.63904777915485	33.013533871822844
10.44702015028452	185.47451858358536	33.10113364314531
10.69702015028452	186.28961205132265	33.39725539874277
10.94702015028452	187.08432818236628	33.3407906617434
11.20702015028473	187.94017632349033	33.24495111428022
11.47702015028517	188.734892454534	33.34893746622751
11.74702015028561	189.5296085855777	33.42057688426549
12.02702015028262	190.3650793900082	33.376256000475564
12.3070201502851	191.18017285774536	33.31106039740341
12.59702015028597	191.95451165209573	33.12441087514784
12.89702015028524	192.76960511983287	33.294316965398465
13.19702015028452	193.5846985875699	33.267047203465786
13.50702015028583	194.37941471861373	33.27685612335801
13.82702015028553	195.17413084965744	33.119180600370484
14.14702015028524	195.96884698070107	33.145113074148405
14.47702015028517	196.7839404484382	33.27903405584177
14.82702015028553	197.59903391617542	33.2448442365275
15.1770201502859	198.43450472060584	33.23460169220924
15.52702015028444	199.20884351495624	33.41116690078104
15.89702015028524	200.0035596459999	33.50756845086253
16.27702015028444	200.85940778712384	33.29211464355756
16.65702015028546	201.67450125486099	33.3604413132315
17.04702015028488	202.46921738590478	33.266383298422845
17.44702015028452	203.3046881903352	33.266874281488214
17.85702015028437	204.14015899476584	33.462696585027906
18.27702015028444	204.91449778911627	33.172194206778045
18.70702015028473	205.72959125685324	33.14457291493425
19.14702015028524	206.5446847245904	33.21826923939254
19.59702015028597	207.33940085563427	33.05845931812094
20.0570201502851	208.17487166006464	32.91316073738251
20.52702015028444	208.949210454415	33.033899277144066
21.00702015028583	209.7643039221521	32.961874736833046
21.49702015028561	210.57939738988932	32.96737814560417
21.99702015028379	211.374113520933	33.012648421566794
22.50702015028583	212.16882965197667	32.90507427734469
23.02702015028444	212.9635457830204	33.00980381691749
23.57702015028553	213.77863925075755	32.84945923616973
24.12702015028481	214.59373271849475	32.7338965880075
24.69702015028452	215.40882618623172	32.87960246627474
25.27702015028444	216.22391965396895	32.82331923184219
25.87702015028481	217.039013121706	32.73172863383093
26.47702015028517	217.8133519160563	32.778461028226694
27.09702015028597	218.60806804710012	32.7280886905176
27.72702015028335	219.44353885153075	32.70436141243015
28.37702015028481	220.23825498257432	32.60841598858429
29.04702015028488	221.03297111361795	32.53479920966026
29.72702015028517	221.8480645813553	32.5440494742558
30.4270201502859	222.66315804909243	32.534220046467105
31.14702015028524	223.47825151682952	32.24607073991163
31.87702015028481	224.2729676478733	32.14624810156932
32.62702015028481	225.06768377891692	32.18585798678599
33.39702015028524	225.8623999099607	32.11386228062551
34.1770201502859	226.65711604100431	31.97805528815267
34.97702015028517	227.43145483535466	31.90737308059685
35.79702015028488	228.20579362970494	31.844323035120937
36.62702015028481	229.00050976074868	31.927711242945318
37.47702015028335	229.79522589179234	31.896129035066018
38.34702015028597	230.5695646861425	31.806205785534196
39.24702015028379	231.3642808171863	31.73295518588666
40.15702015028364	232.13861961153654	31.840598515228997
41.09702015028597	232.95371307927365	31.728855616593638
42.04702015028488	233.72805187362394	31.688376536656694
43.02702015028444	234.50239066797417	31.66372206121858
44.02702015028444	235.25635212563114	31.607062910342762
45.04702015028488	236.0510682566748	31.585692892022845
46.09702015028597	236.82540705102505	31.419924829878784
47.17702015028408	237.6201231820687	31.401008945495068
48.27702015028444	238.39446197641905	31.5676727540086
49.39702015028524	239.16880077076942	31.582530725030793
50.54702015028306	239.94313956511957	31.479189211736166
51.72702015028335	240.71747835946996	31.501826461236288
52.9270201502859	241.49181715382028	31.376464236914185
54.15702015028546	242.3069106215574	31.380538388128578
55.40702015028546	243.06087207921428	31.27207791612473
56.69702015028452	243.83521087356453	31.26391877283383
58.00702015028583	244.60954966791468	31.274159626144048
59.34702015028597	245.3635111255716	31.171723306381427
60.72702015028335	246.13784991992196	31.002526173721733
62.14702015028524	246.89181137757885	31.072865045565546
63.59702015028597	247.66615017192896	31.082801647930335
65.07702015028553	248.44048896627928	31.08476583027442
66.59702015028597	249.1944504239361	31.06606135024192
68.14702015028524	249.9687892182864	31.002322190102866
69.72702015028335	250.74312801263682	31.121525778516617
71.34702015028597	251.51746680698704	31.0719328953522
72.99702015028379	252.2918056013374	31.018643498800014
74.69702015028452	253.0457670589941	31.148563379455062
76.42702015028408	253.79972851665104	31.077308298848582
78.19702015028452	254.5740673110013	31.101770167604872
80.00702015028583	255.328028768658	31.04478948580632
81.85702015028437	256.08199022631493	31.06865947578515
83.7470201502856	256.85632902066527	31.194022485718797
85.69702015028452	257.61029047832216	31.205974563573637
87.67702015028408	258.38462927267227	31.233469142427012
89.70702015028291	259.13859073032927	31.248968116085624
91.77702015028444	259.9129295246795	31.279105425850997
93.89702015028524	260.6872683190297	31.298487193015468
96.07702015028553	261.44122977668655	31.436088863995934
98.29702015028488	262.21556857103695	31.37817512947171
100.5770201502855	262.9695300286937	31.493796321628867
102.8970201502852	263.7234914863505	31.359228789109206
105.2770201502844	264.4978302807009	31.481809442320092
107.7070201502829	265.2721690750513	31.514559997029203
110.1970201502845	266.0261305327082	31.540402993258137
112.7470201502838	266.8004693270582	31.679211984144693
115.347020150286	267.5340534480217	31.704078861128185
118.0070201502858	268.3287695790653	31.90482420974824
120.7470201502856	269.0827310367224	31.848594426420686
123.5470201502849	269.8570698310726	31.978562195829593
126.3970201502852	270.6314086254228	32.11617362853181
129.3270201502855	271.3853700830796	32.33434184207745
132.3270201502855	272.20046355081695	32.464986381343834
135.3970201502852	272.954425008474	32.53249161161565
138.5270201502844	273.728763802824	32.519680398788395
141.7270201502834	274.5234799338676	32.731741149194384
144.9970201502838	275.2978187282178	32.80075148798986
148.347020150286	276.1129121959551	32.64647054925394
151.7770201502844	276.86687365361195	32.81483186964216
155.2770201502826	277.62083511126883	33.08356326558025
158.8770201502848	278.435928579006	32.16511002981826
162.5470201502849	279.1898900366627	33.1367638866913