0.01666666654637083	0.1505326779308207	0.12272024517811438
0.04999999998835847	0.367968768275352	0.27312298780274474
0.08333333325572312	0.5253438406575653	0.6604565161365366
0.1166666666977108	0.8256489304690707	1.065692125759309
0.1499999997904524	1.1259540202805485	1.3627144751933868
0.1833333330578171	1.4262591100920399	1.9068815079077914
0.2166666666744277	1.8018305388689484	1.884490331054256
0.2499999999417923	2.0268692897150364	2.0138275382782336
0.28333333338378	2.327174379526514	2.1968657997795376
0.3166666666511446	2.5514528643224383	2.1389028311636022
0.3499999997438863	2.7764916151685117	2.366870288554628
0.3833333331858739	3.0015303660145993	2.1253562725906914
0.4166666664532386	3.1520630439454203	1.8788940335059383
0.4499999998952262	3.301835455826091	2.5704859404747764
0.4833333333372138	3.526874206672179	2.6883793566667853
0.5166666666045785	3.6774068846029997	2.329157592566862
0.5500000000465661	3.82717929648367	2.480047192448536
0.5833333331393078	3.9777119744144915	2.5590490024484964
0.6166666665812954	4.119881725793605	2.7805410615603843
0.6499999998486601	4.277256798175818	2.753163541031192
0.6833333332906477	4.352523137141235	2.770444035606285
0.7166666665580124	4.503055815072057	2.427184021502111
0.75	4.652828226952727	2.922306675742678
0.7833333330927417	4.728094565918145	3.128937681562632
0.8166666665347293	4.877866977798815	2.7608407049455814
0.8499999999767169	5.028399655729623	3.310916021545935
0.8833333332440816	5.102905728644889	2.9858257905345926
0.9166666666860692	5.25267814052556	2.537667368178393
0.9499999999534339	5.327944479490964	3.2108577642840848
0.9833333330461755	5.402450552406217	2.805301958749268
1.016666666488163	5.552983230337037	2.8236580591797997
1.049999999755528	5.627489303252291	3.5548546946360022
1.083333333372138	5.702755642217707	3.0864870333954797
1.116666666639503	5.853288320148542	3.0433057934666037
1.149999999906868	5.927794393063795	3.2055545606648277
1.183333333348855	5.995458071527657	2.668949517298167
1.216666666441597	6.078327070994617	3.4680575060200356
1.249999999883585	6.15283314390987	3.6303189224515444
1.283333333150949	6.303365821840704	3.573657159847217
1.316666666592937	6.3786321608061085	3.820130883403729
1.350000000034925	6.4531382337213765	3.0388545037175927
1.383333333302289	6.528404572686778	3.1198945507700526
1.416666666395031	6.603670911652183	3.192816888010969
1.449999999837019	6.678176984567449	3.6537928792044805
1.516666666546371	6.828709662498269	3.820064989706731
1.583333333255723	7.053748413344345	3.9830453995390633
1.649999999790452	7.204281091275179	4.146985479461991
1.716666666674428	7.35405350315585	3.815321342450892
1.78333333338378	7.503825915036521	4.0189887495523156
1.849999999743886	7.645995666415618	4.176693458128739
1.916666666453239	7.804131004847999	4.318416822766967
1.983333333337214	7.953903416728666	4.527415063092277
2.050000000046566	8.10367582860934	4.619441937590157
2.116666666581295	8.254208506540156	4.775262584445005
2.183333333290648	8.403980918420832	4.925626052985213
2.25	8.55451359635164	5.069198724640516
2.316666666534729	8.704286008232305	5.226399279506822
2.383333333244082	8.854058420112978	5.370383160300877
2.449999999953434	9.004591098043814	4.7968476118334795
2.516666666488163	9.154363509924483	4.928430527020426
2.583333333372138	9.229629848889886	5.057909576471068
2.649999999906868	9.379402260770553	4.698219012440133
2.716666666441597	9.522332278199839	5.643986601467584
2.783333333150949	9.679707350582047	5.383769866209395
2.850000000034925	9.75497368954745	5.237471203359148
2.916666666395031	9.904746101428126	5.535559450377912
3.016666666546371	10.055278779358956	5.558049134616118
3.116666666697711	10.28031753020503	5.2335763995113505
3.216666666674428	10.430850208135851	6.040597493038418
3.316666666651145	10.579862353966371	5.6482548933440055
3.416666666453239	10.804901104812446	5.735824521753017
3.516666666604579	10.955433782743269	5.910438470971154
3.616666666581295	11.105206194623937	5.369987133536029
3.716666666558012	11.25497860650461	5.586613322527035
3.816666666534729	11.39790862393387	5.751578039960206
3.916666666686069	11.555283696316085	5.89800904448941
4.016666666488163	11.70581637424692	6.131567479501015
4.116666666639503	11.85558878612759	6.247911179655955
4.216666666441597	12.006121464058406	6.513964769867535
4.316666666592937	12.155893875939087	6.77427793996564
4.416666666395031	12.30642655386989	6.4142329502826305
4.549999999988359	12.531465304715997	6.883455821500084
4.683333333057817	12.681237716596666	6.530342237627703
4.816666666651145	12.906276467442735	6.069791245473816
4.949999999895226	13.04844621882184	6.985157552298435
5.083333333139308	13.205821291204078	6.491763223788824
5.216666666558012	13.430860042050151	6.812784735104208
5.349999999976717	13.581392719980979	7.3398601224046525
5.483333333046176	13.731165131861646	7.227286843817562
5.616666666639503	13.881697809792453	6.602203292099697
5.749999999883585	14.106736560638554	6.494088062441814
5.883333333302289	14.2565089725192	7.11899900991532
6.049999999988359	14.40704165045003	7.136586086867025
6.216666666674428	14.632080401296102	7.021650798600815
6.383333333185874	14.857119152142193	7.896496076868292
6.550000000046566	15.006891564022869	7.611020677822231
6.716666666558012	15.232690580919098	7.37708158985516
6.883333333244082	15.382462992799777	7.815821413095506
7.049999999755528	15.607501743645852	8.223758077839602
7.216666666441597	15.75803442157666	7.640434272668408
7.383333333302289	15.982312906372586	7.754875751881264
7.583333333255723	16.207351657218666	7.715209824881275
7.78333333338378	16.357124069099335	7.541913182904785
7.983333333337214	16.582923085995564	7.740188118969295
8.183333333290648	16.80035917634009	7.686420379566826
8.383333333244082	16.957734248722335	8.202339776983159
8.583333333372138	17.182772999568407	8.190472702293564
8.78333333315095	17.33330567749923	8.239464681596969
9.01666666654637	17.558344428345297	8.683271300807618
9.249999999941792	17.78338317919137	8.54235524315948
9.483333333337214	18.008421930037457	8.75497219352115
9.716666666558012	18.233460680883557	8.673730629213894
9.949999999953434	18.38399335881435	8.699147983869825
10.18333333334886	18.60827184361029	8.697013874430116
10.44999999983702	18.833310594456368	8.236978218191645
10.71666666667443	19.058349345302442	8.666845010539781
10.98333333333721	19.28414836219866	8.775803453747764
11.25	19.433920774079343	8.861518633141365
11.51666666648816	19.658959524925443	8.826606089256249
11.78333333315095	19.88399827577151	8.400599066167217
12.08333333325572	20.109797292667732	8.960525567884188
12.38333333318587	20.32723338301227	8.98648055885395
12.68333333329065	20.484608455394486	8.904344155361372
12.98333333304618	20.709647206240554	8.935366999454011
13.28333333315095	20.934685957086653	9.036202707693525
13.61666666669771	21.159724707932735	9.048822333234668
13.94999999989523	21.384763458778803	8.966062467376933
14.28333333309274	21.609802209624895	8.830343243355983
14.6166666666395	21.759574621505546	8.952641568432819
14.98333333327901	21.985373638401796	9.040341074710994
15.34999999974389	22.202809728746306	8.984828907323713
15.71666666655801	22.43545114009395	8.921067450351861
16.08333333337214	22.66048989094002	9.018033452939873
16.48333333327901	22.885528641786113	9.140518903016842
16.88333333318587	23.03606131971692	9.066939728275353
17.28333333309274	23.26110007056302	9.02819897004965
17.68333333334886	23.486138821409096	8.527637186405782
18.11666666669771	23.711177572255174	9.099794242150008
18.55000000004657	23.93545605705111	9.081907186991872
18.98333333304618	24.07838607448036	9.062472452003531
19.44999999983702	24.311027485828003	8.535116485559747
19.91666666645324	24.536066236674078	8.541488658930076
20.38333333324408	24.761104987520145	9.124749257702744
20.88333333330229	24.91163766545099	8.552088350113
21.38333333318587	25.136676416297064	8.517426213577709
21.88333333324408	25.36171516714314	8.525775364374836
22.41666666639503	25.511487579023807	8.607090949874335
22.94999999989523	25.729683935418496	8.633586640429826
23.48333333304618	25.953962420214427	8.042115536939779
24.04999999998836	26.112097758646797	8.61353902354882
24.6166666665813	26.337136509492876	8.159680053390307
25.2166666664416	26.486908921373555	8.137127067667167
25.81666666665115	26.71194767221962	8.103957331008214
26.41666666668607	26.86172008410029	8.085678273850052
27.04999999998836	27.08751910099651	8.086783132764484
27.68333333329065	27.23729151287718	8.120194556471658
28.35000000003493	27.462330263723267	8.109853468276746
29.01666666660458	27.605260281152546	7.565598242334812
29.7166666664416	27.837901692500164	8.100240880842861
30.41666666645324	27.987674104380837	7.568091372364231
31.14999999990687	28.13820678231167	7.627788909995233
31.88333333318587	28.36324553315775	7.586316726942338
32.64999999990687	28.513017945038403	7.594229141097348
33.41666666645324	28.66355062296924	7.61372722419817
34.2166666664416	28.888589373815314	7.078061547042164
35.01666666660458	29.037601519645825	7.0585737275571026
35.85000000003493	29.188134197576648	7.125478582067453
36.68333333329065	29.337906609457335	6.610613047230297
37.54999999998836	29.480836626886582	7.165923178154867
38.41666666668607	29.638211699268798	7.187750782054465
39.31666666665115	29.787984111149473	7.187003699316767
40.24999999988359	30.013783128045695	7.237850145169886
41.18333333329065	30.163555539926364	6.630994609393567
42.14999999979045	30.3140882178572	7.190666905910045
43.14999999990687	30.46386062973787	6.090310964302537
44.14999999984866	30.53912696870328	6.1056213187861
45.18333333305782	30.76416571954937	6.0494862039940855
46.24999999988359	30.839432058514777	6.138798022189864
47.31666666653473	30.989204470395457	6.674476101024722
48.41666666645324	31.131374221774532	6.110463381737404
49.54999999998836	31.289509560206948	6.13921524224184
50.7166666664416	31.439281972087585	6.130575694132706
51.91666666668607	31.58981465001843	6.18286260048554
53.1166666665813	31.66432072293368	5.581711803506073
54.34999999974389	31.81409313481435	5.596448247138332
55.61666666669771	31.963865546695025	5.603361264504513
56.91666666639503	32.03913188566043	5.599188064664102
58.24999999988359	32.18966456359127	5.593381593182709
59.6166666666395	32.33943697547194	5.0361704442330915
61.01666666648816	32.41470331443733	5.592780818645325
62.44999999995343	32.564475726318	5.597591777430057
63.91666666668607	32.63974206528341	4.9946512506789995
65.41666666668607	32.789514477164076	5.6162765068149625
66.94999999995343	32.94004715509491	5.008798911128434
68.51666666648816	33.007710833558775	5.646880482199601
70.1166666666395	33.16508590594099	5.096045463798422
71.74999999988358	33.23274958440485	4.5518655188211445
73.41666666639503	33.39012465678705	5.173315899935363
75.11666666669771	33.46539099575249	4.561177657583611
76.84999999974389	33.540657334717885	5.192957567734329
78.64999999984866	33.69042974659856	4.5803419044167715
80.48333333304618	33.76569608556396	4.579886674869347
82.35000000003492	33.91546849744463	5.14536739447981
84.24999999994179	33.990734836410056	4.587294769927323
86.21666666655801	34.06600117537546	4.583313114388634
88.2166666664416	34.21577358725613	4.020567520892262
90.28333333338378	34.29103992622153	4.598352914717081
92.38333333324408	34.36478573308663	4.554267547437897
94.51666666654637	34.44005207205203	4.042621125533722
96.71666666655801	34.590584749982874	4.044209351923218
98.94999999983702	34.658248428446726	4.642696758809841
101.25	34.74035716186354	4.644107247398428
103.6166666666977	34.81562350082894	4.068610480136715
106.0166666664882	34.96539591270961	4.1217034027626775
108.4833333333372	35.040662251675045	4.0765246133079485
111.0166666665464	35.11592859064046	4.086738237352106
113.5833333333721	35.19043466355571	3.5149539749959513
116.216666666558	35.26570100252111	3.514744383488305
118.9166666664532	35.34096734148652	4.112479041784973
121.6833333330578	35.41623368045194	4.1164641246042795
124.5166666665464	35.49073975336719	4.123076686949709
127.416666666395	35.64127243129803	4.124132692123236
130.3833333333023	35.71577850421326	4.133549351261055
133.416666666395	35.79104484317869	3.550544355566809
136.5166666665464	35.866311182144095	3.412192318778272
139.6833333330578	35.9415775211095	3.4161685643732165
142.9166666664532	35.9415775211095	2.4506317433734375
203.5499999997555	36.81360268063809	2.550750674695712
208.2499999998836	36.88886901960346	2.553825519345921
213.0833333332557	36.964135358568896	2.567430167553556
218.0166666666046	36.964135358568896	2.520511063339653
223.0499999997555	37.03864143148414	2.5282066889515447
228.2166666666744	37.11390777044958	2.5309996328711177
233.4833333330462	37.11390777044958	2.5390055527198805
238.8833333331859	37.18917410941495	2.5523444257007535
244.416666666395	37.263680182330205	1.9140951065780039
250.0833333333721	37.263680182330205	2.568713934225696
255.8833333332441	37.33894652129565	1.9242954372232546
261.8166666665347	37.33894652129565	1.9551650652853259
267.8833333332441	37.414212860261024	2.600916237340635
274.0833333333721	37.414212860261024	1.9674082199084084
280.416666666395	37.48947919922647	2.2211403802024754
286.8833333331859	37.56398527214172	0.6498507917786683
293.5166666664882	37.56398527214172	3.2829829469570657