0.001388888864312321	0.47581629282566285	13.620449441535294
0.002777777903247625	7.161035207026023	5.670057762370857
0.004166666767559946	8.51711164157905	2.4526075471516573
0.005555555631872267	9.040509563687326	5.839450270738614
0.006944444496184588	11.03893799355502	7.260011247816724
0.008333333360496908	12.109524652412647	5.618487676993723
0.00972222222480923	12.942203164857577	6.614314112925596
0.01111111108912155	13.965208194432687	7.349208996590813
0.01250000012805685	14.797886706877524	5.96227992307854
0.01388888899236918	15.321284628985806	5.635786812735679
0.0152777778566815	16.03500906822425	6.067556423226608
0.01666666672099382	16.558406990332433	6.373336809367568
0.01805555558530614	17.03422328315809	5.807479929083374
0.01944444444961846	17.486248761342413	5.470173273476833
0.02083333331393078	17.84311098096168	5.276944727189672
0.02222222235286608	18.15239157129834	4.91720618772973
0.0236111112171784	18.461672161635086	4.933866378183061
0.02500000008149073	18.72337112268913	4.795684437686328
0.02638888894580305	19.00886089838453	4.481241893069747
0.02777777781011537	19.22297823015606	4.390442214782095
0.02916666667442769	19.43709556192767	4.062264052409358
0.03055555553874001	19.579840449775322	3.8063719111251797
0.03194444457767531	19.77016696690559	3.590604043558123
0.03333333344198763	19.912911854753244	3.60587026865063
0.03472222230629996	20.05565674260099	3.5336910436630764
0.03611111117061228	20.174610815807384	3.286553404438416
0.0375000000349246	20.341146518296384	3.270270248383519
0.03888888889923692	20.436309776861428	3.0710745046357215
0.04027777776354924	20.531473035426558	3.0403649238479384
0.04166666680248454	20.650427108633053	2.901154079763399
0.04305555566679686	20.721799552556828	2.7815448604324104
0.04444444453110918	20.816962811121954	2.6279825154379264
0.04583333339542151	20.888335255045828	2.8457303958132485
0.04722222225973383	21.007289328252227	2.8186099464006005
0.04861111112404615	21.054870957534746	2.6930121369933153
0.04999999998835847	21.10245258681736	2.5794303474063054
0.05138888902729377	21.22140666002384	2.603125112571813
0.05277777789160609	21.31656991858889	2.3797122735230074
0.05416666675591841	21.34036073323015	2.5148162370971177
0.05555555562023073	21.387942362512753	2.5745751054435133
0.05694444448454306	21.459314806436627	2.3020513295597915
0.05833333334885538	21.48310562107788	2.3659648955972803
0.0597222222131677	21.554478065001753	2.2847844094146286
0.061111111252103	21.62585050892554	2.397870027573496
0.06388888898072764	21.721013767490668	2.1178080369875647
0.06666666670935228	21.839967840697152	2.4211816817698892
0.06944444443797693	21.935131099262197	2.0325429934826134
0.07222222234122455	21.958921913903545	2.303641809845765
0.0750000000698492	22.101666801751293	2.1281072261046545
0.07777777779847383	22.125457616392556	2.1561570280900058
0.08055555570172146	22.24441168959886	2.2674948884276334
0.0833333334303461	22.315784133522726	1.891660797215624
0.08611111115897074	22.3871565774466	2.300571632234869
0.08888888888759539	22.41094739208795	2.2984817534373065
0.09166666679084301	22.482319836011744	2.0860091921655806
0.09444444451946765	22.52990146529426	2.059128577701487
0.0972222222480923	22.62506472385947	2.0949853905406726
0.09999999997671694	22.69643716778335	2.1068107328462045
0.1027777778799646	22.744018797065877	2.190794395923355
0.1055555556085892	22.79160042634839	2.1598007881536248
0.1083333333372138	22.862972870272262	2.007624805516079
0.1111111112404615	22.886763684913525	1.9170640868945026
0.1138888889690861	22.958136128837385	1.9674736663755557
0.1166666666977108	23.005717758120017	1.9896359645260921
0.1194444444263354	23.029508572761273	1.8607068174686168
0.122222222329583	23.077090202043788	1.8269205858380821
0.12638888892252	23.148462645967662	1.7926362730424203
0.1305555556900799	23.21983508989153	1.663145252180189
0.1347222222830169	23.24362590453279	1.8191442467721877
0.1388888888759539	23.314998348456665	1.7761926983811414
0.1430555556435138	23.362579977739195	1.7394417347732938
0.1472222222364508	23.386370792380454	1.839041931789614
0.1513888890040107	23.457743236304324	2.084236096752491
0.1555555555969477	23.505324865586836	1.917415163830411
0.1597222223645076	23.55290649486945	1.9350616886007244
0.1638888889574446	23.624278938793328	2.0314686332858005
0.1680555555503815	23.695651382717116	2.1296598592956792
0.1722222223179415	23.719442197358376	1.9264627192618367
0.1763888889108785	23.767023826640983	1.8305043084319677
0.1805555556784384	23.81460545592359	1.8281545571667468
0.1847222222713754	23.83839627056484	1.855484901412521
0.1902777779032476	23.93355952912998	1.7158460060257774
0.1958333333604969	23.93355952912998	1.6972851032607628
0.2013888889923692	23.98114115841251	1.9271140952211783
0.2069444444496185	24.052513602336372	2.0192983488877263
0.2125000000814907	24.100095231618905	1.63709074236093
0.21805555553874	24.123886046260246	1.8930930679939182
0.2236111111706123	24.219049304825397	1.872717310890431
0.2291666668024845	24.266630934107905	1.8611933706732775
0.2347222222597338	24.266630934107905	1.8980512591473484
0.2402777778916061	24.31421256339043	1.9364088195688538
0.2458333333488554	24.361794192673045	1.8996852003556244
0.25277777784504	24.385585007314287	1.7583724827563028
0.2597222223412246	24.456957451238175	1.7396398094074423
0.2666666666627862	24.528329895162035	1.8509512605421679
0.2736111111589707	24.552120709803294	1.8710693924982018
0.2805555556551553	24.599702339085834	2.0127020914595337
0.2874999999767169	24.647283968368424	1.903837315886831
0.2944444444729015	24.694865597650967	1.9000592392151676
0.3013888889690861	24.718656412292297	1.8478195161859807
0.309722222329583	24.790028856216196	1.9204767668489613
0.3180555556900799	24.837610485498708	1.7498735758712456
0.3263888888759539	24.88519211478122	1.757633047549949
0.3347222222364508	24.93277374406383	1.8577549178356496
0.3430555555969477	24.98035537334635	1.7585851630376608
0.3513888889574446	25.027937002628956	1.7502334385662943
0.3597222223179415	25.027937002628956	1.6750311561908857
0.3680555556784384	25.07551863191158	1.5925588997802986
0.3777777779032476	25.12310026119409	1.606932896278568
0.3875000001280569	25.170681890476608	1.7011761678823683
0.3972222223528661	25.218263519759155	1.7958985291542067
0.4069444445776753	25.24205433440048	1.8881663890304639
0.4166666668024845	25.265845149041763	1.885871952743983
0.4263888890272938	25.31342677832435	1.8008719714527741
0.4375000001164153	25.38479922224825	1.7026833853534853
0.4486111112055369	25.456171666172025	1.7024715379666957
0.4597222222946584	25.479962480813285	1.8017459054723743
0.47083333338378	25.527544110095892	1.8001153836666381
0.4819444444729015	25.551334924737144	1.8006320506108477
0.4944444444263354	25.575125739378407	1.8097903885728595
0.5069444445543922	25.62270736866102	1.512052595299824
0.5194444445078261	25.670288997943626	1.7185139522121111
0.53194444446126	25.694079812584892	1.5208516356244413
0.5444444445893168	25.7416614418674	1.6246023927816113
0.558333333407063	25.813033885791203	1.8326985162646354
0.5722222222248092	25.813033885791203	1.850872525986647
0.5861111112171784	25.88440632971508	1.749346905361732
0.6000000000349246	25.88440632971508	1.8688850368260201
0.6138888890272938	25.931987958997688	1.6493112047337704
0.6291666667093523	26.003360402921558	1.765450411983375
0.6444444445660338	26.05094203220407	1.8772207034362756
0.6597222222480923	26.07473284684534	1.668226924255816
0.6750000001047738	26.122314476127954	1.8770702323754527
0.6916666666511446	26.122314476127954	1.7678899073594703
0.7083333333721384	26.217477734693077	1.5695640044934498
0.7250000000931323	26.241268549334333	1.677568260746433
0.7430555556784384	26.26505936397569	1.784909409433799
0.7611111110891216	26.312640993258203	1.5719609416576878
0.7791666666744277	26.336431807899466	1.7871595699544855
0.7972222222597338	26.360222622540718	1.477821502979596
0.8166666667093523	26.43159506646459	1.5837602439713412
0.8361111111589707	26.47917669574714	1.6961219647422272
0.8555555556085892	26.47917669574714	1.7044384265073138
0.87638888892252	26.526758325029746	1.8197688482821852
0.8972222222364508	26.550549139671002	1.8161231447635908
0.9180555555503815	26.598130768953617	1.7175228182654894
0.9402777779032476	26.645712398236128	1.500794414000819
0.9625000000814907	26.693294027518647	1.8201559215410161
0.9847222222597338	26.740875656801265	1.7247236360383724
1.008333333476912	26.764666471442514	1.8341044663634332
1.031944444519468	26.81224810072513	1.726625017657078
1.056944444426335	26.81224810072513	1.6251265659813188
1.081944444507826	26.883620544649	1.5164062324722498
1.106944444589317	26.907411359290258	1.5151251041856435
1.133333333360497	26.95499298857277	1.5187853891856677
1.1597222223063	26.978783803214053	1.5186664528324425
1.187500000116415	27.002574617855323	1.852923574273412
1.215277777926531	27.026365432496647	1.6336088942635905
1.244444444426335	27.073947061779187	1.4161382692849334
1.273611111100763	27.097737876420524	1.4192180369475396
1.304166666814126	27.14531950570306	1.6411361619711538
1.334722222352866	27.216691949626934	1.6408421622698113
1.366666666755918	27.240482764268183	1.6412356581083136
1.398611111158971	27.216691949626934	1.3222097283694125
1.431944444426335	27.264273578909453	1.5419069032444672
1.465277777868323	27.335646022833323	1.546228277984768
1.5	27.35943683747457	1.3278015534150864
1.5347222223063	27.383227652115927	1.446151119855427
1.570833333476912	27.35943683747457	1.6731060342660236
1.608333333337214	27.430809281398442	1.5624492014744655
1.645833333372138	27.47839091068106	1.455602906205991
1.684722222271375	27.502181725322313	1.3463425407334373
1.723611111170612	27.54976335460484	1.4569291908197415
1.763888888934162	27.573554169246115	1.7942782984812504
1.805555555562023	27.597344983887375	1.806144279818981
1.847222222364508	27.64492661316999	1.4672196139739908
1.890277777856682	27.64492661316999	1.584525204159819
1.934722222213168	27.69250824245258	1.3570079235338808
1.980555555608589	27.740089871735123	1.5834732436862817
2.026388889004011	27.811462315658986	1.7012007394351765
2.073611111089122	27.787671501017726	1.3632160731728789
2.122222222213168	27.835253130300238	1.5907613900005346
2.172222222201526	27.835253130300238	1.4836896709609069
2.22361111122882	27.906625574224112	1.2530276478432205
2.275000000081491	27.954207203506627	1.2568637697140261
2.327777777798474	27.93041638886538	1.6047724138856307
2.381944444554392	27.97799801814799	1.3759236349360457
2.4375	28.001788832789234	1.608613993128165
2.494444444484543	28.001788832789234	1.382964052558597
2.552777777833398	28.073161276713105	1.2682516044005072
2.612500000046566	28.120742905995634	1.4974752604797352
2.673611111124046	28.120742905995634	1.3865605843474933
2.736111111240462	28.168324535278174	1.3866993947372201
2.800000000046566	28.192115349919426	1.6217705530302418
2.865277777891606	28.21590616456075	1.3941580513739773
2.931944444426335	28.239696979202037	1.5160381832356782
3.0	28.2634877938433	1.633856631045389
3.069444444437977	28.287278608484634	1.2859057645819325
3.140277777914889	28.334860237767177	1.6374832024263346
3.213888888945803	28.358651052408526	1.522756831964431
3.288888889015652	28.430023496332304	1.6407866749588937
3.365277777775191	28.45381431097356	1.641845334449844
3.443055555573665	28.430023496332304	1.7635824143662293
3.523611111100763	28.525186754897437	1.6425316879148686
3.605555555666797	28.525186754897437	1.6475683049239347
3.68888888892252	28.572768384180037	1.295433292019344
3.775000000081491	28.59655919882129	1.2967454698588436
3.862500000104774	28.64414082810391	1.5310972799029188
3.952777777856682	28.667931642745163	1.4185475943098638
4.044444444472902	28.691722457386433	1.656842304295187
4.138888888992369	28.691722457386433	1.3029045860136899
4.234722222201526	28.715513272027685	1.5414455268036857
4.333333333313931	28.739304086668945	1.3288892032877577
4.433333333465271	28.810676530592815	1.4071964426502503
4.536111111170612	28.858258159875362	1.4469188305449532
4.641666666779202	28.834467345234096	1.590545407246179
4.750000000116415	28.90583978915797	1.5775722566638881
4.859722222317942	28.953421418440573	1.5862893760455967
4.972222222248092	28.953421418440573	1.6882904419777656
5.087500000081491	28.977212233081833	1.3909078000209887
5.205555555643514	29.0010030477231	1.4926085927209025
5.326388888934162	29.048584677005614	1.7903567565743468
5.450000000128057	29.048584677005614	1.3941009800029924
5.576388888875954	29.09616630628822	1.3946436909576907
5.705555555701722	29.143747935570747	1.493228552965696
5.837500000081491	29.143747935570747	1.5939424315847224
5.972222222364508	29.215120379494614	1.4942011642104136
6.111111111240462	29.26270200877722	1.594238553501126
6.25277777784504	29.238911194135962	1.7938814023691465
6.397222222352866	29.286492823418484	1.5942401869730614
6.545833333453629	29.310283638059747	1.5944452986209114
6.697222222283017	29.357865267342277	1.7936742112293842
6.852777777879965	29.357865267342277	1.4943328586534903
7.011111111205537	29.42923771126615	1.593804863246785
7.173611111124046	29.476819340548744	1.7932301786063765
7.340277777810115	29.476819340548744	1.6927513563132366
7.509722222224809	29.524400969831284	1.7924685919587382
7.683333333407063	29.571982599113888	1.79111793184358
7.861111111182254	29.571982599113888	1.7906593645479667
8.043055555550382	29.64335504303768	1.4923180719812252
8.22916666668607	29.66714585767893	1.5899249655395764
8.419444444589317	29.690936672320277	1.7233104715877359
8.613888888910878	29.738518301602802	1.8514366111501368
8.813888888864312	29.786099930885406	1.461952301517505
9.018055555585306	29.786099930885406	1.8482834535179895
9.226388888899237	29.786099930885406	1.7048840595251638
9.44027777784504	29.857472374809284	1.7810164536306297
9.65833333338378	29.928844818733054	1.7801498157377502
9.881944444554392	29.905054004091788	1.6586992268024878
10.11111111118225	29.97642644801559	1.8964771899275916
10.34444444457768	30.00021726265692	2.0128214940235094
10.58333333343035	30.04779889193946	1.8924635097058302
10.82777777791489	30.095380521222076	1.6542734780956867
11.07777777785668	30.119171335863342	2.1247544427543055
11.33333333343035	30.166752965145943	1.8866865685028356
11.59583333332557	30.190543779787212	2.0013891059393
11.86388888902729	30.238125409069735	1.9989258142038806
12.13750000001164	30.26191622371099	1.9947059102064464
12.4180555556668	30.333288667634854	1.99523018551508
12.70555555564351	30.357079482276212	2.1066916718988726
12.9986111112521	30.404661111558724	1.8731958243250801
13.29861111118225	30.45224274084134	2.102720915763824
13.60555555560859	30.49982437012385	2.100946308283586
13.91944444453111	30.523615184765116	1.9782017506536453
14.24166666681413	30.594987628688983	2.0945078699437034
14.57083333341871	30.571196814047646	1.9691010083710194
14.90694444451947	30.666360072612854	1.9697256372474234
15.25138888898073	30.690150887254138	1.9639082890520194
15.60416666680249	30.737732516536745	2.0770255765160477
15.96527777781012	30.785314145819264	1.957530841663929
16.33472222235287	30.809104960460516	2.0718806872112023
16.71250000008149	30.856686589743035	1.9498466327128465
17.09861111117061	30.904268219025663	2.061523829188259
17.49305555562023	30.951849848308264	1.944606252734906
17.89722222229466	30.999431477590775	2.0543921829660134
18.3111111111939	30.999431477590775	2.273815092727061
18.73472222231794	31.07080392151465	1.9344734586982208
19.1680555556668	31.118385550797168	2.043252473609015
19.61111111124046	31.142176365438445	2.1494774991045564
20.06388888886431	31.213548809362315	2.03537534831947
20.52777777792653	31.284921253286182	2.2610516323516774
21.00138888886431	31.261130438644905	2.3599669191469825
21.48611111124046	31.33250288256881	2.1350964225319493
21.98194444453111	31.40387532649258	2.357788004129901
22.48888888891088	31.42766614113384	2.2370011481464878
23.00833333341871	31.47524777041645	2.0090529524406597
23.54027777787997	31.57041102898158	2.2371643840125577
24.08333333343035	31.57041102898158	2.2249402778224545
24.63888888893416	31.64178347290544	2.110212761256652
25.20833333343035	31.689365102187956	2.107805891280988
25.79027777787997	31.71315591682923	2.210005329383708
26.38611111114733	31.736946731470507	1.980199225566687
26.99583333340706	31.808319175394384	2.3093113958771077
27.61944444448454	31.855900804676963	2.19309500584881
28.25694444455439	31.879691619318255	2.185746825895134
28.9097222223063	31.95106406324212	2.185851993018513
29.57638888887595	31.99864569252463	2.3990505559527087
30.25972222234123	32.07001813644851	2.2862925408083896
30.95833333331393	32.11759976573102	2.2811912741755846
31.67361111118225	32.16518139501364	2.5995820356719324
32.40416666673264	32.1889722096549	2.3752037189110053
33.15277777786832	32.26034465357877	2.4785284289520026
33.91805555555038	32.30792628286128	2.2581383300124678
34.70138888899237	32.35550791214382	2.1468159488225074
35.50277777784504	32.45067117070902	2.0410651698382267
36.32222222228302	32.4744619853503	2.3532852389273313
37.16111111117061	32.545834429274166	2.2427156222889053
38.01805555564351	32.56962524391543	2.340589052557244
38.89583333343035	32.59341605855669	2.3330142927582647
39.7930555556668	32.61720687319796	2.0065166167912136
40.71111111121718	32.71237013176309	2.426960168705299
41.65000000008149	32.75995176104569	2.1063766372189217
42.61111111112405	32.831324204969555	2.418043075892505
43.59444444451947	32.87890583425208	2.518903151066437
44.60000000009313	32.90269664889333	2.5129146308651866
45.62916666670935	33.02165072209974	2.4063820207499793
46.68194444454275	33.02165072209974	2.2927177557123963
47.75972222228302	33.11681398066497	2.289849248511739
48.86111111124046	33.16439560994749	2.284690799463289
49.98888888896909	33.18818642458876	2.279242671544696
51.1416666667792	33.25955886851261	2.0650837864839655
52.32222222222481	33.28334968315388	2.2663939434452005
53.52916666679084	33.35472212707775	2.0557835326417226
54.76388888899237	33.402303756360354	2.050883073625076
56.02777777786832	33.42609457100162	2.1472969585100974
57.32083333341871	33.4974670149254	2.142326185302676
58.64305555564351	33.54504864420794	2.240585676371273
59.99583333340706	33.59263027349055	2.1326194334042574
61.38055555557367	33.64021190277313	2.127738875645734
62.79722222231794	33.68779353205568	2.1252082207389593
64.24583333346527	33.75916597597954	2.1204994257901157
65.72777777787996	33.80674760526205	2.0161343434794365
67.24444444442634	33.85432923454468	1.9121640036968812
68.79583333345363	33.90191086382718	1.9079610229835706
70.38333333347691	33.92570167846854	1.703703084014784
72.00694444449618	33.99707412239242	1.6999192283292812
73.66805555555038	34.02086493703367	1.4969975994573788
75.36805555567844	34.04465575167493	1.393286505996422
77.10694444453111	34.09223738095744	1.194042648661499
78.88611111114733	34.09223738095744	1.091466810196058
80.70555555570172	34.16360982488132	0.9914227807595068
82.56666666670935	34.16360982488132	0.9872571300059559
84.47083333338378	34.18740063952261	0.6933899373009914
86.41944444458932	34.18740063952261	0.49362419400308455
88.41249999997672	34.18740063952261	0.4926181125316053
90.45138888893416	34.2349822688052	0.006224559875380173