0.01482251348443242	12.7620598348633	6.219612826143716
0.03148951348430273	18.373289169569933	8.67411814932908
0.04815651348417305	22.351933296313746	10.241724287285964
0.06482251348415957	25.577764309637704	11.508072696799438
0.08148951348493938	28.326158027752353	12.652829003529316
0.0981565134848097	30.77771807169214	13.766135265687211
0.1148225134843415	33.01469955598722	14.956824439461455
0.1314895134842118	35.12293390449563	16.09602013567453
0.1481565134840821	37.100632962553384	17.184605721010424
0.1648225134849781	38.99071244208967	18.374536405232735
0.1814895134848484	40.816418353732566	19.56525008137851
0.1981565134847187	42.57953885214576	20.819554360066462
0.2148225134842505	44.29080286531156	21.96850154870072
0.2314895134841208	45.99133795049506	23.29347115932254
0.2481565134844459	47.62749946778532	24.599519446870048
0.2648225134848872	49.28154253171246	25.8981888009547
0.2814895134847575	50.88909357438333	27.483470120085972
0.2981565134846278	52.50200908104539	28.77977664091771
0.3148225134841596	54.12386536102589	30.45237536234999
0.3314895134849394	55.70459408374133	31.934724062370137
0.3481565134848097	57.32823851838541	33.47379259315086
0.3648225134847962	58.91433170509182	34.90362619767919
0.3814895134846665	60.509365665116825	36.21980802586208
0.3981565134845368	62.1115522437966	37.56065711713766
0.4148225134845234	63.6654586465564	38.89349983356605
0.4314895134843937	65.18717826536941	40.45601968528684
0.448156513484264	66.75360175077496	41.83363159590184
0.4648225134847053	68.28247398824286	43.583029219586145
0.4814895134845756	69.86320271095825	45.25271405808836
0.4981565134844459	71.42247357770907	46.8012903657696
0.5148225134848872	73.01035491907922	48.646729856219416
0.5314895134847575	74.56068501251147	50.21604754060195
0.5481565134846278	76.12889665258083	51.53950207376965
0.5648225134846143	77.69532013798653	53.09225292439108
0.5814895134844846	79.2760488607018	54.60711104819228
0.598156513484355	80.8442605007712	55.88079552226553
0.6148225134843415	82.36955642891165	56.990912407280625
0.6314895134842118	83.92882729566247	58.05089858893308
0.6481565134840821	85.50597970905045	58.93849645152471
0.6648225134845234	87.00266516257159	60.153173908216836
0.6814895134843937	88.47610460546463	61.19528300421269
0.698156513484264	89.9495440483576	62.20244910934263
0.7148225134847053	91.40510194461345	63.26045377635895
0.7314895134845756	92.83920198490506	63.73709788552093
0.7648225134844324	95.77535194270874	65.66244627203766
0.798156513484173	98.66679803391995	67.50846494373754
0.8314895134849394	101.42413252535319	68.83547148082813
0.8648225134843415	104.15285654216719	70.10728709855324
0.8981565134840821	106.84045300171594	71.42944606377684
0.9314895134848484	109.42254833610615	72.81207806016424
0.9648225134842505	112.0082199798236	73.40834749689134
0.9981565134844459	114.58316269555898	74.17825167159911
1.031489513484758	117.06154505945439	74.92376331069251
1.06482251348416	119.3593238023154	74.49932135027223
1.09815651348481	121.75187474235274	74.27407022016928
1.131489513484667	124.00137330929374	73.71028792592521
1.164822513484523	126.16504045237707	73.83389126981822
1.198156513484264	128.16598552106288	74.46317109509995
1.231489513484576	130.1562016617668	73.70589988589713
1.264822513484887	132.0677389972676	73.27119312672428
1.298156513484628	134.05974329263492	72.64606443684333
1.331489513484485	135.99989110275502	72.92735246314922
1.364822513484342	137.7612234465045	72.65635409429156
1.398156513484082	139.48321638765253	72.91611432621609
1.431489513484394	141.21057379279173	72.28651660157333
1.464822513484705	142.80024328882553	71.61318561785363
1.514822513484432	145.1910060741992	70.93395082494172
1.56482251348416	147.55137023028993	70.54847759701137
1.614822513484342	149.7293426106828	69.32542070548253
1.664822513484978	151.85545850582818	68.3664524124111
1.714822513484251	153.9315060703897	67.34198673300185
1.764822513484887	155.88774727248313	65.52564889858311
1.81482251348416	157.66159669887847	64.33638260541636
1.864822513484796	159.3639199387258	63.476748845950695
1.914822513484523	161.04478532260862	61.827291582317514
1.964822513484705	162.55219970411207	60.09097292327327
2.014822513484887	164.04352069364194	57.62227363413751
2.064822513484614	165.5759692404373	55.934815380933024
2.114822513484342	167.0315271366933	53.31415484128046
2.164822513484523	168.25998939065875	51.31473471225922
2.214822513484705	169.47414640731432	49.270424078303826
2.281489513484303	170.6900915786338	46.26521778485805
2.34815651348481	171.94001168856374	42.39490990647366
2.414822513484978	173.13271084925506	39.84117485703076
2.481489513484121	174.14838269823954	37.70158338578405
2.548156513484628	175.0889520513485	36.75231764458596
2.614822513484796	175.99554646584699	35.21047657154927
2.681489513484394	176.82346207514246	33.81721685453918
2.748156513484446	177.67820000439346	33.231211398248206
2.814822513484614	178.4631999017602	32.58962540852784
2.881489513484212	179.18382623123316	32.333417907541104
2.948156513484264	179.87941839541458	32.257810439020076
3.031489513484303	180.76097864462108	32.09386401880517
3.114822513484342	181.62465734719052	31.468245069351617
3.198156513484719	182.4633018844684	31.14701507037822
3.281489513484758	183.31803981371954	31.246952828008975
3.364822513484796	184.10303971108593	31.152192350434678
3.448156513484264	184.84333574185973	30.838781045087863
3.531489513484758	185.4960121941122	30.850319245686414
3.614822513484342	186.22557929690385	30.727227567591655
3.714822513484705	187.06243567951785	30.59323598801212
3.81482251348416	187.87068158751256	30.593695330656903
3.914822513484978	188.66998672218867	30.67050163148796
4.014822513484887	189.44425769157314	30.58172423612649
4.114822513484796	190.2185286609573	30.630506564146398
4.214822513484705	190.96597731038617	31.11374743634568
4.314822513484614	191.7241548877971	30.713406881318946
4.414822513484523	192.32855116412938	30.72832726926416
4.531489513484303	193.1242799894782	30.947936587586828
4.648156513484082	193.9074917321809	30.954966023490112
4.764822513484887	194.79620460004244	30.916914558445118
4.881489513484667	195.43278766032137	31.235168427413008
4.998156513484446	196.23924541365238	31.22519609328527
5.114822513484342	196.92768495917892	31.371865903183576
5.248156513484901	197.73771902183728	31.28477119626852
5.381489513484212	198.510201836558	30.74129852775829
5.514822513484887	199.2808964966149	31.12163558506931
5.648156513484537	200.01046359940648	30.705828950041145
5.781489513484758	200.7543359395078	30.812173209289654
5.914822513484523	201.43562286637956	30.669367638560974
6.06482251348416	202.19916490778147	30.82033201220116
6.214822513484251	202.9376727838917	30.79881492694753
6.364822513484796	203.64935834004632	30.769816811334852
6.514822513484887	204.37177282418315	30.575497863382623
6.681489513484394	205.12816224693057	30.813344857459434
6.84815651348481	205.92389107227928	30.725499348790503
7.014822513484887	206.67670418569915	30.693643296101406
7.181489513484394	207.38660158718994	30.58143652037605
7.348156513484355	208.07146482338905	30.548724897153665
7.531489513484303	208.86361733941055	30.537382916511888
7.714822513484251	209.57709105022886	30.289214251222027
7.898156513484537	210.27983583306482	30.30928029390647
8.081489513484485	210.93787674930843	30.18382385591607
8.281489513484303	211.6853253987371	30.184073883659458
8.48148951348412	212.39701095489173	29.933015475429496
8.681489513484394	213.09260311907312	30.026869914493048
8.898156513484082	213.86687408845737	29.842849874509316
9.114822513484341	214.5642544073022	29.935161367039
9.33148951348494	215.2652110354747	29.795503006169362
9.548156513484628	215.94649796234626	30.357883579327325
9.781489513484303	216.68500583845648	30.264604504988608
10.01482251348489	217.3466230640274	29.671065792634057
10.24815651348445	218.02969814556272	29.308069459861603
10.4981565134849	218.73244292839894	29.346981871864685
10.74815651348445	219.56572300168546	29.197243224206183
10.99815651348445	220.22912838192	29.14516397253575
11.26482251348443	220.84246543157082	29.211633483854996
11.53148951348476	221.43434462525738	28.978932407908953
11.79815651348463	222.12636048011117	29.095007124422846
12.08148951348494	222.7987066336642	28.537517477290645
12.3648225134848	223.49251064318173	28.827133430093397
12.66482251348452	224.18095018870838	29.470222492540927
12.96482251348425	224.81932140365095	29.8052452048972
13.26482251348489	225.5131254131687	29.55192294170215
13.58148951348494	226.21765835066833	29.646273890493138
13.89815651348454	226.94901360812386	29.22819929949594
14.23148951348458	227.70361487620744	29.031215508638844
14.56482251348416	228.36523210177828	28.982241891012965
14.91482251348452	229.0250611726854	28.819158543611902
15.26482251348489	229.70277179022966	28.72484684831954
15.63148951348421	230.3143206852168	28.508239084707906
15.99815651348445	230.93302219885882	27.96140544321518
16.38148951348421	231.56424079514656	27.994126306796222
16.76482251348489	232.23122248470864	28.063843795079094
17.16482251348452	232.9107212569167	27.925425285104158
17.56482251348416	233.5920081837883	28.19747889552966
17.98148951348458	234.2107096974303	28.232589841238077
18.39815651348454	234.87053876833738	28.453970055718518
18.83148951348494	235.53394414857195	28.29576878858274
19.28148951348476	236.19019691015168	28.193598451686416
19.73148951348412	236.84644967173148	27.989031526936504
20.19815651348426	237.47766826801956	28.266153078815268
20.66482251348452	238.13570918426288	28.14139766321333
21.14815651348408	238.76513962588714	27.933827920098192
21.64815651348408	239.41423976881202	27.84554909486773
22.14815651348454	240.0418820557725	27.58793485535809
22.66482251348498	240.71244005466207	27.53201329356239
23.19815651348426	241.3525994242683	27.20699227491944
23.74815651348445	241.97130093791037	27.200127010455073
24.29815651348463	242.58642614222498	26.97842855788485
24.86482251348434	243.18188164523883	26.851103085145223
25.44815651348426	243.79343054022584	26.572154378962075
26.04815651348463	244.38888604323958	26.553586808934273
26.66482251348452	245.02368094885503	26.453666128325878
27.28148951348476	245.60661936922298	26.386454418798817
27.91482251348498	246.20743933622768	26.420522244336116
28.56482251348416	246.81183561256015	26.228781022829033
29.23148951348458	247.44126605418435	26.21691457908695
29.91482251348452	248.02778078387954	26.24872170465031
30.61482251348434	248.63217706021197	26.216441530585655
31.33148951348449	249.23657333654424	26.167301255988335
32.06482251348461	249.80163021027496	25.66220744666413
32.81482251348461	250.38814493997037	25.74430744198236
33.58148951348449	251.02115169092195	26.27705417042753
34.36482251348434	251.60051380196242	26.29455799055281
35.16482251348452	252.19060484098497	26.18173402033747
35.98148951348458	252.67698290951287	26.295863984145434
36.81482251348416	253.31893043378287	26.42434047306708
37.66482251348498	254.01809890729152	26.228845987174598
38.54815651348463	254.62607149295133	26.47047184588129
39.44815651348426	255.20185729466436	26.487565326410802
40.36482251348434	255.78658386969605	26.771070123237035
41.29815651348417	256.39455645535554	26.4925074647551
42.26482251348489	256.98285933971476	25.600372536498824
43.24815651348445	257.6140779360025	25.485413000508125
44.2481565134849	258.2023808203615	25.416585197439023
45.28148951348476	258.7549206114465	25.430325572426906
46.33148951348449	259.3324945678232	25.215234310087844
47.41482251348498	259.83496602832435	25.23548660436859
48.51482251348489	260.40896367537357	24.79379056432333
49.64815651348408	260.9668679304495	24.796019583810736
50.79815651348463	261.5515945054812	24.85084626689092
51.98148951348412	262.1130750698847	24.758445896482332
53.18148951348439	262.6960134902524	24.963791979960355
54.41482251348452	263.22351911604557	24.80823441787511
55.68148951348485	263.81361015506826	24.801273823902672
56.98148951348458	264.3768788741353	24.542058111083744
58.29815651348463	264.92941866522006	24.47424729178085
59.64815651348454	265.4712295283228	24.354097397818744
61.03148951348476	266.0076759274342	24.493825328468755
62.44815651348472	266.5584275638555	24.289478929418337
63.89815651348408	267.0841450349847	24.623999279081026
65.38148951348421	267.6259558980874	24.52370936552359
66.89815651348408	268.1820719984997	24.443686505487804
68.44815651348472	268.73818809891196	24.559611060642315
70.03148951348476	269.27642265268736	24.496930371299882
71.64815651348454	269.90585309431134	24.524340394743707
73.31482251348461	270.4369350294319	24.398661266407284
75.01482251348443	270.95907619123363	24.34870384575023
76.74815651348445	271.5169804463096	24.080439052564248
78.53148951348476	272.05163869075767	23.961758753897705
80.34815651348481	272.57914431655064	23.455257749136567
82.2148225134847	273.09055655037025	23.273845686182142
84.11482251348434	273.6305792588091	23.259493286783606
86.06482251348461	274.1241099459919	22.997088883146393
88.06482251348416	274.6355221798114	22.89188298513166
90.09815651348481	275.1487225682947	22.770229394793176
92.1814895134844	275.6333124821587	22.65342809466057
94.31482251348461	276.1483010253057	22.374542407381256
96.49815651348445	276.64540802181585	22.390355853142587
98.73148951348458	277.1514557916446	22.321043212652423
101.0148225134849	277.6485627881546	22.238446264819352
103.3481565134844	278.12778823802745	22.12641237117661
105.7314895134846	278.6016492239094	21.956014068413694
108.1814895134849	279.09517991109186	21.85749810047136
110.6814895134844	279.5851342889472	21.668281976067476
113.2481565134849	280.0786649761298	21.323038020382725
115.8648225134848	280.5346444153746	21.50767007629065