0.005555555457277706	1.1334327403039401	1.8910949739098837
0.008333333011279365	1.8075974624326991	1.0692914351527996
0.01111111091452699	1.9940913601281032	0.7714381824329206
0.01388888881777461	2.187551983886837	0.8524878517059458
0.01666666654639926	2.340819957280179	0.8391226288317118
0.01944444444964688	2.4699723404543006	0.8598464506577
0.02222222200364854	2.5873348795212228	0.9075102809289742
0.02499999990689616	2.697194790519962	0.96930312309692
0.02777777746089782	2.8027674854796967	1.0430314230473297
0.03055555553876843	2.9067324744248464	1.113340284973749
0.03333333326739307	3.0058743453261374	1.1791102932159614
0.03611111082139473	3.1023367062030722	1.2401656565947268
0.03888888889926534	3.196119557055629	1.2911107799020305
0.041666666453267	3.288294701893591	1.3554431307168293
0.04444444435651462	3.3751108266828282	1.413919832216289
0.04722222191051628	3.4640705594915473	1.4669444917221188
0.04999999981376391	3.549278978266169	1.5331674909761108
0.05277777771701153	3.63341559303105	1.586397331802881
0.05555555544563617	3.715944501781315	1.6419499305465461
0.0583333333488838	3.797937508526715	1.6961250864810562
0.06111111090288546	3.877251005247748	1.7556294612961658
0.06388888880613308	3.956564501968771	1.8081015762337598
0.06666666636013474	4.033734390670322	1.859887837386185
0.06944444443800535	4.111976083381604	1.9156452380380649
0.07222222216662999	4.187538266068529	1.9569226270043956
0.07499999972063165	4.262564546750589	2.010038828979463
0.07777777779850226	4.337054925427784	2.0742672506439335
0.08055555535250392	4.408329892075726	2.1254518210698086
0.08333333325575154	4.48067666273342	2.161170982974786
0.0861111108097532	4.556238845420355	2.2286520424024867
0.08888888871300082	4.629657420087799	2.2599247884311597
0.09166666661624845	4.69878877871626	2.315241358633538
0.09444444434487309	4.764704725315498	2.36116961919165
0.09722222207349773	4.837587397978078	2.39127563519969
0.09999999980212237	4.9029674425724314	2.432670689790945
0.10277777770537	4.970491095186286	2.4686494084713058
0.1055555552593717	5.036407041785516	2.5408802527353203
0.1083333333372423	5.103394792394494	2.555291801347532
0.1111111110658669	5.169846640998609	2.617746391369769
0.1138888886198686	5.232547175568615	2.655729122565648
0.1166666665231162	5.299534926177596	2.704607034313742
0.1194444442517408	5.3627713627524685	2.7409283076618656
0.1222222221549885	5.4249359953175995	2.798215341678238
0.1277777776122377	5.551408868467367	2.8791068942929066
0.13333333324411	5.674130427582998	2.9445804179973236
0.1388888887013593	5.800603300732762	3.025342716780654
0.1444444441586086	5.918501741804574	3.092555696950438
0.1499999999651038	6.035328378866628	3.1823619039810334
0.1555555554223531	6.1521550159286775	3.240336494772562
0.1611111110542254	6.265766240961512	3.313591708765472
0.1666666665114747	6.381521074013841	3.3907062750255754
0.1722222221433469	6.494596397041793	3.45329391951923
0.1777777776005962	6.603920406035646	3.4979190840538226
0.1833333330578455	6.714316219039239	3.558151243996987
0.1888888888643407	6.82149662001362	3.618407808458718
0.19444444432159	6.926533412968497	3.6673476422443887
0.1999999999534623	7.027818891889271	3.7263826311237107
0.2055555554107116	7.130176174819797	3.7607420432407443
0.2111111110425838	7.234141163764922	3.809088642192684
0.2166666664998331	7.333818936671087	3.860047550770977
0.2222222219570824	7.432424905567508	3.9166489974099346
0.2277777777635777	7.527815462434688	3.958634658548931
0.2333333332208269	7.624277823311624	3.978619800301883
0.2388888888526992	7.720204282183686	3.9972843123010997
0.2444444443099485	7.812379427021635	4.025677759395273
0.2527777776704454	7.9490344382639515	4.082566956210238
0.2611111108563193	8.081938135472177	4.109534996175379
0.2694444442168162	8.2089469106268	4.149896730410631
0.2777777777519361	8.334883881771677	4.18434107380702
0.286111111112433	8.460284950911692	4.1924518260624435
0.294444444123684	8.580862902007851	4.224011921935845
0.3027777776588039	8.703048559118637	4.248276109292798
0.3111111110193008	8.818803392170956	4.272971551758833
0.3194444442051747	8.928663303169671	4.2806340507361575
0.3277777777402946	9.040666822187895	4.286801673779345
0.3361111111007915	9.14784722316225	4.272876986882185
0.3444444444612884	9.253955820126878	4.288437800528874
0.3527777776471623	9.355241299047657	4.296619790506173
0.3611111110076593	9.457598581978168	4.293392082350351
0.3694444443681562	9.553525040850236	4.294513012825793
0.3805555554572777	9.680533816004859	4.276422676852534
0.3916666665463993	9.807006689154623	4.247812955074958
0.4027777774608978	9.924369228221547	4.188738809078413
0.4138888888992653	10.04226766929335	4.200515481891966
0.4249999998137639	10.151591678287211	4.199481176617596
0.4361111109028855	10.255556667232346	4.159174618078446
0.44722222216663	10.354162636128759	4.165981992719162
0.4583333332557515	10.461343037103136	4.130786246857127
0.4694444443448731	10.55726949597519	4.147184740490865
0.4805555552593717	10.658554974895964	4.145205045369559
0.4916666665231162	10.752337825748533	4.117887041642693
0.5055555555154854	10.873451678849563	4.121832966941956
0.5194444441586086	10.981703883833672	4.09878920259912
0.5333333331509778	11.092099696837277	4.055568409185143
0.5472222221433469	11.190705665733693	4.010505846374392
0.5611111109610931	11.29306294866421	3.9548117128911873
0.5749999999534623	11.38845350553141	3.932924841202851
0.5888888887712085	11.482236356383993	3.8988058862792188
0.6027777777635777	11.573339697212187	3.880806480975897
0.6194444443099485	11.675696980142707	3.8544934026873157
0.6361111108563193	11.778590165078107	3.789756029790016
0.6527777777519361	11.87612432996477	3.7394024707269193
0.669444444123684	11.975802102870936	3.7129871374389953
0.6861111110193008	12.064761835679658	3.6997561440953084
0.7027777777402946	12.147826646434797	3.6705451625046708
0.7194444444612884	12.234106869219165	3.649267041738194
0.7361111110076592	12.313420365940194	3.633791987936482
0.7555555554572777	12.407739118797625	3.6446486441133907
0.7749999999068962	12.4999142636356	3.6190619350465343
0.7944444443565146	12.589409898449182	3.6073484413875367
0.8138888888061331	12.677833729253047	3.6095225088732374
0.8333333332557515	12.76893707008126	3.5853506264558894
0.85277777770537	12.857896802889984	3.5542414207069832
0.8749999997089901	12.94471292767922	3.5045871103918773
0.8972222222364792	13.0288495424441	3.505512769766921
0.9194444444147223	13.115129765228474	3.566181727247737
0.9416666664183424	13.196586869968982	3.5198402387213354
0.9638888887712085	13.272684954660793	3.4960553169885618
0.9888888888526992	13.353606157396433	3.48445342299296
1.013888888759567	13.444173596219773	3.4827450152628554
1.038888888841058	13.548138585164917	3.512827204016898
1.063888888747925	13.628523885895701	3.506190189428679
1.088888888654793	13.712124598655699	3.556610243900698
1.116666666639532	13.794117605401086	3.467452508903072
1.144444444449647	13.876110612146466	3.4849830345844732
1.172222221910516	13.968285756984432	3.422678633078508
1.199999999720632	14.046527449695718	3.4242923108842995
1.22777777770537	14.13334357448495	3.306632788797551
1.25833333324411	14.189613284996504	3.3499501697394334
1.288888888608227	14.280716625824693	3.347380890021708
1.31944444432159	14.366460946604198	3.3169000807321036
1.34999999986033	14.44416673731061	3.44020725993238
1.383333333302318	14.503651859851386	3.424839501046978
1.416666666569682	14.591003886645504	3.521420426809975
1.45000000001167	14.668173775347059	3.4342553526932917
1.486111111007659	14.754989900136291	3.3673311841676825
1.522222222003649	14.864849811135006	3.359171713592658
1.558333333348884	14.949522327904774	3.4637162171306777
1.594444444344873	15.022940902572218	3.451535236187628
1.63333333324411	15.094215869220152	3.44701455530472
1.672222222143347	15.1638831298535	3.4730186296326124
1.711111111042584	15.241053018555045	3.362897234537368
1.752777777670445	15.324117829310167	3.298279325087734
1.794444444123684	15.406646738060436	3.2659818973857297
1.836111111100792	15.482208920747377	3.3203503128863416
1.880555555457278	15.572240457565835	3.426519982206221
1.924999999813764	15.654233464311234	3.307822610276179
1.969444444344873	15.721221214920218	3.3862629421162413
2.016666666604607	15.789816671543795	3.3691414235212513
2.063888888864341	15.870737874279465	3.400636415250059
2.113888888852699	15.966664333151522	3.3720030249697976
2.163888888841058	16.01757502361434	3.3772947440421515
2.213888888654793	16.114573286496135	3.3879003739749973
2.266666666546399	16.193350881212297	3.439237938494042
2.319444444438005	16.276415691967433	3.3926069766614635
2.37499999970899	16.3589446007177	3.332427637034673
2.430555555503844	16.44093760746309	3.4748163363593987
2.488888888852699	16.513820280125657	3.3544969213141274
2.547222222201555	16.592597874841825	3.343680657409628
2.608333333104412	16.66440874349464	3.350750546946934
2.669444444356515	16.743722240215668	3.3748492557379977
2.733333333337242	16.82839475698542	3.50953071573906
2.797222222143347	16.898597919623644	3.6195208714689566
2.863888888852699	16.97469600431544	3.653670823114967
2.930555555562052	17.059368521085176	3.670636518927285
3.000000000000028	17.146720547879298	3.726019322855562
3.069444444438005	17.25872406689752	3.8234891571289187
3.141666666604607	17.355722329779308	3.906952745176743
3.216666666499833	17.443610258578303	3.961198819271492
3.291666666569682	17.517564735250605	4.016497467134511
3.369444444368156	17.61027578209343	4.023024439087073
3.44722222216663	17.714776673043445	3.9287230292542192
3.527777777519106	17.804272307857048	3.8961809786567017
3.611111110949452	17.89216023665602	3.92009844786651
3.694444444205175	17.988622597532945	3.976263811360256
3.780555555538768	18.07597462432706	3.9983111014084485
3.869444444251741	18.167613867160153	3.9460729626564355
3.961111111042584	18.257645403978614	3.96009408315157
4.052777777658804	18.34821284280195	3.9386859345051564
4.147222222003649	18.43502896759119	3.922902765967567
4.244444444251741	18.53202723047299	3.9632775329212877
4.344444444403081	18.626345983330427	3.954943114084802
4.447222222108422	18.72012883418301	3.965136967057242
4.549999999813764	18.80105003691864	3.980468247608216
4.655555555422353	18.89429698576635	4.032479808052558
4.763888888759567	18.990759346643284	4.063712785088737
4.875000000000028	19.079719079452012	4.066852313647586
4.988888888619869	19.170822420280235	4.069738922372254
5.105555555317579	19.265677075142534	4.150844910781981
5.224999999918538	19.36481894604382	4.161893938563564
5.347222222073498	19.468783934988963	4.177272205485953
5.472222221957082	19.563102687846417	4.253222656956407
5.599999999918538	19.656349636694106	4.270525950157118
5.730555555259372	19.756563311605134	4.307057725773795
5.863888888852699	19.85248977047719	4.301541365152502
6.000000000000028	19.95216754338336	4.293267078762975
6.138888888701359	20.057740238343104	4.305282464875555
6.280555555305938	20.151523089195695	4.325954691377251
6.427777777717012	20.25495217613596	4.339179580867273
6.577777777507464	20.35248634102263	4.326056797081728
6.73055555555041	20.453771819943388	4.314789790539171
6.886111110972735	20.549698278815466	4.303079254391103
7.047222222201555	20.647768345706996	4.321568532839654
7.211111110809753	20.7506615306424	4.282188988029579
7.377777777670445	20.842836675480342	4.305908040965551
7.549999999813764	20.940370840367024	4.31021715470622
7.72499999986033	21.043264025302413	4.347377952612844
7.905555555538768	21.142405896203726	4.35869535441186
8.088888888771208	21.235652845051426	4.391384143288575
8.277777777460898	21.338546029986805	4.304360662849072
8.46944444440308	21.44036741091245	4.373189340605135
8.666666666453267	21.545404203867335	4.401236016934616
8.8666666664067	21.64454607476863	4.439011715919891
9.07222222216663	21.754405985767345	4.500863071318313
9.283333333209185	21.82728865842991	4.5282375002532556
9.49999999970899	21.94036398145789	4.549508876732408
9.719444444461288	22.049152088446846	4.551446830529918
9.94444444432159	22.15579658741635	4.627753649080423
10.17499999981376	22.262976988390715	4.645641173143404
10.41111111111243	22.37122919337484	4.804527260662422
10.65277777751911	22.477873692344335	4.785058399803299
10.8999999999069	22.58291048529921	4.797213577410712
11.15277777775194	22.699737122361256	4.818714245099331
11.41111111105423	22.813348347394097	4.778858731302305
11.67499999981376	22.921600552378216	4.779585702427971
11.94444444420518	23.028780953352566	4.820346356831105
12.22222222195708	23.140784472370786	4.868342240824042
12.50555555551549	23.252252089384136	4.852561177392928
12.79444444435652	23.34978625427081	4.856020842571763
13.09166666655804	23.458038459254922	4.867106589106497
13.39444444421682	23.573257390302363	4.894411806084334
13.70555555541071	23.689012223354677	4.877421385584615
14.02222222223648	23.80155164437777	4.889250779901335
14.3472222220735	23.915698771415478	4.932201740550655
14.68055555544564	24.026630486423926	4.916614085699471
15.01944444444965	24.1397058094519	4.904248634210462
15.36666666663953	24.24688621042627	4.908965863667213
15.72222222201529	24.3604974354591	4.898832990163273
16.08611111110079	24.467677836433463	4.891534708977079
16.45833333302292	24.571642825378593	4.891455139931249
16.83888888865479	24.68364634439681	4.874683085695377
17.22777777764716	24.79940117744912	4.85795278364183
17.62777777755403	24.909796990452723	4.8454094073973915
18.0361111108214	25.02180050947093	4.853558960094582
18.4527777777985	25.131660420469668	4.890187075924498
18.88055555551549	25.240984429463527	4.881042741864193
19.31666666641834	25.343877614398917	4.89796271421472
19.76388888875957	25.45427342740252	4.907770050730217
20.22222222201529	25.563061534391494	4.895636693197134
20.68888888880613	25.67452915140483	4.915816912518498
21.16666666651148	25.7838531603987	4.953130524668403
21.65555555530594	25.902823405480234	5.025500654753001
22.15555555553877	26.01429102249357	5.060091301613065
22.66666666651148	26.122543227477696	5.092336510953612
23.19166666665117	26.23669035451537	5.102790657059134
23.72777777770537	26.35351699157745	5.14913498909829
24.27499999984869	26.471951334654136	5.130933848766893
24.83611111080975	26.589313873721057	5.136730903635631
25.41111111111243	26.70453280476849	5.202976065715189
25.99722222215499	26.817608127796465	5.190596229434633
26.59722222201529	26.936578372878024	5.195072087247583
27.21111111104258	27.050725499915707	5.195353479640573
27.838888888713	27.16272901893394	5.116778024904807
28.48333333310441	27.28545057804957	5.188048658622137
29.14166666666282	27.395846391053173	5.219234595060219
29.81388888886434	27.512673028115227	5.205232291196313
30.50277777761224	27.630571469187032	5.2570285226508995
31.20833333325575	27.72971334008834	5.319877954515343
31.93055555544564	27.85993752727219	5.303207780473139
32.66944444435652	27.979443674358613	5.377441847925809
33.42499999981376	28.09466260540604	5.390391738867403
34.19722222216663	28.21952777254118	5.401533494738271
34.98611111106587	28.344392939676315	5.495701133164678
35.79444444441472	28.462291380748145	5.473304148907521
36.6222222222132	28.58822835189301	5.515275715833799
37.46944444446129	28.707198596974564	5.5535374698729
38.33611111080975	28.826704744060976	5.557448121133703
39.22222222195708	28.94567498914253	5.543713837172096
40.12777777755403	29.06946835226793	5.604174671349863
41.05555555550384	29.197013029427424	5.623064276171341
42.00277777755403	29.319198686538193	5.6957100840003205
42.97222222195708	29.443527951668475	5.774698724514161
43.963888888713	29.564105902764634	5.789767095384686
44.97777777764716	29.693794187943617	5.736406034122354
46.01666666666282	29.82241066911286	5.714491921912529
47.08055555541071	29.955850268325953	5.720143544851546
48.16666666651148	30.09089757355365	5.708805981505059
49.27777777751911	30.211475524649824	5.847076411337947
50.41666666651148	30.322407239658265	5.857887651164588
51.58055555541071	30.443521092759315	5.898528275610251
52.77222222212006	30.565706749870095	5.914003336480963
53.99166666663953	30.686284700966265	5.817802980592306
55.23888888861987	30.83526545832061	5.966506270807431
56.51388888875957	30.96548964550447	6.134471807642778
57.81944444443801	31.101072852737047	6.21115833074788
59.15277777775194	31.235584255959896	6.212357129678564
60.51944444415861	31.348123676982993	6.258798976840342
61.91666666645327	31.49924804235684	6.20341868175831
63.34722222201529	31.644477485677097	6.28811664348394
64.80833333311605	31.780060692909665	6.2918236704856225
66.30555555556205	31.90063864400585	6.303026560344599
67.83611111110079	32.02871922317019	6.372657608379784
69.4027777774609	32.16376652839789	6.299082406467882
71.00555555551549	32.31006777572793	6.260718078961157
72.64444444421682	32.44404327694589	6.282954811917648
74.32222222216663	32.57855468016869	6.338583186433326
76.03611111111243	32.70341984730386	6.408378504374199
77.79166666651147	32.83632354451206	6.458319564088809
79.58611111080975	32.970834947734886	6.442814363556624
81.42222222191052	33.108561762986945	6.502987496627336
83.29999999981376	33.238250048165945	6.531300882212068
85.2222222220735	33.378120471437484	6.668465690140596
87.18888888886434	33.52067040473339	6.751308480274242
89.20000000001167	33.66054082800497	6.784386828757359
91.25833333324411	33.8041625653106	6.7137202640893445
93.36388888856166	33.941353478557794	6.762752072266238
95.51944444421682	34.09194194192677	6.741594722350417
97.72222222195708	34.23877909126168	6.787582695512053
99.97777777776358	34.377041808518584	6.728093200672837
102.2833333332092	34.49708385760989	6.717012830302616
104.6444444444497	34.6337388688522	6.75946866289217
107.0583333330579	34.76610666405556	6.726306956656271
109.5277777774609	34.91455151940505	6.652555394382194
112.0555555555621	35.038880784535316	6.8111128615452285
114.6416666666628	35.17607169778252	7.002260006889072
117.2861111111124	35.318085729073545	6.773788954991119