0.002777777941446402	0.0385014454290976	0.5813382205789743
0.005555555495448061	0.8742092903332385	1.8301450524345115
0.008333333398695686	1.7642721170196043	1.7954708633521632
0.01111111130194331	2.199111971278609	1.8895170292333483
0.01388888903056795	2.6860420164123973	2.5062342028724722
0.01666666675919259	3.191090388807097	3.260162150380142
0.01944444448781724	3.757288115706867	3.90533111531083
0.02222222239106486	4.305367515345897	4.131791295512902
0.02499999994506652	4.794562351387299	4.5496552681756866
0.02777777802293713	5.310934678319725	4.955126292327843
0.03055555575156177	5.770687232562317	5.127043336806425
0.03333333330556343	6.230439786804905	5.386142275455007
0.03611111120881105	6.663014850156467	5.638571316027568
0.0388888889374357	7.10464907713823	5.780116467172779
0.04166666684068332	7.505517067783365	6.042004676278776
0.04444444439468498	7.888266731167501	6.18716775515893
0.0472222222979326	8.27781076727448	6.454750391653221
0.05000000020118023	8.649236476120889	6.731603401219473
0.05277777792980487	9.022926975874656	6.775295636985522
0.05555555565842951	9.383028730182907	7.027439346247615
0.05833333338705415	9.706893829969589	7.043918066022544
0.06111111129030178	10.055671629739859	7.205936710995013
0.06388888884430344	10.375007147711392	7.328576739994286
0.06666666674755106	10.68301871114478	7.407473782831409
0.06944444465079869	10.993295065485858	7.469115523865287
0.07222222220480035	11.296777047104099	7.498726135468516
0.07500000010804797	11.564022374200864	7.533777725884151
0.07777777783667261	11.851650819465883	7.613249558781246
0.08055555573992024	12.1121017738398	7.579822065037833
0.0833333332939219	12.361228773675647	7.739924890836519
0.08611111119716952	12.62847410077249	7.769766940973418
0.08888888910041715	12.884395473331175	7.833902256032328
0.09166666682904179	13.106344982275733	7.9287536230580535
0.09444444455766643	13.353207191204135	7.869111709904099
0.09722222228629107	13.588745445594373	7.856460188131629
0.1000000001895387	13.81522453635434	7.781960527715541
0.1027777777435404	14.034909254391456	7.873443814383891
0.105555555646788	14.220622108814524	7.874456252112783
0.1083333335500356	14.431247663221283	7.880710859457614
0.1111111111040373	14.621490099459665	7.788728488946452
0.1138888890072849	14.818526908420724	7.787068209109764
0.1166666667359095	15.020093299197018	7.775229114163401
0.1194444446391572	15.201276571804948	7.856184668366329
0.1222222221931588	15.391519008043254	7.877104686572607
0.1277777779996541	15.731237644183064	7.763870666369245
0.1333333334569034	16.055102743969833	7.789373591692668
0.1388888890887756	16.383497425571655	7.655581638290201
0.1444444445460249	16.657537125391165	7.721921222907601
0.1500000000032742	16.9723430615474	7.71026146313679
0.1555555556351465	17.237323597736538	7.567627439303374
0.1611111110923957	17.513628088463584	7.7350919178402195
0.166666666898891	17.774079042837496	7.515616783624383
0.1722222223561403	18.007352506320302	7.410189816031132
0.1777777779880125	18.254214715248523	7.347658358656769
0.1833333334452618	18.49201776054647	7.249761073943852
0.1888888889025111	18.69584894223029	7.139483422448128
0.1944444445343834	18.879297005745926	6.979787542308565
0.1999999999916327	19.087657769244963	6.9351324889757695
0.2055555557981279	19.28469457820603	6.738603759076004
0.2111111112553772	19.463613059906436	6.708332750942277
0.2166666668872495	19.61082446890033	6.673880893351146
0.2222222223444987	19.801066905138715	6.561372875145863
0.227777777801748	19.955072686855356	6.418917487505479
0.2333333334336203	20.1226672140177	6.30869113384443
0.2388888888908696	20.26081945938121	6.320838728034266
0.2444444443481189	20.398971704744827	6.247832139196223
0.2527777777086158	20.60733246824396	6.080300795754084
0.2611111112437357	20.797574904482264	5.809712067005493
0.2694444446042326	21.00140608616624	5.752311270183815
0.2777777777901065	21.153147076975284	5.740269861328372
0.2861111113252264	21.32753597686037	5.598911861456067
0.2944444446857233	21.46568822222398	5.457679491426484
0.3027777776969742	21.621958794848414	5.21323092462379
0.3111111112320941	21.782758949287906	5.172164782770696
0.319444444592591	21.918646403743818	5.148146748502256
0.3277777779530879	22.036415530938974	5.102559143830295
0.3361111111389619	22.15191986722653	4.920979702162159
0.3444444444994588	22.269688994421603	4.687326158268638
0.3527777778599557	22.401046867062465	4.598007767542079
0.3611111110458296	22.514286412442306	4.5941573777125795
0.3694444444063265	22.611672421469112	4.461370136950742
0.3805555554954481	22.733971130479524	4.4333525852730515
0.3916666667591926	22.84947546676707	4.171237224909598
0.4027777780229371	22.98536292122297	4.034748072373178
0.4138888889374357	23.07595455752703	3.9223802944262607
0.4250000002011802	23.1937236847221	3.9262098271172228
0.4361111112903018	23.27978573921085	3.840357158010716
0.4472222222048004	23.374906957329934	3.596087472096004
0.4583333332939219	23.45643943000355	3.590117464298272
0.4694444445576664	23.53797190267715	3.519100877773655
0.480555555646788	23.637622702611573	3.3155545648428832
0.4916666667359095	23.712360802562227	3.2894890569842565
0.5055555557282787	23.791628484328218	3.1697759753167856
0.5194444445460249	23.877690538817028	3.1845564962748076
0.5333333335383941	23.952428638767888	2.9734179489795776
0.5472222223561403	24.02943152962616	2.907408439307618
0.5611111113485094	24.09737525685407	2.820436690899726
0.5749999999916326	24.17890772952766	2.7371647293650234
0.5888888888093788	24.242321874940533	2.6606783793065523
0.602777777801748	24.30347122944568	2.6014877254888518
0.6194444443481189	24.375944538488806	2.4872779669216345
0.6361111112437356	24.428034729363606	2.421669791228111
0.6527777777901065	24.49144887477644	2.3685558448432316
0.6694444446857233	24.548068647466383	2.3053386443194257
0.6861111112320941	24.600158838341155	2.198290333649705
0.7027777779530879	24.66357298375384	2.1943855249324637
0.7194444444994588	24.713398383721	2.0708681610190705
0.7361111110458296	24.763223783688172	2.1325823072019654
0.7555555554954481	24.817578765470582	1.9767209983253045
0.7749999999450665	24.862874583622606	2.0050925985163075
0.794444444394685	24.917229565405	1.9021815005695193
0.8138888888443034	24.933083101758204	1.869291242961122
0.8333333332939219	25.005556410801344	1.8501522506140315
0.8527777777435404	25.021409947154567	1.685524694751026
0.8750000000964064	25.08255930165972	1.7041879999052187
0.8972222224492725	25.123325537996518	1.6369766838707147
0.9194444446275156	25.166356565240925	1.7394723721261933
0.9416666668057587	25.21391717430049	1.578574071069994
0.9638888888093788	25.22297633793086	1.5779489350560014
0.9888888888908696	25.27280173789801	1.506566348934677
1.013888888797737	25.311303183327198	1.491219197295691
1.038888889053851	25.352069419664094	1.5044325127916254
1.063888888960719	25.38604128327804	1.4035592618145263
1.08888888904221	25.40189481963125	1.5023310022944545
1.116666666852325	25.444925846875584	1.413093798467461
1.144444444487817	25.481162501397154	1.321816834161926
1.172222222297933	25.526458319549175	1.336324434168848
1.200000000108048	25.549106228625153	1.1755152533730047
1.22777777774354	25.580813301331585	1.2109837596663842
1.258333333456903	25.607990792222775	1.229226329148806
1.288888888995643	25.623844328575984	1.1101752567529855
1.319444444534383	25.666875355820224	0.9541911798203031
1.3499999998985	25.662345774005168	0.932823891510727
1.383333333340488	25.68725847398867	0.9595180205225867
1.416666666607853	25.732554292140694	0.8581257815493423
1.450000000224463	25.73934866486345	0.9475245707003915
1.48611111104583	25.748407828493825	0.9004483278241293
1.522222222391065	25.766526155754658	0.9892152868138654
1.558333333387054	25.805027601183838	1.0176738372888703
1.594444444557666	25.807292392091377	0.8337847755810746
1.633333333456903	25.84352904661303	0.9937988262428277
1.67222222235614	25.875236119319435	1.0739135803067785
1.711111111255377	25.891089655672648	1.0777423749295338
1.752777777708616	25.922796728378906	0.9112038371643947
1.794444444685723	25.925061519286622	1.0187902414710848
1.836111111138962	25.968092546531025	0.8936558077007624
1.880555555495448	25.99527003742214	0.8723237342776657
1.92500000020118	26.013388364682957	0.9007515265086945
1.969444444557666	26.013388364682957	0.8278609534280067
2.016666666642777	26.040565855574165	0.9777749217429637
2.063888888902511	26.047360228296917	0.8191632362846538
2.11388888889087	26.07453771918812	0.8612325760833544
2.163888889053851	26.097185628264164	0.903186041288918
2.21388888904221	26.1107743737097	0.9789664360024687
2.266666666759193	26.14701102823135	0.6595987723176503
2.319444444650799	26.1538054009541	0.7003667406774514
2.375000000096406	26.190042055475764	0.5821628266200775
2.430555555542014	26.21721954636697	0.38563340858189243
2.48888888889087	26.235337873627696	0.3664108078615947
2.547222222239725	26.190042055475764	0.29121380264975294
2.608333333491828	26.205895591828785	0.14703530657005226
2.669444444394685	26.205895591828785	0.11060615632157869
2.733333333550036	26.183247682752814	0.09737543203298084
2.79722222235614	26.194571637290814	0.1263948796211149
2.86388888889087	26.212689964551725	0.40708684180685234
2.930555555600222	26.187777264568062	0.40995018396307353
3.000000000038199	26.214954755459257	0.42972431307071335
3.069444444650799	26.237602664535213	0.6940809970785481
3.141666666642777	26.262515364518904	0.7047997564172556
3.216666666887249	26.280633691779627	0.6135111011908083
3.291666666607853	26.296487228132843	0.8279955338867734
3.369444444406327	26.301016809947996	0.7286432068875186
3.4472222222048	26.337253464469647	0.6753884637788663
3.527777777906522	26.350842209915157	0.4601561417373537
3.611111111336868	26.348577419007622	0.4213347546837915
3.694444444592591	26.371225328083618	0.2977013279772684
3.780555555751562	26.375754909898834	0.27899154434599116
4.87472222237011	26.29875201904046	0.17006575196299106
4.988611111339196	26.296487228132843	0.338037368428898
5.105277777687661	26.296487228132843	0.3592070481615279
5.224722222463242	26.314605555393594	0.48693581545330367
5.346944444443579	26.355371791730395	0.5807619607524945
5.47194444467641	26.36216616445315	0.4971038934342615
5.599722222463242	26.371225328083618	0.5182425840441568
5.730277777978699	26.348577419007622	0.6629054929254157
5.863611111048158	26.382549282621586	0.6836566948672632
5.99972222237011	26.40746198260527	0.557159487804152
6.138611111246064	26.40519719169756	0.6354933845066385
6.280277777850643	26.40746198260527	0.592582041987744
6.427500000087093	26.436904264403985	0.7751769439828465
6.577500000226792	26.459552173479956	0.7564073099627039
6.730277777745869	26.47314091892564	0.6274562702074041
6.885833333342816	26.4957888280016	0.7029713260695968
7.046944444571636	26.4957888280016	0.802242898226859
7.210833333529081	26.511642364354824	0.6632440340581315
7.377500000040527	26.541084646153546	0.7412789144367091
7.549722222183846	26.538819855245944	1.032215904260977
7.724722222230412	26.552408600691543	1.090094582504857
7.905277777734227	26.575056509767503	0.9700063943301769
8.08861111114129	26.575056509767503	0.7959263732644201
8.277500000180225	26.613557955196693	0.6617958150355706
8.469166666773162	26.686031264239904	0.8781526256494749
8.666388888997972	26.720003127853865	0.1314625293104903
11.41083333324968	26.24213224635044	0.5437531700163573
11.67472222218385	26.230808291812473	0.4293731861678843
11.94416666674988	26.248926619073213	0.32068911499907105
12.22194444467641	26.251191409980912	0.3208506595176827
12.50527777788557	26.262515364518904	0.4471728449265848
12.7941666667266	26.248926619073213	0.21891697365373436
13.09138888892812	26.445963428034453	0.19169850406464853
13.3941666665869	26.36443095536083	0.3161586939733943
13.70527777778079	26.296487228132843	0.24292195847660378
14.02194444443194	26.291957646317616	0.2861557303197905
14.34694444444358	26.310075973578464	0.22552619997430617
14.68027777799034	26.296487228132843	0.3285620128030227
15.36638888883499	26.30781118267084	0.06017566040317309
15.72194444438537	26.30554639176321	0.5342180196380473