0.002777777903247625	2.032426549568337	2.5745790543636486
0.005555555457249284	3.8648171276915537	2.7126290659887378
0.008333333360496908	4.9810483881982535	3.182584518574671
0.01111111126374453	5.984282229720744	4.013029823488526
0.01388888899236918	6.9707191576103265	4.140426494680344
0.01666666672099382	7.68382449093001	4.679835793614889
0.01944444427499548	8.505346266788505	5.20065840529898
0.02222222235286608	9.184857772842603	5.471229180449598
0.02499999990686774	9.868950255341925	5.932710777009365
0.02777777781011537	10.505705981239704	6.204698142919592
0.03055555571336299	11.108867879871955	6.5136489929354795
0.03333333326736465	11.687597904129184	6.786720630967433
0.03611111117061228	12.243423046159894	7.105548048697869
0.03888888889923692	12.773289321667187	7.479383326637599
0.04166666680248454	13.298574620729152	7.71661209452291
0.0444444443564862	13.822332927642716	7.987970795763675
0.04722222225973383	14.301808462251694	8.242765756531675
0.05000000016298145	14.776703020415221	8.447326870386368
0.05277777789160609	15.240908633539737	8.722139434854954
0.05555555562023073	15.699006278070591	9.035652141602784
0.05833333317423239	16.13878001682015	9.268755745458886
0.061111111252103	16.570918794827573	9.517027812625834
0.06388888880610466	17.013746517873965	9.73154409971016
0.06666666670935228	17.429088382248597	9.9720298668524
0.06944444461259991	17.83679528588101	10.254525658962283
0.07222222216660157	18.241448205216535	10.347362533412443
0.0750000000698492	18.635412179512997	10.590351608757944
0.07777777779847383	19.03395713025483	10.849013706361848
0.08055555570172146	19.403489230176273	11.057694816854415
0.08333333325572312	19.783710275136897	11.239043035490635
0.08611111115897074	20.16393132009749	11.400453722491683
0.08888888906221837	20.52582845927676	11.610216938755308
0.09166666679084301	20.895360559198306	11.802550797492684
0.09444444451946765	21.240460784744837	11.99916556252228
0.09722222207346931	21.590141986736693	12.203340107455308
0.1000000001513399	21.93829619658011	12.389246407998034
0.1027777777053416	22.271180484939187	12.456049195241166
0.1055555556085892	22.610172741891915	12.750180375100458
0.1083333335118368	22.95374597529004	12.92467276719605
0.1111111110658385	23.28052229505541	13.085345848273528
0.1138888889690861	23.588974709039444	13.276166202184584
0.1166666666977108	23.924912981695357	13.420347151942021
0.1194444446009584	24.251689301460633	13.54282075156506
0.12222222215496	24.555560738999393	13.67895401478422
0.1277777776122093	25.172465566967535	14.067297243116261
0.1333333334187046	25.766465512709175	14.286999849859914
0.1388888890505768	26.357411474153924	14.634627248809771
0.1444444445078261	26.93614149841116	14.84314732950754
0.1499999999650754	27.513344530519934	15.162615475298693
0.1555555555969477	28.069169672550633	15.443215122525661
0.161111111054197	28.60056294020639	15.671078216349978
0.1666666665114462	29.141118160752757	15.905022978687725
0.1722222223179415	29.670984436259975	16.192613871197775
0.1777777779498138	30.19474274317357	16.387206580811664
0.183333333407063	30.68948819926684	16.659711488284316
0.1888888888643123	31.197976584695994	16.84739866734996
0.1944444444961846	31.70035700153148	17.07944765230551
0.1999999999534339	32.17219757539817	17.267605058235922
0.2055555554106832	32.64403814926493	17.550418413753476
0.2111111112171784	33.11129774668635	17.66420602261883
0.2166666666744277	33.58161132840464	17.810068102438954
0.2222222223063	34.03512799649009	18.1072916607492
0.2277777777635492	34.487117672427146	18.3238512064766
0.2333333333954215	34.919256450434595	18.4725985628222
0.2388888888526708	35.357503197035705	18.673742131856418
0.2444444443099201	35.785060998597785	18.779940902061718
0.252777777670417	36.43250566953465	19.009859688506612
0.2611111112055369	37.04635651320595	19.340503942985816
0.2694444445660338	37.66173434902558	19.559142409030287
0.2777777777519077	38.252680310470325	19.78221544544781
0.2861111112870276	38.83293732687603	19.96633149483027
0.2944444444729015	39.4223562961723	20.165712531981296
0.3027777776587755	39.987343391093646	20.37060805257057
0.3111111111938953	40.54011454882744	20.534833081871508
0.3194444445543923	41.088304730116064	20.832741136123143
0.3277777779148892	41.61969799777179	20.958408028141776
0.3361111111007631	42.15261825757595	21.083541631902776
0.34444444446126	42.65957965085664	21.264718700485645
0.3527777778217569	43.178756981324945	21.45084097584182
0.3611111110076308	43.68877235890254	21.60608543732356
0.3694444443681277	44.18657179929268	21.80764498451682
0.3805555554572493	44.8187465487452	21.933171668665686
0.3916666667209938	45.458556258939865	22.187167702090683
0.4027777778101154	46.083096047650216	22.25130832553509
0.4138888888992369	46.6984738834699	22.463523893424657
0.4250000001629815	47.28331187632091	22.69159257411097
0.436111111252103	47.88189279850785	22.830084570582514
0.4472222221666016	48.44077192483537	22.95716516253002
0.4583333332557231	49.01797495694421	23.05394335842629
0.4694444445194677	49.56921912252957	23.195088963085638
0.4805555556085892	50.117409303818135	23.400633027050493
0.4916666666977108	50.65185655577068	23.461268698520115
0.5055555556900799	51.31151716389507	23.728124858361603
0.5194444445078261	51.945218905496	23.80919798201016
0.5333333335001953	52.58044763924537	23.924436698333523
0.5472222223179415	53.19277149076821	24.07807799424488
0.5611111109610647	53.80814932658799	24.177994200705236
0.5749999999534339	54.3929873194389	24.32930538255088
0.5888888887711801	54.97477132799307	24.512829247517875
0.6027777777635492	55.54281240721125	24.54302054894777
0.6194444443099201	56.21926992896833	24.641316373535894
0.6361111112055369	56.86824159205369	24.76611280170586
0.6527777777519077	57.524848215881164	24.88750297954109
0.6694444444729015	58.141753043849334	24.991738801301793
0.6861111111938953	58.751022911075275	25.02301353527938
0.7027777779148892	59.35265781755912	25.134000370438514
0.71944444446126	59.946657763300664	25.194664986444412
0.7361111110076308	60.5238607954095	25.20134117504147
0.7555555554572493	61.18657538783069	25.319988290794708
0.7749999999068677	61.82638509802537	25.373221768589897
0.7944444443564862	62.461613831774734	25.418600944275372
0.8138888888061047	63.067829714703834	25.44235378487944
0.8333333332557231	63.66946462118769	25.42493469391759
0.8527777777053416	64.26041058263239	25.498293233103002
0.8750000000582077	64.91090923786612	25.51067434226091
0.8972222220618278	65.55071894806078	25.523743082046522
0.9194444445893168	66.17525873677111	25.550634067238363
0.94166666676756	66.77383965895802	25.578249266453163
0.9638888887711801	67.38463651833251	25.518326261209904
0.9888888888526708	68.03208118926928	25.54435369185332
1.013888888759539	68.67494488376087	25.554672765511828
1.038888889015652	69.29184971172903	25.595185518200424
1.06388888892252	69.90417356325182	25.55452841887826
1.088888889004011	70.48443057965748	25.51657273755837
1.116666666814126	71.12729427414912	25.51771962521112
1.144444444274996	71.75641503930477	25.482374566165355
1.172222222259734	72.37790084371821	25.4451416728727
1.200000000069849	72.955103875827	25.377114123068953
1.227777777705342	73.54452284512335	25.427688801801313
1.258333333418705	74.16600864953675	25.403076022976347
1.288888888957445	74.77527851676273	25.344973697629428
1.319444444496185	75.36011650961368	25.21765903532938
1.349999999860302	75.93273856527715	25.21721815632044
1.383333333302289	76.55422436969064	25.111736955822934
1.416666666569654	77.15585927617444	25.064307454989834
1.450000000011642	77.7376432847285	25.031896989435392
1.486111111007631	78.34385916765763	24.935200170704018
1.522222222352866	78.9348051291024	24.84516410843271
1.558333333174232	79.51353515335961	24.756608372333933
1.594444444519468	80.08157623257785	24.618827934360034
1.633333333418705	80.68473813121008	24.563393755057415
1.672222222317942	81.24972522613139	24.503623895036846
1.711111111217178	81.80402337601363	24.406305373248635
1.752777777670417	82.39496933745839	24.265732588273924
1.794444444472902	82.95537545593444	24.173752085123958
1.836111111100763	83.51730856655878	24.034502921665688
1.880555555457249	84.09145761437074	23.974374949485718
1.925000000162982	84.64270177995617	23.87072363557542
1.969444444519468	85.17409504761191	23.698460628165844
2.016666666604579	85.73908214253318	23.601603179744988
2.063888888864312	86.28574533167328	23.42601947189084
2.113888888852671	86.84615145014932	23.281564290971126
2.163888889015652	87.3851796785472	23.221594025817872
2.213888889004011	87.90588400116391	23.157788762448607
2.266666666720994	88.4449122295618	22.896556062477472
2.3194444446126	88.96714354432689	22.780923974684427
2.375000000058208	89.5015907962796	22.595958371495808
2.430555555503815	90.03298406393523	22.59396843589107
2.488888888852671	90.5689583080363	22.403013707082767
2.547222222201526	91.06064977983272	22.28404315934386
2.608333333453629	91.5920430474885	22.026702014309205
2.669444444356486	92.09136948002698	21.997311569759546
2.733333333511837	92.63497868487016	21.759756177634184
2.797222222317942	93.117508203776	21.54615678211606
2.863888888852671	93.6275235813536	21.540842856760033
2.930555555562023	94.09020220232976	21.31830107023345
3.0	94.61090652494647	21.169198533140584
3.0694444446126	95.08274709881316	20.94013656660367
3.141666666604579	95.55764165697668	20.803832130383956
3.216666666674428	96.05696808951535	20.63878755500418
3.291666666569654	96.52117370263986	20.66545804792536
3.369444444368128	96.9899602922097	20.377469973499487
3.447222222166602	97.46180086607646	20.250256708330802
3.527777777868323	97.91226354986502	20.11562101414722
3.611111111124046	98.37952314728649	19.881003419514666
3.694444444554392	98.84372876041104	19.773850858893695
3.780555555713363	99.28961046775433	19.708014741905053
3.869444444600958	99.73854615939446	19.47094672034098
3.961111111217178	100.18442786673778	19.330061835384843
4.052777777658775	100.61503965259686	19.257112551158386
4.147222222352866	101.05328639919792	19.057101297291496
4.244444444600958	101.50222209083813	18.896367336448076
4.344444444403052	101.92825290025175	18.795053527132076
4.447222222108394	102.35122972536848	18.71867923331479
4.550000000162982	102.79100346411813	18.569080863787597
4.655555555596948	103.21092630493793	18.41356197505426
4.763888888759539	103.61863320857037	18.222601935549335
4.875	104.04008304153876	18.10165186692909
4.988888888969086	104.46153287450701	18.070675684189812
5.105555555666797	104.86160481739728	17.88091438773036
5.225000000093132	105.26473074458433	17.73894963199391
5.347222222073469	105.66785667177145	17.612938450443902
5.4722222223063	106.06182064606803	17.47645846931144
5.600000000093132	106.47105454184884	17.387794079164546
5.730277777940501	106.86959949259061	17.26728449665182
5.863611111009959	107.2574554982934	17.183111343830458
5.999722222331911	107.63462255895708	17.079944350686983
6.138611111207865	108.02095157251142	17.057443908302222
6.280277777812444	108.41644253895636	16.892208284531065
6.427500000048894	108.78902862317476	16.822998534371763
6.57750000001397	109.17077666028382	16.6771067529123
6.73027777770767	109.54641672879902	16.65993699699402
6.885833333304618	109.92969175805635	16.542050852517594
7.046944444533438	110.3007508501263	16.445789763338336
7.210833333490882	110.68249888723538	16.428410900836028
7.377500000002328	111.0337070813756	16.279052411912673
7.549722222145647	111.40782015774248	16.24220424843486
7.724722222192213	111.76666331262486	16.13520885962772
7.905277777696028	112.14383037328867	16.07477403414274
8.088611111103091	112.50725450461633	15.94411910436202
8.277500000142027	112.85388172231133	15.966876217500781
8.469166666734964	113.21883284578762	15.906398225297993
8.666388888959773	113.57920299281852	15.809192383021767
8.866388888913207	113.93041118695876	15.757458203621802
9.071944444498513	114.28009238895059	15.66985170693817
9.283055555541068	114.63740855168456	15.69332735170664
9.499722222390119	114.9962517065671	15.61466022287481
9.719166666793171	115.33066298707449	15.519136437158734
9.944166666828096	115.69103313410541	15.518824897847258
10.17472222214565	116.03307937535516	15.493817782904692
10.41083333344432	116.38123358519852	15.484074514702824
10.65249999985099	116.7278608028935	15.372716200842088
10.89972222223878	117.06379907554947	15.356764235291806
11.1524999999092	117.41500726968961	15.328951051009064
11.41083333321149	117.75705351093931	15.315372316145059
11.67472222214565	118.10826170507961	15.267458173209368
11.94416666671168	118.43656501699333	15.337111945757762
12.22194444446359	118.76792231320394	15.26267392635962
12.50527777784737	119.12065749949274	15.284270325769612
12.79416666651378	119.4565957721487	15.182919606414409
13.09138888888992	119.79253404480457	15.14460166103759
13.3941666665487	120.15137719968702	15.21493028616434
13.70527777774259	120.46899156656173	15.296450847802966
14.02194444439374	120.82172675285045	15.23362760864052
14.34694444440538	121.13934111972519	15.193593674395084
14.68027777795214	121.48138736097475	15.272302054455244
15.01916666660691	121.82343360222448	15.17346463568521
15.36638888879679	122.16853382777104	15.2612840533478
15.72194444434717	122.50447210042694	15.155097584959817
16.08583333343267	122.82972142804374	15.26438544558889
16.45805555570405	123.17940263003558	15.312458923994585
16.8386111111613	123.51381391054313	15.249109433520845
17.22750000015367	123.84669819890213	15.242367542250394
17.62750000006054	124.17500151081592	15.28942708505733
18.03583333350252	124.5139937677687	15.347760104458443
18.45250000013039	124.86214797761205	15.337425996051977
18.88027777784737	125.18892429737734	15.395515342526279
19.31638888875023	125.5294435464786	15.43700939782034
19.76361111109145	125.8730167798767	15.529257692772127
20.22194444434717	126.20895505253264	15.494556524918412
20.68861111113802	126.5525282859307	15.555063877101926
21.16638888884336	126.89610151932888	15.63719422186651
21.65527777781244	127.23509377628167	15.726034865873453
22.15527777769603	127.57866700967965	15.730724041926523
22.66638888884336	127.90544332944508	15.771306590318396
23.19138888880843	128.26428648432747	15.767688449437498
23.72750000003725	128.6048057334287	15.857126206615478
24.27472222235519	128.96059490401424	15.917727911623464
24.83583333349088	129.30111415311555	15.930570757378673
25.41083333344432	129.64163340221683	16.10664639340805
25.99694444431225	129.98062565916962	16.016764426531665
26.59694444434717	130.33946881405208	16.01040565854821
27.21083333319984	130.68762302389544	15.999569093452306
27.83861111104488	131.02966926514506	16.04041436702954
28.48305555561092	131.39156640432446	16.1540259422645
29.1413888889947	131.72597768483195	16.092190828101373
29.81361111119622	132.06038896533937	16.12667233076725
30.50249999994412	132.41007016733124	16.083309047657636
31.20805555541301	132.75517039287783	16.10647097541548
31.93027777795214	133.11554053990866	16.05417201183984
32.66916666651378	133.43773588322878	16.121646073854475
33.42472222214565	133.79963302240807	16.226408857885335
34.19694444449851	134.13404430291544	16.258676596180635
34.98583333339775	134.47609054416517	16.30045582669431
35.79416666674661	134.82119076971168	16.25942738776102
36.62194444454508	135.16476400310987	16.402795478133527
37.46916666679317	135.51749918939848	16.37725047367697
38.33583333349088	135.86870738353875	16.435300820001885
39.22194444446359	136.21686159338216	16.595427223441057
40.12750000006054	136.56196181892872	16.658035373766353
41.05527777783573	136.90858903662377	16.653897386680192
42.00250000006054	137.2582702386156	16.738296060592557
42.97194444446359	137.59878948771677	16.820385643154335
43.96361111104488	137.9683215876383	16.936298708055684
44.97750000015367	138.31952978177867	17.205362839812757
46.0163888889947	138.65546805443455	17.30393802938864
47.08027777774259	139.0188921857622	17.329607389630468
48.16638888884336	139.3792623327932	17.392548197347296
49.27749999985099	139.74421345626942	17.339527934989796
50.41638888884336	140.13817743056583	17.394946848271825
51.58027777774259	140.49702058544838	17.56730541557046
52.77194444445195	140.84517479529174	17.5389137339165
53.99138888879679	141.19180201298673	17.541758743265838
55.23861111095175	141.54301020712705	17.49355399297297
56.51361111109145	141.89879937771252	17.39347473851134
57.81916666659527	142.26222350904033	17.33154058179823
59.1524999999092	142.61037771888383	17.410015310717977
60.51916666683974	142.96311290517258	17.35691464494587
61.91638888895977	143.30974012286748	17.459736008099817
63.34416666679317	143.6731642541953	17.138390105235175
64.80527777789393	144.01062951899962	16.653781854715135
66.29972222226206	144.36489169743672	16.17930457195036
67.8302777778008	144.69166801720212	15.73187651203613
69.39694444451015	145.07188906216268	14.950787809326181
70.99972222239012	145.4001923740763	14.23092041272132
72.63861111109145	145.65672705501356	13.29568283856584
74.31638888904126	145.89188384587266	12.327479347761367
76.03027777781244	146.10260876235682	11.322175484781217
77.78583333321149	146.33776555321606	10.355718224096583
79.58027777785901	146.53016656391895	9.314898921809238
81.41638888895977	146.69813570024695	8.188313491739205
83.29416666651377	146.83098401716086	7.349285220864013
85.21638888894813	146.9317654989577	6.770786653735636
87.18305555556435	147.0401819414966	6.324975999985179
89.19416666671168	147.13332846255125	6.675559692151834
91.25249999994412	147.26006881087142	3.5084073246109595