0.03333333322757426	32.753090782083234	26.527366545712784
0.04999999977394509	37.3130844377841	12.783438320021201
0.06666666666956189	41.30446950535201	14.45868274418461
0.08333333321593273	44.632065851556035	15.43248406767328
0.09999999993692654	47.52331691164933	16.445957877433013
0.1166666666579204	50.13520810018169	17.179608831123698
0.1333333330296682	52.45661446651577	17.938969074943927
0.149999999925285	54.62721594643189	19.215932910003133
0.1666666664716558	56.726123300018216	20.75150880479351
0.1833333331926497	58.805252963582554	21.777417072426328
0.1999999999136435	60.77189701514667	22.70956944033472
0.2166666666346373	62.57661122965555	23.567815661283333
0.2333333331810081	64.34053395849402	24.112298016897384
0.249999999727379	66.07108183542032	24.968201005246055
0.2666666666229958	67.67183862157717	25.86555361952356
0.2833333331693666	69.25652603459113	26.660811435772068
0.2999999998903604	70.81401912382485	28.522090060121357
0.3166666666113542	72.34184567802546	30.585121938471307
0.3333333333323481	73.99328279486369	31.97581606491804
0.3499999998787189	75.65955317921846	33.523993458722785
0.3666666664250897	77.2566016484962	34.02319891054913
0.3833333333207065	78.79678925896063	34.87759329777316
0.3999999998670774	80.20347746177642	35.33973131260754
0.4166666665880712	81.66208210090004	35.57236108704192
0.433333333309065	83.1281033737819	35.68501833571143
0.4499999996808128	84.50265283031193	36.07577398401757
0.4666666665764296	85.80550816051222	35.972833738567985
0.4833333331228005	87.06015537128376	35.41810952337766
0.4999999998437943	88.26412225137395	35.41839157966455
0.5166666665647881	89.41370048390358	35.872069267676785
0.5333333332857819	90.31111316865251	36.48710527689451
0.5500000000067757	91.54721879502843	36.3380922031318
0.5666666663785236	92.65600554188762	35.96654530481033
0.5833333332741404	93.82906978131842	34.76643420815574
0.5999999998205112	94.89459283125451	35.251950920043825
0.616666666541505	95.86864406483872	34.18989201278436
0.6333333332624989	96.74380684831284	33.48744285048775
0.6499999999834927	97.4360259990834	32.25410403244367
0.6666666665298635	98.26421676875532	31.27518900173135
0.6833333330762343	99.04914384150402	30.532967486420933
0.6999999999718511	99.80193216796698	29.879274857099343
0.716666666518222	100.55472049442996	29.50918966513557
0.7333333332392158	101.18266215262892	29.553866465866086
0.7666666663319575	102.50529517285113	27.352463329187504
0.7999999997739451	103.6721788841501	24.615553129871245
0.8333333332159327	104.75747962410816	23.985140034351126
0.8666666666579204	105.50903184494476	22.561443160458467
0.899999999925285	106.10236254560517	17.871019878235785
0.9333333331926497	107.07641377918945	15.00991820727983
0.9666666666346373	107.7847023031028	16.081919443146692
0.999999999727379	107.72536923303674	15.268200959078683
1.033333333169367	108.1060897659605	13.305584381729918
1.066666666611354	109.16914060464381	15.255995992539697
1.099999999878719	109.13576575273171	15.469674939795587
1.133333333320707	109.61661084139183	17.481908809072362
1.166666666588071	110.1827472182721	18.588843203318994
1.199999999680813	110.92317448847128	16.479734536674794
1.233333333122801	111.41390842214254	19.19520776978349
1.266666666564788	111.79586506069265	19.140006396180226
1.300000000006776	112.33727932504533	17.65513851713563
1.33333333327414	112.80947167432096	15.549349418942898
1.366666666541505	113.3187471923879	14.699122201371763
1.399999999983493	113.67103729590495	15.485692909921703
1.433333333076234	114.11479921577396	15.79902713206016
1.466666666518222	114.16424344082901	15.997127456897868
1.516666666331958	114.44236720676354	15.149180090956841
1.566666666669562	115.00232305551182	16.02646650321231
1.61666666665792	115.66982009375494	16.039716929682847
1.666666666471656	116.32495607573408	17.493111169113703
1.716666666634637	116.96155047331774	18.329086649471375
1.766666666622996	117.46588156887914	18.17746648949585
1.816666666611354	117.89357411560529	17.279516888341444
1.86666666642509	118.3670025705073	16.554920012052854
1.916666666588071	118.78480627222224	16.105168888596
1.96666666657643	119.19272112892637	15.882848500892338
2.016666666564788	119.53141407055338	15.847412172605203
2.066666666378524	119.91831513160903	15.597998641735833
2.116666666541505	120.28914681952183	15.772150031230932
2.166666666529864	120.69953388747855	15.643703725852161
2.216666666518222	121.06418504725953	15.660788999035441
2.283333333227574	121.52401634027137	15.833815358825357
2.349999999936927	121.98013931640409	15.875971405996456
2.416666666471656	122.41030407438292	15.706347428305097
2.483333333181008	122.84541325486727	15.62507671505776
2.54999999989036	123.25209200594495	15.871045202653015
2.61666666642509	123.65382633451708	16.02943618197496
2.683333333309065	124.05803287434205	16.095806281519017
2.749999999843794	124.43380898476032	15.886682266474306
2.816666666378524	124.8244183626951	16.01691297775828
2.883333333262499	125.23233321939908	15.770365088203464
2.949999999971851	125.63653975922401	15.83138157741296
3.033333333227574	126.08153778471933	15.720051267666722
3.11666666665792	126.46967495140154	16.131639007456943
3.199999999913644	126.84421495619335	15.651506121759223
3.283333333169367	127.26325476353482	15.473943697477837
3.36666666642509	127.6501558245905	15.409278393167986
3.449999999680813	128.09515385008578	15.634745679259579
3.533333333285782	128.4363190029657	15.66089864721682
3.616666666541505	128.7849007896037	15.834389081368311
3.716666666518222	129.22000997008786	15.82450945506723
3.816666666669562	129.63657756617656	15.479026384235926
3.916666666471656	130.04696463413356	15.695468123178056
4.016666666622996	130.44251843457386	15.846568052421532
4.11666666642509	130.83930834064046	15.82439327974213
4.21666666657643	131.2163205566852	15.866043689174518
4.316666666378524	131.57231897708124	15.942684268812263
4.416666666529864	131.93820624248875	15.989571399958136
4.533333333227574	132.36342657796186	15.984220949982795
4.649999999925285	132.761452589655	15.952104799289911
4.766666666622996	133.1644230238536	16.040189275914116
4.883333333320707	133.5624490355465	16.114693554633085
4.999999999843794	133.92957240658018	16.076460075464485
5.116666666541505	134.30782072825144	16.096141666264153
5.24999999996021	134.71449947932888	16.17054815887544
5.383333333029668	135.1298309697913	16.80686005847092
5.516666666622996	135.5142598195941	15.186849381922226
5.649999999867077	135.8925081412652	16.29228051155995
5.783333333285782	136.2781730966947	16.726299259554462
5.933333333076234	136.69721290403592	15.665810201521305
6.083333333215933	137.25840485841067	12.434640297313853
6.233333333181008	137.26334928091615	12.920648789126751
6.383333333320707	137.9024158897525	13.882436272852257
6.533333333285782	138.38820540091834	14.72835889155768
6.699999999971851	138.52912144232513	15.144074128206583
6.86666666665792	138.1619980712914	14.821994263805513
7.033333333169367	138.65025979371	14.977123007147458
7.199999999680813	139.25965986751336	9.06801725984698
7.366666666541505	139.84433782878907	11.113371683186017
7.549999999773945	140.33754397371322	13.433431265055154
7.733333333181008	140.77265315419757	17.123939150253506
7.916666666588071	140.81715295674707	17.167094182191526
8.099999999820511	140.06807294716324	16.315883756298966
8.299999999773945	141.04212418074738	15.932028883707124
8.499999999727379	141.71951006400144	15.843759507154191
8.699999999680813	142.21271620892546	15.930728713070518
8.916666666529864	142.70839456510228	17.655007387660188
9.133333333029668	143.16822585811414	22.633943410267115
9.349999999878719	143.6255849398731	20.601678505674865
9.566666666378524	144.0705829653685	19.651201256085013
9.799999999773945	144.53906699776508	19.505177145046847
10.03333333316937	144.9791206007549	19.43707374535548
10.26666666656479	145.43029915438208	19.426062215640247
10.51666666633196	145.90001929240492	19.444955344574023
10.766666666623	146.34254510664755	19.62147955093115
11.01666666656479	146.794959765901	19.612610105765004
11.28333333322757	147.25973548141855	19.615685563912756
11.54999999989036	147.7034974012874	19.653783875995128
11.81666666637852	148.15220374366183	19.658000374274145
12.09999999993693	148.65159041671777	19.690689508215097
12.38333333332071	149.09906065346567	19.701644272231018
12.68333333307623	149.54653089021375	19.74570652941865
12.98333333318101	150.01254271135753	19.840972853005567
13.28333333328578	150.45877684247924	19.87373952018594
13.59999999993693	150.9087192904803	19.77707896177226
13.91666666658807	151.3636061609864	19.883854285413715
14.24999999996021	151.8320901933829	20.049453852764945
14.58333333333235	152.2919214863949	20.058716336160035
14.93333333307623	152.76411383567043	20.28323164245395
15.28333333316937	153.22888955118785	20.348608221925765
15.64999999998349	153.71097074547444	20.3921364626674
16.016666666623	154.179454777871	20.469880506301962
16.39999999998349	154.6516471271464	20.58897663838146
16.78333333316937	155.15226990582877	20.678449729534368
17.18333333307623	155.61580951571958	21.025760736451993
17.58333333333235	156.07811301998447	21.12094379117276
17.99999999996021	156.5577220030183	21.234511907098415
18.41666666658807	157.03733098605198	21.350453907389056
18.84999999993693	157.51941218033855	21.32673177026059
19.30000000000678	158.06947918407587	21.62703128639443
19.74999999972738	158.5577409064945	21.782261774166948
20.21666666651822	159.05341926267116	21.994910073263938
20.68333333330907	159.5330282457052	22.099363230373182
21.16666666647166	160.0249982850028	22.233238024464345
21.66666666652986	160.55034317621232	22.170281324356253
22.16666666658807	161.0410771098837	22.29401622948818
22.68333333319265	161.5577692617089	22.37496737937561
23.21666666651822	162.0658086741493	22.55364648267582
23.76666666656479	162.57879250909528	22.646624445050456
24.31666666661135	163.0954846609207	22.596961436069215
24.88333333302967	163.60846849586642	22.65147812648682
25.46666666651822	164.1152718026806	22.62401550165215
26.06666666637852	164.64185279951678	22.698029519826463
26.68333333330907	165.1573088457156	22.70958644446824
27.29999999989036	165.65669551877133	22.618119111639416
27.93333333319265	166.15855440308016	22.646443879910642
28.58333333321593	166.66412160426805	22.666158051751676
29.24999999996021	167.18081375609304	22.76023921031601
29.93333333307623	167.68514485165443	22.745083076023853
30.6333333332625	168.18205931345747	22.80913676991684
31.34999999982051	168.69875146528267	22.89783017671746
32.08333333327414	169.20431866647047	23.01713873327814
32.83333333327414	169.74326071957023	23.85951501602644
33.59999999982051	170.24388349825273	24.01303106453757
34.3833333332625	170.7568673331985	23.236680436616943
35.18333333307623	171.27479559065003	24.10733260282122
35.99999999996021	171.80014048186007	24.323970351186382
36.83333333321593	172.49359573825694	24.273493272324398
37.68333333319265	173.01894062946658	24.418725627924328
38.56666666661135	173.34156419795067	24.507142284818535
39.46666666657643	174.04243608810606	24.534244838299955
40.3833333332625	174.58632256371115	24.552223260049686
41.31666666666956	175.10425082116285	23.708136215336772
42.28333333316937	175.63083181799908	23.711439699261753
43.26666666656479	176.1537044979558	24.695190256019433
44.26666666633196	176.66916054415464	23.888303605772514
45.29999999989036	177.19450543536442	23.795521758682867
46.34999999982051	177.69512821404675	23.79256959109709
47.43333333319265	178.2204731052567	23.77110264512668
48.53333333328578	178.74705410209282	23.83934075240316
49.66666666647166	179.2625101482913	23.903506760304225
50.81666666637852	179.77673008886384	23.835129953441104
51.99999999972738	180.2897139238099	23.976128326778348
53.19999999997185	180.79651723062406	23.978692830534463
54.43333333330907	181.3243343330864	23.97612008623321
55.69999999991364	181.84844311866982	24.046537616380967
56.99999999996021	182.3503020029787	24.07045824910898
58.31666666637852	182.8707024716829	24.13566999224879
59.66666666658807	183.38245020100257	24.218160068226872
61.04999999989036	183.89914235282768	24.200016289091828
62.46666666663464	184.41707061027924	24.18931134371644
63.91666666647166	184.92758223397234	24.249020482431792
65.39999999992529	185.44303828017118	24.250545233844818
66.91666666647166	185.95973043199635	24.241060928396468
68.46666666663464	186.47271426694235	24.281298306468837
70.04999999989036	186.9807536793828	24.282357420500595
71.66666666658807	187.47890424681222	24.29607459907013
73.33333333327414	187.99188808175833	24.173640508903354
75.03333333322757	188.49127475481427	23.119435804162375
76.766666666623	189.00302248413365	21.387969704315974
78.55000000000678	189.50982579094813	19.514158164972116
80.36666666665792	190.00921246400404	17.114816163499412
82.2333333331228	190.48758534141146	14.658920878133033
84.13333333302967	190.7731257411043	12.710143218750538
86.08333333327414	190.9189862050166	19.33162993761911
88.08333333333235	191.03518013389598	20.25123485431246
90.11666666665792	191.03518013389598	20.180992761153984
92.19999999997185	191.03888845077492	20.734046719168564
94.33333333327414	191.12788805587428	20.335616730748452
97.51083333320662	193.14768464937248	25.47954967891159
99.9277777777354	193.952389412143	26.687498520540288
102.4277777776772	194.5790949647159	28.536001235118665
104.927777777619	195.33435550243152	30.95490261355352
107.4277777777354	195.58775715583857	35.12928282921231
109.9277777776772	196.3393093766749	30.244028764906016
112.9277777776772	196.84487657786275	29.01970608191497
115.9277777776772	197.3479715677977	28.22578646115522
118.9277777776772	197.975913225997	27.52250668904343
121.9277777776772	198.98951983962488	28.92994790672147
124.9277777776772	199.6186976034506	27.638124061065305
127.9277777776772	200.12179259338544	27.862312793923817
130.9277777776772	200.5012770206828	28.58016674704306
134.4277777777354	201.12921867888184	27.871857557442915
137.927777777619	201.75839644270727	24.611786189490594