0.03266158225051186	0.06809308191889896	0.0010711317000448998
0.06266158225298568	0.06928769739116827	0.002595489241917175
0.09266158225182153	0.07048231286343762	0.004932427801244544
0.1326615822526946	0.07287154380797625	0.013617891707448626
0.2626615822518943	0.0657038509743603	0.014196763461257974
0.2926615822525491	0.07526077475242435	0.04788771055028292
0.3626615822522581	0.07884462116923237	0.0038298196134175055
0.3926615822529129	0.07287154380797625	0.011124233006062871
0.4326615822519671	0.07765000569696301	0.03948064050832727
0.4626615822508029	0.07884462116923237	0.021364097614870972
0.4926615822532767	0.08720692947511767	0.03717780803921235
0.5326615822523308	0.08003923664150167	0.07360466576600284
0.5626615822529857	0.08720692947511767	0.021616084961229604
0.5926615822518215	0.09318000683637373	0.021084910215886262
0.6326615822526946	0.0919853913641044	0.03345267070372812
0.6626615822533495	0.08362308305830966	0.022042611118442305
0.7326615822512395	0.0955692377809124	0.05015869608880785
0.7626615822518943	0.09676385325309114	0.02298246366589109
0.9926615822532767	0.08959616041956572	0.005500629342110234
1.062661582252986	0.08959616041956572	0.01214686563397602
1.092661582251822	0.08720692947511767	0.046040526525753654
1.132661582252695	0.09676385325309114	0.0004303498289781906
1.192661582252185	0.09318000683637373	0.004246558617008938
1.532661582250512	0.08959616041956572	0.006356638009122399
1.592661582251822	0.07765000569696301	0.03444864032168989
1.632661582252695	0.08720692947511767	0.02287825059524347
1.692661582250366	0.08242846758594978	0.02232535827419698
1.792661582252549	0.0907907758918351	0.04631491122824874
1.862661582252258	0.08720692947511767	0.019718165189759544
2.462661582252622	0.08003923664150167	0.06503755965128459
2.532661582252331	0.08003923664150167	0.010908949974741627
2.592661582251822	0.07884462116923237	0.014946941035465606
2.662661582251531	0.08362308305830966	0.006240063347007664
2.732661582253058	0.0919853913641044	0.034368102072849134
2.832661582253422	0.08720692947511767	0.04255428380420734
3.73266158225124	0.07765000569696301	0.001421764514418828
3.932661582251967	0.0740661592802456	0.05022853685947923
4.132661582252695	0.0740661592802456	0.01785554014527433
4.232661582253058	0.07765000569696301	0.08235943876982808
4.332661582253422	0.07287154380797625	0.16128928246524415
4.432661582251967	0.08840154494729645	0.11685014460502283
4.562661582252986	0.07526077475242435	0.17946524687340076
4.692661582250366	0.08481769853057901	0.1513615612631124
4.832661582253422	0.10273693061443781	0.2367029546163275
4.962661582250803	0.10154231514225903	0.22605497804590666
5.092661582251822	0.10632077703124582	0.25596308570379633
5.23266158225124	0.11109923892023255	0.2674516526526642
5.362661582252258	0.12424000911510455	0.22506668230253335
5.492661582253277	0.1349915483655286	0.30533905717460963
5.632661582252695	0.13021308647645125	0.35843719052968814
5.762661582250075	0.1433538566714139	0.33779284960847444
5.932661582251967	0.14932693403266994	0.33282287041626674
6.092661582251822	0.1648569351720807	0.3676207799503318
6.262661582251894	0.1827761672559395	0.4641879942071048
6.432661582251967	0.18516539820056874	0.44556632924899586
6.592661582251822	0.19472232197854222	0.5056779637306644
6.762661582251894	0.21264155406258212	0.49429916640125365
6.932661582251967	0.22817155520190233	0.49383065975248364
7.092661582251822	0.23414463256324905	0.5294327494460648
7.262661582250075	0.2496746337025691	0.6004094751144039
7.432661582251967	0.26759386578651845	0.6224612582548246
7.632661582252695	0.27954002050912125	0.6781433350296721
7.832661582253422	0.29745925259307054	0.7011967427758444
8.03266158225233	0.3177677156215586	0.6759392722902609
8.23266158225124	0.334492332233148	0.7073536240754554
8.432661582251967	0.3595792571507135	0.7392420375218873
8.632661582252695	0.3763038737623029	0.7171512715687414
8.832661582253422	0.3942231058462522	0.6145712922748156
9.53266158225233	0.4443969556812019	0.04216475933803006
9.762661582251894	0.4420077247367538	0.01278640724828137
10.23266158225306	0.2747615586201345	0.2945731761071266
10.49266158225328	0.31657310014928924	0.12396892371139791
10.76266158225189	0.35360617978936676	0.10502494392888302
11.29266158225255	0.41333695340247106	1.1038921756322024
11.56266158225299	0.43364541643086857	1.0210954663393226
11.83266158225342	0.4599269568206126	0.9513429037440402
12.1326615822527	0.4682892651264073	0.8559262599704136
12.43266158225197	0.4850138817380874	0.9083865784431082
12.73266158225124	0.5089061911832927	0.8413781430785362
13.03266158225233	0.5292146542117808	0.8288196298027031
13.36266158225226	0.551912348184717	0.8475598719051118
13.69266158225037	0.565053118379589	0.8933798495727499
14.03266158225233	0.5985023516029492	0.8884445585663876
14.36266158225226	0.6164215836868986	0.8801649243748411
14.73266158225306	0.6462869704933601	0.8974753657546024
15.09266158225182	0.6642062025773094	0.9625482204571891
15.4626615822508	0.6869038965503361	0.9476863223119578
15.83266158225342	0.7060177441064642	0.9568054569534159
16.23266158225306	0.7322992844962084	0.9175597859978915
16.6326615822527	0.7585808248859526	1.0030465947343292
17.03266158225233	0.7884462116925045	1.0633675984115647
17.43266158225197	0.8099492901931714	1.096016615825935
17.86266158225226	0.8362308305829156	1.0729100466583172
18.29266158225255	0.8553446781390437	1.1749580777000377
18.73266158225124	0.8923777577792118	1.2172085902124876
19.19266158225219	0.9282162219471104	1.2377701325296997
19.66266158225335	0.9461354540309692	1.155379000889125
20.1326615822527	0.9771954563097908	1.0709537635995263
20.6326615822527	1.026174690672471	0.9831369774093953
21.1326615822527	1.0584293084235616	0.8197578142987564
21.6326615822527	1.091878541646831	0.6406222619357972
22.1326615822527	1.097851619008178	0.643404021114169
22.66266158225335	1.1026300808972551	0.556989964532336
23.19266158225219	1.0954623880636394	0.3556295131601191
23.73266158225306	1.0882946952301138	0.25725876871382886
24.29266158225255	1.0906839261746526	0.21775133319799603
24.86266158225226	1.1062139273139726	0.2536815299008077
25.46266158225262	1.1157708510921271	0.2381485105097114
26.06266158225299	1.1133816201475886	0.30648313305020775
26.69266158225219	1.1217439284533834	0.2986088403787895
27.33266158225342	1.1468308533709488	0.3458183064807743
27.99266158225328	1.150414699787666	0.6449747078311993
28.66266158225335	1.157582392621282	0.9465374269865574
29.33266158225342	1.1539985462044742	1.1602035755866036
30.03266158225051	1.1755016247051409	1.3716191627875294
30.73266158225124	1.2173131662342958	1.7872332127329036
31.46266158225262	1.2770439398473996	2.057635687021719
32.19266158225219	1.3523047145998246	2.3252898791694823
32.96266158225262	1.4287601048246084	2.4588109368777347
33.73266158225124	1.513577803355187	2.620757272595773
34.53266158225051	1.5936170399965985	2.5109155945080586
35.33266158225342	1.662904737387767	2.4192602767781404
36.16266158225335	1.738165512140282	2.302111319540425
37.03266158225233	1.7692255144190132	2.2497195600125712
37.89266158225291	1.805063978586912	2.20415308442913
38.79266158225255	1.8516539820050533	2.2113858061761977
39.69266158225219	1.9066062937290795	2.204028523686058
40.6326615822527	1.9663370673421843	2.44525274040978
41.59266158225182	2.038013995677892	2.5672544896077545
42.56266158225299	2.109690924013508	2.458693870576946
43.56266158225299	2.184951698766022	2.1457231135339407
44.59266158225182	2.2649909354075244	1.8865931266561025
45.6326615822527	2.3259163244928067	1.5160911911722077
46.69266158225037	2.349808633938103	1.1930223328842189
47.79266158225255	2.3426409411044866	0.8810059210415423
48.93266158225197	2.349808633938103	1.1651447130725396
50.06266158225299	2.3450301720490256	1.5642905351055743
51.23266158225306	2.351003249410373	1.9635211377955872
52.43266158225197	2.3641440196052446	2.56921620531104
53.66266158225153	2.5039140298598506	3.101535347599102
54.93266158225197	2.6508517329479813	3.6109501857742066
56.23266158225124	2.7607563563960356	4.021020970218102
57.53266158225233	2.879023288149884	4.4058155162956805
58.86266158225226	2.993706373486924	4.166054222309195
60.23266158225306	3.092859457684645	3.793133934336885
61.6326615822527	3.184844849048749	3.6172799018439883
63.06266158225299	3.2792194713573926	3.3538265213787666
64.53266158225051	3.3700102472492275	3.012412265451449
66.03266158225051	3.439297944640395	2.6679977363305847
67.56266158225299	3.512169488448373	1.9763313265629083
69.1326615822527	3.5778733394227324	1.4588260690754535
70.73266158225306	3.623268727368696	1.2812561213410585
72.39266158225291	3.651939498702977	1.4233151694840547
74.06266158225299	3.59818180245122	2.019356559195888
75.79266158225255	3.5838464167840796	2.536166979472098
77.56266158225299	3.6376041130358363	3.1612244233040796
79.36266158225226	3.7403410436502744	3.7110209520997373
81.23266158225306	3.9482041358237785	4.45911104401599
83.1326615822527	4.130980303079719	5.019658087219409
85.06266158225299	4.31256185486348	5.1669383343000375
87.03266158225051	4.4618887888961485	4.950132245446152
89.06266158225299	4.565820334982948	4.134590148801133
91.1326615822527	4.6733357274863705	2.9602417225135156
93.2626615822519	4.76054265696158	2.3870520166227167
95.43266158225197	4.817884199630054	2.3957766927668316
97.66266158225335	4.848944201908876	2.7670763076859246
99.93266158225197	4.773683427156361	3.0562699102133695
102.2626615822519	4.833414200769465	3.3737981604457903
104.6326615822527	4.989908827635752	3.9369220616294913
107.062661582253	5.181047303197485	4.2972930015410045
109.5326615822505	5.359045008564439	4.702012838998216
112.062661582253	5.519123481847532	4.236180829529406
114.6626615822534	5.705483495520279	3.6002948945372193
117.3326615822534	5.818971965385143	3.11112760403599
120.062661582253	5.833307351052283	2.7399201154076818
122.8326615822534	5.784328116689513	2.602186904139744
125.6926615822522	5.7962742714121145	2.6020593140434447
128.5926615822518	5.881091969942693	3.1629773680693494
131.562661582253	5.982634285084864	3.3490602135863834
134.6326615822527	6.120015064394928	3.633000980959783
137.7626615822501	6.314737386373562	4.123275785501184
140.9626615822526	6.566801251020671	4.333030765564356
144.2326615822531	6.626532024633775	4.447680314992995
147.562661582253	6.6396727948286465	4.349633334016564
150.9926615822533	6.76630203488838	4.112212529225456
154.4926615822533	6.901293583253818	3.4187818822176443
158.062661582253	7.037479747091706	3.3876522565219993
161.7326615822531	7.159330525262273	4.065717513486425
165.4626615822508	7.302684381933687	4.15130688438998
169.2926615822526	7.393475157825613	4.350287438870198
173.2326615822512	7.447232854077278	4.5878360028289356
177.2326615822531	7.62881440586104	4.759866845766317
181.3326615822534	7.7805305708382475	4.779759552450524
185.5326615822523	7.972863661872251	5.268681026600838
189.8326615822534	8.178337523101217	6.135070175934265
194.2326615822512	8.347972920162375	7.1078822247921964
198.7326615822512	8.503272931556301	6.6413939309164975
203.3326615822534	8.721887562980141	6.345714402519997
208.0326615822523	8.999038352544813	6.849192040781743
212.8326615822534	9.442240692753746	7.462516118775224
217.7626615822519	9.482857618810721	8.019825794449067
222.7926615822526	9.605903012453558	6.9347409054680975
227.932661582252	9.949952268464859	6.528490338569291
233.1926615822522	10.279666138808935	5.832360718042211
238.5926615822518	10.601017700847295	6.721269416878597
244.1326615822527	10.54606538912327	7.244398983309525
249.7626615822519	10.825605409632482	5.797887720900119
255.5326615822523	11.14695697167076	6.378673833282021
261.432661582252	11.418134683874081	9.276395495660616
267.4626615822508	11.459946225403236	9.442062685737966
273.6326615822527	11.909121642973432	7.32066487772896
279.9626615822526	12.457450144741516	9.026053843425041
286.432661582252	12.795526323391384	11.294237879594876
293.062661582253	12.673675545220725	8.954061121196451
299.8326615822534	13.30921097646376	7.734478092896077
306.7626615822519	13.842009477092349	8.520069905164965
313.8626615822523	13.824090245008392	10.728122659237373
321.1326615822527	14.115576420240215	8.707521625377595
328.562661582253	14.63045568878485	8.020640718524206
336.1626615822534	15.007954178019427	9.649008225907693
343.932661582252	15.222984963026539	10.325132607071932
351.8926615822511	15.616013453400434	10.35215942154769
360.0326615822505	15.96364655582855	10.636905765465198
368.3626615822523	16.428351974538227	11.52909179237685
376.8626615822523	16.97070739894489	13.037860805192597
385.562661582253	17.43182897123767	12.025156138998916
394.4626615822526	17.861890541251828	11.17785276464686
403.562661582253	18.621665981610047	10.636453370116223
412.8926615822529	18.74710060619752	10.203831429728789
422.432661582252	19.031419088595722	10.511368210437878
432.1926615822504	19.453118350303978	8.936834123782162
442.1626615822515	19.84495222520569	9.971100682728942
452.3626615822523	20.375361494889745	10.593931979907639
462.8326615822534	20.783919986403138	11.213916860234972
473.5326615822523	21.170975399415774	11.908804401087147
484.4626615822526	21.61776158604151	12.623909973642998
495.6626615822534	22.21745855311672	12.640049904189086
507.0926615822518	22.807598596413893	13.289456442257828
518.7926615822525	23.548260189215878	13.25003405500459
530.7626615822501	23.9759325282855	13.311864968472728
543.0326615822505	24.548153339498704	12.117517859738502
555.562661582253	24.9973287570689	11.393150187885816
568.3926615822529	25.64839418945143	10.769619977122074
581.5326615822523	25.950631903933477	10.762736017004555
594.9626615822526	26.537188100813832	10.136957739470551
608.6926615822522	26.809560428489423	9.285690355128814
622.7326615822531	27.415230472925895	9.352861371554237
637.1326615822527	27.710300494574515	9.298705285415025
651.8326615822534	28.165448989506057	9.863040647741766
666.8926615822511	28.491579013433416	10.173639458537286
682.2926615822525	29.098443673342146	10.343693756213124
698.0326615822523	29.54284062902345	10.84333222590501
714.1326615822527	30.27275068257512	9.686490376922551
730.6326615822527	30.62516224689221	9.53427073144001
747.4926615822533	31.24994613888491	11.036063523927899
764.7326615822531	31.241583830579113	10.688009780462174
782.3926615822511	31.83889156670979	11.724297300796811
800.4626615822526	32.74441009468387	11.45511757835802
818.932661582252	33.43250860670639	13.280190666908158
837.8326615822534	34.11105019495094	12.04008113075503
857.1626615822533	34.667741005024624	10.199336674567919
876.932661582252	35.11452719165039	9.02284709694451
897.1626615822533	35.49680414277403	10.650102340840549
917.8626615822523	35.9543418686501	9.494533038346741
939.0326615822505	36.87180655134687	10.168160498028147
960.6926615822522	37.09161579824298	10.385484541921102
982.8626615822523	37.616051990565694	6.962505962977269
1005.532661582252	38.14407202930521	13.791603683826711
1028.732661582253	38.351935121478704	15.584430917397432
1052.462661582253	40.05904063134017	15.217325004016134
1076.732661582253	41.007565316315684	18.214682198814714
1101.562661582253	41.44479457916334	12.318753334778908
1126.992661582253	42.32164233580323	8.585290202347407
1152.992661582253	42.77679083073469	5.54587374297653
1179.592661582252	42.90580930173896	1.84786466830347