0.02790085767810524	0.29613573614321553	0.2073961708511678
0.06790085767534038	0.7710312793980945	0.9372488522534341
0.0979008576778142	1.1351869885489976	1.3448078918030848
0.1279008576766501	1.5474543859248477	1.4175043818839432
0.1679008576775232	2.019031881715938	1.9717687863583508
0.197900857678178	2.22558033633684	2.0432626079595044
0.2279008576788328	2.5785376352974487	1.9424520567047763
0.267900857677887	3.079148046396699	2.0842695947318264
0.2979008576785418	3.2533455382456493	2.2301821022975656
0.4679008576786146	4.126821533088245	2.554481030952847
0.627900857678469	5.063755185675817	2.8754019422781387
0.7979008576785418	5.901147414349706	3.277384031708431
0.9679008576786146	6.437012079751717	3.317485819175995
1.467900857676796	7.909395641808328	3.2017731078104568
1.967900857678615	8.772087982393613	3.181452464205568
2.467900857678615	9.420766261564465	2.485109297629963
2.967900857676796	10.10262501537322	2.1836308933789232
3.467900857678615	10.214194361343145	1.9813397855004993
3.967900857678615	10.479638158446306	1.7757076486577066
4.467900857676796	10.61816664005952	1.4397525154015076
4.967900857678615	10.795267423439286	1.5628901567262856
5.467900857678615	10.969879671221207	1.7409107765556908
5.967900857676796	11.10218681383982	1.7318495216864545
8.967900857676796	11.99059402226946	2.2687674972765124
11.9679008576768	12.77489749152272	2.5640703802382125
14.9679008576768	13.471687458918527	2.872357024901752
17.9679008576768	14.066032710869832	3.1495382706285233
20.9679008576768	14.60065310847291	3.028459329358683
23.9679008576768	15.211173841810197	3.132885305469729
26.9679008576768	15.781878005581987	3.3230248676552225
29.9679008576768	15.975154270347737	3.5081537363634068
32.9679008576768	16.460833467859928	3.2693642238125196
35.9679008576768	16.78766114304319	3.3640623354632395
38.9679008576768	17.233523770989922	3.322379119062118
41.9679008576768	17.636666537840345	3.7196245456458974
44.9679008576768	17.753627710938936	3.4512579300823325
47.9679008576768	18.158844257454227	3.5952876572347146
50.9679008576768	18.441293047809307	3.6830114969714765
53.9679008576768	18.764387919595837	3.620304731701258
56.9679008576768	19.124810825349975	3.7088876822870596
59.9679008576768	19.403112056375306	3.8164710167178724
62.9679008576768	19.48398946330518	4.144423913261762
65.9679008576768	19.80501055542682	3.911104602458781
68.9679008576768	20.045983752484542	3.906149768832214
71.9679008576768	20.286956949542258	3.93531405738075
73.80790085767876	20.452444566798757	3.8598543862932035
76.86790085767825	20.774709926719314	3.8869393228655915
79.86790085767825	21.055914449275477	3.85558109295818
82.86790085767825	21.295643378534262	4.205660489692817
85.86790085767825	21.49389671449569	4.037224093251844
88.86790085767825	21.62247105371754	4.016914173614106
91.86790085767825	21.780078308247543	3.843987393032204
94.86790085767825	22.01773345784146	3.785547816264892
97.86790085767825	22.137183166537895	3.6694659261764375
100.8679008576783	22.415069641630275	3.5581099092241417
103.8679008576783	22.57267689616026	3.422271258630571
106.8679008576783	22.847660079721834	3.3219506085659614
109.8679008576783	23.002778798653996	3.4853051169086458
112.8679008576783	23.079093890321158	3.766652458169849
115.8679008576783	23.271125887287987	3.855372455604578
118.8679008576783	23.2802505178134	3.8425503630275366
121.6779008576759	23.538228708123025	3.854258504918353
136.8079008576788	23.96045024789024	3.9958904150975174
142.8079008576788	24.35156509268444	4.0678892559786535
148.8079008576788	24.863373913973977	4.130493196132107
154.8079008576788	25.093563456774383	4.164914300331736
160.8079008576788	25.441543684539305	4.413037188492706
166.8079008576788	25.74058271221335	4.511052037032395
172.8079008576788	26.11137451629183	4.995695896725873
178.8079008576788	26.436128411810213	4.8288013679132495
184.8079008576788	26.678760632599847	4.839525801484739
190.8079008576788	26.864571290572037	4.665017782222368
196.8079008576788	27.06655742993024	4.838731979766097
202.8079008576788	27.462234589987133	4.653221116042403
208.8079008576788	27.738876797280597	4.786037428498123
214.8079008576788	28.015104248641055	4.72853110843948
220.8079008576788	28.083124221648745	4.7739692315191
226.8079008576788	28.39999775444067	4.859088200007069
232.8079008576788	28.67912849733197	4.759575871521381
238.8079008576788	28.917198402858862	4.927878514953018
244.8079008576788	29.19674390168313	5.0080040307716285
250.8079008576788	29.309972271384943	4.851944526607343
256.8079008576788	29.62933433977468	5.046355456842888
262.8079008576788	29.829661455400974	4.959465444923841
271.8079008576788	30.187595825557278	5.300682567252955
280.8079008576788	30.624748578911554	5.281967141194303
289.8079008576788	30.81968386740919	5.371581166881854
298.8079008576788	31.175544457900614	5.256639772263348
307.8079008576788	31.451771909261087	5.494247992052578
316.8079008576788	31.92708220844894	5.540461661125699
325.8079008576788	32.12367652067848	5.6223563870323865
334.8079008576788	32.52018319260134	5.547004551865537
343.8079008576788	32.83954526099108	5.5538103941898145
352.8079008576788	33.195405851482484	5.819232962272023
361.8079008576788	33.36172298060494	5.6839362133271765
370.8079008576788	33.72048686262719	5.728784402120087
379.8079008576788	34.04150795474885	5.878128989002719
388.8079008576788	34.40524890796677	5.801767632023937
397.8079008576788	34.68562391865697	5.878524934253323
409.8079008576788	34.97595307173855	5.904593730751479
421.8079008576788	35.41808289628851	5.966231955951008
433.8079008576788	35.81873712754111	5.965801575428743
445.8079008576788	36.07298251445399	6.1676012232434365
457.8079008576788	36.47488101350551	6.150725746144935
469.8079008576788	36.87470573289215	6.1247769351717505
481.8079008576788	37.13143965540282	6.1753433942660525
493.8079008576788	37.53209388665543	6.324308919948984
505.8079008576788	37.89583483987337	6.394658852134296
517.8079008576788	38.34169746782008	6.386086937184231
529.8079008576788	38.565665671625894	6.429984791519014
544.8079008576788	39.048026821674284	6.5674400257984935
559.8079008576788	39.4088644833614	6.5219760056619345
574.8079008576788	39.79251372136208	6.585540468038266
589.8079008576788	40.1894351492179	6.547835974406986
604.8079008576788	40.665160204338704	6.452549775752717
619.8079008576788	41.018117503299315	6.348558384805697
634.8079008576788	41.4034257650319	6.311097011021228
649.8079008576788	41.7592863555233	6.114821065597029
664.8079008576788	42.11141414261797	5.68146026167662
682.8079008576788	42.461468150047786	6.598629904904531