0.009999999999990905	6.277841435400631	5.36188396308763
0.01999999999998181	11.959514764928063	11.032787442013863
0.02999999999997272	17.10497483176264	14.748973195810175
0.03999999999996362	21.767394983199644	17.74916430668682
0.04999999999995453	25.993942758290263	20.09011190355177
0.05999999999994543	29.82680943012787	21.858231284559615
0.06999999999993634	33.30386678427112	23.13711350431268
0.07999999999992724	36.45916846830985	24.001974952583396
0.08999999999991815	39.32337944793146	24.515373144138614
0.1009816608871006	42.166301071111675	24.732737655980756
0.1133032870613988	45.01628767547139	24.64584269644712
0.1271283790159714	47.838964900990014	24.231253099638092
0.1426403873214213	50.59325898975264	23.47753676048796
0.1600451469034283	53.24217313847966	22.343847402482425
0.1795736083471411	55.735246889760376	20.84448657993026
0.2014849024710657	58.03878996184719	19.04421365608686
0.2260697788357788	60.117264985063564	17.003015461440267
0.2536544638136888	61.95080413102218	14.79272287581421
0.2846049894150156	63.52041975584998	12.53249768934294
0.3193320503100381	64.83367545023346	10.387570351150634
0.3582964534979283	65.90960641697515	8.370663775150081
0.4020152329356392	66.75871121263992	6.572888381274067
0.4510685102642924	67.42097459990312	5.090644490348144
0.5061071926710383	67.92905719017072	3.867080430436677
0.567861610031855	68.30985590112746	2.9259790573905713
0.6371512059453721	68.60147468244159	2.2553328838970796
0.7148954112514616	68.82802881879945	1.7763658735082428
0.8021258443199031	69.00949250884024	1.458642948356129
0.8999999999994657	69.16296521574951	1.2567335319740507
1.009816608871176	69.2979672654398	1.1262778417290924
1.133032870614102	69.4213953871161	1.0440957539232396
1.271283790159771	69.53743756350612	0.9888463353530629
1.426403873214213	69.6480855255905	0.948799223918965
1.600451469034169	69.75483074763821	0.9188337956972975
1.795736083471013	69.85848718660073	0.894137378178717
2.014849024710429	69.95944063355181	0.8739837518131675
2.26069778835739	70.05833569624632	0.8590622616189458
2.536544638136604	70.15571290078037	0.8484407516620659
2.846049894149985	70.25200008068957	0.8437007707055595
3.193320503100438	70.34809361897452	0.8434663258574138
3.58296453497951	70.44410312594412	0.848531903282898
4.020152329356449	70.5410974457073	0.8618497093890146
4.510685102642981	70.63985012051371	0.8812217606740317
5.061071926710383	70.74091875939583	0.9074740660303706
5.678616100318664	70.8452502673271	0.9404368777272788
6.371512059453778	70.9533494866071	0.977870885400882
7.148954112514673	71.06563954127478	1.019995503782679
8.021258443199372	71.18265622527909	1.067100598092693
8.999999999995111	71.30486689760696	1.1176945019795461
10.09816608871216	71.43244962273144	1.1715898103411315
11.3303287061413	71.56580290774545	1.2299003391460368
12.71283790159782	71.70532384332218	1.2923124453315296
14.26403873214218	71.8513061698975	1.3593105638021246
16.00451469034152	72.0042122283856	1.4318344207816607
17.95736083471007	72.16449477764321	1.5132844314032357
20.14849024710401	72.33329418472476	1.6043169283689718
22.59844302488153	72.51053541134547	1.7055438740372282
25.04839580265906	72.67794697291959	1.808522647803274
27.49834858043658	72.83709675864952	1.9045207874287433
29.94830135821411	72.98967663873236	2.003233880407994
32.39825413599164	73.13548289343088	2.1004097446532244
34.84820691376916	73.27712021891266	2.1958220088377804
37.29815969154669	73.41357640843346	2.2928134890833185
39.74811246932421	73.54619871857166	2.3843550776531
42.19806524710174	73.6748178033548	2.476613073851795
44.64801802487926	73.7999408607682	2.5613983314827395
47.09797080265679	73.92163342453027	2.6479253560550675
49.54792358043432	74.04013448976092	2.7318807944801105
51.99787635821184	74.15485650866134	2.8145564230516937
54.44782913598937	74.26767974661946	2.8944777796685717
56.89778191376689	74.37787577753835	2.9727837731172824
59.34773469154442	74.48553283279077	3.051753423326995
61.79768746932194	74.59080006990102	3.1238599248642354
64.24764024709947	74.69378696622694	3.1961334200959506
66.697593024877	74.79443451312261	3.2655960159169766
69.14754580265452	74.89277958617133	3.3316217951423797
71.59749858043205	74.98881600571846	3.3999926510134384
74.04745135820957	75.08345248283779	3.4646212366681994
76.4974041359871	75.17591310105983	3.5251025803335936
78.94735691376462	75.2662296576094	3.582438220915488
81.39730969154215	75.35553682122537	3.6450979303758264
83.84726246931967	75.44290147822205	3.7013213738603774
86.2972152470972	75.52814208233076	3.7576724838121205
88.74716802487472	75.61175395445447	3.810675189747474
91.19712080265225	75.69308877945471	3.866551020724063
93.64707358042978	75.77414967355908	3.9143254221031625
96.0970263582073	75.85327914049779	3.9635453303915966
98.54697913598483	75.93120224416258	4.001969453903189