0.01000000000021828	0.3492924202524722	0.2819373122639982
0.02000000000043656	0.6924765981089204	0.7082846964782397
0.03000000000065484	1.0302211610457699	1.022110396982302
0.04000000000087312	1.3628659617595722	1.3323762067517728
0.05000000000109139	1.6906514683294445	1.635868428193456
0.06000000000130967	2.0137683151928205	1.9319048746112297
0.07000000000152795	2.332378607591152	2.2203895813324084
0.08000000000174623	2.646622393647878	2.501409413428468
0.09000000000196451	2.9566243810055544	2.775483484685902
0.1009816608893743	3.2923063415942626	3.0686201375515787
0.1133032870638999	3.663191289764374	3.387501673039741
0.1271283790183588	4.0722962933266365	3.7330257270379117
0.1426403873238087	4.522738463818476	4.105894690371804
0.1600451469057589	5.0176964987788635	4.506419933825084
0.1795736083495285	5.560359085890869	4.93440903648318
0.2014849024735668	6.153860476744844	5.389025590322162
0.2260697788387915	6.801196608285086	5.868643736345063
0.2536544638169289	7.505127181273537	6.370674358153309
0.2846049894187672	8.268051761524816	6.891398199144234
0.3193320503141877	9.09187343362125	7.425780487315532
0.3582964535025894	9.977832221708583	7.9673188909769435
0.4020152329412667	10.9263337400257	8.507903528882217
0.4510685102704883	11.936750389946662	9.037756829953903
0.506107192678428	13.00723617666876	9.545445261200577
0.5678616100403815	14.134530625754728	10.018034172284546
0.6371512059549786	15.313809277252538	10.44139736796686
0.7148954112626598	16.53855891183606	10.800721898700123
0.802125844332295	17.800544306784563	11.081233749728533
0.9000000000132786	19.089850587850503	11.269098628283484
1.009816608886467	20.39505742387459	11.35251770447585
1.133032870630814	21.703533696725586	11.32283879011162
1.271283790178131	23.001867553816126	11.175680390345232
1.426403873234449	24.27641987685316	10.911775667832178
1.600451469056679	25.513948618160935	10.53753010831209
1.795736083496195	26.702290601343915	10.065015083182516
2.014849024738396	27.83098428241648	9.51144589002201
2.260697788388825	28.891831254152514	8.898062741501102
2.536544638172018	29.87926123933249	8.248556309813086
2.846049894189491	30.790530968825912	7.587234685654462
3.193320503144605	31.625667040806132	6.937108596164685
3.582964535029532	32.3872238846415	6.318249530379047
4.020152329412667	33.0798485918432	5.746498294319176
4.510685102705793	33.7097415887085	5.232800689267342
5.061071926780642	34.28406860505004	4.783066015748683
5.678616100397449	34.810388892672215	4.398603650302848
6.371512059542511	35.29616783671743	4.076914158776539
7.148954112613865	35.748387438596886	3.8127175559653854
8.021258443311126	36.1732957578121	3.59902310983727
9.000000000120963	36.57626375724854	3.428096777661089
10.09816608885376	36.96175749484931	3.2922544048213918
11.33032870629995	37.33337756923051	3.184407041593395
12.71283790177586	37.69395681250875	3.098397457225649
14.26403873234176	38.04567714668736	3.0291263875085304
16.00451469056588	38.39019627141321	2.9725481064367347
17.95736083496195	38.72876342990337	2.9255624647962915
20.14849024738669	39.06232117815353	2.8858671139313756
22.60697788389098	39.39158707392846	2.8517917102785146
25.365446381722	39.717117231011294	2.822145204408938
28.46049894189946	40.039352812728595	2.7960836489980285
31.93320503145242	40.35865312041508	2.773005743564259
35.82964535029805	40.67531800911619	2.7524741606229854
40.20152329412849	40.98960283345846	2.7341596190767645
45.10685102706248	41.30172795548033	2.717802982054791
50.61071926781369	41.61188492784424	2.7031907226276393
56.78616100398267	41.92024031166321	2.6901397852254605
63.71512059543147	42.226938326374395	2.6784886791833338
71.48954112614956	42.532102562908136	2.6680923992995895
80.21258443311854	42.83583740289203	2.6588196886108517
90.00000000121327	43.13822903399628	2.6505514315032266
100.9816608885376	43.43934642450674	2.643179740330967
113.3032870630022	43.739242047472665	2.63660717053783
127.1283790177613	44.037952587097685	2.630746100394193
142.6403873234231	44.335499427000244	2.6255179974323934
160.0451469056607	44.63188908913002	2.6208527471814067
179.5736083496204	44.92711346476425	2.6166878841228725
201.4849024738669	45.22114997030226	2.6129678899840787
226.0697788389098	45.51396150950521	2.6096434603771295
253.65446381722	45.80549635389179	2.6066708540895376
284.604989418991	46.095687852838864	2.604011247594968
319.3320503145224	46.38445407060606	2.6016301851637356
358.2964535029769	46.67169728805628	2.599496141186328
400.7964535029769	46.94979330728867	2.5976508226760022
443.2964535029769	47.198410891452	2.596143334857799
485.7964535029769	47.42299535251859	2.5948426992754348
500.0	47.493429502400396	2.5944036488832767