0.0008333331788890064	0.03063030089613146	0.11284298343783615
0.002499999885912985	0.1313468835037506	0.07050892031070637
0.003333333239424974	0.1500365586268219	0.10338433202196454
0.005833333299960941	0.24971482594982924	0.6463967669372767
0.00666666665347293	0.35095056619975923	0.5727289863401519
0.008333333011250943	0.40961537978049767	0.2216411061839373
0.009166666539385915	0.4023471727881955	0.34498192797124233
0.009999999718274921	0.4438797841727851	0.2120153190463101
0.01083333324640989	0.4760675579958392	0.24073086843097585
0.0116666664252989	0.4797016614919952	0.27452076345839216
0.01249999995343387	0.4859315531996856	0.3883804741574975
0.01333333313232288	0.5212342728765751	0.4947144886173996
0.01416666666045785	0.5695159336111563	0.45754655888387613
0.01499999983934686	0.5985887615803747	0.32829522794229904
0.01583333319285885	0.5996270768649867	0.2510841513590757
0.01666666654637083	0.6022228650765209	0.2192390334955924
0.01749999989988282	0.6229891707688161	0.34661368118042424
0.01833333325339481	0.6541386293072582	0.3836281827559337
0.0191666666069068	0.6671175703649399	0.45606953772001924
0.01999999996041879	0.6894413489841674	0.45336513326915445
0.02083333331393078	0.7044969206110728	0.4012233816833749
0.02166666666744277	0.7221482804495222	0.44528960993918587
0.02249999967170879	0.7382421673610491	0.43229534595145586
0.02333333319984376	0.7507019507764302	0.4535548088428313
0.02416666637873277	0.7704299411841034	0.45676710666501547
0.02499999990686774	0.7854855128110285	0.47851382855214747
0.02583333308575675	0.801060242080245	0.5090674216233766
0.02666666661389172	0.819749917203296	0.49759869479374985
0.02749999979278073	0.8316905429763761	0.4969929097356622
0.0283333333209157	0.8498610604571365	0.511364123250954
0.02916666649980471	0.8649166320840418	0.519360937598386
0.02999999985331669	0.876338100214801	0.4999169408983526
0.03083333320682868	0.8908745141994058	0.5271699096452944
0.03166666656034067	0.9064492434686217	0.5385556446152715
0.03249999991385266	0.9204664998109352	0.5208890689294716
0.03333333326736465	0.9308496526570829	0.5328661946836901
0.03416666662087664	0.945905224283998	0.5385599538705942
0.03499999997438863	0.9630374264801366	0.5580038018369768
0.03583333332790062	0.9723822640416625	0.5582843699177397
0.03666666633216664	0.9843228898147321	0.5601965057397335
0.03833333303919062	1.0082041413608822	0.5806158940129974
0.0399999997462146	1.0362386540454596	0.585362594610401
0.04166666645323858	1.0601199055916095	0.6015552074562153
0.04333333316026256	1.0845203147800604	0.6175741288435379
0.04499999986728653	1.1058057781146566	0.6247500096098114
0.04666666657431051	1.1291678720184852	0.6214526654829381
0.04833333328133449	1.151491650637703	0.6470303374083122
0.04999999998835847	1.1748537445415421	0.6458241816253624
0.05166666652075946	1.1935434196646035	0.6775919716144392
0.05333333322778344	1.217424671210734	0.6914465440099504
0.05499999993480742	1.240267607472252	0.7052587470753328
0.0566666666418314	1.2542848638145556	0.703848022462794
0.05833333317423239	1.282319376499153	0.7302311037509343
0.05999999988125637	1.3020473669068255	0.7214926841199881
0.06166666658828035	1.3228136725991304	0.7276520492178197
0.06333333329530433	1.3394267171529586	0.7747718560984167
0.06499999965308234	1.361231338129865	0.7404677745557844
0.06666666636010632	1.3783635403260137	0.7573406092348282
0.0683333330671303	1.3980915307336872	0.7651572410373573
0.06999999977415428	1.4178195211413702	0.7751468786814024
0.07166666648117825	1.4359900386221305	0.7808404446445814
0.07333333318820223	1.4520839255336573	0.7817540294125961
0.0758333332487382	1.4811567535028665	0.8045914292941381
0.07833333330927417	1.5039996897643946	0.7967797920133691
0.08083333302056417	1.5299575718797684	0.8068242822558767
0.08333333325572312	1.5559154539951219	0.8429511313072328
0.0858333331416361	1.581873336110495	0.8264447470294538
0.08833333320217207	1.6036779570874118	0.8796953246208351
0.09083333326270804	1.6270400509912313	0.8651359005358955
0.093333333323244	1.6545554060335177	0.8712191029115344
0.09583333320915699	1.6742833964412005	0.8984847811605552
0.09833333309506997	1.7028370667681085	0.9221630324207198
0.1008333333302289	1.720488426606558	0.9250742787756068
0.1033333332161419	1.7433313628680862	0.9134096295873307
0.1058333332766779	1.7666934567719152	0.9307531495199705
0.1083333331625909	1.7926513388872896	0.9550519063502655
0.1108333330485039	1.812898486937263	0.9400960239013915
0.1141666664625518	1.8398946843372486	0.9797924011524533
0.1174999998765998	1.867410039379535	0.9857947721966281
0.1208333332906477	1.8959637097064423	0.9769318464747606
0.1241666665300727	1.9219215918218164	1.011669424941321
0.1274999999441207	1.949956104506413	1.0086320786321732
0.1308333331835456	1.9759139866217674	1.0191933802643078
0.1341666665975936	2.0013527110948397	1.0304799348154121
0.1374999996623956	2.0299063814217377	1.0673208164422243
0.1408333330764435	2.0511918447563433	1.0798936485206612
0.1441666664904915	2.075592253944784	1.0702155371849476
0.1474999999045394	2.0994735054909244	1.0725243110788643
0.1516666663228534	2.131142121671678	1.091725364480499
0.1558333332650363	2.1648873684216543	1.0979376093358884
0.1599999998579733	2.191364408179328	1.1244907949130374
0.1641666666255333	2.2183606055793144	1.14093383914195
0.1683333332184702	2.247952591190823	1.1487263324205517
0.1724999998114072	2.2739104733061977	1.1428932602654027
0.1766666665789671	2.299868355421571	1.1738875096615846
0.1808333331719041	2.331017813960003	1.1631646719715425
0.185833333292976	2.364243903067679	1.1633669293597557
0.190833333239425	2.3964316768907232	1.1924503665325528
0.1958333330112509	2.429138608356098	1.2458008630943118
0.2008333331323229	2.455096490471462	1.218911753267231
0.2058333332533948	2.482092687871446	1.2078650726152342
0.2108333331998438	2.5194720381175695	1.2435275832485306
0.2158333333209157	2.5402383438098735	1.2359787229100336
0.2208333332673647	2.5776176940559967	1.232307387878476
0.2266666665673256	2.607728837309828	1.2799945250982236
0.2324999998672865	2.6373208229213376	1.297587802100054
0.2383333329926245	2.6736618578828586	1.2770367996389784
0.2441666666418314	2.7011772129251543	1.2874239204974705
0.2499999999417923	2.732845829105888	1.2944913883744307
0.2558333330671303	2.7650336029289515	1.3314886257882106
0.2624999998952262	2.797740534394307	1.3433806200892011
0.2691666665486991	2.8314857811442837	1.3338303974142256
0.2758333332021721	2.8667885008211926	1.3776397910817593
0.282499999681022	2.8963804864327027	1.3810147555350891
0.2891666665091179	2.932202363751922	1.3907553361835099
0.2966666663414799	2.9649092952172773	1.3938638831879462
0.3041666665230878	2.9991736996095644	1.4183183530409182
0.3116666665300727	3.0375913651403086	1.4317640141846408
0.3191666665370576	3.070298296605675	1.46025286240449
0.3266666663694195	3.1050818586402626	1.46530044142647
0.3349999999045394	3.137788790105628	1.4935148143476331
0.3433333332650363	3.1767256132786823	1.5011653285935984
0.3516666666255333	3.2146241211671263	1.522646698739012
0.3599999998114072	3.250445998486327	1.5322783070540424
0.3683333331719041	3.2867870334478377	1.5568052787192783
0.377499999885913	3.3246855413362812	1.5853193625672664
0.3866666664252989	3.3594691033708695	1.590033174891806
0.3958333333139308	3.401520872397761	1.6071048009619608
0.4049999998533167	3.4352661191477365	1.6389661347041602
0.4149999997462146	3.4778370458169388	1.6430421799684232
0.4249999999883585	3.515216396063071	1.6876461765667756
0.4349999998812564	3.5531149039515144	1.7707054489454452
0.4458333333022893	3.5962049882630174	1.7812439967593845
0.4566666665486991	3.640852545501461	1.8732293115246221
0.467499999969732	3.6787510533898855	1.9073728930540166
0.4783333332161419	3.7244369259129417	1.9641719715087604
0.4899999999906868	3.7794676359975146	2.0258620751491176
0.5016666664159857	3.8235960355936394	2.0743283568509034
0.5133333331905305	3.878626745678221	2.1031168143444843
0.5258333333185874	3.928985036982026	2.160406025856961
0.5383333332720213	3.979862485928151	2.210858446865344
0.5508333332254551	4.031259092516578	2.1992713711126237
0.564166666532401	4.084732329674237	2.244147270010891
0.5774999998393469	4.135090620978051	2.2585389680328554
0.5908333333209157	4.184929754639565	2.2870806341287566
0.6049999999813735	4.244113725862594	2.3288614082988945
0.6191666666418314	4.294472017166409	2.3528412184120047
0.6341666664811783	4.350021884893292	2.3755561066584567
0.6491666664951481	4.409205856116332	2.42917778373169
0.6641666665091179	4.463717408558603	2.492320838809997
0.6799999998765998	4.524458852708565	2.5114603140477763
0.6958333332440816	4.581566193362371	2.5578014512904383
0.7124999999650754	4.639711849300789	2.6130488611918006
0.7291666665114462	4.702010766377674	2.637978921835526
0.746666666585952	4.768982102235334	2.6785183454008297
0.7641666666604578	4.8312810193122	2.706813599525001
0.7824999999138527	4.894099094031396	2.756661965585682
0.8008333329926245	4.9605512722467475	2.8032380240599535
0.8199999997741543	5.026484292819768	2.8357421903180593
0.8391666665556841	5.090859840465876	2.874408198199941
0.8591666663414799	5.158350333965848	2.918397868815855
0.8791666666511446	5.226879142750404	2.9658221831105234
0.8999999999650754	5.295407951534981	3.0216619703695327
0.9208333331043832	5.364455917961863	3.031461214264207
0.942499999946449	5.439214618454122	3.0965068907962707
0.9649999997927807	5.512935003661766	3.1710373784542014
0.9874999999883585	5.585097915942478	3.2075126921891335
1.010833333188202	5.665048192857821	3.2415071713717443
1.034166666388046	5.730981213430847	3.281185982269804
1.058333333290648	5.810412332703885	3.3230420758710686
1.083333333197516	5.8945158707576635	3.382691546520036
1.108333333104383	5.970832044176855	3.4138051792854975
1.134166666539386	6.046109902311411	3.431489278746284
1.160833333327901	6.125541021584445	3.5189669586429897
1.188333333295304	6.210682874922846	3.5416898405298065
1.215833333262708	6.295824728261242	3.557829532709701
1.244166666583624	6.375255847534271	3.5941646045101066
1.273333333258051	6.4588402279457595	3.646361663600759
1.303333333285991	6.546577869495696	3.698563664115034
1.334166666667443	6.6322388804764145	3.7353327932239697
1.364999999699649	6.7184190490994355	3.744496461750917
1.396666666434612	6.803560902437842	3.706574114969253
1.429166666523088	6.890779386345478	3.664606876400784
1.462499999965075	6.981631973749253	3.6227910428147596
1.496666666585952	7.074042034079977	3.5654511707453054
1.531666666560341	7.162298833272217	3.5121746842157626
1.567499999888241	7.233423430268324	3.456194664057747
1.604166666569654	7.307143815475966	3.4002299940928227
1.641666666604579	7.384498304179767	3.3394862116313266
1.679999999993015	7.455622901175862	3.2741530629908975
1.719166666560341	7.530381601668134	3.210542584382937
1.759166666481178	7.60306367159115	3.25165581872476
1.799999999755528	7.677303214441109	3.2784273773941326
1.841666666558012	7.753619387860294	3.2817865179709704
1.884166666539386	7.829935561279474	3.316625238647204
1.928333333227783	7.90365594648712	3.3398297410446074
1.97333333309507	7.984125381044753	3.3713128555325285
2.019166666490492	8.063556500317778	3.3894035634231114
2.065833333239425	8.140910989021567	3.4134314345620766
2.11416666652076	8.220342108294608	3.4450384344994127
2.163333333330229	8.300292385209938	3.5091510430956983
2.213333333318587	8.379723504482959	3.4993839721662177
2.264999999839347	8.458635466113677	3.5475765991732238
2.317499999888241	8.540662373598238	3.5536415367145078
2.37166666664416	8.625285069294339	3.5831309191997334
2.426666666578967	8.713022710844275	3.6131498298439246
2.483333333220799	8.791415514832684	3.644431778299969
2.540833333216142	8.881748944594168	3.693404819126425
2.599999999918509	8.961180063867193	3.7034849047713627
2.659999999974389	9.046321917205596	3.7380041485327
2.721666666388046	9.133021243470925	3.735479325729756
2.784999999857973	9.220239727378555	3.7870395132291432
2.849999999860302	9.310573157140038	3.790414089402704
2.915833333216142	9.394676695193835	3.8632347647531695
2.983333333104383	9.486567597882232	3.8812640458688485
3.052499999699649	9.573786081789873	3.9172274822700115
3.123333333001938	9.663600353909041	3.9214710085697844
3.195833333011251	9.754972098955134	3.936674633887501
3.269999999727588	9.85101626278198	4.01251511701526
3.345833333150949	9.940830534901169	4.013788006794454
3.423333333281335	10.035836383443407	4.053041921798527
3.502499999944121	10.123574024993353	4.085828811466607
3.583333333313931	10.216503242966374	4.115933432701898
3.666666666569654	10.318777298500919	4.121940198266102
3.751666666532401	10.411187358831622	4.161252542380601
3.838333333202172	10.507231522658492	4.20761589126178
3.927499999932479	10.604833159412264	4.2570352990092815
4.018333333020564	10.70295395380835	4.283429498296424
4.111666666518431	10.80055559056214	4.2786335904777495
4.206666666548699	10.899195542600534	4.32828385948536
4.304166666639503	11.005103701631231	4.362920929167093
4.40416666661622	11.104781968954248	4.36847741550382
4.505833333299961	11.203941078634942	4.4016715384508185
4.609999999869615	11.304657661242583	4.455240267417942
4.716666666499805	11.408489189704044	4.4906117731661075
4.825833333190531	11.51283987580782	4.481071913140231
4.937499999941792	11.611479827846217	4.552502619931794
5.051666666578967	11.717387986876917	4.592573383424706
5.168333333276678	11.826930249403775	4.610234270609039
5.288333333039191	11.93439588136139	4.6272236049927935
5.410833333211485	12.03822740982286	4.677152347471586
5.53583333309507	12.153999564057397	4.736078088349563
5.664166666567326	12.263022668941936	4.771781067730639
5.794999999925494	12.36789251268802	4.7797972449849215
5.929166666523088	12.475877302287964	4.82873034625824
6.066666666360106	12.592168614164809	4.865760913533091
6.206666666606907	12.704306664903198	4.8701837363472045
6.349999999918509	12.818521346210815	4.917636427124134
6.49666666664416	12.930140239306894	4.957822983674394
6.646666666434612	13.048508181752961	5.00245533195473
6.799999999988359	13.160646232491349	5.0176695530306885
6.957499999960419	13.277975859652818	5.052853744201722
7.118333333171904	13.397901275025813	5.065491317550923
7.28249999997206	13.512115956333426	5.118484682333708
7.450833333190531	13.630483898779516	5.1333571075017925
7.623333333001938	13.750409314152503	5.184252507936369
7.799166666576639	13.870853887167815	5.215309497364446
7.979166666569654	13.988183514329277	5.241865774180125
8.163333333330229	14.112262190840724	5.297840704110503
8.351666666509118	14.234264236782966	5.345224201911723
8.544999999983702	14.358862070936716	5.352963206989401
8.7424999998766	14.483459905090488	5.4012153307662185
8.944166666537058	14.609615212171175	5.450046818925889
9.150833333318587	14.737327992178786	5.461368076075034
9.362499999871943	14.867117402755627	5.504591255202658
9.57916666654637	14.989119448697837	5.544105614998932
9.800833332992624	15.121504647486203	5.557751244628009
10.0274999999092	15.250774900420765	5.5834164816076175
10.25916666659759	15.377968522786048	5.6323072375016
10.49583333305782	15.510353721574436	5.64630993642226
10.73833333299262	15.644296393289725	5.712725324061936
10.98666666657664	15.77252833093964	5.708822158070257
11.24083333328599	15.905432687370325	5.7438596954329615
11.5008333332953	16.045086093151	5.769206408164137
11.76666666660458	16.17850960722399	5.809205230710682
12.03833333303919	16.316086382435437	5.8414626963086675
12.31666666665115	16.4479524235815	5.88667977756967
12.60083333303919	16.585529198792965	5.92025088822477
12.89166666660458	16.718952712865928	5.92365069973554
13.18916666664882	16.86120190685816	5.9624658222008815
13.4933333331719	17.00293194320808	5.979299858159061
13.8049999998766	17.14206619134645	6.039914636744897
14.12416666658828	17.283277070054037	6.069792554141154
14.44999999995343	17.423968791119318	6.121893594392639
14.78333333315095	17.56673714275385	6.142765410045837
15.12499999970896	17.70898633674607	6.152651288587944
15.47416666662321	17.855388791876734	6.207275626322469
15.8316666665487	18.000752931722804	6.219135205614074
16.19749999983469	18.147155386853466	6.266090200495955
16.57166666648118	18.295115314911065	6.277912812097209
16.95416666666279	18.439960297114816	6.321233335681891
17.34583333320916	18.59259264395318	6.3494443561237635
17.74583333329065	18.736918468514613	6.379010630259495
18.15583333326504	18.889550815352987	6.411544359965981
18.57499999995343	19.03595327048364	6.42778965601945
19.00416666636011	19.18910477496433	6.443735136146515
19.44249999983003	19.342775437087276	6.475682610827764
19.89166666654637	19.49592694156797	6.530439205875813
20.35083333333023	19.650635918975563	6.534242521760287
20.82083333301125	19.803268265813916	6.585199993746881
21.30166666646255	19.952785666798437	6.6060800842576235
21.79333333316026	20.1137245359137	6.614927034149555
22.29666666663252	20.27206761681746	6.664452251457188
22.81083333300194	20.42625743658274	6.671026641462592
23.33749999984866	20.585638832771096	6.699936744760619
23.8758333332953	20.744501071317146	6.74659706771293
24.42666666652076	20.901286679293964	6.752682452269434
24.98999999969965	21.066897967190005	6.76606415437374
25.56666666636011	21.224202732809154	6.819265384628447
26.15666666650213	21.38462244428212	6.825781194557723
26.75999999995111	21.5460804710397	6.837565120470801
27.37749999988591	21.709615128366522	6.871887790362088
28.00916666648118	21.872111470408722	6.885160988907088
28.65583333326504	22.040318546516293	6.919274127137089
29.31666666636011	22.20229573091618	6.950778759547871
29.9933333331719	22.36531123060071	6.966231322372197
30.68499999999767	22.531441676139043	6.986175304884171
31.39333333302056	22.701725382815866	7.017292410566231
32.11749999993481	22.868374985996528	7.030975335604733
32.8583333332208	23.037620377388723	7.043688945761948
33.61666666640667	23.204269980569386	7.078346721201983
34.39249999984168	23.374034529603883	7.0952957385009805
35.18583333300194	23.54535655156531	7.110565485322822
35.99749999976484	23.718236046453644	7.118686394718863
36.82833333330927	23.884885649634306	7.134999314160812
37.67833333328599	24.057765144522662	7.149603001167138
38.54749999986962	24.2296063241264	7.170545362370378
39.43666666658828	24.405081607226276	7.173864123620101
40.34666666662088	24.57536531390311	7.1743980388641235
41.27749999979278	24.75032143936067	7.229295422617922
42.22999999998137	24.922162618964407	7.238556147170775
43.20416666666279	25.098676217348892	7.247861604336317
44.20083333319053	25.272594027521873	7.241867982285962
45.22083333326737	25.447550152979456	7.255412020331683
46.26416666636942	25.629255327787018	7.264302854653759
47.3316666665487	25.80628808381384	7.294539980224569
48.42333333328133	25.98228252455602	7.279541547504191
49.53999999974622	26.158276965298207	7.300547191109302
50.68249999982072	26.3337522483981	7.319228186246423
51.85166666650912	26.51286163499412	7.3122569869226455
53.04749999981141	26.69404765215939	7.311562858731838
54.27083333325572	26.869003777616975	7.320733322029273
55.52249999967171	27.050189794782252	7.34677898245447
56.80333333328599	27.231894969589803	7.3583706178961705
58.11333333322546	27.41411930203968	7.346605955224656
59.45416666654637	27.593228688635733	7.344569786627509
60.82583333324874	27.773895548158688	7.363939666254341
62.22916666651145	27.958715668820094	7.351530558874583
63.66416666650912	28.139382528343067	7.353725929269613
65.13249999977415	28.31797275729678	7.344797323187999
66.63499999983469	28.50123540503129	7.347126542484933
68.17166666634148	28.68345973748116	7.340645515490081
69.7441666663508	28.86412659700413	7.2921225450619875
71.35249999986263	29.048946717665533	7.28922045711901
72.99833333323477	29.231690207757723	7.281024874875649
74.68166666664183	29.413914540207614	7.2575366099809795
76.40416666661622	29.595619715015168	7.2442973891019555
78.16666666651145	29.77109499811508	7.262737537449967
79.96999999968102	29.95383848820726	7.226614353858891
81.81416666664882	30.13450534773023	7.211875162441225
83.70083333324874	30.31621052253778	7.2177824256955585
85.63166666653706	30.5005114855569	7.216665434524124
87.60666666651377	30.682216660364457	7.202270467229892
89.62749999988591	30.863921835172043	7.200238874599082
91.69499999983236	31.04926111347575	7.180510931434217
93.80999999988126	31.22681302714487	7.155148624904719
95.97333333321149	31.40903735959475	7.152903052565153
98.18666666653007	31.59178084968696	7.099975746103076
100.4508333331905	31.771928551567598	7.074515093649708
102.7674999998999	31.953633726375177	7.084774498176643
105.1374999996624	32.13741553175198	7.051823664283939
107.562499999709	32.31081418428262	7.018087843346718
110.0433333332185	32.49355767437481	6.98277571737755
112.5816666665487	32.675782006824704	6.974996972594054
115.1783333332278	32.853853078136105	6.92420122415929
117.8349999999628	33.03244330708987	6.9415964096609475
120.5524999999325	33.207918590189735	6.903076543857537
123.332499999844	33.390662080281935	6.85046232053021
126.176666666579	33.56665652102411	6.827486193790203
129.0866666664952	33.74628506526247	6.802344199599663
132.0641666666488	33.92383697893159	6.799182708171743
135.1099999998696	34.09775478910455	6.775453439464741
138.2258333330392	34.27374922984673	6.730354945346035
141.4133333330392	34.44974367058892	6.69241616930036
144.6749999997555	34.62729558425803	6.6575022517189755
148.0116666665417	34.80796244378097	6.647478013751907
151.4249999997555	34.977207835173196	6.626642564100107
154.9174999999814	35.151644802988464	6.586602349861664
158.4899999996997	35.3245242978768	6.536881499806868
162.144999999844	35.498961265692074	6.458105388802586
165.8841666665976	35.673398233507356	6.455353586475837
169.7099999996717	35.84368194018415	6.403754653406851
173.6241666664719	36.013446489218666	6.376375770710329
177.6283333331812	36.18009609239933	6.331886815798803
181.7249999998603	36.351418114360754	6.292735216979596
185.9158333332161	36.51754855989908	6.253773843970448
190.2033333333093	36.68731310893363	6.224854708846542
194.589999999851	36.85500102739888	6.196067218445885
199.0774999998976	37.023727261148764	6.133824818218205
203.6683333331603	37.18830023376021	6.124162162817963
208.3649999996997	37.35443067929855	6.048003509255139
213.1699999999255	37.517446178983064	6.000492326520585
218.0858333331998	37.677865890456026	5.9363067159520835
223.1149999999325	37.84451549363667	5.901435106586618
228.2599999998347	38.000262786328875	5.851790993777629
233.5241666664952	38.16016334015954	5.80054996641539
238.9099999999744	38.31746810577869	5.768294203230786
244.4199999999837	38.476849501967024	5.686793089180537
250.0566666665836	38.63467342522849	5.671738612816817
255.8233333331882	38.78886324499377	5.609695329436443
261.7233333332115	38.94461053768596	5.5762109312826915
267.7591666665394	39.09568541159742	5.5123433849509
273.934166666586	39.250394389005	5.456046491363242
280.251666666416	39.39887347470491	5.392874101916582
286.7149999997928	39.55098666390094	5.348757144683322
293.3266666666023	39.698427434316265	5.300265294282253
300.0908333332627	39.84586820473154	5.226496811466722
307.0116666665417	39.98811739872373	5.14118264202042
314.0916666664998	40.136077326781354	5.073795110000177
321.3349999999045	40.27832652077354	5.0038837107199745
328.7449999998207	40.418499084196554	4.919360662951826
359.7694444441586	40.946482406423094	4.764551148331782
368.0661111110821	41.09184654626916	4.705466044423366
376.554444444424	41.22942332148063	4.627896094623928
385.2377777777729	41.36025104734205	4.552441146722678
394.1219444444287	41.49055961556121	4.601209962768413
403.2111111108097	41.6161957649996	4.479218808868645
412.5094444443821	41.74079359915338	4.38525848702637
422.0219444443937	41.86279564509558	4.330340878899249
431.7544444443192	41.99258505567242	4.264742562841945
441.7111111111008	42.11147215576082	4.210584763251306
451.8969444443355	42.22880178292227	4.1431814302216265
462.3177777774981	42.34820804065296	4.101086880363339
472.9794444444124	42.46449935252983	4.0138580709986265
483.8869444443262	42.57871403383742	3.94527805536652
495.0452777775354	42.68877545400661	3.8994864909932527
506.4611111110426	42.80195182002958	3.8247228861526876
518.1402777776239	42.912532397841055	3.7706016105971307
530.0886111111031	43.01636392630251	3.7144476553364654
542.3127777776099	43.12382955826016	3.633904819956722
554.818611110968	43.22662277143699	3.5693197233514415
567.6127777776564	43.33097345754078	3.5050827978323444
580.7019444443285	43.432728355433	3.459165632562211
594.0927777776378	43.52461925812141	3.384155650348614
607.7927777775913	43.6232592101598	3.316219339620844
621.808611111017	43.719303373986676	3.2665658841413965
636.1477777775726	43.81275174960202	3.2036380353736145
650.8177777776145	43.90308517936346	3.161207338011824
665.8261111108004	43.99030366327114	3.1078228143443924
681.1802777776611	44.08323288124412	3.0478100773124948
696.8886111110332	44.170451365151756	3.006114312585119
712.9594444441027	44.25247827263634	2.971477695449979
729.4002777777496	44.33865844125934	2.9324063763931214
746.2202777776401	44.42068534874389	2.8756241327243504
763.4286111108377	44.504269729155396	2.8279224781444605
781.0336111110519	44.58629663663994	2.7757320370824554
799.0444444442983	44.664170282986035	2.764886996661983
817.4702777776401	44.743601402259095	2.7303872529719317
836.3211111109704	44.819398418035966	2.6994570403820815
855.6069444443565	44.88896554210514	2.858728517550638
875.3377777775167	44.97203076487435	2.6152838317465066