1.5	160.4177518789623	26.126869545931676
2.5	154.9113102136163	5.408802889145741
4.5	179.4710146325083	0.6815457930079868
6.0	184.51452536138973	1.6539975677686862
6.5	158.83404078052178	4.804310398906979
7.0	157.88381412145637	6.302608222117763
7.5	156.98231703465402	6.272501408834253
9.0	157.1528705375626	13.248121323742778
9.5	156.66557481496554	6.7708174309890445
11.5	159.85736179797541	6.075288593461576
12.0	162.4643939138712	0.7918279734197634
12.5	169.16471009958133	2.52704765333166
13.0	166.70386670046517	5.39479288490417
13.5	160.88068281543073	3.1366467702432717
14.0	161.85527426062308	8.01706183826224
14.5	163.3902557868042	26.56361823599515
15.0	162.68367698903927	29.43132311016482
15.5	162.2451108387014	13.60551084264177
16.0	165.4612626078437	12.593957028833508
16.5	162.44002912774076	12.41588602693231
17.0	163.4633501451942	10.065010467388225
17.5	161.39234332415654	10.300787370766683
18.0	161.14869546285806	25.64717893583388
18.5	161.73345032997383	23.87620470286419
19.0	172.69760408840847	24.72478507448704
19.5	171.69864785708538	24.935943003694085
20.0	171.67428307095673	24.60263653640463
20.5	161.70908554384508	24.058485210067687
21.0	162.68367698903927	21.28246354381599
21.5	161.73345032997383	20.754857589810985
22.0	162.5131234861288	22.202812497454133
23.0	160.80758845704077	106.06776956800998
24.0	161.29488417963788	85.8377864948915
25.0	186.2687899627389	15.511677404685688
120.5	129.52320306630637	162.77734419128953