0.008933999999499065	0.363594554254773	0.2945806282857365
0.01786799999899813	0.7202625624361808	0.7345584094021994
0.0268019999984972	1.0702699052166966	1.0562288516587732
0.03573599999799626	1.4135086126944754	1.3706998074141694
0.04466999999749532	1.7500886005331064	1.674548121922897
0.05360399999699439	2.080127708438938	1.9661582030209668
0.06253799999649345	2.4035091466593723	2.243194113484968
0.07147199999599252	2.719826790986763	2.5027428297574406
0.08040599999549158	3.0284781723126444	2.742207201904146
0.09021701583151298	3.3578335549657274	2.9797264937380987
0.1012251566553459	3.7145259856422976	3.213837659368144
0.1135764938062494	4.097774990187694	3.4381235208753522
0.1274349220257136	4.506096788721159	3.6478204459062256
0.1429843342357344	4.937613925680612	3.8414815544852843
0.1604310616894509	5.3905092792448235	4.021885702981281
0.1800066118594259	5.863544913839443	4.1963782200949264
0.2019707404033397	6.35659444846413	4.375804039402978
0.2266148979615537	6.870916182361657	4.572797957926374
0.2542660975323088	7.4092917273175765	4.799564810717343
0.2852912537346128	7.9757880014801374	5.065765220237401
0.3201020515407436	8.575409075530747	5.377254684940858
0.3591604090888723	9.213567894768179	5.735349868338619
0.4029846070516214	9.895569268241148	6.137222326597126
0.4521561659112194	10.626172311088387	6.576486838182084
0.5073275623781228	11.40920897532262	7.044277195968914
0.5692308873640286	12.24739423612253	7.530052383950698
0.6386875603802764	13.142130318620943	8.022339602070698
0.7166192292788764	14.09348802218684	8.50915179265078
0.8040599999585538	15.100107200437485	8.978263937200863
0.9021701583187678	16.15924182465486	9.41738152445134
1.012251566553459	17.266699451126456	9.814322264379788
1.135764938069769	18.41692831590526	10.157306305848683
1.274349220262593	19.603023867723035	10.435328285160338
1.429843342359163	20.816901720150575	10.638743212855681
1.604310616887233	22.049439253713082	10.759808789847378
1.800066118579707	23.290773501210882	10.793431922466732
2.019707404009751	24.530614557823718	10.737610212870154
2.266148979590071	25.758644923846038	10.593987574886317
2.542660975297622	26.96496039409042	10.367853696450615
2.852912537317025	28.140468790195364	10.06814843058717
3.201020515378332	29.27733108488015	9.706848042113519
3.591604090854162	30.369218202162955	9.298302252730057
4.029846070485291	31.411598686818166	8.858174073501136
4.521561659081272	32.40175097983268	8.402366240560196
5.073275623753943	33.3388034725185	7.945967389466782
5.692308873613001	34.22350419718878	7.50226024350267
6.386875603780936	35.05803273724578	7.082131544583916
7.166192292772394	35.84563461129202	6.693569996031846
8.040599999567348	36.59031835531009	6.341710568579087
9.021701583174945	37.29650087079993	6.028907485316633
10.12251566552732	37.96872222691054	5.755235274700227
11.35764938068314	38.61140694723169	5.518919061731442
12.74349220261865	39.228678524611546	5.316952620606868
14.29843342359163	39.82426316505078	5.14558206603238
16.04310616887779	40.40141585247727	5.000771857043871
18.00066118580617	40.9629311686851	4.878543506125168
20.19707404011206	41.51114716358285	4.77520108232643
22.66148979590798	42.04800771774923	4.68748224436353
25.4266097529835	42.57510086547032	4.612593685727882
28.52912537318116	43.09372898264248	4.548229120405027
32.01020515380333	43.60495096809003	4.492509950126205
35.91604090855981	44.10963856801759	4.4439434874484975
40.29846070486747	44.608508766793605	4.401343127020482
45.21561659082363	45.10216165002852	4.363777450817197
50.73275623754671	45.59110099864736	4.330505448587588
56.92308873613001	46.07575721662034	4.3009377564985245
63.86875603780572	46.556498958748854	4.274594655311897
71.66192292772757	47.03364636124234	4.251082626318797
80.4059999956753	47.507477202298446	4.230070515644089
90.21701583175127	47.97823455249545	4.211277083385916
101.2251566552768	48.44612991639781	4.1944585275517845
113.5764938068278	48.91134780414081	4.179402355929277
127.4349220261738	49.37404718421708	4.165920738172379
142.9843342358981	49.83436417699751	4.153196266751329