0.01785403214853432	2.9462831778330054	2.91301579997353
0.03785403214897087	5.135232218220226	4.1249644661184615
0.04785403214918915	6.7512537605768586	3.843978919839706
0.06785403214780672	8.091369185945837	4.942396579441985
0.08785403214824328	9.265377867413926	5.504824379408562
0.09785403214846156	10.323956438713706	5.778296114351065
0.1178540321488981	11.295258585252087	6.6774061641199385
0.1378540321475157	12.200399571084255	6.7199859941355395
0.147854032147734	13.056271607454326	7.24609584212184
0.1678540321481705	13.853020904469798	7.821298529014021
0.1878540321467881	14.625839568889534	8.782097634590402
0.1978540321488254	15.367689179361586	8.948272612500322
0.2178540321492619	16.089831210048736	9.360894459169046
0.2378540321460605	16.77818881824773	9.6671846764852
0.2478540321480978	17.466546426446623	9.778274237636204
0.2678540321485343	18.12111961215739	10.334160812393893
0.2878540321489709	18.758800586623806	11.140468209169702
0.2978540321473702	19.400704613901382	11.32308577202978
0.3178540321478067	20.015862640042332	11.598448106656257
0.3378540321482433	20.61553613920955	11.960012739040103
0.3478540321466426	21.218025006917326	12.07188414276117
0.3678540321488981	21.806437031921764	12.865007584874869
0.3878540321493347	22.379364529952348	13.172694338361199
0.397854032145915	22.94243823809065	13.490436165195504
0.4178540321481705	23.49565815633634	13.701736550134791
0.4378540321486071	24.050285758852525	14.225071104050093
0.4678540321492619	25.113087382963354	14.842796071394908
0.4878540321478795	25.62970751018013	15.003457196460081
0.5178540321485343	26.654501658991563	15.644880740655626
0.5378540321489709	27.157044943504967	15.6373879824417
0.5678540321478067	28.132570142854302	16.40718608082515
0.5878540321482433	28.601329004879485	16.704886529108965
0.6178540321470791	29.53603136038884	17.114787569624713
0.6378540321493347	30.001974853873214	17.373188897834762
0.6678540321463515	30.897262049812895	17.817152149589948
0.6878540321486071	31.3322364893497	18.03657299956533
0.7178540321492619	32.20359305269352	18.432975534568882
0.7378540321478795	32.6315290708785	18.82806058897378
0.7678540321485343	33.446578263408604	18.736756404932386
0.7878540321489709	33.85058364899773	19.05906510785249
0.8178540321478067	34.65296368309466	19.386810100617836
0.8378540321482433	35.04711527879138	19.427201547025998
0.8678540321488981	35.817118574670346	20.002115029551113
0.897854032147734	36.567414290764496	19.998977924658124
0.9378540321467881	37.300817795614485	20.438292454490348
0.9678540321492619	38.020144457761006	20.505573866349327
0.9978540321480978	38.72257890866343	20.73857523945648
1.037854032148971	39.401082726969925	20.789109966376667
1.067854032147807	40.06691738684336	21.096120813413417
1.097854032146643	40.72571362536507	21.182960969280966
1.137854032149335	41.369025336912934	21.369540477494475
1.167854032148171	41.97573725743181	21.46681021959318
1.197854032148825	42.600749073465224	21.462007927848173
1.23785403214788	43.191976467010306	21.464190378948057
1.267854032148534	43.77194238639264	21.76733375423589
1.297854032149189	44.34064683161221	21.803663559213547
1.337854032148243	44.899497486939374	21.759390624366457
1.387854032149335	45.71876973228043	21.712674289045776
1.437854032148607	46.491588396700124	21.95211613785716
1.48785403214788	47.248922534146025	21.7508376103758
1.537854032148971	47.98936446034768	21.76399395864715
1.587854032148243	48.69320659552042	21.819966299179512
1.637854032147516	49.38860262507111	21.740560660276408
1.687854032146788	50.04458349505216	21.842242821798745
1.737854032146061	50.67804141670756	21.637015877912084
1.787854032148971	51.30868396982233	21.52809034734664
1.837854032148243	51.908357468989564	21.56719662284645
1.887854032149335	52.48691570410154	21.40079580206011
1.937854032148607	53.047174043698995	21.369626778761475
1.98785403214788	53.601801646215144	21.22345527232077
2.037854032148971	54.119829457702245	21.063470319550625
2.087854032148243	54.64067263773008	20.95041647823458
2.137854032149335	55.116469921106926	20.790629154588135
2.187854032148607	55.600713310105725	20.699438451608735
2.247854032148098	56.214463651976345	20.462929114609132
2.317854032147807	56.815544835413874	20.316647428065355
2.387854032147516	57.39410307052587	20.177911623026603
2.447854032148825	57.92902309325715	19.916529819950576
2.517854032148534	58.463943115988435	19.737947736809602
2.587854032148243	58.96507871623142	19.507220035961403
2.647854032145915	59.47184505355581	19.339160539852614
2.717854032149262	59.9420115998512	19.162046672049534
2.787854032148971	60.39669361917277	18.993770306910783
2.867854032147079	60.9414674317965	18.76297702571759
2.937854032148607	61.383480292684986	18.625691660233752
3.017854032148534	61.897285051361	18.453127001431966
3.087854032148243	62.275952120083986	18.207753369307753
3.167854032148171	62.760195509082756	18.077000447083943
3.247854032148098	63.23036205537818	17.986237451774244
3.337854032148243	63.66533649491499	17.737255009804173
3.417854032148171	64.08764177601861	17.604894568534714
3.497854032148098	64.49587021441876	17.459523702067525
3.587854032148243	64.89283717865621	17.281625807725515
3.687854032148607	65.3714498305737	17.151996751854924
3.787854032148971	65.81768574427319	17.09220224400598
3.887854032147516	66.24421407818788	16.946889159727466
3.987854032146061	66.66370399075086	16.807762372182967
4.087854032148243	67.08460158758415	16.66364841090687
4.187854032148607	67.47312244619947	16.637396375184274
4.287854032148971	67.86305098908511	16.536540277106063
4.387854032149335	68.22201047802334	16.401052634304953
4.497854032148098	68.64009270631587	16.266604373659415
4.617854032148898	69.0581749346085	16.27133000058708
4.737854032146061	69.44951116176452	16.13787561123581
4.847854032146643	69.83380896756886	16.09035306293249
4.967854032149262	70.20966066775107	16.119885515410907
5.087854032148243	70.56439710387819	16.03415744748516
5.217854032149262	70.98247933217077	15.961487395655219
5.347854032148462	71.37522324359709	15.944044219849097
5.487854032146061	71.7595210494015	15.913037932635781
5.617854032148898	72.12551895969128	15.853275170140886
5.747854032148098	72.48870150144039	15.856896500581147
5.887854032149335	72.84766099037856	15.807419549091446
6.037854032148971	73.22914342764214	15.855115551182102
6.187854032146788	73.60499512782435	15.779115901943992
6.337854032148243	73.9878852493583	15.78220663652751
6.48785403214788	74.34121400121509	15.812334046532108
6.637854032149335	74.69313506880147	15.789150182443125
6.797854032149189	75.08024824314646	15.815780816670516
6.967854032149262	75.45328457478803	15.829419800466695
7.137854032149335	75.81083637945575	15.823409920468722
7.317854032147807	76.20498797515255	15.82888967900983
7.48785403214788	76.56535514836094	15.838351887844698
7.667854032148171	76.92994537438042	15.845609355577567
7.847854032146643	77.30298170602195	15.855664104251334
8.03785403214897	77.66475656350073	15.899465070748702
8.23785403214788	78.07439268617128	15.95613329948839
8.437854032146788	78.43053680656868	15.975658552788946
8.637854032149335	78.80357313821028	15.951470472941567
8.837854032148243	79.16816336422974	15.976370384360706
9.04785403214919	79.54401506441195	16.00010282156273
9.267854032148534	79.9283128702163	15.983752675604128
9.48785403214788	80.28304930634339	16.00198785555895
9.717854032149262	80.67438553349932	16.068145142517206
9.947854032148825	81.04882954941127	16.087263365996698
10.18785403214861	81.40778903834936	16.08658485832725
10.43785403214861	81.78927147561305	16.13521968732835
10.68785403214679	82.16934622860627	16.14424492067498
10.93785403214861	82.5381595074368	16.18493225533271
11.19785403214883	82.92668036605217	16.171230100206568
11.46785403214926	83.30112438196412	16.217536930456383
11.73785403214788	83.65726850236148	16.24363650043436
12.01785403214853	84.02748946546231	16.25101193634969
12.29785403214737	84.39489506002249	16.33940135695954
12.58785403214824	84.76230065458275	16.257142388331467
12.88785403214752	85.12689088060212	16.30463210614025
13.18785403214861	85.50978100213605	16.28714649219803
13.4978540321481	85.8743712281556	16.28630755279212
13.81785403214781	86.25585366541922	16.286648850512165
14.13785403214934	86.61481315435734	16.31770940446135
14.46785403214926	86.99770327589128	16.35089200643693
14.81785403214781	87.38622413450668	16.342759631128608
15.16785403214817	87.7620758346889	16.34387771970624
15.51785403214853	88.13370448206011	16.322399215040278
15.88785403214752	88.50955618224232	16.357388068708953
16.26785403214853	88.90370777793908	16.38196346426828
16.64785403214773	89.2753364253103	16.400937879708152
17.03785403214897	89.70327244349531	16.408072917300625
17.43785403214679	90.02000140432301	16.419963089267657
17.84785403214846	90.40007615731638	16.433998946672396
18.26785403214853	90.75199722490272	16.41168840581802
18.69785403214883	91.13066429362568	16.46344458322047
19.13785403214934	91.50229294099681	16.427583463141836
19.58785403214824	91.8711062198273	16.47640125556551
20.04785403214919	92.25681170990194	16.442804589916875
20.51785403214853	92.62280962019187	16.463337838069528
20.9978540321481	92.99162289902227	16.454093735164076
21.48785403214788	93.3590284935825	16.451845066017707
21.98785403214606	93.74191861511643	16.46919100728077
22.4978540321481	94.10791652540628	16.436750166723336
23.01785403214853	94.4781374885072	16.424902219645688
23.56785403214781	94.85961992577083	16.354748773773522
24.1178540321489	95.22984088887164	16.441179807929014
24.68785403214861	95.60006185197248	16.463408395633113
25.26785403214853	95.97169049934368	16.498175081210547
25.8678540321489	96.37288051639219	16.487993133834568
26.46785403214926	96.72339389970819	16.518876622247184
27.08785403214824	97.11754549540498	16.53359617862735
27.71785403214926	97.47791266861336	16.540215215633836
28.36785403214708	97.86784121149914	16.559626830870517
29.03785403214897	98.23806217459997	16.604545746812605
29.71785403214926	98.6139138747822	16.620184142655937
30.41785403214817	98.9968039963161	16.60613645462406
31.13785403214934	99.36702495941711	16.638565842010973
31.8678540321489	99.73302286970686	16.666158182045688
32.6178540321489	100.11872835978144	16.656870819892298
33.38785403214934	100.49317237569339	16.685865206881726
34.16785403214817	100.88591628711977	16.716015126145408
34.96785403214926	101.25895261876137	16.728150652731554
35.78785403214897	101.63058126613245	16.709877368527017
36.61785403214708	102.01769444047757	16.76348027465622
37.46785403214926	102.39213845638957	16.746150812651038
38.33785403214824	102.77925163073452	16.787834618378128
39.23785403214606	103.15932638372776	16.767149136069058
40.14785403214592	103.55488566369488	16.793948414639576
41.08785403214824	103.93496041668803	16.797506960338897
42.03785403214897	104.30799674832966	16.817736484896983
43.01785403214853	104.69792529121533	16.86526630379801
44.01785403214853	105.08926151837152	16.914133318504742
45.03785403214897	105.45525942866122	16.910774620212354
46.08785403214824	105.84518797154685	16.950475242928285
47.16785403214635	106.23370883016236	16.972046273457835
48.26785403214853	106.6123758988853	16.997012312043573
49.38785403214934	106.99526602041924	17.022718525538938
50.53785403214897	107.38378687903446	16.993227387483124
51.71785403214926	107.76808468483874	17.018182965623133
52.91785403214817	108.15660554345429	17.048086401603108
54.14785403214773	108.53245724363643	17.062411651900373
55.39785403214773	108.91393968090009	17.041664376140645
56.68785403214861	109.29260674962305	17.05320555714419
57.9978540321481	109.68394297677897	17.101724879770206
59.33785403214824	110.07809457247578	17.091562289145916
60.71785403214926	110.47506153671318	17.09383578235848
62.13785403214934	110.85935934251759	17.155238214860205
63.58785403214824	111.25773399102535	17.17410391011536
65.0678540321478	111.66596242942542	17.170477301069273
66.58785403214824	112.05729865658144	17.20333220188078
68.13785403214933	112.4458195151969	17.21910048221594
69.71785403214926	112.81744816256801	17.262200395282616
71.33785403214824	113.21159975826481	17.257079523129438
72.98785403214606	113.61982819666504	17.28538949710316
74.6878540321486	114.00975673955075	17.307114448932097
76.41785403214635	114.39546222962548	17.35362947545747
78.18785403214679	114.78257540397027	17.386720543324177
79.9978540321481	115.19080384237053	17.374538292267214
81.84785403214846	115.57510164817474	17.40978541672055
83.73785403214788	115.9692532438717	17.45320383642766
85.68785403214679	116.38029705081252	17.502503850238522
87.66785403214635	116.7828947521313	17.49293290861871
89.69785403214883	117.16860024220593	17.537158558211445
91.76785403214853	117.56838257498403	17.56286809433831
93.88785403214752	117.96394185495116	17.60294806082191
96.0678540321478	118.38343176751407	17.65850438206757
98.28785403214897	118.7649142047778	17.691623101014056
100.5678540321478	119.17595801171862	17.701657273838308
102.8878540321475	119.56729423887462	17.756533942192036
105.2678540321485	119.98396878289692	17.797094085022167
107.6978540321488	120.38515879994529	17.854409729030323
110.1878540321486	120.7736796585608	17.928030058682843
112.7378540321461	121.19598493966437	17.962740557662503
115.3378540321482	121.62251327357905	17.949514222319213
117.9978540321481	122.03778013333105	17.95254628235518
120.7378540321479	122.43333941329803	18.12603763208332
123.537854032149	122.87394458991616	17.936757654862873
126.3878540321493	123.28217302831636	18.003992703642194
129.3178540321478	123.70025525660907	17.89448533781406