0.0166666668956168	0.162925175876395	0.10973810084396865
0.03333333344198763	0.2945160565673267	0.26997395661080803
0.05000000016298145	0.42297068793511866	0.13149671055136516
0.06666666688397527	0.42297068793511866	0.34799019961104516
0.08333333325572312	0.5608278010398983	0.2778400812581226
0.1166666666977108	0.5608278010398983	0.5156473824931507
0.1333333335933276	0.6892886986401041	0.4509920332870717
0.1999999999534339	0.6892886986401041	0.4517776291309189
0.2166666668490507	0.6892886986401041	0.4837649604974985
0.2333333333954215	0.8177433300078905	0.3869664473577618
0.2500000001164153	0.8177433300078905	0.4190220303218947
0.5000000002328306	0.8177433300078905	0.057279172841498645
0.5166666666045785	0.8177433300078905	0.058957427236937004
0.5333333335001953	0.8177433300078905	0.07076640848098903
0.5500000000465661	0.8177433300078905	0.0727244866956931
0.56666666676756	0.8334089110425303	0.05895837578739376
0.5833333334885538	0.8334089110425303	0.06091725010863906
0.6000000002095476	0.8334089110425303	0.06287648096137027
0.6166666669305414	0.8334089110425303	0.06483605155296791
1.066666666651145	0.8146102138009695	0.014172759245712404
1.100000000093132	0.8146102138009695	0.014565475266601626
1.13333333353512	0.8146102138009695	0.014958321789384832
1.166666666802485	0.8146102138009695	0.015351292310439732
1.200000000244472	0.8177433300078905	0.012590674733296347
1.233333333511837	0.8177433300078905	0.012983568379569647
1.266666666604579	0.8177433300078905	0.014866059358208986
1.300000000046566	0.8177433300078905	0.015302747463305672
1.333333333488554	0.8177433300078905	0.010989978542319912
1.366666666930541	0.8177433300078905	0.015001727709780269
1.400000000197906	0.8177433300078905	0.014826614579951354
1.433333333465271	0.8177433300078905	0.013250796583250407
1.466666666907258	0.8177433300078905	0.011956776742387345
1.516666666895617	0.820879579331036	0.016412082244004474
1.566666666883975	0.820879579331036	0.014447354136994396
1.616666666697711	0.820879579331036	0.012865527090394383
1.666666666860692	0.820879579331036	0.04097326142061159
1.716666666849051	0.820879579331036	0.03019260581947638
1.766666666837409	0.820879579331036	0.030980184024234136
1.816666666651145	0.820879579331036	0.031768056071993137
1.866666666814126	0.8271395455124638	0.026236260398399946
1.916666666802485	0.8271395455124638	0.042201952765014414
1.966666666790843	0.8271395455124638	0.043357690396048996
2.016666666604579	0.8271395455124638	0.044289466669826874
2.06666666676756	0.8271395455124638	0.010848583891064684
2.116666666930541	0.8271395455124638	0.016459123435461468
2.166666666744277	0.8302757948356096	0.012103800881638411
2.216666666907258	0.8302757948356096	0.027051067272812045
2.283333333441988	0.8302757948356096	0.027043404733113383
2.35000000015134	0.8302757948356096	0.029736349196467116
2.416666666860692	0.8302757948356096	0.015377826291215618
2.483333333395422	0.8334089110425303	0.013115068904532458
2.550000000104774	0.8334089110425303	0.027156202638138262
2.616666666814126	0.8334089110425303	0.027876450936210818
2.683333333348855	0.8334089110425303	0.02807675510522328
2.750000000232831	0.8334089110425303	0.011309084423771536
2.81666666676756	0.8365388941332446	0.01113504329299207
2.883333333302289	0.8365388941332446	0.011760825636186932
2.950000000186265	0.8365388941332446	0.01238708058241793
3.033333333441988	0.8365388941332446	0.011805101245655513
3.199999999953434	0.8365388941332446	0.023749065265006343
3.283333333558403	0.8365388941332446	0.023635296598312806
3.366666666814126	0.8365388941332446	0.011446005875157336
3.450000000244472	0.8365388941332446	0.015708914072344024
3.533333333500195	0.8428082596633106	0.005829022832770114
3.616666666930541	0.8428082596633106	0.007579025736924308
3.716666666907258	0.8428082596633106	0.006067966889438782
3.816666666883975	0.83967514345639	0.03291802880531023
4.216666666790843	0.8459445089864445	0.02287868986323814
4.933333333348855	0.8490744920771702	0.008754840430395872
5.050000000046566	0.8490744920771702	0.038425502725723294
5.166666666744277	0.8490744920771702	0.0385913822275667
5.300000000162982	0.8490744920771702	0.05613275655735327
5.433333333581686	0.8490744920771702	0.03952664351078442
5.566666666651145	0.8490744920771702	0.026223979718393176
5.700000000244472	0.8553438576072249	0.026185038757152328
5.833333333488554	0.8553438576072249	0.039249812935016955
5.983333333453629	0.8584738406979505	0.03911153889874329
6.133333333593328	0.8553438576072249	0.05266066198135449
6.283333333558403	0.8553438576072249	0.06014391204078571
6.433333333348855	0.8553438576072249	0.054949411911744066
6.583333333488554	0.8584738406979505	0.053364862818547236
6.75	0.8584738406979505	0.10854761540826181
6.916666666860692	0.8616069569048719	0.04589498934670625