0.0488888889667578	0.03303110448832926	0.1112415079633612
0.08777777786599472	0.07733164462561748	0.0401497132542458
0.1405555554083549	0.0827720618354594	0.27261342803802396
0.1741666665184312	0.1667099273587435	0.06656405553955742
0.2738888890016824	0.10880834419684868	0.38269868582437483
0.3072222222690471	0.1876943937395633	0.12191312739370595
1.607222222315613	0.14805706835356836	0.08479770947210032
2.107222222199198	0.1876943937395633	0.06445432396000025
2.607500000100117	0.1876943937395633	0.12533805196242542
3.107222222315613	0.22772032035483256	0.10503698535688137
3.607222222199198	0.22772032035483256	0.20197506324386313
4.107222222257406	0.27668407524341404	0.35880980004509333
4.607222222315613	0.3159327994001347	0.161750189971573
5.107222222199198	0.3159327994001347	0.09471842850808265
5.607222222257406	0.3621763456837953	0.2378868474866426
6.107222222315613	0.3621763456837953	0.25923401476816926
6.607222222199198	0.40142506984051507	0.27871997604458404
7.107222222257406	0.40142506984051507	0.29952627962852546
7.607222222315613	0.44533700874852883	0.4955793070927593
8.107222222199198	0.44533700874852883	0.5268381647681694
8.607222222257406	0.5261660644376169	0.3089244917056702
9.107222222315613	0.5261660644376169	0.3291945116533375
9.607222222199198	0.5261660644376169	0.23751774221809224
10.10722222225741	0.5261660644376169	0.24111042316078357
10.6074999999837	0.6058293164388799	0.40130533101688565
11.1072222221992	0.6058293164388799	0.4036122812052668
12.10722222231561	0.6446894393663266	0.3937408285721107
13.10722222225741	0.6446894393663266	0.4032777676888152
14.1072222221992	0.722021083991943	0.5465970245719335
15.10722222231561	0.722021083991943	0.5853473084643259
16.10750000010012	0.7985755261590113	0.6160331649012651
17.1072222221992	0.7985755261590113	0.8302353747883257
18.10722222231561	0.8739641646382573	0.4772072337162763
19.10722222225741	0.910492680190055	0.7825013471498039
20.1072222221992	0.9077724715851339	0.5152786305305727
21.10722222231561	0.9431351834491092	0.6399992055441595
22.10722222225741	0.97888649654236	0.5157312384680853
23.1072222221992	1.0138606071770617	0.5127125483068763
24.10722222231561	1.0488347178117627	0.7758713743728071
25.10722222225741	1.0488347178117627	0.7343277067425287
26.10749999986729	1.0488347178117627	0.8147583968491032
29.10749999986729	1.1871767554334693	1.2287199177472228
32.1072222221992	1.2897674799619272	1.2124985917170354
35.1072222221992	1.3977986217002252	1.1184657424084608
38.1072222221992	1.500389346228683	1.361247501784289
41.1072222221992	1.5699489662688109	1.4867399902725065
44.10749999986729	1.7113998137247126	1.5516742497407456
47.1072222221992	1.813990538253171	1.2455551028805367
50.1072222221992	1.9161926615523517	1.3694771226578613
53.1072222221992	1.901814416069199	1.6031696538251226
56.1072222221992	2.0428766622958254	1.4650729251313752
59.1072222221992	2.150907804034125	2.41708589764875
62.1072222221992	2.25427573102113	2.0062740502078764
65.1072222221992	2.319172136309965	2.02749436417629
68.10749999986729	2.4955970944005696	2.009900335066015
71.1072222221992	2.4874364685858046	2.2395720276999307
74.10749999986729	2.5908043955728113	2.638925759118432
77.10749999986729	2.689509107808523	2.6576030485019566
80.1072222221992	2.7971516483175485	3.2002272175127984
83.1072222221992	2.9347164834807073	3.2790572020482434
86.1072222221992	3.0765559321658844	3.4065725927184367
89.1072222221992	3.1787580554650656	3.6507016316528476
92.10749999986729	3.280960178764248	3.5751474598630737
95.1072222221992	3.4169706090103102	3.7787604693042094
98.1072222221992	3.4799240081527727	3.774574494841146
101.1072222221992	3.6221520580672233	4.037356419676317
104.1072222221992	3.7216339727614853	4.151024142354899
107.1072222221992	3.8623076177588382	3.8975015200003025
110.1072222221992	3.9598465263067273	4.348749896504181
113.1072222221992	4.1005201713040815	4.445465786518433
116.1074999998673	4.200390687227617	4.574384532018767
119.1072222221992	4.2645098900579015	4.500335930161345
122.1072222221992	4.400520320303962	4.742981798766227
125.1072222221992	4.5023338423738695	4.814090672161014
128.1072222221992	4.638344272619931	4.802734896184911
131.1072222221992	4.7393805922312895	4.887955279410587
137.1072222221992	4.976038740859435	5.591286137621631
143.1074999998673	5.178111380082153	5.809507589657655
149.1072222221992	5.377463810699948	5.900505102846942
155.1072222221992	5.687567591660968	5.664631057113052
161.1072222221992	5.921894132913464	6.475124278685443
167.1074999998673	6.086661054125834	6.4440808075430835
173.1074999998673	6.244433153211265	5.792146156451805
179.1072222221992	6.563086161216319	6.2924398292726575
185.1072222221992	6.725910076282319	6.279067888466192
191.1074999998673	6.89145419995324	6.489521310144621
197.1072222221992	7.020469808072356	6.605169156900296
203.1072222221992	7.296765282086497	6.277174921705927
209.1072222221992	7.463475209445239	6.490167903843546
215.1074999998673	7.627464928199063	6.449104258584914
221.1072222221992	7.758423542464553	6.9500425800228
227.1072222221992	7.961273384145819	6.345116974210734
233.1072222221992	8.127983311504565	6.536197362871317
239.1072222221992	8.258941925770054	6.516468337801937
245.1072222221992	8.389123337576999	6.687878044859748
251.1072222221992	8.594304786633915	6.868253144154799
257.1072222221992	8.691066492723253	6.274542999707803
263.1072222221992	8.860496628686919	6.3434729860773
272.1072222221992	9.056740249470518	6.362047536501941
281.1072222221992	9.291455391952292	5.860438065733987
290.1074999998673	9.381999478373238	6.038621673710743
299.1072222221992	9.584849320054504	5.5203093723665315
308.1074999998673	9.747284633891226	5.58939346588514
317.1074999998673	9.838994524	5.046017729705237
326.1072222221992	10.007258856275838	5.446285807814473
335.1072222221992	10.097802942696788	5.232541592062831
344.1074999998673	10.264901471284807	5.084622796808241
353.1072222221992	10.397414490467398	5.2246678674951745
362.1074999998673	10.452984466253646	5.05006922676346
371.1072222221992	10.58782909281188	4.739652096701919
380.1074999998673	10.723062320599393	4.800329909286495
389.1072222221992	10.814772210708163	4.926074157069794
398.1072222221992	10.953502849559149	4.8083124403042135
410.1074999998673	11.005575414281928	4.785727401211997
422.1074999998673	11.102337120371265	4.278472869519483
434.1074999998673	11.199487427689876	4.3078554886667035
446.1072222221992	11.400782864454047	3.9166056717059514
458.1074999998673	11.42448753943979	3.6284776974363457
470.1072222221992	11.553891748788185	3.8351047618290766
482.1074999998673	11.574099012710457	3.9773314617611546
494.1072222221992	11.713995455249258	3.8023126085052237
506.1074999998673	11.766068019972037	3.3772109406618194
518.1074999998673	11.794824510938353	3.574743924583219
530.1072222221992	11.8853685973593	3.2855133413491773
545.1072222221992	11.986793518199937	3.5232559275870856
560.1074999998673	12.045472303820375	3.1744499089240628
575.1072222221992	12.139902402534066	3.063132617415283
590.1074999998673	12.202467200447252	3.5477236719224132
605.1074999998673	12.265031998360447	3.4411401929256407
620.1074999998673	12.32759679627363	3.103219982640439
635.1074999998673	12.390550195416093	2.988251974981633
650.1072222221992	12.419695287611674	3.082212393681465
665.1072222221992	12.516845594930288	2.9148837959171914
683.1072222221992	12.617104712083103	3.1418300745243135
701.1074999998673	12.640420785839568	2.75178991413269
719.1072222221992	12.669177276805886	2.6479360169769266
737.1072222221992	12.774488209939253	2.5584867795369854
755.1072222221992	12.802856099676292	2.2967323373787303
773.1072222221992	12.898063400848539	1.217308329681104
791.1072222221992	12.893400186097246	1.5000264160090175
812.1074999998673	12.92176807583428	1.9612872226756244