0.002915582181463913	16.591610377443327	0.0499124769575448
0.007115582181463895	66.50387654594819	0.012674163450978335
0.01541558218146409	66.35105303081929	0.0016150624584082426
0.01961558218146407	66.74407832088433	0.005445023100932132
0.02371558218146429	72.01737398816995	0.004705371256750895
0.02791558218146427	74.69266989826595	0.004799535755901376
0.03211558218146425	75.20632671300432	0.002953268953673906
0.03621558218146358	75.77534667616332	0.0028237784447401595
0.06541558218146303	73.76193224015513	0.0009467990835062887
0.0696155821814639	73.71311361726674	0.0001559159427749626
0.1987155821814641	70.48489373923958	0.0008387805022541608
0.2071155821814641	70.37257553078258	0.0019081990946243188
0.2154155821814643	70.43766702796701	0.0009327981044591321
0.2237155821814636	70.65275197518545	0.0005947125758515194
0.2321155821814644	71.10786181827149	0.004358840849006743
0.2404155821814638	71.02472865610645	0.005587812870504801
0.248715582181464	70.6667254215919	0.006359755016074495
0.2571155821814639	70.6492143938166	0.0063013045015979504
0.2654155821814641	71.66892222335083	0.0028690675095500605
0.2737155821814643	71.90028004486518	0.002254806688117728
0.2821155821814643	71.94980618402725	0.014008230123046937
0.2904155821814645	72.09962275499268	0.01001476965330781
0.2987155821814638	72.19549121008494	0.003676995947933371
0.4029155821814643	70.15501427660618	0.007051254956412365
0.4154155821814645	70.62781202653586	0.009580874248696745
0.4279155821814638	71.36663589539342	0.010615245025835614
0.440415582181463	71.73153741357707	0.015838392895938608
0.4529155821814641	71.67741241863574	0.018845423883294368
0.4654155821814643	72.14083557793825	0.0211628226805751
0.4779155821814645	71.98129065820893	0.020796468019225738
0.4904155821814638	72.25598385149023	0.019190999357376823
0.5029155821814639	72.77494703828165	0.019386078059180172
0.5154155821814641	73.03778933397771	0.02717630964765231
0.5279155821814634	73.38871740575492	0.03458913958748645
0.5404155821814645	73.69188812905449	0.03483530404188037
0.5529155821814637	73.75273452859645	0.043916742755009536
0.5696155821814639	74.18891831135997	0.042868094435398914
0.5862155821814643	75.0867564627416	0.0472403911705226
0.6029155821814645	76.4078662248908	0.0514192143102711
0.6196155821814637	76.57537070269979	0.06041555312451079
0.6362155821814641	77.52025868628544	0.06324518262684553
0.6529155821814643	77.83598782344393	0.0695502334198656
0.6696155821814644	78.44002984215331	0.07125935925138266
0.686215582181464	79.25561922671206	0.06985765263501076
0.7029155821814641	80.2213789403733	0.07711544715217102
0.7196155821814643	80.68816280197609	0.07974448791849134
0.7362155821814638	81.17175017508039	0.08763516122384898
0.7571155821814639	82.17235506522336	0.09280387484307988
0.7779155821814643	83.13563847192653	0.09520255057063863
0.7987155821814629	83.98713430737787	0.09758946367258278
0.8196155821814639	84.96173797446082	0.10837803241616392
0.8404155821814643	86.02142047346149	0.1152199980238488
0.8612155821814638	86.68011812431754	0.11728182654056589
0.8821155821814639	87.47554329507466	0.11968266551625008
0.9029155821814634	88.35587041868112	0.12393915478309525
0.9279155821814637	89.67167380877738	0.12489321721526403
0.9529155821814641	90.73595516355735	0.12754552258158441
0.9779155821814645	91.57666137583414	0.13241394166765086
1.002915582181463	92.46282550869894	0.13569162847789537
1.027915582181464	93.40470654812125	0.13879777559916692
1.052915582181464	94.20119299328901	0.13800587268488734
1.077915582181464	95.17137468366099	0.13858268500796755
1.102915582181465	95.92328760358298	0.14296528955819565
1.132115582181464	96.82077199682765	0.14848277972113008
1.161215582181464	97.78175597564112	0.14983364936867027
1.190415582181463	98.6721652061484	0.15440222529474915
1.219615582181464	99.51764715327282	0.15672918293066018
1.248715582181464	100.35570017952335	0.1606971587314354
1.277915582181463	101.26981120520101	0.16487088731884894
1.311215582181464	102.13421921264828	0.1698883724055432
1.344615582181464	103.03824813142518	0.1756425061966056
1.377915582181463	103.9497059710765	0.17969469022743847
1.411215582181465	104.77201676023589	0.18685372680625487
1.444615582181464	105.62758081426126	0.19245460863354913
1.482115582181464	106.62323309048813	0.1982708915988006
1.519615582181464	107.59624484595506	0.20292374854172684
1.557115582181464	108.45605399762293	0.20954079421980965
1.594615582181464	109.42977326936366	0.21727444625883108
1.632115582181464	110.39358731327215	0.22092738103916904
1.673715582181463	111.3107052831133	0.2280419330778155
1.715415582181464	112.20659776474209	0.23273474482076154
1.757115582181463	113.16333664591296	0.24185151905879151
1.798715582181464	114.11423851782547	0.24464509492076095
1.840415582181463	114.93301172561618	0.25084926605838875
1.886215582181464	115.93803859247016	0.2556536601253354
1.932115582181464	116.83481546944115	0.26446781426312477
1.977915582181465	117.81101104814002	0.2723275278577505
2.023715582181464	118.65896930222264	0.27387196040817413
2.073715582181464	119.6641730481451	0.27341379234459834
2.123715582181464	120.51566888359655	0.2663848078600897
2.173715582181464	121.45401234165004	0.26935970805971204
2.227915582181464	122.50025203144952	0.26802599937059873
2.282115582181464	123.32309345781435	0.26914421517733905
2.336215582181464	123.9821448668072	0.2639825233596355
2.390415582181463	124.51685029068945	0.2577876780831018
2.448715582181464	125.33473910313818	0.2695100082948386
2.507115582181463	126.12273535302087	0.28202678401844034
2.565415582181464	126.96485659784524	0.3109153041450824
2.627915582181463	127.45799544064506	0.3637945150775189
2.690415582181463	127.92194923715299	0.40781280909915585
2.752915582181464	128.96412070837854	0.4433186731334938
2.819615582181464	130.09137101152163	0.476769410089577
2.886215582181463	131.32899385336916	0.5151220139894364
2.952915582181463	132.5922641601398	0.5642647314703396
3.023715582181463	134.40898907204704	0.6162241148745183
3.094615582181464	135.85621360999122	0.6400345863721042
3.169615582181463	137.21482173464892	0.6561511647839108
3.244615582181464	138.7250152209563	0.705887166740824
3.319615582181464	140.22052774458356	0.7280790207869389
3.398715582181463	141.63821347809886	0.7045528092146073
3.477915582181464	142.95490126353732	0.7236110727522679
3.561215582181464	144.45501264294393	0.7355340332838891
3.644615582181465	145.47790429570992	0.7718404429311385
3.732115582181463	147.5427905406329	0.7340677101438455
3.819615582181462	148.52199306349522	0.7911105921961983
3.911215582181463	150.02794145216018	0.7850091567677218
4.002915582181465	151.3823044791755	0.7648146675521355