0.002777777728624642	14.053178676308773	2.096313303101252
0.005555555457249284	15.229934378672782	1.2995777560063955
0.008333333360496908	15.662284904946205	1.0992146939510596
0.01111111108912155	15.985058989299073	1.3203154486991309
0.01388888881774619	16.313788315060705	1.4505043495686019
0.01666666672099382	16.57462788876283	1.2087925207549053
0.01944444444961846	16.731846261953173	0.9137424596923344
0.0222222221782431	16.841422703873725	0.8527241447364228
0.02499999990686774	16.945043904385496	0.9532813666681696
0.02777777781011537	17.05223824974258	1.0142553347306964
0.03055555553874001	17.16776993307184	0.9799506250242501
0.03333333326736465	17.235659685131317	1.0063833857670141
0.03611111117061228	17.313077823444715	0.9315372132418066
0.03888888889923692	17.390495961758152	1.0125033569070168
0.04166666662786156	17.453621520690607	0.9571186886007401
0.0444444443564862	17.52627546587704	1.0154728503876986
0.04722222225973383	17.570344252301663	0.9677346786342808
0.04999999998835847	17.645380294051556	0.9505413348613784
0.05277777771698311	17.681111742503873	0.9992405903375486
0.05555555562023073	17.73947310830941	1.0094009320427562
0.05833333334885538	17.79664342583318	1.00721674524494
0.06111111107748002	17.827610681158575	1.0850412086165553
0.06388888880610466	17.901455674626717	1.0251775165569512
0.06666666670935228	17.933613978233865	1.0635593236177583
0.06944444443797693	17.975300668094903	1.130660611520889
0.07222222216660157	18.012223164829024	1.0514023204694425
0.07499999989522621	18.06224719266227	1.0315544943021209
0.07777777779847383	18.10036073767815	1.0428718208658656
0.08055555552709848	18.140856379257475	1.1441117859117045
0.08333333325572312	18.164677344892354	1.061638477248313
0.08611111115897074	18.20040879334471	1.0436618493492447
0.08888888888759539	18.238522338360536	1.1063275585743313
0.09166666661622003	18.28259112478508	1.070752101965734
0.09444444434484467	18.309985235265255	1.1226541485588653
0.0972222222480923	18.33499724918189	1.1551250950904328
0.09999999997671694	18.37549289076121	1.1198905712496827
0.1027777777053416	18.4016959529596	1.2061659828733524
0.1055555556085892	18.430281111721484	1.1532008923498471
0.1083333333372138	18.463630463610386	1.163306243496721
0.1111111110658385	18.488642477526973	1.1737597122094507
0.1138888887944631	18.53985755364199	1.2482399885795379
0.1166666666977108	18.55415013302293	1.190969239139062
0.1194444444263354	18.58154424350311	1.1999905183263393
0.12222222215496	18.599409967729272	1.1358898678806835
0.1277777777868323	18.66968181635224	1.1563211158068574
0.1333333332440816	18.710177457931565	1.1619295611479805
0.1388888888759539	18.74471785810218	1.2926229896267822
0.1444444445078261	18.81379865844335	1.1885921532003312
0.1499999999650754	18.844765913768747	1.2982666770822324
0.1555555555969477	18.90550937613774	1.288598826234062
0.161111111054197	18.943622921153548	1.2212035464657034
0.1666666666860692	18.994837997268572	1.3552944155216633
0.1722222221433185	19.023423156030457	1.2193697058393154
0.1777777777751908	19.066300894173295	1.3248404864008918
0.1833333332324401	19.10441443918911	1.3550653411189473
0.1888888888643123	19.152056370458922	1.3083738739447255
0.1944444444961846	19.1782594326573	1.343604983055324
0.1999999999534339	19.233047653617565	1.4061411449388503
0.2055555555853061	19.268779102069942	1.3925515347746418
0.2111111110425554	19.300937405677047	1.3993558230947702
0.2166666666744277	19.328331516157224	1.4139546888160863
0.222222222131677	19.378355543990477	1.418411745273626
0.2277777777635492	19.405749654470622	1.438381641004113
0.2333333333954215	19.445054247768148	1.4566830605330685
0.2388888888526708	19.479594647938754	1.5075590450004563
0.2444444444845431	19.49984246872851	1.481329011368811
0.252777777670417	19.564159075942666	1.4980478484937967
0.2611111110309139	19.61299205549422	1.5471364069920126
0.2694444443914108	19.665398179890992	1.5466386934912182
0.2777777777519077	19.693983338652885	1.6260705592202596
0.2861111111124046	19.742816318204387	1.5521450065102766
0.2944444444729015	19.80236873229167	1.5213685742769465
0.3027777778333984	19.842864373871002	1.5651428509224985
0.3111111110192724	19.88574211201378	1.6938402899344305
0.3194444443797693	19.921473560466186	1.671983750884879
0.3277777777402662	19.957205008918514	1.5739182812744248
0.3361111111007631	20.00722903675181	1.6179278785654456
0.34444444446126	20.054870968021568	1.6759340037593786
0.3527777778217569	20.094175561319187	1.6743872884158397
0.3611111110076308	20.1287159614898	1.7111508524051122
0.3694444443681277	20.15849216853344	1.8098063073018342
0.3805555554572493	20.209707244648495	1.725388926309176
0.3916666667209938	20.266877562172194	1.7783728472123572
0.4027777778101154	20.313328445160277	1.7395737788256624
0.4138888888992369	20.37288085924747	1.8283605360493638
0.4249999999883585	20.40503916285467	1.810294472736805
0.43611111107748	20.46697367350537	1.8581196313076591
0.4472222221666016	20.495558832267214	1.8660246231965458
0.4583333332557231	20.549156004945768	1.8518212747368274
0.4694444443448447	20.599180032779085	1.8743222436229818
0.4805555556085892	20.626574143259166	1.9718393350189378
0.4916666666977108	20.68255341250124	1.8115719029845347
0.505555555515457	20.73495953689796	1.9793419319814096
0.5194444445078261	20.792129854421745	1.9429560080612298
0.5333333333255723	20.840962833973297	2.036649870741527
0.5472222221433185	20.871930089298647	1.9771805911726161
0.5611111111356877	20.937437744794657	2.0015149522816706
0.5749999999534339	20.968405000119954	1.986702713416711
0.588888888945803	21.02795741420724	1.97675801652858
0.6027777777635492	21.077981442040546	2.07694039555746
0.619444444484543	21.13753385612784	2.140508412275385
0.6361111110309139	21.187557883961084	2.1190924840678487
0.6527777777519077	21.232817718667377	2.172789551061226
0.6694444444729015	21.300707470726845	2.1840877457113557
0.6861111110192724	21.348349401996654	2.1626131123562993
0.7027777777402662	21.398373429829956	2.1646563174662266
0.71944444446126	21.453161650790225	2.2095506597786874
0.7361111110076308	21.50794987175045	2.2293681832755423
0.7555555554572493	21.561547044429027	2.2822745186883275
0.7749999999068677	21.61395316882579	2.3132891590010587
0.7944444443564862	21.663977196659047	2.2692744388067654
0.8138888888061047	21.719956465901074	2.3216072553304703
0.8333333332557231	21.764025252325606	2.335735944653711
0.8527777777053416	21.84025234235731	2.3644459572312075
0.8750000000582077	21.897422659881077	2.4090078312328225
0.8972222222364508	21.939109349742164	2.4935338768794573
0.9194444444146939	22.008190150083383	2.468416638980377
0.941666666592937	22.06774256417057	2.543210382821331
0.963888888945803	22.12253078513089	2.4987590378383646
0.9888888888526708	22.185656344063386	2.5106977888249995
1.013888888934162	22.25592819268626	2.596436490907785
1.038888888841029	22.30595222051962	2.543823345298879
1.06388888892252	22.36788673117032	2.565414283808565
1.088888888829388	22.433394386666276	2.6838869455667265
1.116666666639503	22.491755752471803	2.6927886676879793
1.144444444449619	22.55249921484081	2.6183011610751494
1.172222222259734	22.607287435801073	2.6610013796097984
1.199999999895226	22.670412994733525	2.736163648527199
1.227777777705342	22.75140427789218	2.7470086258010027
1.258333333244082	22.813338788542918	2.722526644620723
1.288888888782822	22.863362816376178	2.793419097349952
1.319444444496185	22.920533133899966	2.844098908618137
1.350000000034925	22.996760223931652	2.911369756914787
1.383333333302289	23.068223120836382	2.8034912746295992
1.416666666569654	23.117056100387884	2.894445495449205
1.450000000011642	23.189710045574305	2.9248681610829115
1.486111111007631	23.257599797633826	3.0528947017695365
1.522222222178243	23.337400032510725	2.915349607044364
1.558333333348855	23.394570350034506	3.0145352630154294
1.594444444344845	23.471988488347904	3.065161599146511
1.633333333244082	23.529158805871685	3.127454998606517
1.672222222143319	23.614914282157304	3.114138697777783
1.711111111042555	23.660174116863647	3.114141697667262
1.752777777670417	23.75188483455798	3.194919755934658
1.794444444472902	23.81143724864518	3.248667088784727
1.836111111100763	23.8960016766491	3.287216370410228
1.880555555457249	23.959127235581594	3.253467383284735
1.924999999988359	24.036545373894988	3.3503971858878723
1.969444444344845	24.109199319081423	3.2900772937451404
2.016666666604579	24.19971898849405	3.3341738396054654
2.063888888864312	24.262844547426553	3.3689458247269495
2.113888888852671	24.341453734021748	3.488115400485264
2.163888888841029	24.409343486081173	3.4411103636835008
2.213888888829388	24.483188479549355	3.4462099883602617
2.266666666720994	24.55226927989057	3.5122230019004634
2.319444444437977	24.643979997584903	3.488631332204882
2.375000000058208	24.732117570434085	3.6004347811550965
2.430555555503815	24.797625225930048	3.6041057189327907
2.488888888852671	24.873852315961724	3.6800130864130955
2.547222222201526	24.976282468191748	3.7955582453752688
2.608333333279006	25.035834882279033	3.7253918938536317
2.669444444356486	25.13588293794561	3.7632873605943034
2.733333333337214	25.204963738286825	3.8594208666164103
2.797222222143319	25.295483407699468	3.873228023255409
2.863888888852671	25.389576221957302	3.848607981669097
2.930555555562023	25.464612263707238	3.954474890329895
3.0	25.55989612624679	3.8504754998786286
3.069444444437977	25.644460554250717	4.0484936088130725
3.141666666604579	25.721878692564154	4.008669684719823
3.216666666674428	25.819544651667215	4.0212029220435515
3.291666666569654	25.89934488654417	4.100035499608081
3.369444444368128	25.976763024857565	4.118265112236278
3.447222222166602	26.085148418496356	4.162260651409775
3.5277777776937	26.166139701655005	4.15130083122685
3.611111111124046	26.26142356419461	4.307212552784196
3.694444444379769	26.35194323360724	4.265478751222712
3.78055555553874	26.4484181444286	4.355550977370208
3.869444444426335	26.54370200696816	4.383861817874056
3.961111111042555	26.618738048718093	4.3773017370571745
4.052777777833398	26.74618021486483	4.411613228602516
4.147222222178243	26.81645206348776	4.485990051044866
4.244444444426335	26.911735926027305	4.569348998647627
4.344444444403052	27.027267609356628	4.598211432873375
4.447222222283017	27.10706784423352	4.732417172297151
4.549999999988359	27.20711589990014	4.5810093001787635
4.655555555596948	27.313119196975418	4.760023185731928
4.763888888934162	27.42626878374118	4.792058752844669
4.875	27.526316839407748	4.766232165918762
4.988888888794463	27.62755594335602	4.916488103022494
5.105555555492174	27.722839805895685	4.876887174893404
5.224999999918509	27.83122519953442	4.924395871862002
5.347222222248092	27.93246430348278	4.924703766860582
5.472222222131677	28.040849697121573	4.914847565872246
5.599999999918509	28.150426139042118	5.060789382261137
5.730555555608589	28.24213685673647	5.080607448204166
5.863888888852671	28.357668540065735	5.141779903892048
6.0	28.46962707854973	5.131231371358871
6.138888888875954	28.56610198937109	5.2550979968952145
6.280555555480532	28.69592625208134	5.330376134548121
6.427777777716983	28.794783259466108	5.432486804693637
6.577777777682059	28.915079135922376	5.383109348012052
6.730555555550382	29.01274509502544	5.452818206856928
6.886111111147329	29.144951454299118	5.5003860283877835
7.047222222201526	29.270011523882356	5.4918256134677055
7.211111111158971	29.381970062366406	5.592409727817333
7.377777777670417	29.485591262878202	5.607409461129372
7.549999999988359	29.61184238074314	5.715458768850487
7.725000000034925	29.717845677818424	5.658533703725979
7.90555555553874	29.84647889224693	5.790872187461956
8.088888888945803	29.964392672139688	5.750078336870292
8.277777777810115	30.087070645159393	5.841318578119572
8.469444444403052	30.206175473333907	5.914109310622158
8.666666666627862	30.32647134979014	5.9829633798299335
8.866666666581295	30.476543433289976	5.933669633468468
9.072222222166602	30.578973585520096	6.058959210080117
9.28333333338378	30.701651558539822	6.112583352523806
9.500000000058208	30.842195255785718	6.137288711211777
9.71944444446126	30.96130008396025	6.223881722700555
9.944444444496185	31.078022815571256	6.098554928357392
10.17499999998836	31.220948609380567	6.303710236236439
10.41111111111241	31.353154968654334	6.357269647964584
10.6527777776937	31.477023989955775	6.351210650161436
10.89999999990687	31.61399454235647	6.425427836550002
11.15277777775191	31.737863563657942	6.578896190083567
11.4111111110542	31.881980405749054	6.538453276362497
11.67499999998836	32.01418676502273	6.5992572923253725
11.94444444437977	32.15115731742341	6.674454195389752
12.22222222213168	32.285745773260594	6.683548514020117
12.50555555551546	32.43343576019699	6.817105008164957
12.79444444435649	32.566833167752456	6.797281344385446
13.09166666655801	32.71095000984357	6.89081789852638
13.39444444439141	32.84911161052596	6.9352512351853495
13.70555555558531	32.987273211208354	6.902210518422405
14.02222222223645	33.137345294708254	6.936297380358799
14.34722222224809	33.27669794367241	7.084713670205254
14.68055555562023	33.42796107545399	7.097005406930394
15.01944444444962	33.573268965826905	7.12408092500983
15.3666666666395	33.69952008369189	7.126507853945424
15.72222222218989	33.853165312036964	7.173639560359465
16.08611111110076	34.01633892663605	7.300294871792824
16.45833333337214	34.161646817008936	7.3319932797440535
16.83888888882939	34.3045726108183	7.297891306205167
17.22777777782176	34.44154316321899	7.443086143630456
17.62777777772863	34.601143632972786	7.529128852792115
18.03611111117061	34.7655082958536	7.43210077713721
18.45277777779847	34.92153562076221	7.5497830546155305
18.88055555551546	35.05969722144458	7.60260967251357
19.31666666659294	35.214533498071425	7.724206909533417
19.76388888893416	35.38485340236102	7.673697415639157
20.22222222218989	35.52777919617041	7.712276366053464
20.68888888880611	35.6957170038964	7.808951257599626
21.16666666668607	35.84817118395981	7.868603737833157
21.65555555548053	36.00896270199538	7.88059721744965
22.15555555553874	36.156652688931715	7.946997998165245
22.66666666668607	36.326972593221285	8.07091893254046
23.19166666665115	36.50205669063779	8.082802152185248
23.72777777770534	36.650937725855904	8.083207684469881
24.27500000002328	36.806965050764454	8.113412102429383
24.83611111115897	36.98919543787143	8.213782427482748
25.41111111111241	37.1559421973157	8.223227184428868
25.99722222215496	37.32507105332349	8.261234816799707
26.59722222218989	37.47633418510513	8.382560966786436
27.21111111104256	37.641889896267685	8.411193580116416
27.8388888888876	37.808636655711965	8.340411182257006
28.48333333327901	37.980147608283254	8.426777570179844
29.14166666666279	38.16118694710846	8.46489938900823
29.81388888886431	38.33269789967977	8.613710946785503
30.50277777778683	38.49348941771536	8.722811025248737
31.20833333325572	38.66023617715964	8.702194886088206
31.93055555562023	38.849612853957105	8.76642057013011
32.66944444435649	39.01993275824658	8.80572628655815
33.42499999998836	39.192634759099626	8.754384349856734
34.1972222221666	39.37248304964314	8.816914232980128
34.98611111106584	39.56662391956751	8.950823372080361
35.79444444441469	39.72622438932136	8.991620071749725
36.62222222221317	39.906072679864884	9.014739449169928
37.46944444446126	40.084729922126584	9.031786294374179
38.33611111115897	40.25147668157092	9.196632916286593
39.22222222213168	40.43608916524137	9.138094767041753
40.12777777772863	40.626656890320604	9.159176520508925
41.05555555550382	40.800549939455315	9.306975096374376
42.00277777772863	40.992308712816275	9.340688148584352
42.97222222213168	41.16381966538749	9.371549844787317
43.9638888888876	41.37225311469291	9.509945009397155
44.97777777782176	41.53542672929198	9.551797343241375
46.01666666666279	41.73194969577989	9.462598250441927
47.08055555558531	41.92370846914084	9.594288252796833
48.16666666668607	42.108320952811276	9.639778970123622
49.2777777776937	42.29055133991831	9.726582315023872
50.41666666668607	42.487074306406186	9.68612470611868
51.58055555558531	42.677642031485384	9.819360134722931
52.77222222212004	42.84438879092968	9.81312274429013
53.9916666666395	43.04567595054457	9.929827898620731
55.23888888879446	43.24458101359598	9.987276882568247
56.51388888893416	43.43276664211171	10.089295613817221
57.81944444443798	43.62809856031788	10.05707645363923
59.15277777775191	43.81866628539703	10.187244994460011
60.51944444450783	44.00923401047625	10.268964447044045
61.91666666662786	44.223622701190365	10.236891569288453
63.34722222218989	44.41776357111479	10.34468078201184
64.80833333329065	44.61905073072969	10.397184376665281
66.30555555556202	44.803663214400096	10.460733228500006
67.83611111110076	45.019242953395974	10.603306634847732
69.40277777781012	45.2002822922212	10.636509610959822
71.00555555551546	45.38965896901866	10.580823558243972
72.64444444439141	45.607620804577984	10.632455373287492
74.3222222221666	45.8029527227842	10.670963957015017
76.0361111111124	46.006621978962585	10.810501858131301
77.79166666668607	46.224583814521885	10.774797918002545
79.58611111115897	46.41634258788284	10.982876825147759
81.42222222225973	46.611674506089	11.079087739721913
83.29999999998836	46.81177061742215	11.025906240691244
85.22222222224809	47.01543987360052	11.052943727341704
87.18888888886431	47.22506437118764	11.1450317726734
89.20000000001164	47.42635153080257	11.155624446514784
91.25833333324408	47.64669546292534	11.19633500898072
93.36388888891088	47.850364719103766	11.253287635278351
95.51944444439141	48.04926978215515	11.357446249384761
97.72222222213168	48.24341065207961	11.421357773023765
99.97777777776355	48.46018143935719	11.41589852468563
102.2833333333838	48.67218803350779	11.398349436284457
104.6444444444496	48.86632890343216	11.543028304560108
107.0583333332324	49.066425014765315	11.948761587774495
109.5277777778101	49.28081370547943	11.529448797515526