0.02000000000043656	0.668400103820718	1.3526172474463556
0.03000000000065484	1.665663093884379	0.46597468537913106
0.04000000000087312	1.3927989317948637	1.2268761651681015
0.05000000000109139	2.043090949260667	1.8375575757375655
0.07000000000152795	1.9480287967644525	0.022834299873315877
0.08000000000174623	2.1560951851942565	1.6987000377409984
0.09000000000196451	2.370774013532038	2.098627672725538
0.1009816608893743	2.64344634751936	1.879435920182728
0.1133032870638999	2.8035332160841815	4.543831728184997
0.1271283790188136	3.689711591293999	6.067278698583514
0.1426403873247182	4.200588300854566	2.5809402068148874
0.1600451469071231	4.284000698557122	4.632607820064867
0.1795736083513475	5.2672992984730325	4.795699433797333
0.2014849024758405	5.388264436716717	3.6113667238215346
0.2260697788410653	6.098860390339998	4.7882314340155485
0.2536544638196574	6.490812986130467	5.435489889514547
0.2846049894219505	7.350452237933723	4.367565121975906
0.3193320503178256	7.496501113803183	3.763830309635378
0.3582964535066822	8.217127793405083	8.881809712743486
0.4020152329453595	9.541668288576394	11.023231059736016
0.4510685102750358	10.755394082837975	8.259234446360084
0.5061071926829754	11.44348741521413	8.343339922879432
0.5678616100453837	12.676591640937303	12.73313289197938
0.6371512059604356	14.375521972142208	10.922279413383876
0.7148954112685715	15.191650326602668	10.937534981668966
0.8021258443391162	16.894117227881857	14.641932242437184
0.9000000000210093	18.56327390096669	15.256992997624968
1.009816608895562	20.407397684849755	16.864713956600056
1.133032870641273	22.446799949928444	18.09808152289786
1.27128379019041	24.5749727428832	18.841177196615323
1.426403873248546	26.785534679010997	17.539976095316064
1.600451469072596	28.61410588304207	18.97571139552423
1.79573608351393	31.15535703064202	21.613346398944845
2.014849024758405	33.591390603115954	20.70974294549492
2.260697788411108	35.92462347842257	22.546015498441385
2.536544638197029	38.78363017167903	23.499321372972215
2.846049894217686	41.3364881662412	23.562320774632393
3.193320503176437	44.21012586807981	26.400911110552247
3.582964535065003	47.41685849857962	26.35557669730369
4.02015232945223	50.28018831918877	23.490733558740146
4.510685102750358	52.82725293734137	20.66506292851408
5.061071926830664	55.03991281680244	23.975428966735613
5.678616100453382	58.34967470993136	24.363055752743115
6.371512059604811	60.65174399720173	22.115622439144275
7.148954112683896	63.444079540869815	22.582936889235036
8.021258443389343	65.85397779928438	22.727421900343003
9.000000000208274	68.67986992290032	20.113292253725888
10.09816608895153	70.48769843822434	18.059030215422354
11.33032870641	72.84061472025375	18.273058254134497
12.71283790189909	74.69792453950251	16.209463819745217
14.26403873248046	76.57560882677802	13.609933445159585
16.00451469072095	77.83407482430881	16.31538375334036
17.95736083513566	80.33550289465514	16.8209349818618
20.14849024758132	81.71055356525689	9.461999822538282
22.60697788410926	82.51619032875028	10.54720920660444
25.3654463819671	84.14151457352435	15.782298692157408
28.46049894217413	86.15383475038016	11.416349822760354
31.93320503176074	86.77288249653562	8.856804724992394
35.82964535064366	88.19523138675794	10.661252305835564
40.20152329451685	89.23013526062759	13.85095097880061
45.10685102749812	91.38728267021442	14.271380966883742
50.61071926830255	92.51893301894836	9.887508545908736
56.78616100453155	93.66527431709854	9.449022489578951
63.71512059604675	94.69533778043808	6.5243088513171745
71.48954112683941	95.167670689539	9.941784852306359
80.21258443389297	96.98235965680837	9.432598952106167
90.00000000208229	97.33795487804235	7.439900580760902
100.981660889513	98.69081289832387	10.157681072304273
113.3032870640964	99.66971322545986	10.386497288787073
127.1283790189891	101.07065842933237	9.795079515270904
142.6403873248005	101.91185623556348	8.924887136206808
160.0451469072059	103.10747361130277	10.274108786063223
179.5736083513539	104.25162350833506	6.137321967066206
201.4849024758123	104.5037474078587	8.535809187559243
226.0697788410926	106.17629754133088	8.994401947812543
253.6544638196692	106.53522730872513	8.813852323902163
284.6049894217385	108.14328188349012	11.251806820799986
317.7249894217384	109.01968419110105	7.1435099103925985
350.8449894217383	109.65280103305416	9.46125979880316
383.9649894217382	109.96628269912401	7.7302646991867405
417.0849894217381	111.46273925750839	10.114705817845072
450.204989421738	111.43148771198757	11.305600074294427
483.3249894217379	112.74593711491805	8.045093327836117
516.4449894217378	113.03251627920548	11.062918264897824
549.5649894217377	113.56587415475671	7.892889600168435
582.6849894217376	114.10502737072443	9.739113512114338
615.8049894217374	114.4648331816973	9.104314685560821
648.9249894217373	114.88568803072162	8.931038136771376
682.0449894217372	115.47849979671383	9.688831327403305
715.1649894217371	115.74114205068393	11.17564207005448
748.284989421737	116.02216003692887	11.327670603567729
781.4049894217369	116.627366279638	13.696897058869908
814.5249894217368	117.15656200090541	11.49157744756444
847.6449894217367	117.45115078529344	13.290300667071591
880.7649894217366	118.38879034663549	11.197790394801084
913.8849894217365	118.44420913287345	12.838970241901356
947.0049894217364	118.47579112311361	12.624635587506884
980.1249894217362	119.07498155105426	13.45471774785929
1013.244989421736	118.89969055371496	8.593620498335348
1046.364989421736	119.81360576340326	13.080762441067764
1079.484989421736	120.04424226243768	14.7240350459738
1112.604989421736	120.48238028506093	13.697200560580786
1145.724989421736	120.73202617142333	10.966115855193154
1178.844989421736	120.49240123312534	17.010487748079218
1211.964989421736	121.46483026666925	11.155855866500884
1245.084989421735	121.73920590865207	13.987013446675562
1278.204989421735	121.99937459340038	10.208008956294375
1311.324989421735	121.71229708553307	9.547509020386284
1344.444989421735	122.58169654600341	15.707535192699929
1377.564989421735	122.79239629009236	14.130770862182695
1410.684989421735	122.44169675330349	9.47717291112661
1443.804989421735	123.2253877297826	10.238544985419372
1510.044989421735	122.7658599646202	13.690379664763862
1576.284989421734	123.81020901307788	14.072476545895574
1642.524989421734	123.63344295080924	12.885204172878591
1708.764989421734	124.10919911301444	15.277925372672911
1775.004989421734	124.85807702643785	18.038950825985317
1841.244989421733	125.8575715866543	13.135306889359489
1907.484989421733	125.22060385273377	17.69611221698128
1973.724989421733	126.30727161240678	20.226516234317565
2039.964989421733	126.74462130745779	19.700143716836617
2106.204989421733	126.98839176056734	18.178679290347795
2172.444989421732	126.72853469880009	14.199578631216834
2238.684989421732	127.40142732991028	21.63367171283513
2304.924989421732	128.2060590439527	16.559050234340805
2371.164989421732	128.0417318239866	18.380680150294914
2437.404989421731	128.8284177599553	19.791199571388674
2503.644989421731	129.00352682360253	17.26943933081017
2569.884989421731	128.89395300273776	20.39709373891745
2636.124989421731	129.74239205487405	17.483134211609766
2702.364989421731	129.9674578863245	16.117338002409017
2768.60498942173	129.83276543759737	18.402373676999094
2834.84498942173	130.44025807877628	12.856917663229368