0.01970593610894866	1.5700829059278842	1.2725344162138335
0.04970593610778451	2.8449731129210982	1.4834096236497547
0.08970593611047661	3.760498295124278	2.277087410874966
0.1197059361093125	4.586182221129951	1.6216864372932687
0.1497059361099673	5.249296254968703	2.3867289301933323
0.9497059361092397	6.190490367514029	0.9101166886399241
1.44970593610924	6.61402771815942	0.937104917191057
1.94970593610924	7.366983008195686	0.8931351569252108
2.44970593610924	7.063233999146973	1.3604972500919268
2.94970593610924	7.559499985761775	1.34569226837828
3.44970593610924	7.640784931845236	2.149344024201578
3.94970593610924	8.017262576863365	2.0138541915003327
4.44970593610924	8.470747012907932	2.151954102243724
4.94970593610924	8.59053535450461	2.4704043346382623
5.44970593610924	8.66754214553105	2.2004320449185055
5.94970593610924	8.61192612978973	2.29959283683645
8.94970593610924	9.891094491839976	2.7248492401382127
11.94970593610924	10.44725464925312	3.0956739313347517
14.94970593610924	11.01624927183733	2.9365924529313596
17.94970593610924	11.807707957386818	2.7794111330153606
20.94970593610924	12.16279482711982	3.363138586307464
23.94970593610924	12.466543836168547	3.444656466475001
26.9197059361104	12.693286054190828	3.248573310565037
29.9197059361104	13.330731157687435	3.5582006016984318
32.9197059361104	13.625923856622101	4.094450271470424
35.9197059361104	13.921116555556775	3.932913178770145
38.9197059361104	14.22486556460549	4.32208910273253
41.9197059361104	14.597065054566597	3.7112086382595404
44.9197059361104	15.00776794004092	4.103498523082494
47.9197059361104	15.255900933348327	4.237770795377713
50.9197059361104	15.367132964830951	4.452128356700994
53.9197059361104	15.649491198594559	4.35441915441804
56.9197059361104	15.692272749164797	3.828916986041676
59.9197059361104	16.047359618897797	3.8734817994578505
62.9197059361104	16.227042131292823	3.8159453520954574
65.9197059361104	16.543625605512606	3.901583666483267
68.9197059361104	16.706195497679534	4.166955369945507
71.9197059361104	16.96288480110098	4.48037648053507
74.9197059361104	17.031335282013377	4.436852515161923
84.43970593610902	17.270911965206725	4.611364152989418
87.43970593610902	17.501932338286032	4.805868495476408
90.43970593610902	17.6901711607951	4.533707093959213
93.43970593610902	17.878409983304167	4.753435534490783
96.43970593610902	18.109430356383466	4.946156963544079
102.439705936109	18.43457014071731	5.277800683923504
105.439705936109	18.622808963226372	5.394326173684517
108.439705936109	18.691259444138762	5.312875068722241
111.439705936109	18.969339522845342	5.413616995738126
114.439705936109	18.999286608244496	5.566610077471888
117.439705936109	19.054902623985825	5.964518587804266
120.439705936109	19.260254066722993	6.017838394343023
123.439705936109	19.311591927407267	6.056010047413224
126.439705936109	19.46560550946014	6.05387214059919
129.439705936109	19.63673171174111	6.019229087876519
132.439705936109	19.83352684436422	5.996190646752162
138.439705936109	20.158666628698075	6.21598976140895
144.4497059361092	20.449581172575712	6.136498420912412
150.4497059361092	20.582203979343454	6.2786384490783576
156.4497059361092	20.868840368164093	6.818673142283477
162.4497059361092	21.06135734573018	7.097761970307704
168.4497059361092	21.347993734550794	7.119776591952454
174.4497059361092	21.536232557059865	7.233383310028687
180.4497059361092	21.728749534625944	7.637083383302581
186.4497059361092	21.96404806276229	7.2150799338891725
192.4497059361092	22.250684451582902	7.1286105009812655
198.4497059361092	22.383307258350644	7.0081837284315185
204.4497059361092	22.53732084040352	7.026210284314977
210.4497059361092	22.725559662912584	7.322989311060262
215.7897059361094	23.191878564128224	7.173310882794074
221.7797059361074	23.397230006865378	7.343858840582361
227.7797059361074	23.65391931028685	7.536943920303493
233.7797059361074	23.71381348108517	7.445795475342247
239.7797059361074	23.927721233936392	7.208774835361389
245.7797059361074	24.090291126103317	7.071381005119204
251.7797059361074	24.53521925203383	7.123078929966597
257.7797059361074	24.43682168572227	7.056637147796708
263.7797059361074	24.56944449249002	6.90963254942861
272.769705936109	24.736292539713965	6.98211412307338
281.769705936109	24.924531362223043	7.12600530903679
290.769705936109	25.202611440929616	7.040700681665904
299.769705936109	25.348068712868436	6.51855496932526
308.769705936109	25.574810930890713	6.266928224498328
317.769705936109	25.921341490509672	6.394888514252237
326.769705936109	26.07963322761957	6.335192298681771
335.769705936109	26.04112983210634	6.476918786372632
344.769705936109	26.160918173703035	6.140069767647575
353.769705936109	26.306375445641844	6.228149412320519
362.7797059361074	26.43899825240961	6.142541148747236
371.7797059361074	26.516005043436042	6.124968916162655
380.7797059361074	26.712800176059144	6.255652800411434
389.7797059361074	26.926707928910368	6.202670467300793
398.7797059361074	27.037939960393008	5.9946500512696
410.7797059361074	27.264682178415274	6.020744074417241
422.7797059361074	27.36307974472684	6.100995957709195
434.7797059361074	27.40586129529708	5.659427862302483
446.7797059361074	27.74811369985902	5.4816145059386425
458.7797059361074	27.77378263020117	5.612566464570094
470.7797059361074	28.081809794306903	5.671323085099806
482.7797059361074	28.030471933622607	5.720824935231683
494.7797059361074	28.291439392101076	5.6501239892276125
506.7797059361074	28.37272433818455	5.4539758791180555
518.7797059361073	28.492512679781225	5.686393408020924
530.7797059361073	28.6807515022903	5.566021261232193
545.7797059361073	28.800539843886977	5.269036257276561
560.769705936109	28.920328185483655	5.3212942097413745
575.769705936109	29.095732542821626	5.134209743801828
590.769705936109	29.25830243498857	5.451287875084797
605.769705936109	29.172739333848064	5.945451532522669
620.769705936109	29.386647086699274	5.941501954260381
635.769705936109	29.58772037437942	6.224801049210262
650.7797059361073	29.596276684493485	5.755246180177859
668.7797059361073	29.728899491261203	6.130718123894447
686.7797059361073	29.84013152274384	6.01810576468732
704.7797059361073	29.848687832857905	6.2989591719588685
722.7797059361073	30.06687374076614	6.379688068239273
740.7797059361073	30.18666208236281	6.485779595986721
758.7797059361073	30.225165477876043	6.9358998321756165
776.7797059361073	30.374900904871865	7.20833211041852
794.7797059361073	30.392013525099983	8.142458821624247
815.769705936109	30.546027107152856	8.84244045776113
836.769705936109	30.824107185859425	8.83666080618056
857.769705936109	31.174915900535417	7.6893186235594575
878.769705936109	31.504333839926268	4.667229079995971
899.769705936109	31.679738197264268	0.9742100702482214
920.769705936109	31.692572662435335	7.352623348815644