0.03166666673496366	0.10968428190692263	0.11514416543253532
0.06500000017695129	0.19248516138567262	0.2720519188319349
0.09833333344431594	0.34249454693483905	0.4436885963185007
0.1316666667116806	0.4887402561440675	1.020711402400604
0.1650000001536682	0.8097280811363726	1.3099958082474426
0.1983333332464099	1.0850141220008003	1.1747293097273288
0.2316666666883975	1.1968490761019703	1.3375230968696745
0.2650000001303852	1.3678275155451085	1.009367657484154
0.2983333333977498	1.5721413739991825	1.2721510512785223
0.465000000083819	1.9716287340817327	0.8790093712956748
0.6319444446125999	2.2366990820234554	1.105190215854793
0.7983333334559575	2.5377931892189216	1.3383908057520768
0.9650000001420267	2.767915114004024	1.4200565501802755
1.464999999850988	3.4281714776397965	1.799269148432015
1.965000000083819	4.000787949359744	2.237125973256844
2.465000000142027	4.557274379622789	2.7493897131533416
2.964999999850988	5.114298477934402	3.1353930032159427
3.465000000083819	5.64121316552647	3.5064650394204135
3.965000000142027	6.11113503997082	3.890997312129953
4.464999999850988	6.588584267095056	4.4180159851689
4.965000000083819	7.063345153976479	4.817866298719407
5.465000000142027	7.587571501325721	5.190417433163736
5.964999999850988	8.050503691138754	5.514185273044493
6.465000000083819	8.509134536563279	5.770703607740432
6.965000000142027	8.910772568840082	5.975362254515114
7.464999999850988	9.361876061584717	6.478804481949199
7.965277777751908	9.754911405084513	6.624694595875645
8.465000000142027	10.206014897829142	6.646665327384551
8.964999999850988	10.544745768424043	7.071679778862287
9.465277777751908	11.046927725782194	7.3894631402455815
9.965277777810115	11.384045592231402	7.654437379426327
10.46499999985099	11.66363297748434	7.746344220249746
10.96500000008382	12.053442312692743	8.18788028284856
11.96499999985099	12.829834974818208	8.193582635653978
12.96500000014203	13.494392682842479	8.851764202460581
13.96500000008382	14.211641859625955	9.025856192096455
14.96499999985099	14.766515285743326	9.164206962199735
15.96500000014203	15.375155516717019	9.275875255199567
16.96500000008382	15.927340602591558	9.466897854251972
17.96499999985099	16.479525688466097	9.765509612564049
18.96500000014203	17.031173106292062	9.944710069671226
19.96500000008382	17.472598574162554	10.216856528141042
20.96499999985099	17.971016855180775	10.330166029164044
21.96500000014203	18.522126604958178	10.485860219863959
22.96500000008382	19.01678120963644	10.613631566114899
23.96499999985099	19.403364536553482	10.671282665071658
24.96500000014203	19.896943805134615	10.994747776105275
25.96500000008382	20.280301123760278	11.083394711922551
28.96500000008382	21.487365892784954	11.028306288805133
31.96500000008382	22.58420871185416	11.236554700672572
34.96500000008382	23.571367249016422	11.264509977985258
37.96527777775191	24.499919968885298	11.10737341484497
40.96527777775191	25.32147674709007	11.061515332991737
43.96500000008382	26.10916043823536	10.983133030963916
46.96500000008382	26.7801701628424	10.662069320448756
49.96500000008382	27.496344003528737	10.620240595912183
52.96500000008382	28.054981105986037	10.517794907043694
55.96500000008382	28.618994888928974	10.149949955398045
58.96527777775191	29.07816340240205	10.07735121820217
61.96527777775191	29.635187500713688	9.421583911385541
64.96527777775191	30.048654230058876	9.37059046981991
67.96500000014203	30.515887764260405	8.912152645195006
70.96500000014203	30.842252269738356	8.707428015369237
73.96527777781012	31.22776026055825	8.394088460684634
76.96500000014203	31.444440484129274	7.55981062603724
79.96500000014203	31.829410806900633	7.4682229799380515
82.96500000014203	32.04609103047167	7.231702057506242
85.96527777781012	32.26868560257687	6.72306066500096
88.96527777781012	32.54128330319847	6.585174986082608
91.96500000014203	32.70473438996172	5.939653454075001
94.96500000014203	32.76065186701233	5.870617703759944
97.96500000014203	32.98002043082616	5.677764126909503
100.965000000142	33.14615985783224	4.97053961453782
103.965000000142	33.36284008140325	5.1078727079397845
106.9652777778101	33.475212703552984	4.7624437482097015
109.9652777778101	33.64135213055905	4.375168871821537
112.9652777778101	33.64457813885044	4.202270014225837
115.965000000142	33.75480008880591	4.0978677387183815
118.9652777778101	33.86771037900424	4.201388792766414
121.965000000142	33.98062066920254	4.206794199541079
124.965000000142	33.98062066920254	4.043323856448144
127.965000000142	34.14729776425713	3.562792144235352
130.965000000142	34.25751971421265	3.237094222337405
136.9652777778101	34.319889207845975	2.9902018172580336
142.965000000142	34.436025506335675	3.438338194933534
148.965000000142	34.55216180482533	2.7924757165688425
154.9652777778101	34.776907049124794	2.972011342841152
160.9652777778101	34.72636625255987	2.592158124936112
166.965000000142	34.78766041009606	2.45982826127705
172.965000000142	34.90272137248863	2.419756819529679
178.965000000142	35.12531594459385	2.655699595222428
184.9652777778101	35.021008343172554	2.5161263039074933
190.965000000142	35.07961416046598	2.2016573010715264
196.965000000142	35.19467512285853	2.072210377443209
202.9652777778101	35.254356276249034	2.400116400819204
208.9652777778101	35.31457509768813	2.4736765035840476
214.965000000142	35.32102711427092	2.3225999347245914
220.965000000142	35.38124593570998	2.0966854571398854
226.965000000142	35.55168670710457	1.8717275751992635
232.9652777778101	35.558676391735894	2.408434109856581
238.965000000142	35.508135595170934	2.2783507478507743
244.965000000142	35.62534722975777	2.2799917509427785
250.9652777778101	35.68556605119685	2.185893421914292
256.9652777778101	35.745784872635916	2.2119317947344257
262.965000000142	35.80492835797791	2.1077259015328385
271.965000000142	35.81138037456066	2.1186846452680355
280.9652777778101	35.81998306333765	2.0559730152528566
289.965000000142	35.936119361827366	1.6801923758517006
298.9652777778101	36.052255660317044	1.7973864790531122
307.9650000000838	36.05817000885121	1.8853794782976363
316.9650000000838	36.12107717053315	1.7944316506740994
325.9652777777519	36.183984332215026	1.6735144587308732
334.9650000000838	36.19043634879778	1.6270428229375582
343.9650000000838	36.20065204172054	1.7659707423414666
352.9652777777519	36.15387492149551	2.2006575376653283
361.9650000000838	36.27054888803376	1.8092468069068077
370.9650000000838	36.27377489632513	2.121097811835763
379.9650000000838	36.33721972605558	1.7467491230434404
388.9650000000838	36.40066455578605	0.45779087026439214
397.9652777777519	36.40765424041741	1.3143147040935876