0.0166666666045785	0.09536710082150483	0.08624863708136662
0.03333333332557231	0.18253522012439805	0.1652669716159521
0.05000000004656613	0.2589152058502094	0.2185779515837682
0.06666666641831398	0.3279592607435822	0.2671181478884687
0.08333333331393078	0.39225653686305206	0.3145376396513618
0.09999999986030161	0.45353313558093256	0.35724659264464426
0.1166666665812954	0.5113575315541532	0.40616626422880825
0.1333333333022893	0.569181927527358	0.4482464400629254
0.1500000000232831	0.6235541207559024	0.4817309540394241
0.1666666665696539	0.6762002126121011	0.5264706289487886
0.1833333331160247	0.7292778298114028	0.5692291738738002
0.2000000000116415	0.7806293456383582	0.6037384472581865
0.2166666665580124	0.8302547600929837	0.6297528910388132
0.2333333332790062	0.8777225478321761	0.6560404238581521
0.25	0.9234642341990391	0.68648282244668
0.2666666667209938	0.9683428698797456	0.7230145900704286
0.2833333332673647	1.0132215055604519	0.750378443757882
0.2999999998137355	1.058100141241158	0.7836016490241114
0.3166666667093523	1.099958099520275	0.8165131058213081
0.3333333332557231	1.1426791084855483	0.8506141993487861
0.3499999999767169	1.1849685921077515	0.8981606903557947
0.3666666666977108	1.2276896010730414	0.9397037756519
0.3833333330694586	1.2704106100383146	0.985911941566462
0.3999999999650754	1.3135631443466746	1.017925535489499
0.4166666665114462	1.3554211026257919	1.0428858909916305
0.4333333332324401	1.399005162277255	1.060654064917298
0.4499999999534339	1.4391370191840256	1.0720912059671868
0.4666666666744277	1.4779743000615524	1.081381189988646
0.4833333333954215	1.515948530252923	1.0776849559432096
0.4999999997671694	1.5526281844150345	1.0860876109652602
0.5166666666627862	1.588013262547902	1.0909149163552587
0.533333333209157	1.6216722393084235	1.0982350929578686
0.5499999999301508	1.656194266755118	1.116021453252472
0.5666666666511446	1.6898532435156393	1.134358997940832
0.5833333333721384	1.7217861189038313	1.1669232861933079
0.5999999999185093	1.7532874689489362	1.1871689055713133
0.6166666664648801	1.7869464457094575	1.2120166883695198
0.6333333333604969	1.8197423717838224	1.2182781038227026
0.6499999999068677	1.854264399230517	1.2426786162086825
0.6666666666278616	1.884902698589449	1.2840797073365386
0.6833333333488554	1.9176986246638141	1.3081723673563648
0.6999999997206032	1.946179297307329	1.3244612101273223
0.71666666661622	1.9759545459801047	1.3529444436482252
0.7333333331625909	2.0065928453390534	1.3627168686904596
0.7500000000582077	2.0406833474426613	1.387897910936164
0.7666666666045785	2.072616222830853	1.395263450943381
0.7833333333255723	2.1028229968467147	1.435067139746898
0.8000000000465661	2.1334612962056463	1.4537191376836405
0.816666666418314	2.162805019535335	1.47959993500679
0.8333333333139308	2.1930117935511975	1.4833547059285477
0.8499999998603016	2.2210609408516264	1.4972101974970276
0.8666666665812954	2.2516992402105753	1.5173198922800657
0.8833333333022892	2.279316862167917	1.535088037013452
0.9000000000232831	2.3073660094683635	1.5427950352044049
0.9166666665696539	2.337141258141138	1.5444911551168048
0.9333333331160247	2.3656219307846706	1.540786100397426
0.9500000000116415	2.3945341287712725	1.5515741559775635
0.9666666665580124	2.422583276071702	1.5519182054023144
0.9833333332790062	2.4502008980290606	1.5750003977853813
1.0	2.476092418614073	1.5790019964117392
1.016666666720994	2.5002578378267564	1.570776970679986
1.033333333267365	2.523991731696369	1.5748874608164383
1.049999999813736	2.5490202015952086	1.5721867626236572
1.066666666709352	2.5727540954648216	1.5827295406335289
1.083333333255723	2.5977825653636613	1.5859876768492411
1.099999999976717	2.624537136634864	1.5754443126165412
1.133333333069459	2.670278823001726	1.6012160814147502
1.166666666511446	2.717746610740936	1.6322390058188643
1.199999999953434	2.7643513477939723	1.6601062672048765
1.233333333395422	2.807072356759246	1.6789997180818907
1.266666666662786	2.8523825177830378	1.7110632149973894
1.299999999930151	2.8976926788068305	1.7364865151736295
1.333333333372138	2.94257131448752	1.7618675512582997
1.36666666646488	2.9870184248251404	1.8094012935699308
1.399999999906868	3.0301709591334998	1.854720197149761
1.433333333348855	3.0737550187849627	1.8984455650291265
1.46666666661622	3.116907553093324	1.923404449901925
1.500000000058208	3.159197036715527	1.950101705545622
1.533333333325572	3.2023495710238867	1.9813487223888853
1.566666666418314	3.2485227827338354	2.001013164338983
1.599999999860302	3.2929698930714557	2.0185721918417734
1.633333333302289	3.3339648006644156	2.028660865458704
1.666666666569654	3.3749597082573595	2.0490882382676707
1.700000000011642	3.4168176665364767	2.0631109570150783
1.733333333279006	3.4560864727570735	2.049211723956753
1.766666666720994	3.494923753634617	2.0524699771990442
1.799999999813736	3.5337610345121453	2.0558218600377725
1.833333333255723	3.569577637988082	2.070573365702787
1.866666666697711	3.6071203428363665	2.0804299149855794
1.899999999965075	3.6442315223415647	2.083768558256591
1.93333333323244	3.6791850751313286	2.0932825894060745
1.966666666674428	3.7150016786072833	2.1036724939830638
1.999999999767169	3.7512498074263076	2.1165100477463183
2.033333333209157	3.7866348855591743	2.1386658448949043
2.066666666651145	3.821588438348956	2.146951696679972
2.099999999918509	3.8561104657956338	2.1528813874393924
2.133333333360497	3.8897694425561564	2.158074507231761
2.166666666627862	3.9234284193166933	2.1735535247492344
2.199999999720603	3.9566558707341284	2.1738269107081596
2.250000000058208	4.007144335874927	2.177618008643282
2.300000000046566	4.055475174300294	2.1775045734557588
2.349999999860302	4.102511436696416	2.187017195216755
2.400000000023283	4.148253123063279	2.20298530240599
2.450000000011642	4.192268708057829	2.206747674363412
2.5	4.2362842930523446	2.2034911506021735
2.549999999813736	4.279005302017635	2.2063183138478903
2.599999999976717	4.323020887012169	2.211270192326779
2.649999999965075	4.366173421320528	2.2207444712144886
2.699999999953434	4.40803137959966	2.234156484784549
2.749999999767169	4.449026287192605	2.2434300194022434
2.799999999930151	4.4891581440993775	2.25242266348905
2.849999999918509	4.528858475663079	2.2639465246151795
2.899999999906868	4.567695756540606	2.2615526215190176
2.949999999720603	4.60653303741813	2.2668563950562985
3.000000000058208	4.645801843638743	2.2727487254927903
3.050000000046566	4.68291302314396	2.2815767690346775
3.099999999860302	4.72002420264914	2.2894411691757592
3.150000000023283	4.75670385681125	2.2907370298603493
3.200000000011642	4.79208893494412	2.2923451668644605
3.25	4.82747401307697	2.2973570003496495
3.299999999813736	4.863290616552907	2.2992208015798505
3.366666666697711	4.909463828262871	2.3004960889570167
3.43333333323244	4.955637039972824	2.305000386177604
3.499999999767169	4.999221099624272	2.3113444826848704
3.566666666651145	5.042373633932646	2.3189630548064777
3.633333333360497	5.0850946428979205	2.3208327800553414
3.699999999720603	5.126952601177036	2.3218107353323525
3.766666666604579	5.168810559456155	2.325243427620509
3.833333333313931	5.208942416362939	2.317573789097645
3.900000000023283	5.249937323955885	2.3251728791102164
3.966666666558012	5.289637655519587	2.325368161874325
4.033333333267365	5.328043411054023	2.326932231269077
4.099999999976717	5.366449166588464	2.3286097186481474
4.166666666511446	5.404423396779837	2.333256760169186
4.233333333395422	5.440671525598861	2.340961974803217
4.299999999930151	5.476919654417883	2.346194604081765
4.36666666646488	5.5131677832369075	2.341632397156825
4.449999999720603	5.5563203175452855	2.344583030121833
4.533333333325572	5.599472851853663	2.3477163281718476
4.616666666581295	5.643056911505108	2.3517469848325736
4.700000000011642	5.686209445813471	2.3572432548908777
4.783333333267365	5.7276358787495	2.3609001321144882
4.866666666697711	5.767767735656286	2.3625081822820593
4.949999999953434	5.807899592563074	2.368594408694971
5.033333333209157	5.847599924126758	2.3761934900892396
5.11666666646488	5.88686873034737	2.3738670432291005
5.199999999720603	5.924842960538742	2.3702216615526206
5.283333333325572	5.962385665387007	2.3721528876714504
5.366666666581295	5.9994968448922075	2.3682734870993687
5.450000000011642	6.036176499054318	2.3746834286516147
5.549999999813736	6.078897508019607	2.379930243749924
5.649999999965075	6.122050042327968	2.3795875508749575
5.749999999767169	6.163476475263997	2.3843245733324467
5.849999999918509	6.204471382856959	2.382748104769785
5.949999999720603	6.243740189077573	2.380083863245538
6.050000000046566	6.283872045984341	2.384768002967654
6.150000000023283	6.3235723775480395	2.386315268683268
6.25	6.361978133082483	2.3891250605485523
6.349999999976717	6.4003838886169415	2.38442097996009
6.449999999953434	6.437926593465207	2.385073776247333
6.549999999930151	6.473743196941162	2.3829906219647583
6.666666666627862	6.515169629877192	2.399871241353423
6.783333333325572	6.557459113499395	2.405167565645062
6.900000000023283	6.597590970406166	2.408119786348378
7.016666666720994	6.639017403342196	2.4016760592435054
7.133333333069459	6.676991633533567	2.3893958577842063
7.249999999767169	6.714965863724923	2.387380243038115
7.36666666646488	6.754234669945537	2.3848749626017636
7.483333333162591	6.793071950823079	2.383440332087137
7.599999999860302	6.831477706357519	2.391169835823018
7.733333333279006	6.874198715322811	2.391835229217135
7.866666666697711	6.9134675215434065	2.3922608447314673
7.999999999767169	6.951873277077862	2.4035330855141157
8.133333333360497	6.989847507269215	2.4092041855154056
8.266666666604578	7.027821737460587	2.4192201771738455
8.400000000023283	7.064932916965787	2.417833860818012
8.533333333267365	7.105064773872574	2.396267573654653
8.666666666511446	7.141744428034669	2.3999011337488603
8.79999999993015	7.179718658226039	2.406428658178924
8.949999999720603	7.221145091162069	2.4261332884256013
9.099999999860302	7.261276948068855	2.4650212364134525
9.25	7.303566431691043	2.4827961321693817
9.399999999965075	7.342835237911658	2.504400900243261
9.54999999993015	7.377357265358369	2.4972989311099463
9.699999999720603	7.416626071578967	2.5131551212798113
9.849999999860302	7.453305725741079	2.5225709308958217
10.01666666672099	7.4960267347063665	2.5333034988271512
10.18333333323244	7.5426314717594005	2.5383065577608304
10.34999999991851	7.584489430038521	2.539071260796617
10.51666666660458	7.626347388317635	2.543560094753365
10.68333333311603	7.6647531438520735	2.572977379582109
10.84999999997672	7.704885000758866	2.578817704238095
11.03333333320916	7.7489005857533995	2.596329259749529
11.21666666661622	7.791621594718669	2.6027380592495106
11.40000000002328	7.831753451625458	2.5802887890990927
11.58333333325572	7.873179884561491	2.5706311932421424
11.76666666666279	7.912448690782105	2.574563628468684
11.9499999997206	7.952580547688891	2.5905618798776766
12.15000000002328	7.995733081997246	2.5838629417681163
12.34999999997672	8.038885616305606	2.563439189106677
12.54999999993015	8.081175099927828	2.5266068661353103
12.75000000005821	8.120875431491513	2.479173482918667
12.95000000001164	8.158849661682869	2.453568004548793
13.14999999996508	8.199844569275824	2.4379856588505735
13.36666666646488	8.243428628927273	2.4307697302153426
13.58333333331393	8.283560485834062	2.415464009597759
13.79999999981374	8.320671665339242	2.3979836544337902
14.01666666666279	8.353036066070537	2.3874983583144944
14.23333333316259	8.380653688027877	2.395180422160728
14.46666666655801	8.416901816846906	2.4072971653760966
14.69999999995343	8.453149945665942	2.432906482798116
14.93333333334886	8.492850277229627	2.5116360179601953
15.16666666656965	8.529961456734823	2.4313390134439645
15.39999999996508	8.566641110896954	2.4438964955633975
15.64999999990687	8.606341442460636	2.5074904223119545
15.90000000002328	8.647767875396667	2.5526246486653448
16.14999999996508	8.68833125764652	2.5939718898696387
16.39999999990687	8.734504469356489	2.6142025512791673
16.66666666656965	8.794918017388195	2.620420782740008
16.93333333323244	8.81735733522855	2.6411798284122985
17.1999999997206	8.857057666792253	2.657183533820593
17.46666666655801	8.902367827816027	2.6603204494948183
17.74111111089587	8.940342058007396	2.6854074852760874
18.02444444445428	8.984789168345017	2.68808217371482
18.30777777783806	9.0244894999087	2.6635148574649294
18.59111111104721	9.064621356815488	2.5932594092293026
18.89111111115199	9.107342365780777	2.685923218623574
19.19111111108214	9.148768798716807	2.681330400508878
19.49111111101229	9.187606079594337	2.724792856864587
19.79111111094244	9.23291624061811	2.703908511644746
20.10777777759358	9.27477419889723	2.6937773653088897
20.42444444424473	9.316200631833272	2.70148995935464
20.74111111089587	9.359353166141638	2.7572228755417094
21.07444444444263	9.402074175106911	2.782934277437772
21.40777777764015	9.440911455984454	2.844122907614633
21.74111111101229	9.495715174556072	3.012206343621955
22.09111111110542	9.530237202002763	3.0423747086764985
22.44111111084931	9.57209516028188	3.1364995893504695
22.79111111094244	9.613090067874825	3.265730806527861
23.15777777775656	9.667030735760278	3.286826255853453
23.52444444439607	9.714498523499488	3.3100538985477237
23.89111111103557	9.768439191384948	3.3506720455172148
24.27444444439607	9.845250702453846	3.2989452163010147
24.65777777775656	9.897896794310046	3.356249643854868
25.04111111094244	9.958741867684855	3.4246540362661966
25.44111111084931	10.02951202395057	3.46191466353787
25.84111111110542	10.076979811689785	3.4497044115640807
26.24111111101229	10.122721498056645	3.4628230984470605
26.65777777764015	10.171052336482012	3.44489269377647
27.07444444444263	10.214636396133457	3.335196963498595
27.49111111089587	10.259515031814168	3.3229548689125488
27.92444444424473	10.316044851758125	3.273865476956268
28.35777777759358	10.365670266212737	3.1809058581666676
28.80777777783806	10.415727206010445	3.200018467530327
29.25777777773328	10.464921095121987	3.227161660726191
29.70777777780313	10.514546509576613	3.233611919211874
30.17444444424473	10.565898025403566	3.2846638631271534
30.64111111103557	10.614660389172021	3.314119289076445
31.12444444419816	10.665580379655891	3.300765655770087
31.60777777771	10.714774268767426	3.2895322124611313
32.10777777759358	10.76655730993747	3.253863303677264
32.60777777782641	10.818340351107508	3.334361644802108
33.12444444443099	10.867965765562134	3.3380394300938256
33.64111111103557	10.922337958790663	3.3366924552621144
34.17444444436114	10.97498405064688	3.1350372311520376
34.70777777768672	11.028061667846165	3.1118077620038807
35.24111111101229	11.074666404899203	3.161610771399548
35.79111111105885	11.11609283783523	3.148359116508181
36.34111111110542	11.18168468998396	3.1748363135826474
36.90777777769836	11.232604680467832	3.188958604782949
37.49111111101229	11.283956196294788	3.1589928004576797
38.07444444450084	11.289997551097947	3.144104254564837
38.67444444436114	11.335739237464823	3.1334464023782624
39.27444444439607	11.395289734810362	3.148649539579302
39.89111111115199	11.443620573235739	3.223878596012227
40.50777777773328	11.500581918522778	3.1297682462598795
41.14111111103557	11.552364959692817	3.190564137077496
41.77444444433786	11.599832747432025	3.145777810582462
42.42444444436114	11.648163585857393	3.3987482645040994
43.09111111110542	11.699083576341275	3.5431481248806542
43.75777777750045	11.749140516138993	3.430406104979475
44.44111111114034	11.806533386769107	3.5496108923368617
45.12444444443099	11.851843547792894	3.643177865240618
45.82444444444263	11.915277773226196	3.7391977837471297
46.54111111117527	11.956704206162227	3.833383681485747
47.25777777773328	12.016254703507778	3.9103415670363604
47.99111111101229	12.091771638547401	3.962572584977411
48.74111111101229	12.127588242023352	4.020761997006405
49.49111111101229	12.200084499661404	4.021173917323039
50.25777777773328	12.2768960107303	4.095040992168705
51.04111111117527	12.348960743025275	4.082443234917832
51.841111110989	12.417141747232497	4.204645952952812
52.64111111115199	12.481439023351964	4.214168064918714
53.45777777768672	12.54271562206984	4.168440622350288
54.29111111094244	12.605286796816968	4.301416055431228
55.14111111109378	12.663111192790192	4.2524697417639485
55.99111111089587	12.723956266164983	4.097582294659434
56.85777777759358	12.784369814196689	3.915109020773433
57.74111111101229	12.851256242374662	3.8454828504650918
58.64111111115199	12.913395891778702	3.8439622785749057
59.55777777783806	12.97941926927052	3.751349703181268
60.4744444443495	13.042421969360724	3.7393332867646794
61.40777777775656	13.104561618764768	3.7427414238688756
62.35777777771	13.148145678416224	3.7852288045886135
63.32444444438443	13.18094160449058	3.8161565821398584
64.30777777777985	13.233587696346788	3.7590136950157738
65.30777777754702	13.297884972466257	3.7843344012226954
66.32444444438443	13.339742930745361	3.8015042732993747
67.35777777759358	13.399293428090914	3.9787634592565495
68.40777777769836	13.457117824064133	4.068344068272916
69.4744444443495	13.527456454986764	4.2159616843935375
70.55777777754702	13.594774408507806	4.392590479608188
71.65777777764015	13.649578127079437	4.483442739417776
72.77444444445428	13.716896080600497	4.503870040972854
73.90777777764015	13.786371660836958	4.650744334544428
75.05777777754702	13.887348591118537	4.702649982723244
76.2244444443495	13.968475355618272	4.748097264538162
77.40777777769836	14.043129239971748	4.645964221772372
78.60777777759358	14.113036345551304	4.551078376571495
79.82444444438443	14.184238027160106	4.581793651564526
81.05777777754702	14.251987506024234	4.633139951320617
82.30777777777985	14.324052238319211	4.679950047538458
83.57444444438443	14.393959343898773	4.568013635844762
84.87444444443099	14.461277297419818	4.617970732162715
86.1911111108493	14.50960813584519	4.624635227627491
87.52444444433786	14.55621287289824	4.695960484617826
88.87444444419816	14.61662642092994	4.672820263550631
90.2411111111287	14.693437931998822	4.734163661478245
91.64111111115199	14.77197554444007	4.732301963819882
93.05777777754702	14.848355530165863	4.698022691389929
94.49111111101229	14.93897585221343	4.697025168069569
95.95777777774492	15.014492787253067	4.790255633722351
97.4411111108493	15.098640229154386	5.085216906483494
98.9411111108493	15.164232081303103	4.845347073876563
100.4744444442913	15.244927320459757	4.739662439705833
102.0244444444543	15.316129002068552	4.792451394874471
103.60777777771	15.379131702158766	4.801604421312332
105.2077777776867	15.445586604993661	4.6725236034017525
106.8244444443844	15.512473033171624	4.790140535686079
108.4744444443495	15.620354368942541	4.611932997852365
110.1577777777566	15.630710977176545	4.838845624311706
111.85777777771	15.685514695748184	4.9203945570932035
113.5911111111054	15.774408916423425	4.967349635162555
115.3411111110472	15.85208347817847	5.047553609158085
117.124444444431	15.91551770361177	5.1271063069775575
118.9244444443611	16.014337007177936	5.175396141631504
120.7577777777333	16.060941744230973	4.726811101797381
122.6244444441982	16.173138333432725	5.021083773817401
124.5244444444543	16.270231535626543	5.258375035245134
126.4411111110821	16.350495249440097	5.193105805392994
128.391111111152	16.429464387224414	5.225000352701689
130.3744444444892	16.511885727753384	5.203156070798135
132.3911111110938	16.58912876416537	5.272777200759751
134.4411111111403	16.603369100487143	5.505328588919141
136.5077777777333	16.67413925675285	5.403664523705901
138.6077777775936	16.77770533909293	5.3617060321367385
140.7411111108959	16.85192769810333	5.398899870300664
142.9077777776402	16.935643614661558	5.170311159535179
145.1077777778264	16.993899535977853	5.334583386747913
147.3411111111054	17.106527650522683	5.456024511953951
149.6077777778264	17.199737124628758	5.581867981586997
151.9077777776402	17.289494395990168	5.743396734933797
154.2577777777915	17.377525565979216	5.757613565071255
156.6411111110356	17.46512521062522	5.858369420868195
159.057777777547	17.496626560670325	5.853816846202773
161.5077777775005	17.61184382727366	6.013966418108059
163.9911111108959	17.71325228289833	5.538997369491164
166.5244444444543	17.752952614462018	5.533121017755112
169.0911111111054	17.856518696802095	5.597306473769627
171.6911111108493	17.9622424058576	5.620633380111319
174.3411111111054	18.05674645599293	5.749319294074849
177.0244444444543	18.13830474583573	5.985472911521707
179.7577777777915	18.229356593226388	5.7552426552562626
182.5244444443961	18.24402845489123	5.835050400911982
185.341111110989	18.335080302281884	5.866831830555374
188.1911111108493	18.437351808592723	5.823663913946681
191.0911111110472	18.52926670666953	5.744009734555226
194.0411111110589	18.642326346557464	5.674962576058135
197.0244444443379	18.721295484341763	5.905895407498957
200.0577777777799	18.78861343786282	5.98593337802084
203.1411111110356	18.90469375515233	6.378016039939061
206.2744444444543	18.950435441519186	6.417557120706811
209.4577777776867	19.044507966311443	6.205192222075408
212.6911111110821	19.13340218698667	6.233130201580286
215.9744444442913	19.213234375457148	6.183015382396496
219.3077777778381	19.340965877009914	6.326377812376514
222.6911111108493	19.447121111408503	6.347128936368399
226.1244444441982	19.541193636200727	6.358868635574165
229.60777777771	19.63871836373763	6.515234910432628
233.1411111110356	19.69697428505392	6.507546114096743
236.7244444443495	19.79320443656159	6.646959364180227
240.3744444441982	19.894612892186252	6.752822622392027
244.0744444443844	20.002062702614104	6.640779576980783
247.8411111111054	20.073264384222895	6.615567852454677
251.6577777776402	20.190207752198557	6.479829735158951
255.5411111110589	20.267019263267454	6.506805241779097
259.4744444442913	20.357639585315024	6.791776022423273
263.4744444444077	20.473288377261444	6.862764398685959
267.5244444443379	20.572970731513767	6.783241604678131
271.641111111152	20.676536813853854	6.785848338511323
275.8244444445008	20.775787642763092	6.840800606516777
280.0744444443844	20.841811020254912	6.839302736804635
284.391111111152	20.936315070390226	6.955572251842905
288.7744444444543	21.043764880818056	7.068735763073696
293.2244444442913	21.160708248793735	6.973258924226117
297.7411111110123	21.267295008535392	6.899740913492618
302.3244444444426	21.34799024769205	7.060005568532044
306.9744444444077	21.45544005811988	7.085603556682708
311.7077777778031	21.53009394247335	6.979172195068279
316.5077777777333	21.659551545398447	7.12521188534341
321.3744444441982	21.77217965994328	7.318628765618947
326.3244444444426	21.873156590224863	7.338783954642692
331.3411111110472	21.94090606908901	7.198313288289365
336.4411111110821	22.03799927128282	7.209994247022994
341.6244444441982	22.17177212763875	7.354201584212805
346.8744444441982	22.27922193806659	7.42026798883943
352.2077777778031	22.352149721047734	7.2375919575142
357.6244444444892	22.45010597392773	7.2373585291711775
363.124444444431	22.58603645699909	7.361199898487531
368.7077777778031	22.695643894142336	7.420100814931923
374.374444444431	22.778065234671303	7.550577186118473
380.1411111110356	22.88508351975605	7.617236175485678
385.9911111108959	22.99684858361473	7.4895768171091515
391.9244444443611	23.116812628991983	7.5419516450969475
397.9577777778031	23.148745504380184	7.489671415580686
482.4558333333116	24.53005812759101	6.758251973218341
489.8725000000559	24.486905593282632	7.816693695532805
497.4058333333232	24.54343541322659	7.7323346860017
505.0558333332883	24.73287503884033	7.208306880976599
512.8224999997765	24.869668572597835	7.755467161812245
520.7058333333116	24.92274618979713	7.781248014272228
528.7224999999162	24.981433636456508	7.723747830324273
536.8558333332185	25.119521746243283	7.729109036091193
545.1058333332185	25.174325464814917	6.9777234382668665
553.4891666666372	25.36592271714405	8.071579459258357
562.0058333331253	25.415979656941765	8.341532468895464
570.6558333333815	25.49279116801065	7.7351609870606595
579.439166666707	25.706827738180156	7.5092964650282115
588.3558333332767	25.7715565396427	7.810721414638423
597.405833333265	25.82592873287124	8.158837937964895
606.5891666666721	25.955386335796337	7.800144492195858
615.9224999998696	26.017957510543475	7.988597780734117
625.3891666666605	26.20869171218646	7.777743269610743
635.0058333332418	26.318299149329707	7.76792946933392
644.7724999999627	26.37396591858749	8.262164729453183
654.6891666664742	26.462860139262734	7.453112227969486
664.7558333331253	26.575919779150656	7.774959288394778
674.9724999999162	26.70321975536033	7.782006375070741
685.3558333332185	26.763201778048956	7.6423163506074605
695.8891666666605	26.853822100096526	7.810894725157
706.5891666666139	26.998383090029566	7.188846892721776
717.4558333330788	27.04498782708261	7.519548143626956
728.489166666579	27.218892540345326	6.465289497575157
739.6891666665906	27.259024397252098	7.2952562067481
751.0558333332883	27.387618949491028	4.696234926785065
762.6058333332185	27.442422668062655	6.604717775894445