0.02346744021997438	0.44475965231577747	2.3235023698408113
0.0534674402224482	2.2749378731693426	2.1216605099637285
0.09346744022150233	3.421704920952243	2.8583987082634894
0.1234674402221572	4.329045605380436	3.4336779643127953
0.153467440222812	5.105437890433498	3.2634364584475284
0.1934674402218661	5.78574969310466	3.7642431539304666
0.223467440222521	6.402524402587918	4.329522030015642
0.2534674402213568	6.953437491083646	3.9287453304822275
0.2934674402204109	7.45321096798903	4.327559331594167
0.3234674402228848	7.933613379898026	4.941059247541435
0.3534674402217206	8.372174291415021	4.404915641353263
0.3934674402225937	8.774317600738868	4.654591004629681
0.4234674402214296	9.161738900665522	5.310045624756827
0.4534674402202654	9.527464607796276	4.725063110613556
0.4934674402229575	9.862196610932944	4.85286519779364
0.5234674402217934	10.185305975071767	5.599253961127532
0.5534674402224482	10.503766283611451	4.992666784127412
0.5934674402215023	10.788908360357476	5.256119791856498
0.6234674402221572	11.0887724465007	5.8895877341965575
0.653467440222812	11.356867986049968	5.041172962883492
0.6934674402218661	11.60636730320272	5.306125013274957
0.723467440220702	11.86438988895389	5.972807555736926
0.7534674402213568	12.102266567108888	5.3037257786616845
0.7934674402222299	12.340143245263793	5.557738134215192
0.8234674402228848	12.571821182619967	6.0871071279207625
0.8534674402217206	12.78412805497975	5.3805422723822005
0.8934674402225937	12.997984612539236	5.475255663936522
0.9234674402214296	13.197894003301453	6.046132034789949
0.9534674402220844	13.39082981066491	5.549652627735154
0.9934674402211385	13.593063729226637	5.724861052381719
1.023467440221793	13.780575638391129	6.4278341788193005
1.053467440222448	13.969637232755316	5.740686078619974
1.093467440219683	14.144751660322184	5.826881598438261
1.123467440222157	14.324515143488137	6.363158443417371
1.153467440220993	14.48490756165777	5.565903594918472
1.193467440221866	14.651498720626233	5.962829355517811
1.223467440222521	14.818864722194563	6.7000121742230245
1.253467440219538	14.980031982964068	5.917938565168491
1.29346744022223	15.135775345534551	6.002043899375836
1.323467440222885	15.29074386550521	6.407699748349089
1.393467440222594	15.57976015525051	6.297701796432637
1.453467440222084	15.868776444995802	5.657518689580402
1.493467440222958	16.001274529570743	5.73394970009413
1.553467440222448	16.275568809918788	5.80997275719707
1.593467440221502	16.404192681494415	5.76917248599004
1.653467440222812	16.655241683846917	5.919356044757767
1.693467440221866	16.783090712822712	5.956552146611395
1.753467440221357	17.020967390977674	6.639705728473459
1.823467440222885	17.272016393330112	6.084558957257209
1.893467440222594	17.488972321289097	6.526840122601243
1.953467440220265	17.71212699004681	6.72403361642978
2.023467440221793	17.931407445805306	6.089944371656696
2.093467440221502	18.13364136436705	6.7480406058378914
2.153467440222812	18.342848866327444	6.834075693700228
2.223467440220702	18.54043372929003	6.130243938581105
2.29346744022223	18.72872048105434	6.9572398472738355
2.353467440221721	18.92708018661681	6.975012436509798
2.42346744022143	19.107618512382647	6.077807001166695
2.493467440221139	19.27808388435037	6.904290693696771
2.553467440222448	19.4601718953159	6.964179817145191
2.623467440222157	19.626763054284357	6.176283319487446
2.693467440221866	19.78948000025355	6.411685370333219
2.79346744022223	20.034330261807174	6.804141922588992
2.893467440222594	20.27608115296144	6.888476548607224
2.993467440222958	20.51008361811713	7.002629973173864
3.093467440221502	20.743311240673005	7.002148904581582
3.193467440221866	20.962591696431502	6.846794326227305
3.293467440220411	21.17179919839184	6.913673167494418
3.393467440222594	21.381781542952105	6.784147786840281
3.493467440222958	21.571617979916116	6.642255481404557
3.593467440221502	21.761454416880177	7.004617757105544
3.693467440221866	21.96058896504253	7.1756193596087625
3.79346744022223	22.14965055940677	7.002655402891377
3.893467440222594	22.32941404257266	6.995484149765015
3.993467440221139	22.508402683138804	7.033222617440762
4.093467440219683	22.681192582906093	7.1345273847585355
4.193467440221866	22.856307010472914	7.106755068532514
4.29346744022223	23.019798799041983	7.117772225541223
4.393467440222594	23.187164800610322	7.216957635775913
4.523467440219974	23.394822617370963	7.3512874443390235
4.653467440222812	23.6086791749305	7.399195632321608
4.793467440220411	23.822535732490042	7.272363319286698
4.92346744022143	24.017796067653066	7.395884530948679
5.053467440222448	24.212281560216212	7.336838952246574
5.193467440221866	24.408316737979106	7.570143119483847
5.323467440222885	24.603577073142134	7.4930107525637135
5.453467440222084	24.774042445109906	7.154104711508048
5.593467440219683	24.956905298675256	7.764444854704586
5.723467440222521	25.14596689303944	7.748426012151088
5.893467440222594	25.353624709800144	7.531992956691651
6.053467440222448	25.565156739560166	7.641494594514576
6.193467440221866	25.734072426328137	7.764211703204793
6.353467440221721	25.941730243088838	7.896455978460993
6.523467440221793	26.142414476450824	7.585112913826143
6.693467440221866	26.33612512641415	7.661277308917466
6.853467440221721	26.518987979979563	7.95332446631643
7.023467440221793	26.718122528141848	8.104180406753404
7.193467440221866	26.91028349290548	7.974905362802134
7.393467440222594	27.125689735664647	7.988712474189097
7.593467440221502	27.34109597842389	8.069146980866488
7.793467440220411	27.549528637784462	8.258388459225506
7.993467440222958	27.763385195344	8.29027498095724
8.193467440221866	27.96329458610611	8.251533007578297
8.393467440222594	28.164753662067966	8.23486281455846
8.593467440219683	28.354590099032034	8.118759572036456
8.79346744022223	28.541327165596652	8.381536171794014
9.023467440219974	28.76370699175459	8.508436829361976
9.253467440221357	28.97368933631487	8.560776746193905
9.493467440222958	29.196844005072563	8.645271345156447
9.723467440220702	29.40062760883399	8.819968389254695
9.953467440222084	29.612159638593972	8.532784952451294
10.19346744022187	29.8012212329582	8.406161647177443
10.45346744022208	30.02360105911604	8.844682631709926
10.72346744022252	30.24753057047368	8.840298032176754
10.99346744022296	30.466811026232172	9.030967457398328
11.25346744022136	30.680667583791642	9.014509133628215
11.52346744022179	30.88910024315223	8.770465426674503
11.79346744022223	31.089784476514218	8.784559142986986
12.0934674402215	31.31138946007228	9.157582295273631
12.39346744022259	31.541517712228714	9.097020322955471
12.69346744022187	31.74995037158922	8.96937805881432
12.99346744022114	31.963032086548896	8.866987724473411
13.29346744022223	32.157517579112096	8.85052969485412
13.62346744022216	32.38067224786985	9.448948413138174
13.95346744022027	32.612350185225964	9.467673551539123
14.29346744022223	32.83240548358429	9.61340861970958
14.62346744022216	33.05943436534131	9.73005965819259
14.99346744022296	33.293436830497065	9.39601223850365
15.35346744022172	33.51426697145521	9.597541768845968
15.7234674402207	33.746719751411256	9.403607992468125
16.09346744021968	33.95437756817195	9.471638888104252
16.49346744022296	34.19767814452586	10.022757161309277
16.89346744022259	34.43710450788052	9.95093215807728
17.29346744022223	34.66568307483725	9.992225790797592
17.69346744022187	34.895811326993666	10.08006922303857
18.12346744022216	35.1344628477485	10.071736462303706
18.55346744022245	35.37001499810393	10.312381127859956
18.99346744022114	35.61409041705773	10.425484271176051
19.45346744022208	35.85971552121123	10.200132719778543
19.92346744022143	36.09759219936618	10.257438178325618
20.39346744022259	36.3393430905204	10.53827613385677
20.89346744022259	36.59426630587218	10.650718070248708
21.39346744022259	36.84454046562474	10.74149376435211
21.89346744022259	37.091715254977984	10.604416550693585
22.42346744022143	37.338115201731284	10.850546104893732
22.95346744022027	37.599237157881845	10.928623392034828
23.49346744022114	37.84253773423581	10.602557149485422
24.05346744022245	38.09048736618888	11.053699404325345
24.62346744022216	38.35625837793857	11.398796642152313
25.19346744022187	38.61273127849004	11.160335771894209
25.79346744022041	38.86842933644164	11.118173045614816
26.39346744022259	39.12412739439316	11.51928089445298
27.02346744021997	39.39919651734116	11.475797442461799
27.65346744022281	39.653344890092995	11.289176320926387
28.29346744022223	39.911367475844166	11.475487548054996
28.95346744022027	40.17403911719447	11.617295582331394
29.62346744022216	40.438260443744404	11.848214396651606
30.32346744022289	40.71487925189204	11.918020538397759
31.02346744022179	40.9814251062416	12.013618864095132
31.75346744022136	41.26114328478862	11.842586653479474
32.49346744022114	41.52226524093924	11.85006285537889
33.25346744022136	41.80043373428655	12.079282562858918
34.02346744022179	42.070078959035506	12.286629915743623
34.82346744022289	42.359095248780804	12.559456922696143
35.65346744022099	42.64888638112593	12.449376530595547
36.49346744022296	42.933253615272065	12.085049091636508
37.35346744022172	43.202898840021035	12.197263050026237
38.2234674402207	43.488815759366894	12.863046224442174
39.12346744022216	43.788679845510096	12.861548636757478
40.05346744022245	44.08002066305496	12.820160469066863
40.99346744022296	44.37678537879879	12.98587321364245
41.95346744022208	44.67122556674306	12.94986004959259
42.92346744022143	44.96179154168806	12.954098985261194
43.92346744022143	45.25468204443262	13.0057572359353
44.95346744022208	45.55144676017645	12.847610080555382
45.99346744022114	45.835039151722725	12.97415062280551
47.0934674402215	46.143426506464365	13.440815005120227
48.19346744022187	46.45026417600623	13.645225807957669
49.32346744022289	46.76175090114731	13.667320812908063
50.49346744022114	47.07401246888814	13.700453371404718
51.69346744022187	47.39092309222818	13.732514297403187
52.89346744022259	47.69776076177006	14.027519578457133
54.12346744022216	48.02087012590894	14.0488908031443
55.39346744022259	48.33158200845007	14.109504144649462
56.69346744022187	48.660115270787905	14.477462497044357
58.02346744022179	48.98709884792599	14.187067785533277
59.39346744022259	49.30400947126604	14.091859969229365
60.79346744022223	49.62789367800466	14.38186320991966
62.2234674402207	49.956426940342524	14.407932446442285
63.69346744022187	50.2818608322809	14.664425095910614
65.19346744022187	50.62201673361649	14.976361608500977
66.7234674402207	50.959073264552664	14.5120760083235
68.29346744022223	51.2775335730924	14.49960527853165
69.8934674402226	51.61304041882886	15.019545056883153
71.5234674402218	51.95164663496479	15.035956328935798
73.19346744022187	52.286378638101404	15.093552130022964
74.8934674402226	52.62575969683717	14.883514451962876
76.62346744022216	52.94731937577628	15.145565369623895
78.3934674402226	53.29599854571027	15.634909721448768
80.2234674402207	53.64235318784469	15.33063143554983
82.09346744021968	53.98018456138071	15.425595523301608
83.99346744022296	54.32731404611499	15.981685275262494
85.95346744022027	54.68994038284635	15.584315447858003
87.95346744022208	55.02079817298371	15.506649530129373
89.99346744022296	55.37722576891623	16.069714990442122
92.0934674402215	55.73365336484881	16.033130251995956
94.22346744022252	56.086981590381896	15.935666355154662
96.42346744022143	56.43876013071527	16.33735319720742
98.653467440221	56.809134893445155	16.324959609717492
100.9534674402203	57.159363748578876	16.336249956761705
103.2934674402222	57.53051335390857	16.759751558327675
105.6934674402219	57.89778874623907	16.492448459572827
108.1534674402228	58.25809055517087	16.868316342194007
110.653467440221	58.639313114298744	16.897162071555805
113.2234674402207	58.99961492323049	16.938729708409646
115.8534674402217	59.383936852757735	17.644965756986164
118.5534674402225	59.776007208283545	17.060799836848876
121.2934674402222	60.132434804216	16.790094124564085
124.0934674402197	60.508233465144855	17.434105941759203
126.9934674402211	60.89642960767137	17.471241157017463
129.9234674402214	61.273003111200076	17.503634665904436
132.9234674402214	61.657325040727315	17.84870281235395
135.9934674402211	62.04862055365325	17.59735496965184
139.153467440221	62.423644371982235	17.54030788027412
142.3934674402226	62.814939884908135	17.881513811517987
145.6934674402219	63.20313602743469	17.69584332695232
149.0534674402225	63.58203405876292	17.82148643640386
152.4934674402211	63.97332957168884	18.431455778021746
156.02346744022	64.379347094012	18.288446753957817
159.6234674402222	64.7636690235393	17.918863916465032
163.3234674402229	65.15341485126551	18.491880566620562
167.0934674402215	65.5617569013882	18.826838313714013
170.9534674402221	65.96390021071204	18.467121164807075
174.9234674402214	66.35829509403742	18.544677554767937
178.993467440223	66.7658623015602	18.947943591970976
183.1234674402222	67.17420435168292	18.944589372728025
187.3534674402217	67.57789734620644	19.10763433733915
191.6934674402219	67.9939878223277	19.48597294942247
196.1234674402222	68.41317766884839	19.57084224420274
200.653467440221	68.83081783016928	19.53171294451972
205.2934674402222	69.24768314889037	19.534432626385687
210.0534674402225	69.66609815281116	19.2410433549179
214.9234674402214	70.07056598993456	19.290050893032056
219.8934674402226	70.48898099385536	20.14286791125407
224.993467440223	70.92909159057206	20.463169275598414
230.1934674402219	71.35990407609049	20.286135914687943
235.52346744022	71.79071656160892	20.352420076449846
240.9934674402211	72.22540326012667	20.542228753984688
246.5534674402225	72.66163964384407	20.778222391501046
252.2534674402214	73.10329992576041	21.116713623258914
258.0934674402215	73.55425831887507	20.841116374391312
264.0534674402225	73.98274627659391	21.002864050385718
270.1534674402228	74.43835372530768	21.690311951233873
276.3934674402226	74.89473601662131	21.417432715248882
282.7934674402222	75.33872082633722	20.782757530463755
289.3234674402229	75.76720878405614	21.032032952607953
296.0234674402218	76.22049170497034	21.941662373110876
302.8534674402217	76.68539726488227	22.15799774410578
309.8534674402217	77.14565376919512	21.859916319637996
317.0234674402218	77.59816184750954	21.887703408444203
324.3534674402217	78.05841835182241	21.889121345644575
331.8534674402217	78.50937674493689	22.2620045407027
339.5234674402218	78.98358041604719	22.84637394862813
347.3534674402217	79.45623440195777	22.67720128592057
355.3934674402226	79.92268964706942	22.650096133974746
363.5934674402215	80.39301910518041	23.005972357776727
371.993467440223	80.87187183188976	22.962586345179872
380.5934674402197	81.33987676220119	23.140801145378123
389.3934674402226	81.82492822970934	23.405903803211466
398.3934674402226	82.30223127121899	23.667594563068892
407.5934674402197	82.7958060073255	23.977031805988894
416.993467440223	83.28318200263323	23.770121383852977
426.6234674402222	83.76668378494169	23.602452348244753
436.493467440223	84.2470861968508	23.9056146057272
446.5934674402197	84.742210618157	24.05842434819936
456.8934674402226	85.22571240046548	24.30645093179243
467.4534674402221	85.72858524777033	24.921823055730282
478.2534674402195	86.23610715067426	25.077918592238934
489.2934674402204	86.74285421097827	24.62938096909747
500.5934674402197	87.23023020628601	24.807403463742574
512.1534674402228	87.74240116478902	25.01367612062222
523.993467440223	88.23675074349546	24.502810807853056
536.0934674402215	88.72645126660274	25.337253523956388
548.4934674402211	89.25256939190315	26.05061771937132
561.1534674402228	89.76861456340546	25.31714003804144
574.1234674402222	90.26296414211185	25.391933009139944
587.3934674402226	90.78055899881392	26.41517690596677
600.9534674402221	91.31287586491311	26.76191338496061
614.8234674402229	91.84131851801308	26.46000220612968
629.0234674402218	92.35968821731487	26.46799981619595
643.5534674402224	92.88658118521509	27.130318528858783
658.4234674402214	93.42897100511253	27.29592758520915
673.6234674402222	93.95973818601195	27.13699548133456
689.1934674402219	94.49360473731096	27.32728177198569
705.0934674402215	95.02902097380961	27.421857554693208
721.3534674402217	95.56288752510854	27.628320941930706
737.993467440223	96.10372765980608	27.985001914363334
755.0234674402218	96.64921685010287	28.342958878830263
772.4534674402221	97.2016796237983	28.581682951572432
790.2934674402222	97.75414239749365	28.563990192546953
808.52346744022	98.3027309581897	28.437931495141587
827.1934674402219	98.8474453058867	28.70092308196725
846.2934674402204	99.40378229258133	29.12922388711794
865.8234674402229	99.96166896447575	29.12091047494516
885.7934674402222	100.51413173817112	29.147721191747905
906.2234674402225	101.06969388226605	29.351936873914827
927.1234674402222	101.62680571156044	29.73049624381072
948.5234674402218	102.19399049465308	30.147503797828062
970.4234674402214	102.76427464814513	29.779342314887995
992.8234674402229	103.31441289404114	29.511820339617117
1015.723467440223	103.87074988073579	30.107443920604222
1039.153467440221	104.43948434902795	30.299977439484678
1063.123467440222	104.99969554872196	30.955068018498913
1087.653467440223	105.58935076721045	31.18702751651331
1112.75346744022	106.15498586510331	30.450775325446497
1138.423467440221	106.71364737959753	30.93094385579646
1164.693467440222	107.29322964428772	31.478209979366472
1191.553467440222	107.86816285337889	31.474811579298763
1219.053467440222	108.44387090507003	31.20359988111675
1247.193467440222	109.00563178996352	31.09059310530903
1275.953467440222	109.57281657305613	31.54802372189956
1305.393467440223	110.14697493954759	32.22547998915868
1335.523467440222	110.73508047283623	32.28055107693693
1366.323467440223	111.3069143115279	32.05700704275428
1397.853467440222	111.88262236321887	32.23885088448363
1430.093467440222	112.45678072971015	32.53571986511629
1463.093467440222	113.03868752219998	32.95829416243027
1496.853467440222	113.62369368508928	33.43811527789028
1531.393467440223	114.21799795917683	33.415028432728676
1566.723467440221	114.79758022386719	32.87226700968314
1602.853467440222	115.36786437735906	33.011190759044645
1639.823467440223	115.94744664204946	33.36269722579438
1677.653467440223	116.52547922153995	33.365108079574895