0.008970000000772416	0.25307969777321826	0.20503636623779276
0.01794000000154483	0.47463241576595455	0.43422810077070867
0.02691000000231725	0.6778777114397143	0.5935212202119339
0.03588000000308966	0.8674555309760488	0.7384800679161868
0.04485000000386208	1.0460041308269779	0.8707309925337149
0.05382000000463449	1.2152737209742976	0.9921609494653895
0.06279000000540691	1.376527404487742	1.1043134389210412
0.07176000000617933	1.530727250689617	1.2084165332512402
0.08073000000695174	1.6786338913416676	1.3055211542991174
0.09058054982415342	1.8345425352651052	1.4050230286713252
0.1016330485035724	2.0021579232150324	1.5087199389785466
0.1140341559876106	2.181944794512787	1.6162712759567495
0.1279484274382412	2.374326137401054	1.7272756422484736
0.1435604967846302	2.579674301340468	1.8412520195207989
0.1610775267017743	2.7983015559954567	1.9576416475357874
0.1807319575327711	3.030451636594035	2.0758111572611915
0.2027845916345541	3.2762910247815724	2.1950598250474105
0.2275280540616222	3.535902164650466	2.3146284976397413
0.2552906755281583	3.8092767990443037	2.4337126969767304
0.2864408491532231	4.096312203483475	2.5514774312558237
0.3213919188165164	4.396807933191792	2.6670753867384898
0.3606076639753155	4.710466246279892	2.779666322394196
0.4046084537421848	5.036893317043672	2.8884380864503365
0.453978151865158	5.37560449900368	2.9926277935510535
0.5093718642419844	5.726030415036478	3.091542103006605
0.571524631781358	6.087526890613026	3.1845763163895855
0.6412611839459714	6.459385442417629	3.271229827962569
0.719506882414862	6.840846770616082	3.351119191353472
0.8073000000658794	7.231114257958358	3.4239853153020814
0.9058054982324393	7.629369121161054	3.489697691846062
1.01633048502481	8.03478488627883	3.5482517414309016
1.140341559867011	8.44654193200809	3.59976352380041
1.279484274378774	8.86384075109845	3.6444580877712496
1.435604967842664	9.285913815528328	3.6826563773554537
1.610775267006829	9.712035828235324	3.71475763122165
1.807319575314978	10.141531541568263	3.7412219699767504
2.027845916323713	10.57378200650725	3.762551020426644
2.275280540596214	11.008227937396818	3.7792702263736393
2.552906755263393	11.444371897011393	3.7919116296500133
2.864408491517679	11.881777706377722	3.800999234043778
3.213919188141517	12.320069271243453	3.8070365507731903
3.606076639729508	12.758927136919976	3.8104968393417304
4.046084537403658	13.198085082408161	3.811816280735166
4.53978151863339	13.63732511990504	3.8113893105318395
5.093718642405293	14.076473033471512	3.8095667960442716
5.715246317800848	14.515392980371999	3.806655508979825
6.412611839454257	14.95398293301136	3.802919842262862
7.195068824143164	15.392169703368122	3.7985839542797106
8.073000000660613	15.829904910140845	3.7938354002019783
9.058054982320755	16.26716087444706	3.788828529968841
10.16330485024628	16.70392740853342	3.7836886962259926
11.40341559867375	17.140208723406904	3.778515856303648
12.79484274378592	17.57602109384235	3.773388502992562
14.35604967841937	18.011390721463048	3.768366860918771
16.10775267006284	18.44635218902438	3.763496126045092
18.0731957531425	18.8809471247176	3.7588090127629754
20.27845916323713	19.31522329906065	3.7543282101499442
22.75280540596032	19.74923391016352	3.7500682624405077
25.52906755262848	20.183037166292813	3.746037322674901
28.64408491517133	20.6166960226988	3.742238473186509
32.13919188141517	21.050278108376713	3.738670917117015
36.06076639730054	21.483855766989603	3.7353308684864355
40.46084537404386	21.917506204632144	3.732212337869273
45.39781518633572	22.35131171085565	3.7293077125926004
50.93718642405838	22.78535991864726	3.7266082578422655
57.15246317801211	23.219744095350716	3.7241044874400995
64.12611839454257	23.654563414170255	3.721786474792373
71.95068824142982	24.089923210250355	3.719644086894237
80.73000000661159	24.525935161674482	3.7176671623104727
90.58054982321664	24.962717398382274	3.715845654510227
101.6330485024682	25.4003944768925	3.714169736891937
114.0341559867356	25.839097214533354	3.712629877237971
127.9484274378665	26.278962312288694	3.71121690578411
143.560496784201	26.720131753952256	3.7099220416924417
161.077526700632	27.162751888417745	3.7087369161141286
180.7319575314268	27.606972177529464	3.7076535823490993
202.7845916323804	28.05294349848436	3.7066170425761795