0.003332008215934934	899.3239997764643	2454.9265545415137
0.006109785944559576	2779.682701914311	3975.2764662033815
0.008887563673184218	4517.008712891647	5110.815487345547
0.01166534157643184	5947.724883185419	6168.417352734903
0.01444311930505648	7276.263764708319	7217.930086660937
0.01722089703368113	8523.01396927534	8312.818619127373
0.01999867493692875	9831.125200700608	9078.547279546654
0.02277645266555339	11108.555918696764	9801.233662495402
0.02555423039417804	12130.48485734172	10538.853271846658
0.02833200812280268	13305.73828656697	10921.943275004442
0.0311097860260503	14603.596654660836	11387.160992981462
0.03388756375467494	15553.989881875728	11821.809210430352
0.03666534148329959	16494.208220130156	12076.495462443809
0.03944311938654721	17393.4931816239	12359.144747423014
0.04222089711517185	18231.495295019162	12576.754126575657
0.04499867484379649	19181.927356128013	12775.733909105418
0.04777645257242114	19764.42769017212	13151.28831526451
0.05055423047566876	20622.857453665045	13026.849828599436
0.0533320082042934	21225.78533561229	13330.59866870334
0.05610978593291804	21920.715821758837	13427.185616094652
0.05888756383616567	22615.64620571084	13112.915895280788
0.06166534156479031	23187.932714706145	13744.838863448991