0.01000000000021828	0.35429233791511244	0.21404805673571195
0.02000000000043656	0.5110269247422808	0.23819318112317134
0.03000000000065484	0.6104690314861987	0.25549163686642057
0.04000000000087312	0.6860584672598498	0.2735276319625469
0.05000000000109139	0.7489586889720703	0.29264484347644204
0.06000000000130967	0.8039168053898186	0.3118034451779727
0.07000000000152795	0.853332179681722	0.3306418809342235
0.08000000000174623	0.8986480722918861	0.34904476837239523
0.09000000000196451	0.9407644879262175	0.3681265879700623
0.1009816608893743	0.9843329651661075	0.38672095760984054
0.1133032870638999	1.0298091498952693	0.40260111531769516
0.1271283790183588	1.077033979146962	0.42693570753463456
0.1426403873238087	1.1281131568103124	0.45282287647735536
0.1600451469057589	1.1812984321814723	0.4733578019341541
0.1795736083495285	1.2371056273171446	0.49992882979156333
0.2014849024735668	1.296408700682011	0.5289674050838569
0.2260697788387915	1.358901789927612	0.5580944914576659
0.2536544638169289	1.4249110555412818	0.5895757321022358
0.2846049894187672	1.4946522917520413	0.6229961808212493
0.3193320503141877	1.5683560967604788	0.6584591026108343
0.3582964535025894	1.6462620187121992	0.6960339543232574
0.4020152329412667	1.7286166210767673	0.7357708217210581
0.4510685102704883	1.8156709521466163	0.777695742767828
0.506107192678428	1.9076775329010662	0.8218072734806329
0.5678616100403815	2.004887035017539	0.8680757719189649
0.6371512059549786	2.1075451030223835	0.9164447501856805
0.7148954112626598	2.2158893426562782	0.9668349746895851
0.802125844332295	2.330147086007566	1.0191504186004037
0.9000000000132786	2.450533749161134	1.0732857596509913
1.009816608886467	2.5772523221761037	1.1291349015490189
1.133032870630814	2.7104936869621246	1.1865950703521877
1.271283790178131	2.850437048364365	1.2455901620396441
1.426403873234449	2.9972556247212676	1.3060573996801166
1.600451469056679	3.151114004224352	1.3679543687932156
1.795736083496195	3.3121754513460226	1.4312821650041476
2.014849024738396	3.4806045880157397	1.4960575503572944
2.260697788388825	3.6565682847691585	1.5626178631395695
2.536544638172018	3.8403085220043884	1.630498316750397
2.846049894189491	4.031884846189527	1.700013732050647
3.193320503144605	4.2316112993081525	1.7690860683157796
3.582964535029532	4.43906871841507	1.8425127729930546
4.020152329412667	4.655674725971109	1.9208232781630958
4.510685102705793	4.8811314741810365	2.015423170750177
5.061071926780642	5.119480134651367	2.067492813032777
5.678616100397449	5.356887710587606	2.131466821105132
6.371512059542511	5.609918332956645	2.2784215688744855
7.148954112613865	5.8810935773637825	2.373675580188136
8.021258443311126	6.155987892605372	2.424706285812242
9.000000000120963	6.4388414449963305	2.530090910415005
10.09816608885376	6.737904647085224	2.6484727536665775
11.33032870629995	7.047902740412508	2.7524642195293016
12.71283790177586	7.370782528874085	2.8674974503688078
14.26403873234176	7.707116086199822	2.9879471598122453
16.00451469056588	8.057552663373205	3.1142002253879038
17.95736083496195	8.422748943792595	3.2462584341254854
20.14849024738669	8.803349529061947	3.3839376793305838
22.60697788389098	9.19996294212819	3.5268420795080226
25.365446381722	9.613136109084092	3.674346989151474
28.46049894189946	10.04332641753871	3.8256009057102096
31.93320503145242	10.490876608919196	3.9795401941252635
35.82964535029805	10.955990209885897	4.134920825301613
40.20152329412849	11.438713714737407	4.290360040161134
45.10685102706248	11.938921599549897	4.444385928216552
50.61071926781369	12.456309904234976	4.595489866209503
56.78616100398267	12.990393308019895	4.742175806135422
63.71512059543147	13.540510041395999	4.883005558472557
71.48954112614956	14.105829372597535	5.016632845112255
80.21258443311854	14.685364346412493	5.141829741432488
90.00000000121327	15.277985356066145	5.257499070826631
100.9816608885376	15.882435752835429	5.362679029694325
113.3032870630022	16.497346529655168	5.456535189913449
127.1283790177613	17.121250187662714	5.538347590132272
142.6403873234231	17.75259260695075	5.607492512137151
160.0451469056607	18.389742959547995	5.663420352655
179.5736083496204	19.031000840857246	5.705632779169399
201.4849024738669	19.674601410611196	5.733635481175999
226.0697788389098	20.318712459139384	5.746871370191868
253.65446381722	20.961425404543096	5.744714078042397
284.604989418991	21.60075213006524	5.726618859041482
319.3320503145224	22.234651019399873	5.692029407649958
358.2964535029769	22.861004700217716	5.63989563339585
402.0152329412849	23.477541902650724	5.566557390592221
446.0152329412849	24.023361266976544	5.481200310113198
490.0152329412849	24.50772996322852	5.394723623971194
534.0152329412849	24.940814169757388	5.302607836363856
578.0152329412849	25.33047833219169	5.206030804119153
622.0152329412849	25.68292738094359	5.105928714495683
666.0152329412849	26.003141035360606	5.002982748180597
710.0152329412849	26.29517740304913	4.897706473091997
754.0152329412849	26.562386895887435	4.793277362379987
798.0152329412849	26.807567516928863	4.698634121849951