5.555558527703397e-05	0.06459453423140116	0.3409619707713694
0.008388888945773942	1.7752942251179529	1.1146098931908774
0.01672222248089383	2.617556289115651	1.243754134017562
0.02505555584139074	3.1258688330019635	1.219325205862511
0.03338888902726467	3.4682620830782316	1.304172677226528
0.04172222256238456	3.7781469727896684	1.4848953289286788
0.05005555592288147	4.0614341131117015	1.6408954444667467
0.05838888893413241	4.3248784880162425	1.7764154159725876
0.0667222224692523	4.568902284001537	1.9133932611773907
0.07505555582974921	4.798993925544778	2.0218381783187973
0.08338888919024612	5.021064023621359	2.144535886180802
0.09172222237612004	5.225824475269911	2.249360719408586
0.100055555736617	5.427629621430765	2.3539545328645683
0.1083888890971139	5.619302291633747	2.4422693547029284
0.1167222222829878	5.802953418370099	2.540487309427185
0.1250555556434847	5.981538307127493	2.618193472187597
0.1333888891786046	6.152523838916508	2.702230553649043
0.1417222225391015	6.3159100137371125	2.764923105099979
0.1500555557249754	6.4792961885577185	2.8385614431286292
0.1583888892600953	6.633816446915182	2.897104646768383
0.1667222224459692	6.78707014577792	2.9632144870714554
0.1750555556318432	6.927658249693334	3.018693991194127
0.1833888891669631	7.072046032092943	3.0715875788387312
0.19172222252746	7.20883445752415	3.1262521959251424
0.2000555558879569	7.3418232044711464	3.1569243078416886
0.2083888890738308	7.47438976491991	3.194958250279652
0.2167222224343277	7.598512595403776	3.2600504968876614
0.2250555557948246	7.72516854487711	3.281979818696847
0.2333888889806985	7.844647323880305	3.3265286043526965
0.2417222223411955	7.965814848876456	3.361377247403936
0.2500555558763153	8.072628032932313	3.3843833649495654
0.2583888892368123	8.184929641465338	3.4195430656341435
0.2667222222480632	8.298919995991334	3.4539407874021393
0.2750555557831831	8.401511315064733	3.473667670247595
0.28338888914368	8.507902312622342	3.4984377938251194
0.2917222223295539	8.611760191190482	3.519930566174848
0.3000555558646738	8.711396204776165	3.529201353517657
0.3083888892251707	8.803432861393471	3.566806603429552
0.3167222225856676	8.903068874979153	3.5784043330125064
0.3250555557715416	8.995949904592944	3.5912218310533235
0.3333888891320385	9.088408747708474	3.603710560483704
0.3417222224925354	9.179178844831043	3.6384018964543716
0.3500555556784093	9.266571449967639	3.6484684364124904
0.3583888890389062	9.351430936114768	3.6582487808977744
0.3667222225740261	9.434179489770692	3.6724277790143174
0.3833888889457739	9.597987851089542	3.7295942770614734
0.4000555558413907	9.752085922948774	3.75910743208898
0.4167222225623846	9.906606181306238	3.7928531440760302
0.4333888889341324	10.05774894767775	3.846285094675826
0.4500555558297492	10.200447984084379	3.894698168666339
0.46672222237612	10.342724833992767	3.961397972794264
0.4833888890971139	10.48162419191519	4.010365411007176
0.5000555556434847	10.618412617346397	4.056814684121126
0.5167222225391015	10.748023872307435	4.082327303141692
0.5333888892600953	10.884390111240394	4.125024738467411
0.5500555556318432	11.01146824721198	4.150899000832447
0.56672222252746	11.1406573156748	4.1613774004629125
0.5833888890738308	11.266046705653391	4.151932830672994
0.6000555557948246	11.388058603646053	4.112663923148098
0.6167222223411954	11.502893331168549	4.036584624682253
0.6333888892368122	11.611395261217364	3.9256204802943877
0.6500555557831831	11.726229988739853	3.7489914813058465
0.6667222223295539	11.838531597272876	3.6183017771225474
0.6833888892251707	11.937323237862081	3.5233444338105175
0.7000555557715415	12.035270505454807	3.3957760562729757
0.7167222224925354	12.122663110591402	3.31362141834343
0.7333888890389062	12.197812307278918	3.2029901027029912
0.7583888889457739	12.29998143985407	3.0264524144642304
0.7833888890272647	12.3751306365416	2.875674716365301
0.8083888889341324	12.43676986528528	2.8173926007556536
0.8333888891902461	12.498409094028984	2.7371813317918163
0.8583888890971139	12.562159255263888	2.63226577782977
0.8833888891786046	12.634775332961945	2.7345870533638803
0.9083888892600953	12.692614883221438	2.8700389549453456
0.933388889166963	12.75509848496161	2.917989550713449
0.9583888890738308	12.817159900203544	3.0591466201020805
0.9833888889806985	12.890198164399829	3.21922487074222
1.008388889236812	12.959858936610171	3.2975601777675223
1.03338888914368	13.0409187442731	3.371513234770327
1.058388889225171	13.123245111430775	3.450479333174858
1.083388889132039	13.249056687907625	3.4772752570570655
1.108388889038906	13.338138039037212	3.5342605612457874
1.141722222480894	13.484214567429794	3.694156126140331
1.175055555922882	13.618469873871534	3.7626028932996474
1.208388889190246	13.730771482404558	3.8395140029466117
1.241722222282988	13.827874377000764	3.6906381881802344
1.275055555724975	13.92286633910579	3.6413299139890776
1.308388889166963	14.01954704720376	3.2705212965871677
1.341722222434328	14.096384989884243	2.689832831089194
1.375055555876315	14.187999460003295	2.2168512844158155
1.40838888914368	14.274969878641663	1.8111336616124172
1.441722222585668	14.35223000782041	1.8188671057711223
1.475055555678409	14.436667307469301	1.7323710487360058
1.516722222480894	14.541791745532164	1.9163001137553504
1.558388888934132	14.5460136105146	2.6461950181454887
1.600055555736617	14.49408467123054	2.6842267906703543
1.641722222539102	14.39613740363783	2.979356588536921
1.683388889166963	14.308322612002975	3.5084445285988384
1.725055555794825	14.258504605210128	4.2069461635557355
1.766722222248063	14.364051229771245	5.05133307723402
1.808388889225171	14.448488529420139	5.548046581465137
1.858388889038906	14.630450910163484	6.048200221646506
1.908388889027265	14.987198501180064	6.864096592334902
1.958388889190246	15.1016110422043	7.651182315114833
2.008388889178605	15.296239017895005	8.593885471812
2.058388889166963	15.594724872153842	9.54795169910616
2.108388888980699	15.951894649668663	10.298729683135758
2.15838888914368	16.32595188711325	10.349736134657302
2.208388889132039	16.710985973512184	10.611163066353164
2.266722222480894	17.073221989005926	10.938103115871087
2.325055555829749	17.367908164780573	11.11895097976641
2.383388889178605	17.651195305102597	10.846835436070045
2.44172222252746	17.9028184580563	11.160862326329045
2.500055555876315	18.154863797508238	11.375621564122936
2.558388889225171	18.406064763963702	11.32373759391039
2.625055555585277	18.64797762745777	10.93953656025285
2.691722222469252	18.849782773618614	10.75873138989521
2.758388889178605	19.08494065314079	10.438207181259518
2.825055555887957	19.328964449126072	10.221592357474485
2.891722222248063	19.552723293195648	10.183980072652457
2.966722222492535	19.773526831777502	10.137395144240442
3.041722222562385	20.011217830289134	10.159064748001237
3.116722222282988	20.28268374866031	10.172778806058346
3.19172222252746	20.54190625858242	10.164828249835882
3.266722222248063	20.73568986127663	10.248815450647378
3.350055555678409	21.05064098896699	10.281465144592948
3.433388888934132	21.311130058383817	10.257706695111768
3.516722222539102	21.554731667870865	10.309331239747596
3.600055555794825	21.81268761829823	10.26129724938471
3.683388889225171	22.05375610879582	10.472757237034994
3.775055555841391	22.31677829720212	10.508043066409561
3.866722222282988	22.577689553117207	10.568539428719404
3.958388889073831	22.828046146576153	10.628670570915927
4.050055555864674	23.077980553536882	10.755285833241375
4.150055555841391	23.2899181756556	10.557885450982319
4.250055555643485	23.50903296824447	10.39011624512882
4.350055555794825	23.767833291668335	10.58518260728933
4.458388889132039	23.986103711260732	10.593422506599932
4.566722222469252	24.28078988703534	10.655785015675061
4.675055555631843	24.518058699048737	10.664875810697607
4.78338888914368	24.79965709337779	10.648110084236835
4.900055555841391	25.087166098682257	10.70388945715839
5.016722222539102	25.338367065137724	10.71530582350388
5.133388889236812	25.544816262779253	10.811456943944647
5.258388888945774	25.728467389515597	10.802965472419922
5.383388889178605	26.04975131467962	10.716084134935713
5.508388889236812	26.30390758662279	10.712277200284632
5.641722222480894	26.582128488965882	10.596074547700537
5.775055555724975	26.835862574410825	10.49315464200353
5.90838888914368	27.07819762440315	9.952162050543432
6.050055555922882	27.354729780753246	9.429159985680363
6.19172222252746	27.611419171685878	9.019365893698081
6.341722222492535	27.859242646155376	8.755687208263366
6.491722222282988	28.06864714928463	8.650961466253326
6.641722222248063	28.287761941873526	8.247580658072424
6.800055555922882	28.493366766518577	8.033756011166652
6.958388889073831	28.728946832538973	7.803132334860449
7.125055555585277	28.925263554222646	7.57592136062143
7.291722222445969	28.981836544987406	7.336425104714223
7.466722222492535	29.045586706222323	7.04856168265284
7.641722222539102	29.12031371641157	6.840504264775998
7.825055555771542	29.22754908696569	6.653778224167206
8.008388889178605	29.35758252842498	6.523910920043616
8.200055555771542	29.503659056817565	6.381107093110467
8.391722222539101	29.67422240210831	6.286819082438789
8.591722222492535	29.84563012039557	6.096642970460685
8.79172222244597	30.006060989728454	6.023114910101497
9.000055555585277	30.15213751812106	6.286625983196505
9.20838888907383	30.303702470990807	6.541822757281407
9.425055555922881	30.472577070288594	6.7808888911630305
9.650055555783183	30.638918550596912	6.908391171961177
9.875055555643485	30.791327876463168	6.997267589130361
10.10838888903891	30.9521809322943	7.038836649169879
10.34172222243433	31.11345617462368	7.037665903481411
10.58338888919025	31.26797643298114	7.014453095573304
10.83338888913204	31.4326291672965	7.019693590107965
11.08338888907383	31.596015342117077	6.985968052508161
11.34172222237612	31.763201195421885	6.82137917707357
11.60838888903891	31.93798640569512	6.587512382457748
11.88338888923681	32.09630634253679	6.2516757135855014
12.1583888892601	32.260959076852124	6.174385552391826
12.44172222246925	32.419701200192044	6.624326032582452
12.73338888903891	32.58984235898455	6.982739616002956
13.03338888914368	32.749428855320964	7.018211286498395
13.34172222243433	32.9140815896363	6.803981750449686
13.65005555572498	33.04200409860438	6.578852745854257
13.96672222237612	33.125597025256766	6.22128405031404
14.29172222256239	33.1961021704636	5.826185705188062
14.62505555558528	33.22058898736178	5.549632187348262
14.96672222249254	33.34048995286321	5.386921932417017
15.31672222258567	33.684149762434195	5.232328774015884
15.67505555586467	33.994879025142104	5.05681802182256
16.04172222232955	34.16375362443989	4.691510693669646
16.41672222232955	34.23848063462915	4.429634872114862
16.80005555586467	34.31025233933072	4.252719762847968
17.19172222258567	34.329250731751735	4.224478480429966
17.59172222249254	34.338961021211354	4.21403646735694
18.00005555558528	34.37991311154108	4.328682485601464
18.41672222256239	34.47701600613728	4.11754971424074
18.84172222237612	34.57285234123879	3.4845158035347468
19.2833888892601	34.67206616832623	2.8334323725418384
19.7333888889807	34.6805098982911	2.56484325745719
20.19172222258567	34.73454977006639	2.5897700783087756
20.65838888902727	34.791122760831186	2.59679221574532
21.1417222225391	34.86289446553271	2.6470687111828615
21.63338888923681	34.92791118626236	2.788336021783207
22.13338888894577	34.99799414497096	2.873140072566033
22.65005555572498	35.03008031883751	2.8805209050053406
23.17505555586467	35.11156231299871	2.749005920344798
23.71672222237612	35.1550475223179	2.5963748577713988
24.26672222224806	35.212464886079154	2.6795132024024375
24.83338888919025	35.29690218572802	2.664297726863362
25.40838888914368	35.370784822920825	2.663102420145389
26.00005555564349	35.41004816725755	2.5377191718965193
26.60005555567841	35.47675363398015	2.490068528151847
27.21672222243433	35.5519028306677	2.4016199817104638
27.85005555573662	35.65153884425337	2.394525928008761
28.50005555558528	35.694179680576056	2.335121065576703
29.15838888914368	35.72964334642859	2.1729959769981995
29.83338888907383	35.771439809754796	2.1869119491963147
30.52505555572498	35.81914688405645	2.2642581274210443
31.23338888909711	35.875297688322945	2.408347400999947
31.95838888919025	35.89514045374042	2.4595231040098264
32.70005555582975	35.9403144090526	1.9820697324995036
33.45838888919025	35.97451151541038	1.6561650730956865
34.23338888909711	36.00364238378924	1.34948384135943
35.02505555572498	36.06063756105226	1.4548404193185167
35.83338888907383	36.03741730364881	1.738046078212542
36.66672222232955	36.09990090538899	1.7736974823703955
37.51672222248089	36.21431344641323	1.4684843570802222
38.38338888917861	36.34561344736726	0.620409727015185
39.27505555578318	36.404719557121474	0.47727674474929094
40.18338888893413	36.27890798064466	0.41636984045228964
41.1167222223412	36.222334989879876	0.46607126527132386
42.06672222246925	36.19742598648346	0.3073133644040887
43.04172222232955	36.28186328613234	0.2651730145563252
44.04172222244597	36.430472933514416	0.43733898957515505
45.05838888893413	36.486201551282655	0.4706844565390087
46.10005555567841	36.41189672759164	0.33499380028131726
59.29172222256239	36.29832855956389	0.032251917475434634
62.06672222252746	36.16787293160635	0.09037748433689749
63.50005555564349	36.1666063721116	0.07066601124094414
64.96672222237612	36.11889929780998	0.1441795578674555
66.46672222237612	35.72204398946019	0.1996447816613268
68.00005555564348	35.90189543771232	0.13935827990789315
69.57505555588796	36.21473563291149	0.29917779403179956
76.23338888909711	36.0885018699364	0.21095610781617538
83.51672222224806	36.24682180677808	0.7251459590225748
85.45005555577154	36.25062148526227	0.7987282638140482
87.42505555592288	36.28777389710777	0.30659841010025374
91.50838888894577	36.20375878395712	0.23556891956761233
93.62505555587632	36.2776414211499	0.5230895790734268
95.79172222244597	36.35279061783741	0.6203295249540307
98.0083888891786	36.02559608169797	0.4464635042610274
100.275055555725	35.966912158441986	0.32394511005965976
102.5917222224343	35.92173820312984	0.2869271904767859
104.958388889132	36.044594474118966	0.10845120836437132
107.3833888891786	36.25231023125523	0.03590027227468047
112.4083888891437	36.387409910693485	0.04638296207206288
123.166722222446	36.33759190390064	0.2255630954116538
126.0083888889458	36.325770681949784	0.31038373167937283
128.9167222223296	36.3050835435358	0.3412004181610311
131.8917222222481	36.28692952411127	0.003984856174396755
198.916722222446	35.86854270435103	0.0068028923257871295
208.2083888891903	35.977466820898115	0.08452709526205704
213.0167222224809	35.854610549908934	0.1698497174182723
217.9333888889341	35.8284349870178	0.18919162221084912
222.9667222224343	35.82294656254061	0.265567853921474
228.1083888890971	35.8351899709897	0.3326511869969112
233.3750555556435	35.80268161062489	0.3777367062764745
238.7583888892368	35.95424656349465	0.4154701692374065
244.2667222225391	36.102011837880205	0.481221922164919
249.900055555725	36.09905653239249	0.4333933046154969
255.6667222223296	36.050082898596145	0.39848086344501554
261.5667222225275	36.05852662856103	0.32096776306297986
273.7750555558414	36.07499190199255	0.24039643624483775
280.0917222224925	36.044594474118966	0.4579041309160092
286.5583888889341	36.06612598552941	0.2243268692504023
306.8500555557366	36.06528161253296	0.6181157050515684