0.002777777728624642	0.8060307665996026	0.8951856374739238
0.005555555631872267	1.315553535392963	0.5750186965960765
0.008333333185873926	1.5107278732990963	0.5466080280853757
0.01111111108912155	1.6812824135534612	0.4922401343300834
0.01388888899236918	1.7736958569130508	0.37796398775995754
0.01666666672099382	1.8372077986814166	0.3364708186982812
0.01944444444961846	1.8875178199698348	0.359139627631649
0.0222222221782431	1.9392550759047293	0.44239784579045627
0.02500000008149073	1.997058079087164	0.5052823419183692
0.02777777763549238	2.051649804315037	0.5155265476104329
0.03055555571336299	2.1023166342650783	0.5274422555091978
0.03333333344198763	2.1447768649978447	0.5702513465054269
0.03611111099598929	2.1908051823468346	0.5856325239401825
0.03888888889923692	2.240401586312023	0.6460267906993625
0.04166666662786156	2.281434582398327	0.6864635791119715
0.04444444453110918	2.3296037517170243	0.69633817240962
0.04722222208511084	2.373134408434671	0.7440775895370961
0.04999999998835847	2.414524213182584	0.7571327602152738
0.05277777789160609	2.45698444391535	0.8039145492939226
0.05555555562023073	2.4976606313400453	0.8484999408331445
0.05833333334885538	2.541904905380938	0.8859417681299642
0.06111111107748002	2.586149179421802	0.9042382842027135
0.06388888898072764	2.6271821755081066	0.9496501300474597
0.0666666665347293	2.666787936947921	0.9553477867784779
0.06944444461259991	2.704252846418028	0.961902333715955
0.07222222234122455	2.745999459827563	0.9702110725808643
0.07499999989522621	2.78132351732795	0.9958202400799637
0.07777777779847383	2.8170043834899445	1.0418854580967725
0.08055555552709848	2.8519716323287088	1.0374023108008001
0.0833333334303461	2.888366115813949	1.0745903798610943
0.08611111098434776	2.9272582599305323	1.0938887830092936
0.08888888888759539	2.9583006134914767	1.1016722705792408
0.09166666679084301	2.996122331623193	1.1447748520545435
0.09444444451946765	3.031446389123566	1.1618492381162604
0.0972222222480923	3.061418316699657	1.1683754105176787
0.09999999997671694	3.092460670260588	1.1962914050627278
0.1027777778799646	3.1299255797306955	1.1986379861251533
0.1055555554339662	3.1623951679381164	1.2057322717102381
0.1083333333372138	3.1937943301606837	1.2386226853750109
0.1111111112404615	3.223766257736747	1.2775863636586298
0.1138888887944631	3.2555222286209498	1.2717014861186566
0.1166666666977108	3.2854941561970143	1.2808144405562283
0.1194444444263354	3.3136820404649936	1.306585992015677
0.122222222329583	3.3450812026875614	1.334572508297983
0.1277777777868323	3.4078795271326814	1.3461938972498386
0.1333333334187046	3.465325721653494	1.4014396390035002
0.1388888888759539	3.5263400027905165	1.4384537134897426
0.1444444443332031	3.575579598094096	1.454336611303767
0.1500000001396984	3.6330257926149057	1.486827908277049
0.1555555555969477	3.691185604458964	1.5261934575032077
0.1611111112288199	3.7425660517322368	1.5840083387517534
0.1666666666860692	3.7953737336520095	1.605520507686086
0.1722222223179415	3.852819928172837	1.625595102414975
0.1777777776005678	3.90241633213801	1.6653076865606822
0.1833333332324401	3.955224014057773	1.7091819615296426
0.1888888890389353	4.00553403534619	1.7413435112467301
0.1944444444961846	4.055130439311378	1.7724898684436952
0.2000000001280569	4.106867695246271	1.8208309380383365
0.2055555555853061	4.15682090787307	1.8301688346243057
0.2111111112171784	4.204990077191765	1.8634106204164942
0.2166666664998047	4.256727333126674	1.9214374878449576
0.222222222131677	4.306323737091862	1.9433716990368404
0.2277777779381722	4.350568011132738	1.9700075868835605
0.2333333333954215	4.40123484108278	2.023551999945518
0.2388888890272938	4.444408689138804	2.047112250083909
0.2444444444845431	4.495789136412089	2.084856213042829
0.25277777784504	4.563939590781507	2.131706250153906
0.2611111110309139	4.637798983736841	2.1749622967907616
0.2694444443914108	4.7030949688133035	2.2573210464667475
0.2777777779265307	4.775527127122175	2.2918434620850725
0.2861111109377816	4.839395877552149	2.344235516157347
0.2944444442982785	4.907546331921581	2.3793948935902374
0.3027777778333984	4.977837638260717	2.4740798511615094
0.3111111111938953	5.044917666645279	2.4901127507750855
0.3194444443797693	5.108786417075252	2.585460900781806
0.3277777779148892	5.174796019474947	2.628078973145701
0.3361111112753861	5.246514560460577	2.679266216448333
0.344444444286637	5.307885650259207	2.713562035485055
0.3527777778217569	5.3767497219518825	2.7669355959178454
0.3611111111822538	5.443829750336442	2.8674128595008144
0.3694444445427507	5.50627126611994	2.927557023681598
0.3805555556318723	5.593689388216847	2.9770795731913227
0.3916666667209938	5.676112189051074	3.0421056097115104
0.4027777776354924	5.7688824410722725	3.106671601514415
0.4138888888992369	5.854516519861077	3.1882314304145756
0.4249999999883585	5.939080172665002	3.2655706949607075
0.43611111107748	6.021502973499219	3.349505820639888
0.4472222223412246	6.105709817641561	3.3873962723317836
0.4583333334303461	6.18955985312224	3.4568740723528513
0.4694444445194677	6.27911882718888	3.5223053759550296
0.4805555554339662	6.357259924083651	3.6355070404945713
0.4916666666977108	6.439325916256244	3.696076882203597
0.5055555556900799	6.543157236787685	3.7992400752572952
0.5194444443332031	6.646274939995866	3.848607468326749
0.5333333333255723	6.754744773128339	3.9416939105977136
0.5472222223179415	6.853223963735456	4.037837201480495
0.5611111111356877	6.957768901590128	4.125689352764549
0.5750000001280569	7.057675326843716	4.199755431243779
0.588888888945803	7.154013665481127	4.288169448280086
0.6027777779381722	7.252492856088257	4.352563055138117
0.619444444484543	7.375235035685534	4.479625867815993
0.6361111110309139	7.494409128666627	4.567029678754689
0.6527777779265307	7.613583221647705	4.681948123769448
0.6694444442982785	7.732043697305541	4.811474146936526
0.6861111111938953	7.85300183359473	4.894001432375519
0.7027777779148892	7.968964648621219	4.998379686867687
0.719444444286637	8.088852358925546	5.1052145370162325
0.7361111111822538	8.202674321982316	5.2094848068408
0.7555555556318723	8.343256934660603	5.340000283176077
0.7750000000814907	8.476346565444864	5.461367784698106
0.7944444445311092	8.612290665522096	5.563506886403498
0.8138888889807276	8.7478779569377	5.71554054963888
0.8333333334303461	8.887390143631132	5.838618184485911
0.8527777778799646	9.019409348430537	5.946766434560119
0.8749999998835847	9.175334733558463	6.088253647812715
0.8972222222364508	9.32162628482267	6.223206915006987
0.9194444445893168	9.480762947905184	6.377758885265293
0.941666666592937	9.633120246416935	6.502880573118282
0.963888888945803	9.785834353590298	6.650000131796497
0.9888888890272938	9.953891233213321	6.797480846794599
1.013888888934162	10.12337534748283	7.00367977727388
1.038888889015652	10.297141165691757	7.133175330882653
1.06388888892252	10.467695705946124	7.2755913403256764
1.088888888829388	10.636109394230767	7.437765241236043
1.116666666814126	10.823790750242896	7.639619845686554
1.144444444449619	11.016110618856093	7.798403925393013
1.172222222085111	11.202721548883341	7.957019327845925
1.199999999895226	11.385764392294396	8.135610609571026
1.227777777879965	11.573802556968154	8.28940540895281
1.258333333418705	11.78217881535424	8.41551032071308
1.288888888782822	11.981991665861448	8.51092555079518
1.319444444496185	12.185729411646456	8.535985714602958
1.350000000034925	12.39089439207795	8.485694072231526
1.383333333476912	12.606763632358067	8.324019863676085
1.416666666744277	12.812642230112814	8.164496644068686
1.449999999837019	13.016023167236208	8.029634204748003
1.486111111182254	13.214408783096925	7.870840457603743
1.522222222178243	13.389601835952375	7.708392622056893
1.558333333348855	13.544456795095444	7.6125319493203625
1.594444444519468	13.701452606208242	7.5310232391415655
1.633333333418705	13.867725442523167	7.472089518276846
1.672222222317942	14.038279982777533	7.499203676429796
1.711111111217178	14.208120905708661	7.596703802718766
1.75277777784504	14.395445453059155	7.803237642593448
1.794444444298279	14.578488296470223	7.991790091105987
1.836111111275386	14.764385609174255	8.1662605591807
1.880555555631872	14.96419845968145	8.351629899333458
1.924999999988359	15.158302371602733	8.513927012504087
1.969444444519468	15.35419032683211	8.645609562352352
2.016666666779202	15.560425733248493	8.79565445526309
2.063888889038935	15.760595392417317	8.894692856178645
2.113888889027294	15.976821441359032	9.016417944242557
2.163888889015652	16.186981743053202	9.172176434649254
2.213888888829388	16.395001192777677	9.268247497406358
2.266666666720994	16.61265447636588	9.372288999699503
2.3194444446126	16.821387543413596	9.540921940483289
2.374999999883585	17.046533808895795	9.667055816082382
2.430555555678438	17.273820926347756	9.804264161100663
2.488888889027294	17.500037617814847	9.9703093359321
2.547222222376149	17.72482707463545	10.10770688277709
2.608333333279006	17.969241007845145	10.27599022780966
2.669444444531109	18.206518767822455	10.40453216212144
2.733333333337214	18.45093270103215	10.491245142117446
2.797222222317942	18.698201103534817	10.618896447870565
2.863888889027294	18.9476103580072	10.71854119670079
2.9305555553874	19.193451525863384	10.74141946361697
2.999722222331911	19.444644823643866	10.769297014986666
3.069166666769888	19.687988330868727	10.829629148489495
3.14138888893649	19.93882481998758	10.811090124835255
3.216388888831716	20.190374926429687	10.790853879776293
3.291388888726942	20.432648007669673	10.762414785748115
3.369166666525416	20.6777755582026	10.739998755468514
3.44694444432389	20.926471195351773	10.707772128839768
3.527500000025611	21.168744276591752	10.668614506730767
3.610833333455958	21.41066054917012	10.629654940178236
3.694166666537058	21.647224691824174	10.62786739335634
3.780277777870651	21.889497773064146	10.594700469102396
3.869166666758247	22.12855957634957	10.517009836793806
3.960833333374467	22.371189466251163	10.46530612235674
4.05250000016531	22.605612756935496	10.443324655266174
4.146944444335531	22.846458603529012	10.391002346700292
4.244166666758247	23.081238702874984	10.315862797529274
4.344166666734964	23.31637561088256	10.256539130581595
4.446944444614928	23.549014858258815	10.197202570400728
4.54972222232027	23.779870062326943	10.127724265741264
4.655277777928859	24.005016327809162	10.03387648420973
4.763611111266073	24.22909216730654	9.990105640661978
4.874722222331911	24.45209758081905	9.909143065102393
4.988611111126375	24.677243846301277	9.83330889187117
5.105277777824085	24.897394790520806	9.728744473905701
5.224722222075798	25.11683211741712	9.626648858294569
5.346944444580004	25.340194339591243	9.549960555312932
5.471944444463588	25.55427953656325	9.463839194685285
5.599722222075798	25.7658670729039	9.326217643517555
5.730277777765878	25.97424333129	9.211104866289288
5.863611111184582	26.17619703376692	9.116797961157133
5.999722222331911	26.38171882286004	8.986384825870498
6.138611111033242	26.58295890801373	8.875255408991542
6.280277777637821	26.773851541980434	8.777160414193492
6.427499999874272	26.967598645240106	8.677708775031167
6.577499999839347	27.1642002177927	8.557590532810783
6.730277777882293	27.355806469082655	8.42634438021563
6.885833333479241	27.541703781786676	8.290755701634305
7.046944444533438	27.73045556378365	8.197290976829558
7.210833333316259	27.91528245050282	8.0841581976329
7.377499999827705	28.08833465138854	7.94388701161707
7.54972222232027	28.264598130228826	7.7863357725079805
7.724722222366836	28.43479586182155	7.668103557938184
7.905277777870651	28.606420828060795	7.4958415811501915
8.088611111277714	28.771980047052466	7.35011314692821
8.277499999967404	28.936112031397673	7.206813891122904
8.469166666734964	29.091323799202367	7.104998259620274
8.666388888959773	29.251174079608134	6.957682849118289
8.866388888738584	29.398536056857207	6.831348564633731
9.07194444432389	29.549466120722442	6.682517078236692
9.283055555715691	29.691119159385593	6.540948988464379
9.499722222215496	29.84347645789735	6.414607860556864
9.719166666618548	29.97977736663617	6.263553273044128
9.944166666828096	30.120716787976104	6.147851163106183
10.17472222232027	30.252379184113888	6.01981340639327
10.41083333326969	30.38332796292842	5.892881496574612
10.65250000002561	30.510351846465127	5.712103411496327
10.89972222223878	30.635234878032154	5.627676254753505
11.15250000008382	30.756906631644565	5.483051961568626
11.41083333338611	30.878578385257	5.368295210366897
11.67472222232027	30.99061630500564	5.212697246713994
11.94416666653706	31.100870181446258	5.122844581685309
12.22194444446359	31.218617039780842	4.977503235777535
12.50527777767275	31.327086872913338	4.871918034567124
12.7941666666884	31.43234542809122	4.738591954052339
13.09138888888992	31.52832695806703	4.676293184425639
13.39416666672332	31.63429913056816	4.592758437003494
13.70527777791722	31.72671257392774	4.475068237796321
14.02194444456836	31.824121338550004	4.366536759454985
14.34694444458	31.915821164586355	4.3053880033604965
14.68027777777752	32.01394354653182	4.255818634338144
15.01916666678153	32.105286563906546	4.149642778042097
15.36638888897141	32.19591596395806	4.094447827766994
15.7219444445218	32.279765999438744	4.040301589746935
16.08583333343267	32.37110901681345	3.9580829078697572
16.45805555552943	32.45531586095578	3.8782324224142437
16.8386111111613	32.53738185312837	3.812419981847299
17.22750000015367	32.61659337600803	3.7551569595555576
17.62750000006054	32.70187064613522	3.7629304804688752
18.0358333333279	32.775016421767326	3.6766884851005366
18.45250000013039	32.85458475330857	3.6894154035172084
18.88027777767275	32.93129861555687	3.693474207904272
19.31638888892485	33.00872609512843	3.7135473262699294
19.76361111126607	33.093646556593974	3.7107058434400266
20.2219444445218	33.16572190624122	3.792817823156574
20.68861111113802	33.25171279369165	3.7865245386455704
21.16638888901798	33.33377878586424	3.8326743650138235
21.65527777763782	33.41655839536008	3.8702283114293743
22.15527777787065	33.500051622179186	3.8796914221160828
22.66638888901798	33.58961059624578	3.932068001458177
23.19138888898306	33.66739488447895	3.9248270559750713
23.72750000003725	33.75302896326777	3.9137694001405867
24.27472222235519	33.837592616071696	3.9398974860558216
24.83583333331626	33.92358350352212	3.979633791411024
25.41083333326969	34.00600630435633	3.9339884023351175
25.99694444448687	34.08949953117544	3.991105519295743
26.5969444445218	34.16835424539345	4.055874607644782
27.21083333337447	34.25577236749036	4.047621524474601
27.83861111121951	34.34675857620345	3.9940046416517783
28.4830555554363	34.42597009908308	3.95480115938019
29.14138888882007	34.51481545582648	3.9510696898231688
29.8136111110216	34.61293783777198	4.062833738812791
30.50250000011874	34.69500382994455	4.2069931425503855
31.20805555558763	34.7688632228999	4.259204329729702
31.93027777777752	34.84200899853202	4.38530050077499
32.6691666666884	34.924074990704625	4.531486967230676
33.42472222232027	35.02576545926633	4.688568587871546
34.19694444432389	35.142441891616066	4.8100048472914905
34.98583333322313	35.243061934192895	4.3957790879390135
35.79416666657198	35.34725006338593	3.955605248993684
36.62194444437046	35.46535373038215	3.8041667170103275
37.46916666661855	35.59523208321184	3.5969564637292324
38.33583333331626	35.701917873036216	3.432199611327847
39.22194444446359	35.68871595255628	3.3078791544878756
40.12750000006054	35.66944828482878	3.1516416853258713
41.05527777783573	35.7194014974556	2.9765012612385915
42.00250000006054	35.77756130929968	2.768801726855785
42.97194444446359	35.85927049281067	2.6603805033615786
43.96361111121951	35.9317026511195	3.1576977014736456
44.97750000015367	36.00056672281218	3.6606819329230107
46.01638888882007	36.080491863015055	3.847003818879653
47.08027777791722	36.16576913314223	4.003465050668984
48.16638888901798	36.248905551299714	4.060351179816852
49.27750000002561	36.33775090804309	4.211474229259929
50.41638888901798	36.42160094352378	4.398914207432609
51.58027777791722	36.508662256959056	4.328117964001826
52.77194444427732	36.597864422364076	4.256879646955769
53.99138888897141	36.68992105706204	4.179674526575698
55.23861111112637	36.791968334285336	4.078883921851739
56.51361111126607	36.89758369812489	4.274142245840463
57.81916666676989	36.961809257216494	4.374068029278184
59.15250000008382	37.03103013757076	4.431894947858513
60.51916666666511	37.09739654863208	4.548340585439818
61.91638888895977	37.16483338567827	4.405396458970983
63.34416666661855	37.2865051392907	4.290364739338369
64.80527777771931	37.39140688580699	4.368642236115702
66.29972222226206	37.48988607641409	4.453977152638313
67.83027777762618	37.608703360733564	4.3951180893791255
69.39694444433553	37.71538915055795	4.447816405559424
70.9997222222155	37.79174620414463	4.544919659152328
72.63861111126607	37.85846942386756	4.475758499229333
74.31638888886664	37.92412221760566	4.415553234407511
76.03027777763782	38.00119288851556	4.370005386309366
77.78583333338611	38.081118028718464	3.9887082676636214
79.58027777785901	38.15854550828999	3.9948145687569365
81.41638888895977	38.24667724771013	3.935485910452721
83.2941666666884	38.34836771627184	4.027671492721219
85.21638888877351	38.43578583836873	4.241012676712272
87.18305555556435	38.52070629983427	4.361541104632215
89.19416666653706	38.5474669494558	4.468703854352695
91.25250000011874	38.652368695972065	4.539709746572145
93.3580555554363	38.71302616844749	4.477819426142241
95.51361111126607	38.799730673221134	4.458322114541068
97.71638888883172	38.91248221029306	4.472133726840232
99.97194444446359	39.01488629617798	4.506572502859383
102.2775000000838	39.1147927214316	4.841919631866568
104.638611110975	39.20649254746793	4.775801139670363
107.0524999999325	39.27678385380709	4.951230628901859
109.5219444443355	39.37062453181314	4.977240395522185
112.0497222222621	39.4591130798949	4.927954069805639
114.6358333333628	39.54938567128478	4.846087539756843
117.2802777776378	39.65071933118485	4.928825750567885
119.9858333333395	39.737067027296895	4.907804583806382
122.7552777776728	39.83376217459591	5.023885377990938
125.5886111111613	39.92296434000094	5.055936986057739
128.485833333456	40.020373104623175	5.063072139967561
131.4497222222854	40.10065505348769	5.310374363374221
134.4830555553781	40.21519063386768	4.646016949811142