0.2833333336104005	20.91254079745269	25.76899584397263
1.450000000238262	53.775104907735525	14.73542713946162
1.800000000156771	56.76261073594305	13.424182114165397
2.283333333493985	59.750116564150595	6.939848054311706
6.816666666935973	50.78759907952799	12.405507370139853
7.600000000203337	53.775104907735525	25.75964974625899
8.850000000261545	56.76261073594305	20.946412932927785
9.683333333517268	56.76261073594305	23.735454872644343
10.33333333354055	59.750116564150595	9.171595359595768
10.85000000014513	59.750116564150595	27.20264637388302
11.41666666691269	59.750116564150595	28.609349835778737
11.68333333340085	59.750116564150595	19.64056129421103
12.03333333349399	62.737622392358126	24.63644694350404
12.33333333359876	62.737622392358126	24.185922437993764
13.60000000020334	65.72512822056567	25.561458025669467
14.30000000021498	65.72512822056567	26.500805203233682
14.81666666681956	68.71263404877317	27.70552128708303
15.66666666679627	68.71263404877317	26.7309117720196
16.0333333336104	68.71263404877317	39.79049831378251
17.61666666686612	71.70013987698073	37.928129909569115
18.31666666670314	74.68764570518826	37.86123846812365
18.80000000021498	74.68764570518826	33.57663990114838
19.61666666674971	74.68764570518826	46.83271822536635
20.33333333330772	77.67515153339576	42.10058912773351
21.58333333354055	77.67515153339576	90.79409213021704