3.999999999871932	56.41132306340018	15.821750780685464
4.499999999930139	57.99391093007675	11.507517214241316
4.999999999988347	58.98463666775214	5.250168832684505
5.499999999871932	58.74231630334238	5.001011586544594
5.999999999930139	58.587917487081285	1.1280932752157393
6.499999999988347	59.720175472996026	2.7595895180631382
8.499999999871932	59.720175472996026	3.930659839417907
9.499999999988347	60.515758262341485	5.597856975349215
10.49999999993014	60.515758262341485	3.4777635254390136
11.49999999987193	60.97466585511763	2.6923199254690684
12.49999999998835	61.036854267222814	4.06450651943684
23.49999999987193	57.69583543757262	0.5260056655218437
25.49999999993014	57.83093440180108	7.007582528059325
27.49999999998835	58.96104795971229	7.825234326978977
29.49999999987193	59.75019746504683	12.526446990513339
31.49999999993014	59.803808165137504	6.097747787126315
33.49999999998835	60.96179928709578	3.2141992326303375