0.01000000000021828	0.78609417241092	0.5095914312467966
0.02000000000134605	1.2396039860518666	0.7989636467388737
0.03000000000065484	1.5978716425655288	0.9887623590540986
0.04000000000087312	1.9037846717922324	1.1496998898926718
0.05000000000200089	2.1752724085298074	1.2914713982860535
0.06000000000130967	2.4218786353131265	1.4194056110889863
0.07000000000152795	2.649386222010935	1.536910237157742
0.08000000000265572	2.86166822199689	1.6461860892559106
0.09000000000196451	3.0614202371317094	1.7487413781030718
0.1009816608884648	3.268689945303966	1.8549921175791124
0.1133032870638999	3.4885425352242874	1.9674135036396296
0.1271283790183588	3.72169719403857	2.086357701009812
0.1426403873238087	3.968936472678137	2.212209031886346
0.1600451469057589	4.231068015182763	2.3453852690733417
0.179573608350438	4.508970524496819	2.48631740266353
0.2014849024735668	4.803550832052849	2.6354738073195896
0.226069778837882	5.115795426325474	2.7933375611524585
0.2536544638169289	5.446722298624716	2.9604335687338126
0.2846049894187672	5.797438713922251	3.137303110074393
0.3193320503141877	6.1690871947501345	3.324534308141141
0.3582964535025894	6.562910303312591	3.5227335338808805
0.4020152329412667	6.980190038624759	3.7325596894327675
0.4510685102704883	7.422320506870534	3.954692038186841
0.506107192678428	7.890739907693391	4.18986881253751
0.5678616100403815	8.387012086133367	4.438851089910004
0.6371512059540692	8.912750196156662	4.702465914900245
0.7148954112626598	9.469708170377654	4.9815662301608015
0.8021258443332044	10.05969515031919	5.2770776769789665
0.9000000000141881	10.684677716190997	5.589955196786208
1.009816608886467	11.346684314526819	5.921232047657386
1.133032870630814	12.047918751614304	6.271973042524567
1.271283790178131	12.790653839953224	6.643328164761353
1.426403873234449	13.577357205171996	7.036478167720604
1.600451469056679	14.410572386872916	7.452705695873749
1.795736083496195	15.293060976327718	7.893323155444148
2.014849024737487	16.227667082046576	8.359778798263699
2.260697788388825	17.217483828450977	8.853561515005662
2.536544638171108	18.265695862171533	9.376329994761727
2.846049894189491	19.375775496211222	9.929818614236124
3.193320503144605	20.551303493030147	10.515907476618917
3.582964535029532	21.79618120719331	11.136599974105085
4.020152329412667	23.114446118556355	11.793892699624847
4.510685102704883	24.510453865902218	12.489915395622656
5.061071926780642	25.988725866933805	13.226503990062536
5.678616100397449	27.554032881082442	14.005547184860802
6.37151205954342	29.21132221217485	14.828312050764506
7.148954112613865	30.965645849189404	15.695942716527698
8.021258443310217	32.82220216338445	16.608746499886838
9.000000000120963	34.78609957277979	17.566671302162575
10.09816608885376	36.86250771935758	18.568923475924493
11.33032870629995	39.056333007961285	19.6142179807485
12.71283790177586	41.372426855969756	20.70088512195798
14.26403873234176	43.81528552184081	21.826893799659288
16.00451469056588	46.38926308745666	22.990046995946884
17.95736083496104	49.09831587410226	24.187618086373224
20.14849024738669	51.9461311014852	25.41771453306796
22.60697788389098	54.93618403106797	26.67855202048716
25.3654463817229	58.07169889819905	27.96920152603064
28.46049894190037	61.35587642009892	29.28933363691171
31.93320503145333	64.79179478540509	30.638662944042114
35.82964535029714	68.38250795499562	32.01627674777175
40.2015232941294	72.13079141598891	33.42356328478813
45.10685102706248	76.03990927270982	34.86266925484066
50.6107192678146	80.11300449803652	36.33756047242836
56.78616100398358	84.35410385527511	37.85582919903274
63.71512059543147	88.76791831828008	39.41907529033959
71.48954112614956	93.358643526195	41.02072686477417
80.21258443311854	98.12926311439654	42.66837205480633
90.00000000121236	103.08544066788222	44.383837713425116
100.9816608885376	108.23482720268395	46.17006989405705
113.3032870630022	113.58339320443064	48.011602951342994
127.1283790177613	119.1348540081522	49.91943292890585
142.640387323424	124.89718948257368	51.9278878023882
160.0451469056607	130.88132502291518	54.042817731007105
179.5736083496204	137.0958840688583	56.2499566829784
201.4849024738669	143.54777978627683	58.55516002600968
226.0697788389098	150.24604776473532	60.9781239844658
253.65446381722	157.20097758731953	63.52315591794692
284.604989418991	164.4213474318541	66.18905034151187
319.3320503145224	171.91576152970634	68.97195929570715
358.2964535029769	179.69054613308617	71.86696678954418
402.0152329412849	187.75139908699285	74.86203357589179
447.0152329412849	195.43527175685134	77.70822603319796
492.0152329412849	202.59210058491482	80.33904129426863
537.0152329412849	209.29586184922806	82.75352505979195
582.0152329412849	215.60208851010654	84.9971882666858
627.0152329412849	221.5590862630243	87.07787878394944
672.0152329412849	227.20374464867245	89.02014750915124
717.0152329412849	232.56654308441736	90.8377302403509
762.0152329412849	237.67475817790995	92.53550259249089
807.0152329412849	242.55241928766478	94.1223460731557
852.0152329412849	247.21722029936504	95.61830163343407
897.0152329412849	251.68619897627383	97.01651342251122
942.0152329412849	255.9744218711165	98.3427204671361