0.01000000000021828	1.733541562051256	1.3851793818198077
0.02000000000043656	3.129728615552218	2.6407016107081542
0.03000000000065484	4.350782802109422	3.4794537709991036
0.04000000000087312	5.449762201185145	4.19875934443686
0.05000000000109139	6.455364933196294	4.823746606342465
0.06000000000130967	7.385818301488522	5.374336015751676
0.07000000000152795	8.25384051096117	5.86491981600794
0.08000000000174623	9.068767271564774	6.305556989381811
0.09000000000196451	9.837652887598496	6.705072960570991
0.1009816608893743	10.63583905053037	7.103084062851665
0.1133032870638999	11.480773661065427	7.506750056758224
0.1271283790192683	12.373306931396602	7.914000051758475
0.1426403873247182	13.313645268659297	8.322851023086121
0.1600451469075779	14.30221558051189	8.731146599996102
0.1795736083513475	15.33876334081487	9.136712177590434
0.2014849024762953	16.423255511707545	9.537421777323921
0.2260697788424295	17.554991513556196	9.931063364629798
0.2536544638205669	18.73347816234043	10.315707104359005
0.2846049894233147	19.957623047210802	10.689276786959281
0.3193320503196446	21.226513537523836	11.050188554849482
0.3582964535089559	22.538755442311626	11.396669235268824
0.4020152329485427	23.89309700783181	11.727591229039799
0.4510685102795833	25.287959202295966	12.041618914507785
0.5061071926884324	26.721863721684006	12.338134973467291
0.5678616100522049	28.193177685537005	12.616321599715778
0.6371512059686211	29.70032869051955	12.87606405016717
0.7148954112781212	31.241760796130276	13.117077608179567
0.8021258443495753	32.815944805000065	13.339687546256718
0.900000000032378	34.421519296185195	13.544095223359001
1.009816608908295	36.057125637926575	13.730965197698835
1.13303287065537	37.721691582118815	13.900886103612908
1.271283790205416	39.414133367526496	14.054747542187867
1.426403873265372	41.13373484072621	14.193418464041793
1.60045146909215	42.87976458854942	14.317889831434389
1.795736083535303	44.65189663860139	14.429173698540039
2.014849024782961	46.44979198631276	14.528276994565681
2.260697788438847	48.273521121875454	14.616252960565324
2.536544638227497	50.123143799753905	14.694052211575551
2.846049894251337	51.99910313124705	14.76268714416471
3.193320503214636	53.90182901717493	14.823010137206222
3.582964535107749	55.83208422156477	14.875940110567537
4.020152329499979	57.79060573798075	14.922212244501448
4.510685102803109	59.77839323929986	14.962624929785644
5.061071926889781	61.79639373640617	14.997793016506018
5.67861610052023	63.84573064708597	15.028380241321766
6.371512059680754	65.92742980663604	15.05489491142215
7.148954112768479	68.04259856796918	15.07789940207868
8.02125844348484	70.19219116301598	15.09779662989423
9.000000000314685	72.37713448267196	15.115021350836306
10.09816608907022	74.59813392335421	15.129892281271795
11.33032870654279	76.85576521331419	15.142746061801777
12.71283790204871	79.15031252071141	15.153832954650147
14.26403873264826	81.48184193924894	15.163434706499986
16.00451469090876	83.8500759588167	15.171738545668322
17.95736083534575	86.25444513627141	15.178933326364877
20.14849024781688	88.69400006514856	15.185156646865249
22.60697788437392	91.16746596284624	15.190572465577965
25.36544638226405	93.67319256148436	15.195291132665755
28.46049894250791	96.20920334223074	15.199400355874008
31.93320503213545	98.77317011367523	15.20298036301626
35.82964535106476	101.36248585555293	15.206125483296443
40.20152329498887	103.97425986703816	15.208874898615399
45.10685102802745	106.60538171717715	15.211288394565464
50.61071926889599	109.25255184780528	15.213414633645115
56.78616100519685	111.91234367575522	15.215281420582745
63.71512059679299	114.58123628028765	15.216924963582985
71.48954112767751	117.25569083432286	15.21837606036929
80.21258443483384	119.9321801763818	15.21965070909924
90.00000000313776	122.60726283021528	15.220778862837562
100.9816608906967	125.27762228854039	15.221769170046315
113.3032870654242	127.94012786784654	15.222643437659267
127.1283790204798	130.59188494117703	15.22341437711915
142.6403873264735	133.2302864648858	15.22409029175395
160.045146909084	135.85306281633572	15.224693287393908