0.0713888890504677	0.21472170371501317	0.43473799530758206
0.1047222223178324	0.4268563989515393	0.6725518807000228
0.138055555585197	0.6364040857095667	0.3329218317772822
0.2380555555619139	0.6364040857095667	2.345964383154236
0.2708333334931012	1.1977849255428066	3.2417670602703264
0.3213888888176371	1.500464917526623	1.5966199166676316
0.4880555556783293	1.991996528440517	0.4857975343971937
0.6547222223643985	1.991996528440517	1.6226493433340337
0.8213888890504677	2.643922665021047	2.417672746090486
0.9880555555619139	3.0216259028812025	2.3545441557150593
1.221388888957335	3.5959417851069118	2.559959601116712
1.404722222364399	3.9400139127466347	2.526540231141705
1.90472222207336	4.7523345749938075	2.5724249940258526
2.404722222306191	5.334411482654992	3.9799626603521867
2.904722222364399	6.312300687525789	4.349834280338609
3.40472222207336	6.891790586708483	4.927806472212669
3.904722222306191	7.717046291348136	4.158825847536846
4.404722222364399	8.019726283331947	2.6244371229173624
4.90472222207336	8.312058241401791	4.904755813616223
5.404722222306191	9.116617878213475	5.904552742282277
5.904722222364399	9.918590506546678	7.641733543555337
6.40472222207336	10.192813405267056	5.844360856752039
6.904722222306191	10.976676974250797	6.234943858781182
7.404722222364399	10.976676974250797	6.937323197524978
7.90472222207336	11.755366526277546	6.219717954014368
8.40472222230619	12.02182839956244	8.80053974466777
8.904722222364398	12.541817103739767	8.283266494637553
9.40472222207336	13.0618058079171	8.444962387648328
9.90472222230619	13.579207503615947	9.517340421607647
10.4047222223644	13.837908351465359	10.17323277730858
10.90472222207336	14.355310047164188	10.53761527401198
11.40472222230619	14.870124734384529	11.015907585784532
11.9047222223644	15.646227277932779	10.982087987695003
12.40472222207336	15.907515134260688	11.716740458780325
12.90472222230619	16.424916829959532	10.966300867482937
13.4047222223644	16.686204686287446	10.626901802257072
13.90472222207336	17.20360638198627	12.056297319001036
14.40472222230619	17.46489423831419	10.608563652831762
14.9047222223644	17.982295934013028	12.270499452690963
15.40472222207336	18.494523612754865	11.695354951491781
15.90472222230619	18.7532244606043	12.350527970567645
16.4047222223644	19.00933829997521	12.719900294295718
16.90472222207336	19.521565978717064	13.10044988207153
17.40472222230619	19.777679818087996	14.998199096400057
17.9047222223644	20.289907496829827	12.581420914504411
18.40472222207336	20.54602133620076	15.581987018461813
18.90472222230619	21.0608360234211	15.533264374786212
19.4047222223644	21.829177541533866	17.46922480737558
19.90472222207336	21.57306370216295	15.312652839824725
20.40472222230619	22.343992228754217	17.363804358120724
21.00472222216649	22.856219907496047	16.248707548887577
23.00472222239932	24.39290294372161	17.435155557011925
25.00472222228291	25.417358301205297	16.264133846810775
27.00472222216649	27.223090219194237	16.295112357464532
29.00472222239932	27.999192762742492	16.68237647456531
31.00472222228291	29.282348968075606	16.11747970666425
33.00472222216649	30.04292946075289	18.33933486714677
35.00472222239932	31.336433699999983	19.436637344624504
37.00472222228291	32.36088905748367	22.975968305320784
39.00472222216649	33.64404526281678	23.085817826480536
41.00472222239932	34.924614459671396	24.91265208607656
43.00472222228291	35.692955977784166	25.16641856485748
45.05472222232947	37.229639014009706	25.001912662848806
47.05472222221306	38.2540943714934	25.253499112618524
49.05472222227127	39.2785497289771	27.259183328111465
51.05472222232947	40.3004180779823	25.32462885164277
53.05472222221306	41.324873435466	26.318029927286737
55.05472222227127	42.349328792949684	27.325154709517626
57.05472222232947	43.11767031106246	26.64374414403402
59.05472222221306	44.139538660067664	27.586534117651276
61.05472222227127	45.16399401755136	27.566897119055866
63.05472222232947	45.676221696293204	27.891136408109492
65.05472222221306	46.69809004529842	28.519330284846337
67.05472222227127	47.72254540278208	29.42073160103752
69.05472222232947	48.490886920894866	30.3940652844993
71.05472222221306	49.25664143052915	33.557282910730365
73.05472222227127	50.02498294864192	34.72561726669388
75.05472222232947	51.04943830612561	34.29864113348354
77.13805555546878	52.073893663609304	35.50597542730322
79.13805555570161	53.09058799565751	36.55122244246091
81.1380555555852	54.10728232770573	37.87894734408116
83.13805555546878	54.86786282038301	37.50522195239188
85.13805555570161	55.87938313547424	37.05968300915048
87.1380555555852	56.63737661967305	36.33124792744282
91.13805555570161	58.18182068133406	36.74852581587772
95.13805555546878	59.70039465821014	37.18170074080552
99.17138888902718	60.965441804193745	41.52793239181454
103.171388888969	62.737542611962304	42.92119523056765
107.1713888889108	64.2535295803599	43.18613507429883
111.1713888890272	66.28691824445632	45.50840257585121
115.171388888969	67.82101427220336	46.83873944495769
119.2380555556201	69.08864842666551	48.068715596089525
123.2380555555619	70.60722240354163	48.054235928939455
127.2380555556783	71.87226954952526	47.44272921908242
131.2380555556201	73.63660933185827	47.95981877116142
135.2380555555619	75.13966125786342	49.562277063047624
139.2380555556783	76.39436036993305	50.59514497330567
144.2880555557249	78.16387416922309	52.61400250029997
150.2880555557249	80.16621873157762	51.13590653182834
156.2880555557249	82.17632431936757	53.61944749313676
162.2880555557249	84.18642990715753	55.31002895752909
168.3713888889806	85.9352476386196	53.394862693667086
174.3713888889806	87.95570126032358	56.367375885014226
180.3713888889806	89.95287180572106	56.45839002972846
186.3713888889806	91.44557569781223	56.33215889287053
192.9380555555736	92.94345360686033	59.97999694652566
198.9380555555736	95.2200210679352	58.92675973042501
204.9380555555736	96.71789897698336	58.83709215950985
210.9380555555736	98.21836389450995	61.964674049097425
217.0380555557249	100.21553443990746	63.382932445648834
223.0380555557249	101.69789029808459	62.56243216344888
229.0380555557249	103.18542017321886	63.35820189983297
235.0380555557249	104.93165089620234	66.35745958134548
241.0380555557249	106.19152402522909	66.3995654215879
247.0380555557249	107.70492398514807	67.39901568623398
253.0380555557249	109.47443778443814	69.2636790094643
259.0380555557249	110.73689792194335	72.46353078678078
265.1547222220734	112.50641172123322	72.11074080694057
274.1547222220734	114.5372133768512	74.87033245583531
283.1547222220734	117.08800373664654	76.34368229297952
292.1880555555154	119.63879409644174	80.03197036881797
301.1880555555154	121.67994378597365	80.41164847023809
310.1880555555154	123.72109347550564	83.02328490319647
319.2713888887711	126.01576999592999	83.21602488284883
328.2713888887711	128.31303352483263	82.41618132247208
337.3380555556551	130.35159620588612	85.86825862052349
346.3380555556551	132.39015888693964	87.2847358760907
355.3380555556551	134.1777817455791	86.10451281191699
364.3880555554688	136.47245826600326	87.94644870492058
373.3880555554692	138.2419720652935	88.6782016072582
382.3880555554692	140.52630055180373	89.79481415994441
391.3380555556555	142.30874939348612	89.23930041258797
403.3380555556555	144.3292030151901	92.93529961587129
415.4213888889112	147.09988909565743	91.63891407175598
427.4213888889112	149.61963535371075	91.27066423552004
439.4547222223532	151.62715393302227	91.96921359432311
451.4547222223532	154.14690019107567	95.04928973171914
463.4547222223532	156.15441877038705	93.91664296984125
475.4547222223532	158.41287717211247	89.09879430982173
487.504722222167	160.42039575142394	89.92155675013059
499.504722222167	162.4279143307354	91.6459708559421
511.504722222167	164.41991085917607	91.08614918337408
523.504722222167	166.16614158215964	92.75047354914562
536.0547222222135	167.39497060944424	93.80479469878001
551.0547222222135	169.8759117403202	97.47387945019908
566.0547222222135	172.11884809117473	100.8426563462471
581.0547222222135	174.3566104250721	103.1893433068361
596.0547222222135	176.60730780136208	106.60475758781517
611.0547222222135	179.12188004245826	112.38849093647971
627.1213888888647	181.87963108053304	111.07454594837775
642.1213888888647	184.39420332162962	114.29138377819037
657.188055555574	186.65007471487647	116.05693815676315
675.3380555557137	189.41299976990823	116.55531910704784
693.3713888889811	192.14746773167658	113.23981541670202
711.3713888889811	194.12911622620317	126.57528026619835