0.01819468778921873	4.285842535140659	5.454356425184933
0.02819468778943701	6.130906020346002	2.970713310565054
0.04819468778987357	6.908645785410136	1.7493813047072275
0.06819468778849114	7.582962709375315	3.4118948730396554
0.07819468778870942	8.129035310377795	3.2771909845218583
0.09819468778914597	8.604780379432968	2.167767656684298
0.1181946877877635	9.018471743828785	2.6601467886269163
0.1281946877898008	9.394930885428991	2.578474824481448
0.1481946877884184	9.73829471787752	2.4476905112603995
0.168194687787036	10.056837068462315	2.9905896890940094
0.1781946877890732	10.362968678115186	2.941957722362961
0.1981946877895098	10.6484157195483	3.2088966680355835
0.2181946877899463	10.925588933693513	3.6128908209586683
0.2281946877883456	11.19862523419475	3.5892519900132913
0.2481946877887822	11.459250793764118	4.330820852761867
0.2681946877892187	11.71987635333348	4.130063542532781
0.278194687787618	11.972228085614944	4.143292335864905
0.2981946877898736	12.220442904252415	4.745080884301317
0.3181946877884911	12.47279463653387	4.346259403501808
0.3281946877868904	12.716872541527385	4.35299057033777
0.348194687789146	12.960950446520929	5.110321866010144
0.3681946877895825	13.205028351514466	4.899413133292659
0.3781946877898008	13.444969342864052	4.900873051853547
0.3981946877884184	13.684910334213612	5.764475810971932
0.4181946877888549	13.920714411919228	5.524753639184274
0.4281946877890732	14.16479231691274	6.031445008347413
0.4481946877895098	14.404733308262331	6.448092080333567
0.4681946877899463	14.644674299611905	6.752220374778849
0.4981946877887822	15.120419368667077	6.994038928357063
0.5181946877892187	15.360360360016683	7.573093533138181
0.5481946877880546	15.836105429071853	7.8032611870406345
0.5681946877884911	16.07604642042143	8.207555784277849
0.598194687787327	16.551791489476617	8.599607510009982
0.6181946877895825	16.795869394470145	9.023468207529325
0.6481946877865994	17.279888290813254	9.404800524844756
0.6681946877888549	17.528103109450733	9.839222315223537
0.6981946877895098	18.020395833081785	10.517313624964242
0.7181946877899463	18.264473738075296	10.610013966983455
0.7481946877887822	18.75676646170632	11.272511304652221
0.7681946877892187	19.004981280343824	11.350049886467417
0.7981946877898736	19.493137090330855	12.041492013281623
0.8181946877884911	19.741351908968365	12.481941586557053
0.848194687789146	20.225370805311464	12.33406133856526
0.8681946877877635	20.47358562394895	12.789479144006972
0.8981946877884184	20.96587834757996	13.184279809627933
0.9281946877890732	21.454034157567037	13.92909283706996
0.9681946877899463	21.942189967554107	14.28795401694258
0.9981946877887822	22.42207195025325	14.603145381207174
1.028194687787618	22.906090846596346	14.452191060745474
1.068194687788491	23.38183591565155	15.126446895670854
1.098194687789146	23.857580984706733	15.882691547583399
1.128194687789801	24.320915312830056	15.552860803137733
1.168194687788855	24.78838655459732	15.963241689665868
1.19819468778951	25.24758396907668	16.69878055822138
1.228194687788346	25.69850755626811	16.23253509232896
1.268194687789219	26.141157316171657	16.32806829041371
1.298194687788055	26.57553324878724	16.867585895849466
1.328194687788709	27.005772267758907	16.68222278507231
1.368194687789583	27.423600545798685	16.47062261595081
1.418194687788855	28.044137592392396	16.834791158985375
1.468194687789946	28.63571624347842	16.143035567827642
1.518194687789219	29.181788844480895	16.289019636374643
1.568194687788491	29.7154507045515	15.887048227205637
1.618194687787764	30.211880341826475	15.401425434929768
1.668194687787036	30.67107775630584	14.91026976385335
1.718194687789946	31.101316775277468	14.443194616907086
1.768194687789219	31.51087122602934	13.951129807269723
1.818194687788491	31.895604194917453	13.477690048212512
1.868194687789583	32.25137876829785	13.03322318493164
1.918194687788855	32.582331859814516	12.619869645145354
1.968194687789946	32.90501112404324	12.196892658053518
2.018194687789219	33.20700582005219	11.875346814573513
2.068194687788491	33.48831594784135	11.396574081063768
2.118194687789583	33.75307842105468	11.031267749441321
2.168194687788855	34.009567066980075	10.601370691818042
2.218194687789946	34.24950805832965	10.368295071401343
2.278194687789437	34.54322892705068	9.865261567688105
2.348194687789146	34.807991400264	9.361010386280928
2.418194687787036	35.060343132545455	9.08264279528117
2.478194687788346	35.30442103753899	8.739540092964035
2.548194687789874	35.523677460668765	8.389922037893324
2.618194687789583	35.72224931557874	8.203414247313278
2.69819468778951	35.99114870243603	8.06425509221752
2.768194687789219	36.18144673005811	7.711782632805144
2.848194687787327	36.41311389411977	7.653549822154592
2.918194687788855	36.58686426716601	7.617489205344875
2.998194687788782	36.79370994936392	7.2438058292862015
3.068194687788491	36.95091266783432	7.17839340360678
3.148194687788418	37.13707378181244	7.0140929963811205
3.228194687788346	37.31909798214661	6.899507838866869
3.318194687788491	37.488711441548894	6.717604340673818
3.398194687788418	37.65005107366327	6.663944456916405
3.478194687788346	37.80725379213367	6.563951042440169
3.568194687788491	37.96031959696013	6.406211386125852
3.668194687788855	38.13820688365032	6.24391342701963
3.768194687789219	38.31609417034052	6.210881927818499
3.868194687787764	38.47743380245488	6.050094234292462
3.968194687789946	38.62222577999342	6.023356375460111
4.068194687788491	38.767017757531974	5.895526480893989
4.168194687788855	38.91594664871446	5.752806587327603
4.268194687789219	39.05660171260904	5.707335258154733
4.368194687789583	39.17243529463986	5.633120624514248
4.478194687788346	39.3172272721784	5.602771774903826
4.598194687789146	39.45788233607298	5.521688923056316
4.718194687789946	39.59440048632359	5.416005693651235
4.82819468778689	39.72678172293027	5.3734767340832175
4.94819468778951	39.85916295953692	5.43030260726689
5.068194687788491	39.987407282499625	5.384044316084564
5.19819468778951	40.11565160546233	5.311855222587969
5.318194687788491	40.23148518749316	5.209320068290235
5.44819468778951	40.36386642409981	5.092554502446927
5.57819468778689	40.49624766070647	4.9959517444218955
5.718194687789946	40.628628897313135	4.980276298297738
5.868194687789583	40.74859939298792	4.968741132713117
6.018194687789219	40.85615914773084	5.015786759595634
6.168194687787036	40.96785581611771	4.838466000921443
6.318194687788491	41.083689398148536	4.880642843902179
6.468194687789946	41.1953860665354	4.82417790437755
6.618194687789583	41.31121964856624	4.80814842126636
6.778194687789437	41.443600885172884	4.771030822083802
6.94819468778951	41.559434467203715	4.778412196126276
7.118194687789583	41.679404962878515	4.726583232779124
7.298194687788055	41.799375458553286	4.7339847589287345
7.468194687789946	41.90279829965226	4.628072464615869
7.648194687788418	41.99381039981932	4.552103605118834
7.82819468778689	42.101370154562225	4.552729566842435
8.018194687789219	42.20479299566118	4.460397359185605
8.218194687789946	42.32476349133598	4.477659181637084
8.418194687787036	42.419912505147025	4.4532207700782775
8.618194687789583	42.53160917353388	4.500144556804775
8.818194687788491	42.63916892827679	4.444435194479495
9.028194687789437	42.734317942087856	4.4120723283909244
9.248194687788782	42.85428843776265	4.3672780773485425
9.468194687789946	42.95357436521762	4.427170335811207
9.69819468778951	43.05699720631657	4.343815000020807
9.928194687789073	43.152146220127605	4.332770366645909
10.16819468778886	43.24729523393865	4.39722679502704
10.41819468778886	43.35485498868156	4.307122315782845
10.66819468778704	43.4624147434245	4.340354171652216
10.91819468778886	43.55342684359156	4.340498909568036
11.17819468778907	43.66098659833449	4.359422599713649
11.44819468778951	43.77268326672133	4.34537519217168
11.71819468778995	43.867832280532376	4.2984471008473495
11.99819468778878	43.97539203527529	4.288698238859628
12.27819468778762	44.0746779627303	4.35487431601081
12.56819468778849	44.17396389018527	4.3847574629277295
12.86819468778776	44.264975990352376	4.419121680257056
13.16819468778886	44.35598809051946	4.387823409950143
13.47819468778835	44.459410931618386	4.3027408008195955
13.79819468778987	44.56697068636133	4.2001043581365485
14.11819468778958	44.6786673547482	4.214536514951619
14.44819468778951	44.79450093677901	4.200231826735042
14.79819468778806	44.88551303694609	4.30037581902186
15.14819468778842	44.97238822346919	4.2481803798370255
15.49819468778878	45.04685266906044	4.217099397674145
15.86819468778776	45.15027551015942	4.122360142388701
16.24819468778878	45.23715069668251	3.9244041647834234
16.6281946877898	45.35298427871334	3.7362768428638278
17.01819468778922	45.44399637888044	3.828042485923324
17.41819468778704	45.54328230633546	3.909255563171415
17.82819468778871	45.63429440650254	3.9163442161610704
18.24819468778878	45.704621938449804	3.8531686292824605
18.67819468778907	45.75012798853334	3.673479061447079
19.11819468778958	45.857687743276244	3.729035029059235
19.56819468778849	45.95283675708731	3.624685369724611
20.02819468778944	46.05625959818623	3.6108218712702373
20.49819468778878	46.12658713013353	3.7093036026615325
20.97819468778835	46.2010515757248	3.898814912640783
21.46819468778995	46.30447441682374	3.688087253526517
21.96819468778995	46.37893886241501	3.5861105750853466
22.47819468778835	46.465814048938114	3.4701262260944685
23.24819468778878	46.59819528554477	3.5378355739591725
24.24819468778878	46.726439608507484	3.3467456680371477
25.24819468778878	46.854683931470184	3.219860214920907
26.24819468778878	46.97465442714497	3.057075998985495
27.24819468778878	47.098761836463694	2.9887982562395745
28.24819468778878	47.19804776391872	2.9112964156704435
29.24819468778878	47.297333691373694	2.6963886509108006
30.24819468778878	47.388345791540765	2.4330876860616555
31.24819468778878	47.47522097806388	2.2429551508160164
32.24819468778878	47.55382233729911	1.9094623507066404
33.24819468778878	47.59519147373867	1.6803356210025224
34.24819468778878	47.63656061017829	1.404375444623568
35.24819468778878	47.66965591932993	1.1333486160158495
36.24819468778878	47.694477401193666	0.9065559793409383
37.24819468778878	47.71929888305744	0.712844650246761
38.24819468778878	47.73170962398928	0.42398434888091596
39.24819468778878	47.744120364921194	0.37328626299970974
40.24819468778878	47.76066801949702	0.2298761813081611
41.24819468778878	47.756531105853064	0.03833710537801032
42.24819468778878	47.73998345127722	0.04175006743094415
43.24819468778878	47.72343579670141	0.08322916254823791
44.43819468778929	47.744120364921194	0.016220599132093637
47.43819468778929	47.73170962398928	0.10102658685496911
48.93819468778929	47.75239419220912	0.20632252451564712
50.43819468778929	47.74825727856516	0.15220010418593757
51.93819468778929	47.75239419220912	0.2719490227236244
53.43819468778929	47.76480493314098	0.2755272040993783
54.93819468778929	47.7730787604289	0.2323393317266746
56.43819468778929	47.77721567407287	0.2518520499400246
57.93819468778929	47.78548950136076	0.031204503405957155
59.43819468778929	47.7937633286487	0.04313743760050243
65.43819468778929	47.75239419220912	0.27661814025030096