0.001183239898254279	1.2793274235999657	0.031648843531726104
0.002294351898254304	1.1556997823519986	0.16445129312993106
0.003405462898254691	1.4703309725849747	0.30790663821210323
0.004516573898254411	1.91415201268571	0.42779119546737326
0.005627684898254576	2.0313647118430826	0.5397262762540961
0.006738795898254296	2.35623028331187	0.5242570828444478
0.007849906898254683	2.57141061234183	0.6661177836913328
0.008961017898254625	2.800978297429289	0.7115008341523547
0.01007212889825457	3.0219061326770285	0.7588162757866082
0.01118323989825451	3.239163009871037	0.8253844573944872
0.01229435089825445	3.43257688571003	0.8708356332786774
0.01340546289825448	3.6479426338445715	0.9399435606156511
0.01451657389825442	3.845732084636118	0.9815484931482483
0.01562768489825436	4.024202347103499	1.043866615772445
0.01673879589825431	4.185726567074412	1.0888813574429959
0.01784990689825469	4.382811522473547	1.122572368710148
0.01896101789825441	4.5418884775776585	1.1572846400249799
0.02007212889825458	4.716947320135364	1.1912399353170915
0.0211832398982543	4.856742146434906	1.2346290157117759
0.02229435089825468	5.013186417567543	1.2541690102548477
0.02340546289825471	5.162881967919836	1.2627483849253915
0.02451657389825465	5.3001552888067875	1.318187796675805
0.02562768489825459	5.427639428719572	1.310420421717156
0.02673879589825454	5.549561360012653	1.3487710370958892
0.02784990689825448	5.671334931720658	1.3898092620535623
0.02896101789825442	5.790401578911398	1.3927348264171464
0.03007212889825436	5.9133247247669525	1.4359778233962601
0.03118323989825431	6.037508623328851	1.410956602172969
0.03229435189825433	6.12409241932467	1.4976567425551985
0.03340546289825427	6.230477420412612	1.5146530100668523
0.03451657389825466	6.354920857118469	1.5041876310461628
0.03562768489825438	6.442913886912213	1.5591885402302632
0.03673879589825455	6.554564377449885	1.5690627542817703
0.03784990689825427	6.620049156127462	1.5971622920440394
0.03896101789825465	6.730068177256132	1.6378154550292385
0.04007212889825459	6.841422070130248	1.690361650271809
0.04118323989825454	6.920033452159071	1.7164698581255236
0.04229435089825448	6.983367685139906	1.7290094511505076
0.0434054628982545	7.089455967057785	1.7655724432375668
0.04451657389825445	7.1708855736693575	1.7808537081186784
0.04562768489825439	7.259916756038665	1.8561715187109344
0.04673879589825433	7.325735434912494	1.8984740009077137
0.04784990689825427	7.4318979573762585	1.9412914437042186
0.04896101789825466	7.5177401984600705	1.9232967944722708
0.05118323989825455	7.667769405995425	2.0613832474726634
0.05340546289825451	7.819318904380991	2.1465640518046083
0.05562768489825462	7.972203396018875	2.2469176431189886
0.05784990689825451	8.145037330827268	2.2883667245001407
0.06007212889825439	8.270852820304947	2.4467362160199007
0.06229435189825436	8.424219328710784	2.5665934466636604
0.06451657389825446	8.58281426704685	2.672719980284571
0.06673879589825435	8.721719178849309	2.7855198574841338
0.06896101789825468	8.85917804034753	2.884919650622261
0.07118323989825456	9.025300313895361	3.0290507525152446
0.07340546289825453	9.171881042001349	3.1531390608616485
0.07562768489825442	9.31089725386938	3.3232912072593233
0.0778499068982543	9.454029502546096	3.428244035780501
0.08007212889825463	9.59304571441403	3.5702462903851333
0.0822943518982546	9.741702869177658	3.663366519633768
0.0845165738982547	9.876640225263106	3.752727172407709
0.08673879589825459	10.021181464724641	3.8663862912954867
0.08896101789825447	10.178070693105727	4.0035405659534335
0.09118323989825436	10.313786663622778	4.166761224198124
0.09340546289825433	10.450689267806984	4.366290017406094
0.09562768489825443	10.560114972102031	4.52750806974549
0.09784990689825476	10.702653903945222	4.586500116562451
0.1011832398982544	10.901481507312244	4.831272368742096
0.1045165738982545	11.102385780349996	5.035825363937688
0.1078499068982546	11.31081738859961	5.255321283657975
0.1111832398982546	11.53189358343234	5.54736477741809
0.1145165738982547	11.708435657320654	5.8306048303551865
0.1178499068982543	11.918016718211224	6.071249384706697
0.1211832398982544	12.11847591249384	6.330274721766078
0.1245165738982545	12.313669738833505	6.648630551888144
0.1278499068982546	12.50385749236072	6.770595969210251
0.1311832398982546	12.699422035403046	7.082145609040916
0.1345165738982543	12.913193373648186	7.413250488898573
0.1378499068982548	13.102713691302588	7.73634735244481
0.1411832398982544	13.297684917511381	8.02651143761198
0.1445165738982545	13.506264885346075	8.397231227408035
0.1478499068982546	13.661337103706884	8.754285757370974
0.1522943518982544	13.942669768793742	9.213585140418719
0.1567387958982547	14.203941690644523	9.680849010662936
0.1611832398982544	14.478228915781052	10.187582859317269
0.1656276848982547	14.736311774839733	10.736064143871774
0.1700721288982545	15.013936300846755	11.430423498156964
0.1745165738982548	15.298754504882574	12.047682126550502
0.1789610178982546	15.544860334737644	12.672160211631553
0.1834054628982544	15.823819853996897	13.326092901179202
0.1878499068982546	16.091358358353087	13.958173813169532
0.1922943508982544	16.36731423392492	14.561681938312887
0.1967387958982542	16.664888324609315	15.319826246510516
0.2022943508982546	17.02338619991398	16.15785480445669
0.2078499068982546	17.385555154778785	17.25473242000673
0.2134054628982542	17.749985955405894	18.248630535739476
0.2189610178982546	18.11348990352301	19.389294390246558
0.2245165738982546	18.455931772334804	20.479558303588668
0.2300721288982541	18.850954416603965	21.350697550147025
0.2356276848982546	19.222133938011243	22.596665386730013
0.2411832398982545	19.613448443200564	23.667611692861712
0.2478499068982547	20.07688526928875	25.07530122920958
0.2545165738982544	20.556785999598848	26.573868905828675
0.2611832398982545	21.022336433370864	28.349521418660814
0.2678499068982547	21.468345200194616	29.869329333939
0.2745165738982545	21.975018335001366	31.46148402428252
0.2811832398982546	22.448281644596598	33.0690373290704
0.2878499068982543	22.93596936976892	35.02569060568422
0.2945165738982545	23.435597064625355	36.4496046796636
0.3022943508982547	24.036047673456626	38.549943060368115
0.3100721288982546	24.61847702769644	40.902521547518404
0.3178499068982545	25.205541495032687	43.1090924871243
0.325627684898254	25.79460839149387	45.43243558751077
0.3334054628982544	26.438406609109084	47.554085332326636
0.3411832398982546	27.004372059127167	49.990182352435006
0.3500721288982542	27.69963853757172	52.55644248443801
0.3589610178982547	28.406177549827653	55.36702144614502
0.3678499068982548	29.12992214272381	57.90650311406651
0.3767387958982544	29.83679493366931	60.82004855714394
0.3856276848982545	30.530244402093583	63.51089602821563
0.3956276848982543	31.33960875744929	66.80469105699844
0.4056276848982545	32.13855331246452	69.9952479190464
0.4156276848982548	32.950216694608734	73.14576420455718
0.4256276848982545	33.72387207645774	76.21716653519255
0.4356276848982548	34.5366850327495	78.88194921038368
0.4467387958982547	35.439233545296204	82.59669350008572
0.4578499068982542	36.3100038235469	85.99213627098622
0.4689610178982546	37.19226911423328	89.59592070049281
0.4800721288982546	38.07282881647133	92.66918716799724
0.4911832398982541	38.9402617938516	96.06034365803481
0.5034054628982543	39.836617842931986	99.79443763627602
0.5156276848982544	40.795492208028755	102.93204767847617
0.5278499068982545	41.725517741971196	106.7708790703673
0.5400721288982546	42.6659258952279	109.50400445035565
0.5534054628982541	43.63592455605749	113.24358895048815
0.5667387958982548	44.599063317548065	116.85081536713442
0.5800721288982547	45.574179229748864	120.73583448038875
0.5945165738982543	46.58181493115771	123.9368440122318
0.6089610178982547	47.61944915937484	127.62361969616217
0.6234054628982544	48.55755828584314	130.93980435021865
0.6378499068982548	49.54665365637257	134.2928660887777
0.6534054628982546	50.580171847781074	137.75719444789547
0.6689610178982544	51.592071945583605	140.63160942448934
0.6845165738982546	52.55636015971506	144.1450684091793
0.7011832398982545	53.613869833570405	147.06332386366077
0.7178499068982545	54.621023518210954	151.01646263612102
0.7345165738982544	55.602776851126656	154.15404977841055
0.7522943518982541	56.62398423464169	157.3318893844147
0.7700721288982546	57.603327362210095	160.65706350597816
0.7878499068982547	58.58422771864172	163.9421309347162
0.8067387958982546	59.59416256834554	166.44347718791383
0.8256276848982544	60.59056279546257	169.91129247181655
0.8456276848982545	61.617591925741266	173.30654383380354
0.8656276848982545	62.60487028625048	176.45851978677837
0.8856276848982545	63.57746469303862	179.69979458601097
0.9067387958982547	64.56440927485806	182.60666371417085
0.9278499068982544	65.5012577701266	201.1505901204089
0.9500721288982548	66.50963514795403	191.21415807928588
0.9722943508982547	67.47677852468115	192.98996910692478
0.9956276848982548	68.44955835057402	195.23235130976047
1.018961017898254	69.3933038047012	197.83528832617236
1.043405462898255	70.34605982537087	200.4717760586733
1.067849906898255	72.13884616407755	198.83715274525855
1.093405462898255	72.36707897741944	205.19234788594957
1.118961017898255	73.2262800026888	208.14894640320753
1.145627684898254	74.10695088348574	210.36565182109766
1.172294351898254	74.99266465360137	212.79763326143754
1.200072128898255	75.8760795184352	216.30405723647957
1.227849906898254	76.72118978531053	202.71710181983403
1.256738795898254	77.61710087714245	218.00848141126627
1.286738795898254	78.50385304284683	221.6861648031781
1.316738795898254	79.3205594358163	225.58168115312307
1.347849906898254	80.16155366588295	228.2629474372929
1.378961017898254	81.01370937270858	230.4433174427016
1.411183239898254	81.8063873452183	234.35250064793692
1.444516573898255	82.63095485208932	236.92474513181367
1.477849906898255	83.4338670843283	239.2449929441959
1.512294350898255	84.24482584957342	242.635832199906
1.547849906898254	85.03442605935653	244.9726482472111
1.584516573898254	85.80656115035534	247.87303265356738
1.621183239898254	86.59356573568661	251.1080545167732
1.658961017898254	87.3674066581469	253.0540959822704
1.697849906898254	88.12244746857093	256.1744337405857
1.737849906898254	88.87874903170128	258.3387019889486
1.778961017898254	89.60368025826452	261.9877277562419
1.820072128898254	90.3480417302042	264.31777908304593
1.862294351898254	91.0623306778028	267.20140559015823
1.905627684898254	91.74977310186543	269.16232453179015
1.950072128898255	92.46825220531196	272.4557902905988
1.995627684898255	93.15740033932944	275.26763549268026
2.042294351898254	93.86171456534272	277.8860582256091
2.090072128898254	94.52023379619857	281.03985059464173
2.138961017898254	95.21171801652409	283.7459380766654
2.188961017898255	95.8559611913878	287.5562548399075
2.240072128898255	96.52564189900275	291.329458963399
2.292294350898255	97.17207280058955	294.42258954618785
2.345627684898255	97.78935827335846	296.92394862396804
2.400072128898254	98.43653085136388	301.8995012078501
2.455627684898255	99.05337124537773	305.288620180911
2.512294351898254	99.66231334446371	308.8207803869513
2.571183239898255	100.30778021251419	311.74721887693954
2.631183239898255	100.90589485654417	313.7435594047411
2.692294351898255	101.49240306656638	319.6221262055123
2.754516573898254	102.10412633071554	321.9694175836219
2.818961017898254	102.70572651369442	325.0533399288829
2.884516573898254	103.26987495369221	329.915635582575
2.951183239898255	103.84295996269982	331.91792034851665
3.020072128898255	104.37629420193792	335.4944213010304
3.090072128898254	104.96046632565215	340.2416351794786
3.162294351898254	105.50989375240924	343.4471858339968
3.235627684898255	106.04330211068664	347.5804649129452
3.311183239898254	106.60122102769844	351.0030280805602
3.387849906898255	107.12595259812294	354.8976086362468
3.466738795898255	107.63744614362426	360.90243276977236
3.546738795898255	108.17118840209784	362.67738708422166
3.628961017898254	108.6921746524163	370.24644535586
3.713405462898254	109.21534875096452	372.3096131838336
3.800072128898254	109.70693003432129	379.35772351956706
3.887849906898254	110.20429588341548	388.67691797299676
3.977849906898255	110.69647036209916	396.2306025284676
4.070072128898254	111.1731820296172	404.49130953799397
4.164516573898254	111.70310497045216	408.821941442588
4.261183239898253	112.14266161415908	433.36425953375254
4.360072128898255	112.6612005996107	450.2826336982568
4.461183239898254	113.190233504442	413.4676317534981