1.500000400057616	22.059768481195412	0.7111472999598342
2.000000400057616	22.352467753391714	1.0290594848734889
2.500000400057616	22.586627171148773	1.0528052020766636
3.000000400057616	22.781760019279645	1.0297107118015854
3.500000400057616	22.937866297784343	1.0074856691711938
4.000000400057616	23.074459291475975	0.9087198444525872
4.500000400057616	23.172025715541402	1.2052221353948764
5.000000400057616	23.33788863645264	1.5838836706372592
5.500000400057616	23.493994914957355	1.2309128952182151
6.000000400057616	23.572048054209688	1.0458041781995435
6.500000400057616	23.669614478275133	1.4464724284375199
7.000000400057616	23.796450829560214	1.311176088766596
7.500000400057616	23.864747326406	1.3845858451807105
8.000000400057615	23.98182703528454	1.6895663790862494
8.500000400057615	24.0403668897238	1.5952038054773872
9.000000400057615	24.167203241008867	1.2486953802197351
9.500000400057615	24.245256380261214	1.349421421033081
10.00000040005762	24.274526307480844	1.0966464139271408
10.50000040005762	24.34282280432665	0.9412207368054618
11.00000040005762	24.391606016359354	0.8531220259135974
11.50000040005762	24.43063258598556	0.7427933125318953
12.00000040005762	24.440389228392085	0.5052923755873178
12.50000040005762	24.47941579801827	0.3988348870253411
13.00000040005762	24.47941579801827	0.48965252145530813
13.50000040005762	24.49892908283135	0.38993931167525914
14.00000040005762	24.518442367644447	0.7367407452118718
14.50000040005762	24.53795565245751	0.9791262959639835
15.00000040005762	24.58673886449024	1.133101417848705
15.50000040005762	24.635522076522975	1.3730927006918556
16.00000040005762	24.67454864614914	1.8209292160891992
16.50000040005762	24.723331858181858	1.1405269941502303
17.00000040005762	24.82089828224729	1.299944102643675
17.50000040005762	24.82089828224729	1.1596754428968592
18.00000040005762	24.801384997434194	0.7122760016753794
18.50000040005762	24.81114163984075	0.2558480673003905
19.00000040005762	24.889194779093117	0.5700127604049364
19.50000040005762	24.850168209466908	0.7965045002587324
20.00000040005762	24.859924851873487	0.6833306189196354
20.50000040005762	24.91846470631273	0.379126082354274
21.00000040005762	24.928221348719266	0.8963460329793911
21.50000040005762	24.91846470631273	1.1459026022106606
22.00000040005762	24.94773463353236	1.196951427965318
22.50000040005762	24.986761203158537	1.489006746726551
23.00000040005762	25.02578777278472	1.5506850981962064
23.50000040005762	25.08432762722397	1.4801950742250443
24.00000040005762	25.133110839256688	1.268785309262367
24.50000040005762	25.133110839256688	1.3296157112069071
25.00000040005762	25.152624124069774	1.1031889779300579
25.50000040005762	25.162380766476343	0.7884217392469831
26.00000040005762	25.201407336102513	1.090115866374472
26.50000040005762	25.25994719054177	1.1833979723370003
27.00000040005762	25.250190548135226	1.2965667180463754
27.50000040005762	25.25994719054177	1.5197851013081698
28.00000040005762	25.28921711776139	1.6899487652693692
28.50000040005762	25.328243687387587	0.6994015990197545
29.00000040005762	25.357513614607214	1.0274289677588215
29.50000040005762	25.39654018423338	1.4458013622977894
30.00000040005762	25.455080038672644	1.6603078428415219
30.50000040005762	25.367270257013747	8.24375468190862
31.00000040005762	25.406296826639927	3.5243393652717985
31.50000040005762	25.47459332348573	0.9872723140889474
32.00000040005762	25.533133177924977	0.1615857926591632
39.83277840005758	25.074570984817427	0.5903061637652097
42.83277840005758	25.064814342410884	0.995098487364654
43.33277840005758	25.00627448797163	1.0419810056839098
43.83277840005758	24.986761203158537	1.7812200231310538
44.33277840005758	24.99651784556507	1.8977418160989845
44.83277840005758	25.064814342410884	0.8355664870685794
45.33277840005758	25.133110839256688	1.0266982051160223
45.83277840005758	25.21116397850905	1.5177048484019189
46.33277840005758	25.220920620915596	1.9801815565329124
46.83277840005758	25.240433905728686	1.0238757698390184
47.33277840005758	25.240433905728686	1.5567243796731995
47.83277840005758	25.23067726332213	1.41583521320541
48.33277840005758	25.240433905728686	1.2545999076711492
48.83277840005758	25.28921711776139	0.6131842514170209
49.33277840005758	25.298973760167943	0.6952330417807717
49.83277840005758	25.152624124069774	0.9921154754014184
50.33277840005758	25.23067726332213	0.9356788324397884
50.83277840005758	25.269703832948302	1.2153512747720236
51.33277840005758	25.30873040257448	1.3592016519132022
51.83277840005758	25.298973760167943	1.4054886605538925
52.33277840005758	25.318487044981026	1.7498773088782558
52.83277840005758	25.357513614607214	3.7006583477303856
53.33277840005758	25.357513614607214	3.490099891706453
53.83277840005758	25.38678354182683	2.720649461116637
54.33277840005758	25.41605346904646	2.5312186408386306
54.83277840005758	25.48434996589229	3.5976944965848228
55.33277840005758	25.503863250705365	4.110835661139881
55.83277840005758	25.56240310514462	3.893242889260993
56.33277840005758	25.66972617161661	3.4276031115642187
56.83277840005758	25.728266026055852	2.9632324595687005
57.33277840005758	25.650212886803512	2.1783094846055215
57.83277840005758	25.659969529210056	1.4591430872701128
58.33277840005758	25.816075807714764	0.2623942173282635