0.03030538115490344	5.875226172027774	1.4451320864697939
0.0603053811519203	8.750624616256808	6.915558293443923
0.09030538115439413	12.188659820974669	9.48036199036169
0.1303053811552672	15.981047985423546	13.284098200603001
0.1603053811541031	19.072845183686777	16.178781073840714
0.1903053811547579	22.362106245006157	20.722717077695787
0.2303053811538121	25.708171979259532	28.671726947017603
0.2603053811544669	29.835978212461356	26.529455264715317
0.2903053811551217	33.85558506864605	34.964429974283505
0.3303053811523569	36.61196419815637	32.27274530735295
0.4903053811522113	51.76258196497374	41.84733757121512
0.6603053811541031	64.90880627254968	49.56878748202141
0.8303053811541758	77.10287606237519	57.62190199594294
0.9903053811540303	88.73701407613734	63.87618936211463
1.49030538115403	116.49015428101978	62.61225145963486
1.990305381152211	133.15285834165098	42.34115123611592
2.49030538115403	139.74761037084232	32.86686547418263
2.99030538115403	146.33965741560826	36.60388342362217
3.490305381152211	152.0390595999833	38.74195432988989
3.99030538115403	157.33812408939505	39.79709836145587
4.49030538115403	161.79052845364805	40.65021403462353
4.990305381152211	166.06710883024843	40.63745779963653
5.49030538115403	170.05696085775335	40.658023299187285
5.99030538115403	173.33810696579644	39.99685974262982
6.99030538115403	179.37563220334994	38.657507352232656
7.990305381152211	183.92000603806744	35.68162121795631
8.99030538115403	188.23175121219833	33.226181811221174
9.99030538115403	191.01247520153737	30.789905666164273
10.99030538115221	193.79590417530196	26.798400136890518
11.99030538115403	196.06538610823526	24.823281317198823
12.99030538115403	197.79657614050865	25.385923237226564
13.99030538115221	198.82176523774558	24.01581185602477
14.99030538115403	200.56918517657155	23.377934501996865
15.99030538115403	202.06504156383264	24.17458806324996
16.99030538115221	203.55819296666849	23.269820990773052
17.99030538115403	204.80789577121584	22.905338713151817
18.99030538115403	206.04948362248697	23.144269363561683
19.99030538115221	207.2964814426088	22.60121992131035
20.99030538115403	208.07551695713173	22.283247990121385
21.99030538115403	209.0736562101144	23.05208069248004
22.99030538115221	209.31710480840283	22.144483220657182
23.99030538115403	210.5586926596739	20.570869291955834
24.99030538115403	211.299858392241	19.46831550419106
25.99030538115221	212.03020418710628	19.345440479817803
26.99030538115403	212.78218985737504	18.832219482304666
27.99030538115403	214.0454175840497	17.53928085437599
28.99030538115221	214.3510808241227	19.86397690811067
29.99030538115403	214.58641446913498	17.920954703008096
30.99030538115403	215.07331166571177	17.330111036064096
31.99030538115221	215.56561883113957	17.787279134960244
32.99030538115403	216.07956587197077	17.421437713671775
33.99030538115403	216.33924437681185	19.583077579615843
34.99030538115221	216.59621789722738	18.029965025060637
35.99030538115403	216.3365393923863	24.935887269525477
38.99030538115403	218.2192085524836	33.085842810271124
41.99030538115403	219.50407615456155	36.89041028687035
44.99030538115403	221.93585715302046	40.67148043065887
47.50030538115425	226.43965622135676	39.615558166395175
50.48030538115381	230.29155404316495	38.671882213435126
53.48030538115381	231.81987024353134	39.324406558237754
56.48030538115381	233.09121292348203	37.738566959355296
59.48030538115381	234.61952912384825	32.765052598894194
62.48030538115381	235.63660326780885	25.891421320000003
65.48030538115381	235.88275685052287	19.517801218495528
68.48030538115381	236.29661946761323	18.90962802114645
71.48030538115381	237.0594250755835	16.97301353412395
74.48030538115381	237.57337211641467	16.663842375379744
77.48030538115381	238.09002414167148	14.639024425989328
80.48030538115381	238.8609447029181	14.008718981440186
83.48030538115381	239.0313587217201	14.403021976912598
86.48030538115381	239.79686931411592	14.647042612163196
89.48030538115381	239.5344858248494	16.40058332687174
92.48030538115381	240.29729143282003	16.958061244489148
95.48030538115381	240.8031235203747	17.52616578152389
98.48030538115381	241.05739205636485	18.697688835190252
101.4803053811538	241.56322414391985	22.236707884895036
104.4803053811538	242.07446620032565	25.676440137952643
107.4803053811538	242.06905623147478	40.330385790008485
110.4803053811538	242.32332476746478	44.677257710785746
113.4803053811538	243.34851386470163	51.29036214685756
116.4803053811538	244.12754937922486	40.95567728473181
119.4803053811538	244.58739673154727	42.47911199954859
122.4803053811538	245.10945872565483	45.02421099373775
125.4803053811538	245.88849424017775	48.8365733970185
129.950305381155	248.2797004722554	55.39643258200892
132.950305381155	249.5780929964603	59.21032558058016
138.950305381155	256.86802602298667	63.11392434462602
143.9703053811536	260.4872951842082	62.929942329526995
171.1503053811539	267.55000951899837	107.18032843151873