0.0008180961390280572	903.748073376454	580.5238470129882
0.002206985003340378	1479.8874701537923	1757.9167089464568
0.003595873867652699	2620.869412791505	2988.2299204235333
0.00498476273196502	3739.2576535947765	3305.7012839059353
0.006373651596277341	4530.0372177990375	2608.0424258122684
0.007762540460589662	4948.020701735606	2871.564131001607
0.009151429499524966	5524.1600985131445	5400.950443767364
0.01054031836383729	6518.282979227151	9411.675499994242
0.01192920722814961	7941.686194794903	9915.64417618857
0.01331809609246193	8879.324820922859	10881.646983751969
0.01470698495677425	10381.805992911091	13240.59333399846
0.01609587382108657	11714.834401141283	15810.333438216656
0.01748476268539889	12901.003747447774	16121.96641703987
0.01887365154971121	14347.000664849984	17452.735338593695
0.02026254058864652	15476.685756570405	18694.421356672727
0.02165142945295884	16854.901568469253	18194.769259679382
0.02304031831727116	18018.477212941416	19120.802233783324
0.02442920718158348	19046.4906464069	19466.898198778465
0.0258180960458958	20130.988334458743	20704.41656597611
0.02720698491020812	21271.970277096265	22022.559471771652
0.02859587377452044	22446.84277248565	22718.16651638857
0.02998476281345575	23508.746758702844	23342.524609964097
0.03137365167776807	24672.3224031749	23240.81373200323
0.03276254054208039	25553.476774716928	23967.13391653393
0.03415142940639271	26637.974462768558	25424.62124481795
0.03554031827070503	27507.831983393284	25992.736590182525
0.03692920713501735	28547.142267776155	27060.60501742741
0.03831809599932967	29710.717912248194	27012.413383376217
0.03970698503826498	30716.1376438793	28412.24441997478
0.0410958739025773	31642.47941909024	29121.80317290869
0.04248476276688962	32534.93064154932	28973.662358050424
0.04387365163120194	33585.53777684935	30484.53537322631
0.04526254049551426	34365.02049013648	31121.38012596441
0.04665142935982658	35370.44022176756	32527.325581984886
0.0480403182241389	36341.96940064734	32219.324034167883
0.0494292072630742	37425.23393699043	33009.63241961921
0.05081809612738653	38310.93515677335	35522.3167956945
0.05220698499169885	39352.232536788215	35706.814549620205
0.05359587385601117	39998.555048521775	36508.78794029792
0.05498476272032349	41027.883493134184	36615.22018069199
0.05637365158463581	42140.99448556405	38100.10944875658
0.05776254044894813	43002.75783454203	38146.79979674532
0.05915142948788343	43924.36586053214	39135.28269169953
0.06054031835219575	44881.88069272981	40688.724744660874
0.0633180960808204	46737.06568011279	41140.35526631804
0.06609587380944504	48532.40599048358	43090.29497786907
0.06887365171269266	50231.99481763429	44567.327545121865
0.0716514294413173	52051.272998809975	45812.75990965701
0.07442920716994195	53870.55117998572	46840.15675475102
0.07720698489856659	55653.92255495374	49786.30054182891
0.07998476280181421	57389.41818831224	50873.47150674577
0.08276254053043886	59041.13127385313	51687.90918629979
0.0855403182590635	60992.06774445576	52646.52528726051
0.08831809616231112	62703.62550700924	52772.8794067733
0.09109587389093576	64403.214334160075	53972.18382449708
0.0938736516195604	66030.98954889593	54567.87004094212
0.09665142934818505	67539.0754096076	54132.71341021737
0.09942920725143267	69023.22339951382	55674.57190342498
0.1022069849800573	70650.99861424994	56135.27624760832
0.104984762708682	72075.30192714394	57544.70282941824
0.1077625406119296	73511.57417544052	60662.541584019855
0.1105403183405542	75175.25619638378	62168.21452276926
0.1133180960691789	76647.43525088781	63595.11068567
0.1160958737978035	78215.36578861155	66657.5741097013
0.1188736517010511	79713.23101264729	69065.70379987264
0.1216514294296758	81694.29371596749	70985.04345518025
0.1258180960226127	83927.7210948693	73767.2531086195
0.1299847627901727	86514.45901958652	76998.47583066917
0.1341514293831096	89012.86930784996	80456.04745778954
0.1383180961506696	91347.24255698464	80700.90686984229
0.1424847627436066	93795.17991013167	84760.60187638926
0.1466514293365435	96331.44489973232	86343.12389313304
0.1508180961041035	98905.5645906702	88069.5562298201
0.1549847626970404	101151.6102033515	92130.9454681651
0.1591514294646004	103776.2028294057	93415.75606916005
0.1633180960575373	106173.66724743639	95042.85466069648
0.1674847628250973	108545.89519790836	96991.74283076992
0.1716514294180342	111183.10605774233	100212.4858820593
0.1758180960109712	113441.76990420252	101249.78407626197
0.1799847627785312	115978.0348938033	104369.96890384248
0.1841514293714681	118173.60757136758	107384.43658577271
0.1897069850033404	121492.20305527294	111225.62683178892
0.1952625404605897	124628.1779016828	116339.50438019428
0.2008180960924619	128017.5601788545	120736.52688485786
0.2063736515497112	131327.50380890458	127615.3700009252
0.2119292071815835	134941.96225292003	130599.94196224325
0.2174847628134558	138371.0638536526	134955.3075905925
0.223040318270705	141906.08365054606	139170.62619969202
0.2285958739025773	145626.46029072313	143786.854529365
0.2341514293598266	148923.16414625282	146001.91800931154
0.2397069849916989	152431.7043941068	150289.76488361802
0.2452625404489481	155781.3673477173	155503.50197727964
0.2522069849451327	160203.45203746494	162074.61226060273
0.2591514294413173	164506.37875653015	167137.24278244644
0.2660958739375019	169034.38164243958	171337.75046235506
0.2730403182590635	173677.53374276552	177813.2780219336
0.2799847627552481	178503.593390952	184388.28856483533
0.2869292072514327	183122.22927202453	190162.09460271697
0.2938736515729943	187740.8651530971	195539.11136470808
0.3008180960691789	192124.42076477333	200835.42610232258
0.3077625405653635	196729.22839470548	205903.24721081665
0.3160958739258604	202495.60912047487	211164.2905197774
0.3244292071117343	207916.283567722	217330.26458709827
0.3327625404722312	213696.4925446331	224928.70227237866
0.3410958738327281	219361.81095340452	230448.95339484897
0.349429207193225	225055.59320241766	235194.3938117795
0.3577625405537219	230878.77959345418	240429.4615631432
0.3660958739142188	236400.02298643635	245947.16037360538
0.3758180961390281	243157.79484763942	253182.0318676635
0.3855403183638373	249570.4889967808	259030.66839017722
0.3952625405886465	256083.83081193987	263840.0076498835
0.4049847628134558	262453.390247074	271337.3559073485
0.414706985038265	269144.3690502971	278196.5674122016
0.4244292072630742	275797.7470580598	283748.4557764396
0.4355403183521958	283180.4662792007	290853.13562703284
0.4466514294413173	290578.07001490105	300354.4158274633
0.4577625405304389	298288.2485563342	308708.478371537
0.4688736516195604	305760.274864828	314724.6121406985
0.479984762708682	313202.53214420466	322943.88329738023
0.4910958737978035	320510.82879255223	330351.0199695212
0.5035958739258604	329397.5947693547	338843.06478140637
0.5160958738792942	337881.9650243346	346946.0699508624
0.5285958738327281	346258.9381874801	355049.99477390165
0.541095873786162	354820.0206509139	364052.42799859785
0.5535958739142188	363150.96648898773	373537.9407777316
0.567484762731965	372463.82859526755	378930.7454988155
0.5813736515497112	381991.9848224968	388166.34677700064
0.5952625405420804	391283.52761660295	397763.99198816845
0.6091514293598266	400764.0509421155	406299.9981804944
0.6244292072165081	411157.9801694202	417447.69935922464
0.6397069848985666	420984.96780250955	426711.66158573073
0.6549847627552481	431341.02308749215	436258.89532403485
0.6702625406119296	441677.26249763626	446276.5690010803
0.6869292071583004	452866.8051612663	456047.8729831635
0.7035958738792942	464249.5485615342	464651.06064705993
0.720262540600288	475213.6903657522	476230.724967275
0.7369292071466589	486467.63327492785	486519.2260615586
0.754984762731965	498529.78907434177	497344.6263149654
0.7730403183172712	510499.47588945524	504546.0119672001
0.7910958739025773	522190.4165732593	510687.31967322814
0.8105403183521958	534930.7544572899	517262.5050275276
0.8299847628018142	547885.504009124	523385.0579144052
0.8494292072514327	560764.6018827559	529793.2849077246
0.8702625405653635	573593.7807723836	533402.6049463846
0.8910958738792942	586356.4010166683	542237.2848898075
0.911929207193225	598653.1107435601	547061.8334109208
0.9341514293714681	612001.5052345046	552119.1269776342
0.9563736515497112	625264.3612573632	556683.4008354885
0.9785958739025773	637719.3275732461	563511.3651133715
1.002206984945133	651924.7215875785	570857.7801039689
1.025818096162311	665298.8824823843	579427.927978776
1.050818096069179	679659.4428945619	586282.7917860965
1.07581809615067	693816.3074143692	592397.837975987
1.100818096057537	707616.7041225291	601607.5973534374
1.12720698500334	722132.2141165519	606537.6265930794
1.15359587377452	736475.2704841162	612660.8253134609
1.181373651584636	751279.3536634967	617133.876075203
1.209151429394751	765827.3108363101	621745.8519973842
1.238318096069179	781024.1205590862	627870.6612098211
1.267484762743607	796050.7190603775	633139.4862832717
1.298040318282347	811234.3303672882	638189.3345107582
1.328595873821087	826143.7455332186	642847.9930554754
1.360540318224139	841567.2784634918	647267.3890506136
1.392484762801814	856930.3812004557	651823.2928904822
1.425818096069179	872689.0959704155	653451.5494016649
1.459151429336544	888173.1490450372	658527.7852905593
1.493873651642844	903914.786422085	662586.5175617427
1.52859587377452	919296.7305489198	665314.8524383612
1.564706984945133	935262.3645198544	668626.5437437716
1.600818096115745	950335.2963762839	668884.1069091287
1.63831809615067	966279.1099655947	670125.9291516449
1.677206985049907	982258.1587435955	671456.1517524795
1.71609587377452	997757.1502621763	671521.3984409474
1.756373651712693	1013873.3582571588	671743.4198473792
1.798040318340554	1029544.994600939	673174.437670907
1.839706984968416	1045160.2655325732	673561.1971374272
1.88276254046059	1060929.4657505006	673042.8544843511
1.927206984991699	1076544.736682134	672634.2885225829
1.971651429348185	1092163.913690179	670426.0778428622
2.017484762743607	1107658.8624034522	670548.7683463823
2.06470698500334	1123648.1494145028	670053.7588076179
2.113318096127387	1139347.6519061641	667914.6380657264
2.163318096115745	1155032.2916488515	667197.7428505252
2.213318096104104	1170362.370650192	665083.4218145498
2.264706984956774	1185692.449651527	663964.9458926987
2.317484762673757	1201243.227464623	659612.9647031998
2.371651429429676	1216458.3498555326	658560.918359277
2.427206985049907	1231751.102882068	656724.8302096825
2.484151429359827	1247094.5501175313	654484.3693568406
2.542484762708682	1262436.4032711477	651552.4418769687
2.60220698492185	1277416.049234834	648630.8819198032
2.66331809599933	1292782.3751728968	646698.2874796356
2.725818096115745	1307862.8941733807	643858.2307339632
2.78970698492185	1322833.7737926296	640423.7203396958
2.85498476276689	1337548.303387257	635692.5730795377
2.921651429476242	1352396.6014327507	633921.8995752058
2.989706985049907	1367060.9678583029	628193.3499110624
3.059151429487883	1381516.0713974359	626217.7058149328
3.129984762790173	1395814.6855993783	621274.1211859145
3.202206984956774	1409747.5212984856	618600.9038116204
3.277206985026623	1424212.3984562655	612647.0524749222
3.353595873786162	1438078.7289730296	609245.7186364736
3.431373651584636	1452461.27388733	604635.8099262019
3.510540318247422	1465998.6478158326	599245.2213011784
3.592484762813456	1479982.308796922	597447.8986059589
3.675818096069179	1493304.8037741794	592089.7190421321
3.76192920722815	1507191.6407439404	587983.5656340518
3.849429207251433	1520533.303839331	582934.4188907644
3.938318096139028	1533480.632064909	579009.8155987319
4.029984762755248	1547052.3238343564	571890.222070537
4.12304031823578	1560014.3715653287	569185.8575857169
4.21887365161956	1572834.6046302877	562595.029558737
4.317484762731965	1586079.456879563	557203.3663715723
4.417484762708682	1598687.380352364	552282.7568333151
4.520262540588647	1610919.6791621153	544795.5355675801
4.625818096022613	1623618.342715994	538626.7717770389
4.732762540495514	1635743.964014438	532459.2236097908
4.84248476269704	1647739.7259147738	523964.4700882712
4.954984762801814	1659556.9311427064	517351.5904655999
5.07026254046059	1671326.183936598	511851.4738521685
5.188318096022613	1682910.2921771521	503624.50697236
5.309151429487883	1694252.3925853777	496550.7606212832
5.432762540507156	1705417.020583238	490098.11856499047
5.559151429429676	1716484.8454481687	482226.97709022096
5.68831809608082	1727363.887875283	474094.0135487858
5.82026254046059	1738027.938731153	467098.7072496544
5.954984762743607	1748483.519419914	459323.3988778528
6.092484762755248	1758890.9916085685	450101.2431888208
6.234151429359827	1768849.4511296165	442912.99139260023
6.378595873867653	1778647.548983657	434193.6974929216
6.525818096104104	1788469.8789863454	426599.1450903832
6.677206984933491	1797922.0774124588	417532.2371462116
6.831373651666127	1806832.3285426453	408385.9270059748
6.989706984991699	1816157.0099579494	401181.3083597218
7.152206984910208	1824987.5629563802	391737.6588543034
7.317484762731965	1833818.1159548082	381576.1156287287
7.486929207146659	1842160.902065692	374433.00202411425
7.660540318328913	1850463.388413677	367042.6585882534
7.838318096104104	1858702.4970032773	358144.74001994525
8.020262540472231	1866323.6724486565	351308.78889003774
8.206373651607919	1873833.9368168686	340831.81392679684
8.396651429336544	1881597.712218607	333316.2818027763
8.591095873832728	1888806.9322345105	324835.06745609053
8.78970698492185	1896049.1850344124	315836.21190058684
8.992484762778531	1903215.7654756722	309494.46627206815
9.200818096092462	1909657.812509687	302958.31764786225
9.41331809599933	1916241.6160799034	294876.54650790436
9.631373651712693	1922573.4080302077	288060.99387566245
9.85359587384437	1928700.4405393365	280442.62868036586
10.08137365160792	1934811.7223222197	272386.9447559944
10.31470698500334	1940781.2475688953	266467.7770720865
10.55359587385601	1946672.0191843535	260799.68496518486
10.79804031834055	1952306.960903815	254694.9625787624
11.04804031828235	1957803.1249430447	249143.00281918
11.30359587385601	1963142.7031122076	244225.38401506664
11.56470698488693	1968200.4267152606	237882.8463706056
11.83276254058865	1973493.0291234078	231498.2333443888
12.10637365157299	1978409.8254433994	225868.50077936726
12.38692920722815	1983279.6460023755	220586.18196082098
12.67304031834055	1988243.4180833905	216957.73139078703
12.96609587377452	1992753.0911412113	213474.29463618548
13.26609587387929	1997184.4712640094	207281.49478705612
13.57304031830563	2001521.89986477	203229.45789906746
13.88692920722815	2005802.0330790298	198689.07262828868
14.20776254047223	2010285.6440456677	194339.49154188583
14.53554031838712	2014520.1655141595	191172.66733427154
14.87165142948788	2018396.6208290656	187010.54644354325
15.21470698491021	2022366.4847057774	184020.9960843685
15.56609587386765	2026180.6676461517	180738.76280108042
15.92581809601097	2030150.5315228668	176504.93021445582
16.29387365168941	2033918.0101823304	173389.67181112626
16.67026254055372	2037389.695062748	171257.0488111261
17.05498476277853	2041017.0608795136	167530.36889612974
17.44942920722815	2044535.4500408347	165149.05307796667
17.85220698503827	2048053.839202154	162341.89822674257
18.26470698489857	2051572.2283634765	160599.0926993335
18.6869292071583	2054934.9365884548	158798.44201551154
19.11887365164284	2058064.1234089243	157147.87111280957
19.5605403183522	2061318.7018832143	155367.6563098554
20.01192920711173	2064631.2604514053	152849.61059697976
20.47442920713502	2067974.777510892	151321.1312904515
20.94665142938311	2071008.7096574674	147943.0097621911
21.42998476272032	2074228.3927517792	148058.5098286568
21.92442920714666	2077308.7626352897	146986.9971241217
22.43137365170105	2080249.8193079883	144556.9195174755
22.94942920716994	2083392.1061740732	143046.13085474956
23.47998476276689	2085992.6194425656	143388.67370940716
24.02165142945296	2089088.468571721	139681.29795372344
24.57581809609246	2092060.4837357032	139476.3385253818
25.14387365154971	2094815.7894606518	140680.35963082119
25.72442920713502	2097787.8046246376	137122.42494400364
26.31887365171269	2100837.216016855	138168.2903194772
26.92581809606918	2103236.4990919465	136605.88317709032
27.54804031828235	2106223.993501585	134272.08978200174
28.18415142948788	2109350.801122023	135512.4635868977
28.83415142933654	2111703.6464601816	133871.8847554799
29.49942920721651	2114467.0787085076	132966.27850547287
30.17998476277853	2117176.0826826515	134521.7098722199
30.87720698488693	2119623.4215001957	133881.51583318986
31.58970698502662	2122578.698562905	132112.0488558989
32.31887365171269	2125149.173924731	134235.04746853432
33.06470698494513	2127950.5303070913	132706.1555409719
33.82720698489857	2130613.3580771293	132923.32673390047
34.60776254061193	2133399.322391447	133288.44111329992
35.40637365156135	2136108.3263655924	131390.17324380216
36.22304031827071	2138832.7224077703	132293.12059559213
37.05915142942968	2141233.885021218	130148.35245395188
37.91470698503827	2143927.4969273238	129964.62860789239
38.78970698492185	2146421.011948983	128347.54896051077
39.68554031829399	2148899.1349026063	127916.16394575745
40.60081809611575	2151377.2578562284	126555.3774903299
41.53831809611575	2154040.085626264	126129.8936238316
42.49665142942968	2156364.2878995356	126353.38199525623
43.47720698492185	2158888.587057256	124726.76167875684
44.47998476276689	2161182.0051944638	125167.46097338379
45.50637365165449	2163783.264692364	125445.40679413904
46.55637365158464	2166092.074897598	125083.47253240236
47.62998476273197	2168639.547153746	125259.78266143858
48.72859587378616	2171012.0616448843	126094.50990218681
49.85359587378616	2173246.817230089	125031.00723954756
51.00359587386765	2175757.0906271706	125708.56836829032
52.17998476272032	2178221.4443889367	124885.77193249878
53.38415142938311	2180532.7326996583	124664.47981911873
54.61609587385601	2183150.1519124727	125002.8148718499
55.87581809613903	2185583.892584031	123055.48882385687
57.16470698492185	2187772.7285339176	117482.51374452001
58.48415142941803	2190145.2430250654	116568.89151976803
59.83415142945296	2192471.8378808913	117523.9618877229
61.21470698502662	2194645.3672856824	118843.85072961143
62.62720698500334	2197186.2537729717	119122.96004120563
64.07165142938311	2199038.3457305706	119918.58256849785
65.54942920720487	2199941.4318917207	123188.14417861514
67.0619292071583	2202160.880931818	122260.1199062146
68.60915142941803	2204747.6870544218	123018.48357009578
70.19248476267376	2207257.960451494	124523.6533842052
71.81192920727472	2209844.7665741006	124848.94642064863
73.46887365156135	2212339.733426073	127281.05421615287
75.16331809605754	2215094.9115448156	135737.19547396406
76.89665142945296	2217161.295133879	137187.69746713026
78.67026254061193	2219564.4227152322	135039.64692987106
80.48554031822414	2221977.935904442	132064.54597694078
82.34248476281346	2224489.6709201187	130077.35249155972
84.24248476272032	2226788.2890253803	130604.69005055964
86.18554031829399	2229467.4730421077	127791.54956074448
88.17304031822414	2231872.649602577	129829.25341717318
90.20637365154971	2233882.037615124	130655.50254362662
92.28692920713502	2235647.8634443237	131067.96174225911
94.41609587384437	2237702.919366247	131790.2815669523
96.59387365167777	2240184.209109017	132657.77268865617
98.82165142949952	2242239.265030932	129512.46718808026
101.1008180959993	2244629.218954951	130668.08779549164
103.4327625405654	2247064.840788332	131719.41146910307
105.8188736517127	2249409.126802971	135281.17465489823
108.2591514294413	2251920.861818655	136080.71084004137
110.7563736516545	2254280.370469746	135583.84723329346
113.3105403183522	2256167.9773906237	137031.17030098784
115.9244292072631	2258679.7124063065	139890.0357557404
118.5980403183871	2260795.6588740544	141045.3748300411
121.334151429453	2263170.39016161	142139.70128355888
124.1327625404606	2265179.7781741554	145018.5189302979
126.995262540449	2267417.505733581	147676.29170569222
129.9244292071467	2269640.010656551	153308.31273898456
132.921651429418	2271923.406125348	164362.2127352031
135.9869292072631	2274799.390080675	161526.92833091758
139.1230403182358	2277418.670121949	151833.8831235046