0.002777777728681485	0.09689247752963566	0.3264606127425091
0.00555555563192911	0.4348806901623098	0.6487677604464432
0.008333333185930769	0.7361557374810195	0.6000669768058292
0.01111111108917839	0.8796020225737169	0.5874884256578926
0.01388888899242602	1.0260761975892212	0.6904569070123971
0.01666666672105066	1.1570324367503666	0.7295296020853077
0.0194444444496753	1.2709567950957572	0.7743778571645469
0.02222222217829994	1.3784468873551958	0.8177782571151428
0.02500000008154757	1.4760963373655367	0.8579077769108353
0.02777777763554923	1.5692039524916601	0.8961076904176237
0.03055555553879685	1.6483075767248498	0.9153309923487956
0.03333333344204448	1.736494870726432	0.935251615720068
0.03611111117066912	1.8091642288736551	0.9884626597577225
0.03888888889929376	1.8829690457419364	0.9878205619307628
0.0416666666279184	1.9537459726874107	1.0456551913461043
0.04444444453116603	2.01922409226799	1.065577528693522
0.04722222208516769	2.0884870742520536	1.079490361181195
0.04999999998841531	2.1494233589484306	1.1192312504101494
0.05277777789166294	2.2088456986833966	1.125626893038218
0.05555555562028758	2.268646524658716	1.1643486484174197
0.05833333334891222	2.325419460711242	1.2037143579834186
0.06111111107753686	2.3806784518023574	1.2007734055332329
0.06388888898078449	2.4374513878548836	1.2419525738054498
0.06666666653478615	2.4930888651863516	1.2475512923006313
0.06944444443803377	2.5373717553073263	1.2841504778977462
0.0722222223412814	2.5933877188791463	1.3013066130936888
0.07500000006990604	2.6391845539615035	1.3024194421872575
0.07777777779853068	2.6887662514473716	1.3785190111768688
0.08055555552715532	2.7383479489332405	1.3621270226758981
0.08333333343040294	2.782252352813862	1.399305376503219
0.0861111109844046	2.8329695090207747	1.416386662747386
0.08888888888765223	2.874224509218942	1.4295106349767022
0.09166666679089985	2.91964285806096	1.420421165896559
0.0944444445195245	2.9635472619415673	1.454505209734279
0.09722222224814914	3.0048022621397346	1.445824805358915
0.09999999997677378	3.0468142348186076	1.4806886842726703
0.1027777778800214	3.08390588637291	1.4874428887949054
0.1055555554340231	3.125917859051769	1.5254946883331544
0.1083333333372707	3.1641449693271433	1.5136101339346133
0.1111111112405183	3.2042645108042676	1.5528209797623083
0.113888888969143	3.24135616235857	1.5922683619145803
0.1166666666977676	3.284503593758486	1.5881690539100326
0.1194444444263922	3.319324327870701	1.5924375742433436
0.1222222223296399	3.3522526307811673	1.6087561417917564
0.1277777777868892	3.4321132274950346	1.6488298746766528
0.1333333334187614	3.497212860835262	1.6757687745548104
0.1388888888760107	3.5645834116175914	1.6852033749604622
0.14444444433326	3.6330894211209634	1.6943765264219797
0.1500000001397552	3.7019739168646884	1.7272333073962978
0.1555555555970045	3.7579898804365093	1.7831628258588659
0.1611111112288768	3.823468000017091	1.7874778911303675
0.1666666666861261	3.882890339752039	1.7671374073583603
0.1722222223179983	3.9464760281308737	1.847925014434814
0.1777777777752476	4.0058983678658535	1.8689824299547533
0.1833333332324969	4.061157358956969	1.8693044226088937
0.1888888886897462	4.111496028923529	1.895447186043602
0.1944444444962414	4.170161396177804	1.9135029912588073
0.2000000001281137	4.227312818470682	1.89829871308423
0.205555555585363	4.278029974677593	1.9245411378637112
0.2111111112172353	4.329125617124859	1.9817957810121098
0.2166666666744845	4.384006121975634	1.9853728662487313
0.2222222221317338	4.429045984577301	1.9891149855783017
0.2277777775889831	4.478249195822818	2.025080121525472
0.2333333333954784	4.529723324510433	2.0413927224770556
0.2388888890273506	4.584603829361201	2.0759747072605754
0.2444444444845999	4.624723370838322	2.0559972702180955
0.2527777778450968	4.697014242745194	2.1195954142977023
0.2611111110309707	4.764006307287168	2.152785870483009
0.2694444445660906	4.835540206713347	2.141807366941266
0.2777777777519646	4.8957195189290195	2.1806250414878208
0.2861111109378385	4.962333097230643	2.218970531244632
0.2944444444729584	5.031596079214722	2.2327495092394423
0.3027777778334553	5.091775391430394	2.257722745582816
0.3111111111939522	5.148926813723257	2.28954422620456
0.3194444443798261	5.214404933303822	2.308004893941887
0.327777777914946	5.271556355596701	2.2952754357200305
0.3361111111008199	5.333249612773785	2.3307557384596387
0.3444444442866939	5.386994658903488	2.3638780345266586
0.3527777778218137	5.437711815110414	2.3850446986752236
0.3611111111823107	5.500162044768187	2.3758750348766027
0.3694444445428076	5.553907090897905	2.395245740671236
0.3805555556319291	5.6254409903240745	2.4116123784848
0.3916666667210507	5.694703972308147	2.480409386593239
0.4027777776355492	5.763966954292229	2.476713700832901
0.4138888888992938	5.829823560113146	2.519834785216097
0.4249999999884153	5.897572597135829	2.4992987737651786
0.4361111110775369	5.9638076891971	2.543857833344375
0.4472222223412814	6.029285808777679	2.5590078662173914
0.4583333334304029	6.095142414598597	2.594307774393532
0.4694444445195245	6.154943240573914	2.595457140541638
0.4805555554340231	6.209445259184344	2.6155762785296
0.4916666666977676	6.274166406284215	2.6107732845494875
0.5055555556901368	6.346457278191089	2.6428412024425425
0.51944444433326	6.41874815009797	2.6220390572576178
0.5333333333256292	6.488768104562737	2.690876264730268
0.5472222223179983	6.555760169104715	2.6807658148747104
0.5611111111357445	6.626915582290527	2.7112450457503368
0.5750000001281137	6.686716408265864	2.7224502776754664
0.5888888889458599	6.75597939024994	2.7415357455070986
0.6027777775889831	6.8195650786287585	2.7571476310372454
0.6194444444845999	6.895262326698787	2.7701121704652643
0.6361111110309707	6.970202602288112	2.8251171383303855
0.6527777777519645	7.042871960435335	2.823213229331919
0.6694444444729584	7.113648887380811	2.8396461499690124
0.6861111111939522	7.181019438163139	2.8585202230361335
0.702777777914946	7.25558122751211	2.8883524960266436
0.7194444442866939	7.320680860852336	2.9181008745093235
0.7361111111823107	7.387294439153964	2.94346164436738
0.7555555556319291	7.462234714743302	2.943129381565794
0.7750000000815476	7.538310449053669	2.990363392899042
0.794444444531166	7.613629210883348	2.9805107009491008
0.8138888889807845	7.689326458953376	3.0132081587591104
0.833333333430403	7.758210954697101	3.0379454851497507
0.8527777778800214	7.825959991719772	3.064599312440832
0.8749999998836415	7.908091505875748	3.0935270633302605
0.8972222222365076	7.983410267705429	3.109837898054309
0.9194444445893737	8.057593570814047	3.1015900051442946
0.9416666667676168	8.135183250085825	3.1523713722973152
0.9638888889458599	8.208609580713755	3.1627544882058243
0.9888888890273506	8.292255039831135	3.1869258833640637
1.013888888934218	8.372115636545015	3.224791506071619
1.038888889015709	8.446298939653646	3.253442018086049
1.063888888922577	8.528051967569281	3.2514635401570793
1.088888888829445	8.598828894514753	3.2737419386566757
1.11666666663956	8.685123757314583	3.271467828686494
1.144444444449675	8.768012243951262	3.3326190183811946
1.172222222085168	8.847494354424784	3.3464326467659253
1.200000000069906	8.923191602494816	3.3454687512256367
1.227777777880021	9.000402795526243	3.391407060195235
1.258333333418761	9.080263392240123	3.4003656794521877
1.288888888782878	9.17147857616451	3.3767980487488036
1.319444444496241	9.246040365513483	3.4459628517997767
1.350000000034981	9.324387017265954	3.4607018199404473
1.383333333476969	9.410303393825435	3.4870279543466594
1.416666666744334	9.493948852942829	3.5229010053856875
1.449999999837075	9.566996697330389	3.495816584207051
1.486111111182311	9.665024633581078	3.548771111143344
1.5222222221783	9.746399175256359	3.5676575730386375
1.558333333348912	9.831558579335148	3.5993366329121033
1.594444444519525	9.914068579731468	3.6001963428388466
1.633333333418761	9.9996064700506	3.690762631917659
1.672222222317998	10.086658305331136	3.6526459143819627
1.711111111217235	10.169546791967809	3.679708576082039
1.752777777845097	10.261897434613243	3.7227886452112027
1.794444444472958	10.344785921249928	3.7399516091148777
1.83611111110082	10.437893536376068	3.7799631492251184
1.880555555631929	10.524566885416236	3.8124875563763196
1.924999999988415	10.610104775735362	3.8193265273638644
1.969444444519525	10.702833904621153	3.856248127444662
2.016666666779258	10.792156657343789	3.8845832763093373
2.063888888689746	10.883750327508519	3.875622307580853
2.113888889027351	10.979885832557448	3.9414878985342083
2.163888889015709	11.065802209116942	3.9570736937491757
2.213888888829445	11.16231620040622	3.9691128342993878
2.266666666721051	11.252017439369203	3.979823230119406
2.319444444438034	11.343232623293591	4.003832628650127
2.374999999883642	11.44428844946708	4.022342488106515
2.430555555678495	11.532475743468659	4.056276339369739
2.488888889027351	11.631639138440397	4.070140649266442
2.547222222201583	11.721340377403372	4.118308805956126
2.608333333279063	11.820882258615464	4.148584304359086
2.669444444531166	11.91815322238544	4.136336151988839
2.733333333337271	12.013153268713326	4.198541240531837
2.797222222317998	12.113830608646461	4.214223095040764
2.863888889027351	12.214886434819949	4.269882490823925
2.930555555387457	12.312914371070642	4.275153031750453
3.000000000000057	12.41018533484061	4.294674089832607
3.069444444438034	12.511619647254449	4.347177384990664
3.141666666779258	12.61267547342794	4.3458264698854485
3.216666666674485	12.717137675764583	4.366160768714806
3.291666666744334	12.815165612015269	4.41613138743894
3.369444444542808	12.917735383150152	4.4447413452405895
3.447222222341281	13.021440613006085	4.48188535534724
3.52777777786838	13.12173946669888	4.480188976894911
3.611111111124103	13.226580155275864	4.5156273350730345
3.694444444379826	13.335205706256348	4.561467086721042
3.780555555538797	13.437396991150894	4.573098094575936
3.869444444426392	13.549050432054184	4.592029937689904
3.961111111217235	13.650484744468015	4.638936389168985
4.052777777833455	13.759867267929206	4.6537995611686975
4.1472222221783	13.868492818909687	4.661375038337933
4.244444444426392	13.972955021246339	4.706633717939827
4.344444444577732	14.08309451718823	4.710738012905492
4.447222222283074	14.19550493057221	4.764880541902364
4.549999999988415	14.301481077870255	4.769900852624815
4.655555555597005	14.412377546292854	4.797436952066888
4.763888888934218	14.524787959676832	4.83934001218355
4.875000000000057	14.636441400580122	4.859468482009388
4.988888888969143	14.748851813964109	4.877225793236552
5.105555555666854	14.860505254867403	4.925816187492901
5.225000000093189	14.975943558174189	4.951986092528556
5.347222222248149	15.089867916519575	4.974838007187881
5.472222222131734	15.203792274864975	4.993601637834467
5.600000000093189	15.318852091931417	5.008053233422917
5.730555555434023	15.436939798920662	5.052810856320832
5.863611111184639	15.553892047188858	5.083675800774588
5.999722222331968	15.671222781697388	5.095408645110428
6.138611111207922	15.786282598763844	5.124259325126304
6.280277777812501	15.900585443349573	5.172351703437641
6.427499999874328	16.022836498982663	5.162506124226471
6.577500000014027	16.145087554615774	5.189826411338003
6.73027777788235	16.260904344162906	5.210110081624296
6.885833333479297	16.380127509873198	5.247421039385784
7.046944444533494	16.506541914150144	5.272312318533581
7.210833333316316	16.621980217456933	5.296291069514975
7.377499999827762	16.744609759330377	5.302388089774533
7.549722222320327	16.867239301203824	5.362065039020236
7.724722222366893	16.991004301798316	5.363178449056747
7.905277777870708	17.112498384950715	5.362562332606114
8.088611110928525	17.238912789227655	5.4336335155387685
8.27749999996746	17.36267778982215	5.4253381546530735
8.46916666673502	17.491741597781548	5.460064342992605
8.66638888895983	17.61210022221289	5.487102501565947
8.866388888913264	17.73662219528808	5.530250846370718
9.071944444323947	17.867956920689586	5.512393708020541
9.283055555541125	17.989451003841975	5.563977340035318
9.499722222215553	18.120028756762775	5.556397968716867
9.719166666618605	18.24947105096252	5.616140532115915
9.944166666478907	18.379670317642972	5.625194854621327
10.17472222232033	18.501921373276055	5.637530073291891
10.41083333326975	18.636662474840712	5.664314980339439
10.65250000002567	18.764212337838707	5.654301474618917
10.89972222223884	18.897817980682305	5.703754800386818
11.15250000008388	19.024989357439956	5.709914166393041
11.41083333338617	19.15897348652391	5.758450011005822
11.67472222232033	19.285766377041195	5.763068792306708
11.94416666671174	19.412559267558482	5.800026787303372
12.22194444446365	19.554113121449436	5.791641645750628
12.5052777776728	19.685826333091292	5.842110741745291
12.79416666668845	19.81867500345418	5.837006705770749
13.09138888888998	19.954551563739887	5.877725114656607
13.39416666672338	20.090049637785235	5.930885599139313
13.70527777791727	20.22176284942708	5.906624116570601
14.02194444456842	20.35991032715488	5.921223497480889
14.34694444458006	20.49275899751778	5.938726755220588
14.68027777777758	20.629392530284182	5.9580301583359665
15.01916666678159	20.768296980492675	5.961749450219101
15.36638888897147	20.903416568297672	5.9886833420697165
15.72194444452185	21.038157669862322	6.035950145030235
16.08583333343273	21.17516968886907	6.051566604540503
16.45805555552948	21.31483111155828	6.073594773509502
16.83861111116136	21.45108615808432	6.079732994612961
17.2274999999791	21.58809817709108	6.103875457215488
17.62750000006059	21.737600242029373	6.123927049214127
18.03583333332796	21.87385528855543	6.146429377298051
18.45250000013044	22.01465216996567	6.1750920696583735
18.8802777776728	22.15544905137593	6.204591631777586
19.31638888892491	22.295867446545824	6.2332423327516695
19.76361111109151	22.43515038299468	6.225714665459608
20.22194444452185	22.57746120936633	6.242095290647054
20.68861111113807	22.72317841190113	6.2625189690702365
21.16638888901804	22.865867724513123	6.279748022997807
21.6552777778125	23.009314009605834	6.2679435884129555
22.15527777787071	23.156166670861683	6.336050645229697
22.66638888901804	23.295449607310537	6.3842127392480466
23.19138888898311	23.441166809845335	6.385278276545956
23.72750000003731	23.585370067418744	6.379677424595009
24.27472222235525	23.72276057266584	6.377461488096143
24.83583333331632	23.8771829587287	6.381961429090327
25.41083333326975	24.030091399830155	6.43698177334364
25.99694444448693	24.175808602364956	6.44574091739921
26.59694444452185	24.31698397001555	6.467859407338424
27.21083333337452	24.459673282627563	6.517376749568565
27.83861111121956	24.607282916364106	6.502698210603679
28.48305555561097	24.75943438498486	6.483819563433897
29.14138888882013	24.906665532481064	6.492578040317836
29.81361111102166	25.05541062493866	6.523745010968722
30.5025000001188	25.204155717396276	6.568992905777134
31.20805555558769	25.35517172729597	6.5716424728361185
31.93027777777758	25.50353833351323	6.575551362755864
32.66916666668845	25.651526453490128	6.606204377667421
33.42472222232033	25.799893059707387	6.58534514587906
34.19694444432395	25.952801500808842	6.617359610074799
34.98583333322318	26.100789620785736	6.6272311817161365
35.79416666657204	26.25331957564685	6.646529298783194
36.62194444437051	26.407363475469356	6.6548923675565685
37.46916666661861	26.551566733042755	6.689418532116996
38.33583333331632	26.707503064067012	6.667891287054628
39.22194444446365	26.86041150516847	6.688899888132777
40.12750000006059	27.01256297378923	6.691418269270658
41.05527777783578	27.162065038727526	6.683614914129187
42.00250000006059	27.31762288351143	6.752122001551421
42.97194444446365	27.465232517247994	6.72528081753937
43.96361111121956	27.61776247210909	6.743130130601047
44.9774999999791	27.770292426970197	6.7238283229106015
46.01638888882013	27.922065409350598	6.726370377535622
47.08027777791727	28.08140811653801	6.727024359898865
48.16638888901804	28.23053169523597	6.771347165809571
49.27750000002567	28.386846512500576	6.777368549194075
50.41638888901804	28.534456146237122	6.753444102176818
51.58027777791727	28.683958211175426	6.7819608806214395
52.77194444427738	28.839516055959336	6.73695456356409
53.9915011112289	28.996966331944986	6.772974355061362
55.23872333338386	29.15063174552714	6.754278788572939
56.51372333334894	29.297484406782996	6.77497515480318
57.81927888902737	29.455313169008992	6.774131624531152
59.1526122223413	29.603679775226265	6.776421217395626
60.5192788889226	29.76075156497157	6.770996184027549
61.91650111121726	29.912524547351968	6.783531214119356
63.34705666677928	30.06429752973238	6.883016377648164
64.80816777788004	30.213042622189963	6.844083184929207
66.3053899999768	30.368600466973884	6.833692944564102
67.83594555569016	30.524158311757787	6.765136165572766
69.40261222222489	30.680094642782052	6.738982063246993
71.00538999993023	30.848899505978203	6.742365812752606
72.6442788889808	30.997266112195465	6.717910309036124
74.32205666658137	31.142983314730273	6.695067291965242
76.03594555552718	31.283780196140516	6.668188303027039
77.79150111127547	31.429118912434962	6.641517750124661
79.58594555557374	31.580891894815363	6.537522192576405
81.42205666667451	31.72358120742738	6.5290769073416985
83.29983444457775	31.87308327236567	6.531137886461359
85.22205666683749	32.02182836482328	6.606326406022815
87.18872333327909	32.17095194352123	6.581640226101488
89.19983444442641	32.31553368733499	6.552713630385222
91.25816777783348	32.46125088986978	6.561626879951577
93.36372333332565	32.606589606164235	6.522392864199373
95.5192788889808	32.76366139590954	6.497302914562816
97.72205666672107	32.902565846118044	6.466090952570057
99.97761222217832	33.0471475899318	6.4680310703318105
102.2831677777986	33.190972361264855	6.4431908930228134
104.644278889039	33.3310122701944	6.432376849308028
107.0581677778218	33.473323096566055	6.378034365696262
109.5276122222249	33.614498464216645	6.363114106607898
112.0553899999768	33.75870172179006	6.3181969032301675
114.6415011110776	33.897984658238904	6.27663785840464
117.2859455555272	34.0399169983702	6.244227938881204
119.9915011112289	34.183741769703246	6.178642618036827
122.7609455557367	34.31848287126791	6.128822927478522
125.594278888876	34.4520885141115	6.086334681796573
128.4915011111707	34.5856941569551	6.054250116698655
131.455112222332	34.717407368596945	5.965365782872886
134.4884455554247	34.844200259114245	5.867969739934357
137.5912233334793	34.97326406707364	5.86700588715317
140.7662233331766	35.106869709917234	5.826217342323163
144.0134455555644	35.23782594907839	5.79764016938611
147.3356677776728	35.35894154599042	5.793749247836307
150.7356677779289	35.48005714290247	5.826398883641568
154.2134455556343	35.613284299505715	5.763182048369386
157.7717788888667	35.73667081385985	5.676680851848577
161.4106677776263	35.86270673189646	5.627964289123523
165.1328900001654	35.9921490260962	5.637712580517354
168.9412233335142	36.12461921021876	5.594649581356429
172.8384455555761	36.23854356856414	5.526992780272515
176.8245566665255	36.35171095442884	5.557397271439614
180.902334444615	36.47055563389877	5.597043909764316
185.0745566665255	36.592428203291526	5.372440921537917