0.01666666654637083	0.6145976119519814	0.3694612460772623
0.03333333344198763	0.8706799502653043	5.273475413620249
0.04999999998835847	4.171814093249739	8.511035390307912
0.06666666670935228	6.695389136264655	9.496779923639545
0.0833333334303461	8.939601628392303	10.974599538283549
0.1000000001513399	11.076725142679825	12.491453987133685
0.1166666666977108	13.102103636612464	14.02289959841057
0.1333333332440816	15.076265662882417	15.452419732228163
0.1500000001396984	16.965066909714587	16.602397149419485
0.1666666666860692	18.76695536293744	17.779568260683856
0.183333333407063	20.52849144769873	18.94194997183618
0.2000000001280569	22.220186894738273	20.134249120580886
0.2166666664998047	23.856009831600343	20.657824409432852
0.2333333333954215	25.477864640918014	21.344172041272547
0.2499999999417923	26.901061636271457	22.047135582383458
0.2666666666627862	28.350642872542007	22.34359743698551
0.28333333338378	29.742799584463505	23.015597241377964
0.3000000001047738	31.066667672834786	23.268243303513536
0.3166666668257676	32.331559222685485	23.449345189341994
0.3333333331975155	33.53592221984383	23.612128508411057
0.3500000000931323	34.6921727776828	23.67124617693666
0.3666666666395031	35.79875888203064	23.74047849094903
0.3833333333604969	36.86499261791702	23.65270049757887
0.4000000000814907	37.86448974442479	23.74993398635594
0.4166666668024845	38.840706658358606	23.667757514982274
0.4333333333488554	39.7439789062274	23.675631962165223
0.4499999998952262	40.65811525329735	23.708909431168163
0.466666666790843	41.507067005160295	23.67203077615443
0.4833333333372138	42.345154657822064	23.725728791073028
0.5000000000582077	43.15220202705195	23.63736229139038
0.5166666667792015	43.92665709867826	23.585819065057038
0.5333333331509493	44.68248800024548	23.548066858675096
0.5500000000465661	45.39175847666478	23.36526367791235
0.566666666592937	46.101028953084146	23.361089843996254
0.5833333334885538	46.757530947669174	23.144908384516093
0.6000000000349246	47.42800106979857	23.092849748337237
0.6166666667559184	48.039494653407395	23.061255156669528
0.6333333334769122	48.6758204637617	22.92718671004251
0.6499999998486601	49.240753622222584	22.611825019791596
0.6666666667442769	49.8367270641154	22.31583687416457
0.6833333332906477	50.39545216588995	22.19847333159793
0.7000000000116415	50.929345040918925	21.945806795653187
0.7166666667326353	51.47410201514909	21.550649865324786
0.7333333334536292	51.917978068225466	21.58532638515235
0.7666666665463708	52.84763455701142	21.165142986883083
0.7999999999883585	53.73383464899267	20.725237477113296
0.8333333334303461	54.588994457542	20.797456561154284
0.8666666666977108	55.41777002517419	20.725569456002116
0.9000000001396984	56.19222509680052	20.61881919055322
0.933333333407063	56.930983842480195	20.39281436190051
0.9666666664998047	57.65267043227226	19.778324063844806
0.9999999999417923	58.33555666777445	19.636016161079695
1.03333333338378	58.97653852064357	19.39893493992062
1.066666666825768	59.55388779247722	19.183362759358292
1.100000000093132	60.0955407383642	18.944585273303247
1.133333333360497	60.680650081055845	18.701430417055853
1.166666666802485	61.222303026942804	18.472572101888044
1.199999999895226	61.759299930314995	18.373230548755974
1.233333333337214	62.260600507740456	18.288486750746692
1.266666666779202	62.75103698596478	18.208987953257253
1.300000000046566	63.21198519492872	18.066141997812828
1.333333333488554	63.65586124800518	17.859288239628135
1.366666666755918	64.07335306016448	17.752678577193024
1.39999999984866	64.5017089715249	17.764274993117724
1.433333333290648	64.93782495374333	17.713267809298756
1.466666666732635	65.33979662418669	17.694114907036226
1.516666666546371	65.92490596687834	17.845844942097226
1.566666666709352	66.50070322454039	17.681194102967357
1.616666666697711	67.06408436882971	17.55911840394037
1.666666666686069	67.59952925803023	17.44339962656853
1.716666666499805	68.13497414723084	17.272876583468847
1.766666666662786	68.60368242705283	17.14435887897762
1.816666666825768	69.0910148769339	16.962726803563918
1.866666666639503	69.54420301503994	16.88744647893542
1.916666666802485	69.97411094057198	16.659285038258407
1.966666666790843	70.39936282358929	16.574623320692226
2.016666666779202	70.81530262157695	16.572798818965165
2.066666666592937	71.22969040539306	16.635182727188305
2.116666666755918	71.62545401915	16.650799219813223
2.166666666744277	72.00104144867623	16.746852418292516
2.216666666732635	72.34869262311365	16.63357221671654
2.283333333441988	72.87016938476994	16.497473194717422
2.35000000015134	73.36526190550899	16.50442958640647
2.416666666686069	73.8401782420173	16.421174404807186
2.483333333395422	74.26387811086302	16.51536539004926
2.550000000104774	74.67671388050749	16.43355429781258
2.616666666639503	75.11282986272595	16.341921300475914
2.683333333348855	75.50548944813973	16.075942220342366
2.750000000058208	75.90590910441145	16.102718190082427
2.816666666592937	76.29391264731042	16.069244066392304
2.883333333476912	76.69122827523898	16.06722951962323
2.950000000011642	77.06836771893677	15.907086558758664
3.033333333441988	77.48430751692443	15.737380090318032
3.116666666697711	77.90490335742696	15.732745916484653
3.200000000128057	78.32394718375788	15.452709192217057
3.28333333338378	78.71971079751484	15.337630602226207
3.366666666639503	79.07667405698189	15.35244030626773
3.449999999895226	79.4708856565672	15.322974566311633
3.533333333150949	79.8449210719218	15.419781445001867
3.616666666755918	80.16618800544217	15.460548226621977
3.716666666732635	80.58988787428783	15.217486884365867
3.816666666709352	80.99496357307441	15.249804693055767
3.916666666686069	81.41555941357687	15.16101976994995
4.016666666662786	81.80977101316225	15.458055423789345
4.116666666639503	82.14190204588371	15.154119765108149
4.216666666790843	82.52369753209634	15.26637770488761
4.316666666592937	82.87445273487695	15.305521892030345
4.416666666744277	83.20347973925533	15.322549005473752
4.533333333441988	83.6287316222726	15.194638990435305
4.650000000139698	83.9608626549941	15.378247513320638
4.766666666662786	84.3674903679522	15.344873121599791
4.883333333360497	84.74462981165	15.326578547213476
5.000000000058208	85.1372893970638	15.434464280430173
5.116666666755918	85.4647643872705	15.26229315163628
5.25	85.8574239726843	15.561756441638398
5.383333333244082	86.24697952975487	15.353395739907958
5.516666666662786	86.60859883173664	15.420976834939896
5.650000000081491	86.97953021874811	15.150382812048896
5.783333333150949	87.31942132232756	15.09101047458386
5.933333333290648	87.72604903528574	15.015982511502415
6.083333333430346	88.08456430892441	15.013248193014945
6.233333333395422	88.48032792268127	15.20562003776823
6.383333333360497	88.8093549270596	15.124397341348505
6.533333333150949	89.12441380389365	15.158600808617138
6.700000000011642	89.49068914839026	14.988177330346394
6.866666666697711	89.87093262043122	14.962854042359512
7.03333333338378	90.27135227670297	14.983548810035403
7.199999999895226	90.6143474086256	15.093913675788357
7.366666666755918	90.95423851220511	15.18694620881946
7.549999999988359	91.30344170081422	15.226520737182977
7.733333333395422	91.6417807902221	15.177747934882351
7.916666666802485	92.02823231894946	14.916188846979571
8.100000000034925	92.36967543670062	14.892174486335973
8.299999999988358	92.72353466782442	14.903599527611261
8.499999999941792	93.07739389894834	15.13905579954377
8.699999999895226	93.42504507338585	15.151055026267523
8.916666666744277	93.77269624782323	15.029686144460452
9.133333333244082	94.11724339391752	15.272562664417512
9.350000000093132	94.46799859669824	15.290191216880697
9.566666666592937	94.84669005456757	15.401848180167576
9.799999999988358	95.18813317231869	15.413274180124922
10.03333333338378	95.54664844595739	15.462966776701832
10.2666666667792	95.9424120597143	15.570529952296836
10.51666666654637	96.29627129083818	15.545800869997402
10.76666666666279	96.67185872036437	15.396710854622764
11.0166666667792	97.01485385228703	15.716588320142915
11.28333333344199	97.36405704089613	15.789316348118602
11.55000000010477	97.72257231453476	15.64296070970255
11.81666666659294	98.05780737559955	15.625171203199951
12.10000000015134	98.41321862089497	15.640659907033722
12.3833333333605	98.81208626299508	15.804172679995547
12.68333333329065	99.19232973503604	15.88009902438368
12.98333333339542	99.55860507953267	16.024443635993862
13.28333333315095	99.88918409808264	16.17144375341337
13.60000000015134	100.26787555595209	16.166586697655326
13.91666666680249	100.64811902799305	15.965324258234814
14.25	101.00973832997487	15.916374274075764
14.58333333319752	101.39618985870226	16.073700816230623
14.93333333329065	101.77798534491478	16.27104557046548
15.28333333338378	102.12253249100908	16.218118171525244
15.64999999984866	102.48259977881935	16.365126064882116
16.01666666666279	102.83801102411486	16.332524261284426
16.39999999984866	103.2430867229014	16.18727648333647
16.78333333338378	103.62177818077073	16.287284494056067
17.18333333329065	103.98650151109581	16.42209754860473
17.58333333319752	104.3977852665687	16.589429515360806
18.0	104.7469884551778	16.769006879241616
18.41666666680249	105.09463962961527	16.666159806782698
18.85000000015134	105.49040324337219	16.57883308309754
19.30000000004657	105.8706467154132	16.739685420100564
19.74999999994179	106.2570982441406	16.764958405727402
20.21666666673264	106.65441387206909	16.80441536192102
20.68333333334886	107.02068921656573	17.09788396786613
21.16666666668607	107.37765247603275	16.86863659780689
21.66666666674428	107.77341608978969	16.67316317670276
22.16666666680249	108.18469984526266	16.64925221914773
22.68333333340706	108.53545504804329	16.85222042593995
23.21666666673264	108.95294686020263	16.807171207121293
23.7666666667792	109.29749400629694	17.059297115352074
24.31666666682577	109.62031295398877	17.01651174853687
24.88333333324408	109.99900441185817	16.833139414385276
25.46666666673264	110.4366724082483	17.30360765002489
26.06666666659294	110.79829171023007	17.130787871570657
26.68333333334886	111.21423150821781	17.20304677138379
27.30000000010477	111.589818937744	17.53546981714838
27.93333333340706	111.95919831058377	17.54778143935857
28.58333333343035	112.4123864486898	17.430402202214164
29.25	112.78486984987286	17.5193257087906
29.93333333329065	113.13872908099674	17.449752580091303
30.63333333347691	113.53759672309688	17.49619253764873
31.35000000003493	113.91784019513787	17.76982587414661
32.08333333348855	114.3260199222675	17.108142656260725
32.83333333348855	114.7016073517938	17.126341553717154
33.60000000003493	115.09426693720745	16.872390779567077
34.38333333347691	115.48071846593493	16.713545505562127
35.18333333329065	115.90907437729535	16.643510832939334
36.0	116.21171714075659	16.974047395470013
36.83333333343035	116.58264852776799	16.794639048251085
37.68333333340706	116.87442719202794	16.319758519738937
38.56666666682577	117.23604649400977	16.44460398434676
39.46666666679084	117.59766579599167	16.09713325344031
40.38333333347691	118.07103011832837	16.080275404752612
41.31666666670935	118.40005712270678	15.930777471058136
42.28333333338378	118.68562773028037	16.400687761007354
43.2666666667792	119.0953594715817	16.088267653340594
44.26666666654637	119.4414586318476	16.72378414511805
45.30000000010477	119.7409973669656	16.280172494249893
46.35000000003493	120.07623242803034	16.24711818918036
47.43333333340706	120.47199604178728	16.588668679328055
48.53333333315095	120.75911866353255	16.401285693988044
49.66666666668607	121.25576319844312	16.3830230686714
50.81666666659294	121.62669458545462	16.59026036731629
51.99999999994179	121.94796151897494	16.965173526867225
53.20000000001164	122.30026873592722	16.87160144588768
54.43333333334886	122.66344005208066	17.231761890992054
55.70000000012806	123.00643518400335	16.928599974121326
57.0	123.34787830175443	17.09165919656635
58.31666666659294	123.75916205722729	17.404939154592967
59.66666666680249	124.12698941589557	17.675582571303714
61.05000000010477	124.48860871787736	18.023316678039375
62.46666666649981	124.91230858672309	18.333538276691733
63.91666666668607	125.3142802571664	18.63344218540867
65.4000000001397	125.69917977172221	18.870333845124822
66.91666666668607	126.10735949885186	19.150135643774863
68.4666666664998	126.54037145272714	19.386646463046823
70.05000000010477	126.94389513734203	19.488691431079967
71.66666666680248	127.34121076527057	19.67209937776976
73.33333333348855	127.80060696006295	20.006154708145665
75.03333333344199	128.22430682890877	20.198909027953082
76.76666666666279	128.63093454186682	20.348423549993694
78.55000000004657	129.07170656660003	20.517700076125195
80.36666666669771	129.50627053464697	20.806695451373923
82.23333333333721	129.95790665858127	20.55070373028737
84.13333333324408	130.40023069748614	20.690655789026636
86.08333333348855	130.85962689227844	20.858393318049632
88.08333333319752	131.295742874497	20.924152525452115
90.11666666669771	131.74893101260287	21.114782858911454
92.20000000001164	132.14624664053144	21.188901151216232
94.33333333348855	132.59322672195114	21.2070452097794
96.5166666667792	133.03089471834113	21.320793191683148
98.75000000005821	133.4778747997607	20.95047270783457
101.033333333151	133.9465830795827	21.13470799153497
103.3666666667559	134.40442726020342	21.42503222105872
105.7666666665464	134.84675129910835	21.349505410067444
108.2166666664998	135.3232196497882	21.25668524931
110.7166666667908	135.673974852569	21.627341689498703
113.283333333442	136.16130730245004	21.22202235443428
115.9000000000815	136.61294342638445	20.66845451992568