0.0008333335281349719	9.359371643675836	7.287343301843104
0.001666666707023978	14.157609506333674	6.557493924207765
0.002500000060535967	16.729876813070586	4.919919214209769
0.003333333414047957	17.85456130558563	4.270713731816149
0.004166666767559946	18.870053128924432	4.476003097247159
0.005000000121071935	19.674959090280556	3.5030947355719064
0.005833333474583924	20.09613081424593	3.1774111486295844
0.006666666828095913	20.571898872799487	3.1828299355632113
0.007500000181607902	20.907276356697878	2.9152775576693455
0.008333333535119891	21.220815306761033	3.534263941243059
0.009166666539385915	21.741820328258967	3.917458655442477
0.01000000006752089	22.0413202208566	4.595157435471425
0.01083333324640989	22.36265864728948	3.84019865388373
0.01166666677454487	22.76199183741965	4.3234427984081485
0.01249999995343387	22.92734073645791	4.40077096322291
0.01333333348156884	23.29859581165703	4.015683487495921
0.01416666666045785	23.52790041692713	5.087062358202211
0.01500000018859282	23.771244079662676	5.27875097336564
0.01583333336748183	24.122220516300576	5.271136067671751
0.01666666672099382	24.4466787332813	5.598375962746812
0.01750000007450581	24.643225537798507	5.11274653592921
0.0183333334280178	24.853811399781197	5.38196504599489
0.01916666678152978	25.078436319229432	5.203196589952594
0.02000000013504177	25.309300819773433	5.1739238284742735
0.02083333348855376	25.585402283261832	5.024429161344256
0.02166666684206575	25.789748564148756	4.6902786351679
0.02250000019557774	25.9379386151736	4.223932286051153
0.02333333354908973	26.084568770924555	3.6264798318424867
0.02416666672797874	26.193761440100808	3.6919132531800916
0.02499999990686774	26.27799578489386	3.592510464191182
0.02583333343500271	26.382508768248226	3.556321210800917
0.02666666661389172	26.530698819273077	3.8812370614232217
0.02750000014202669	26.669529498654295	4.144749580182663
0.0283333333209157	26.781841958378397	4.41175623605979
0.02916666684905067	26.905073685020117	4.582790347174905
0.03000000002793968	27.04390436440134	4.660020389719269
0.03083333338145167	27.190534520152234	4.620852991274697
0.03166666673496366	27.310646456246058	4.803646689129119
0.03250000008847565	27.42763860179206	5.059192319280104
0.03333333344198763	27.56334949062534	5.037471076326242
0.03416666679549962	27.670982264527606	4.998703150653759
0.03500000014901161	27.795773886443307	5.0782471062756525
0.0358333335025236	27.931484775276616	5.1716966215095335
0.03666666685603559	28.068755559383824	5.323948464649682
0.03833333338843659	28.28714089773624	5.4053871697580815
0.04000000009546056	28.514885607732403	5.563494760545153
0.04166666680248454	28.750429794098206	5.57819176656203
0.04333333350950852	28.956335970259083	5.926631575444692
0.04500000004190952	29.202799423542558	6.07189147732766
0.04666666674893349	29.407145704429475	6.214565017670447
0.04833333345595747	29.64892947189112	6.44080618225038
0.05000000016298145	29.86419501969561	6.496550110543974
0.05166666687000543	30.07790067222623	6.692368095047726
0.05333333322778344	30.280687057839256	6.761284954687118
0.05499999993480742	30.495952605643758	6.839814275149764
0.0566666666418314	30.70965825817436	6.936808907483724
0.05833333334885538	30.90464516741761	6.953721021919381
0.06000000005587935	31.09963207666087	7.089907651035933
0.06166666676290333	31.307098148095694	7.070410162245789
0.06333333346992731	31.498965266791025	7.127940400797204
0.06500000017695129	31.6705537469251	7.248244039485529
0.06666666670935228	31.859301075072537	7.39404011417416
0.06833333341637626	32.03088955520661	7.411167036703755
0.07000000012340024	32.21495719753222	7.4175815881432605
0.07166666683042422	32.397464944583916	7.540237725032763
0.0733333335374482	32.56749352944399	7.725375051636388
0.07583333342336118	32.840475202384575	7.848520440621102
0.07833333348389715	33.08225896984622	7.958043943982875
0.08083333354443312	33.336521899499395	8.08643261008204
0.08333333325572312	33.59390461970048	8.305949345042176
0.08583333349088207	33.82320922497053	8.336376364295155
0.08833333337679505	34.069672678254	8.527707576711004
0.09083333343733102	34.311456445715635	8.765448565851733
0.09333333349786699	34.5625995848209	8.883121436628223
0.09583333320915699	34.780984923173385	9.06026480986563
0.09833333344431594	35.01340931899133	9.214678754931304
0.1008333333302289	35.26455245809659	9.417740650582274
0.1033333333907649	35.49697685391456	9.461290133446045
0.1058333334513009	35.72784135445857	9.587093678515677
0.1083333335118368	35.941547006989175	9.864395031299571
0.1108333333977498	36.170851612259206	9.968606446393714
0.1141666668117978	36.4765910859526	10.090958509427805
0.1175000000512227	36.75737223526291	10.20344594071979
0.1208333334652707	37.05687212786054	10.4275049181407
0.1241666668793187	37.33453348662294	10.595336038572318
0.1274999999441207	37.62311411230291	10.705197874115008
0.1308333333581686	37.892975994695604	10.912746974368925
0.1341666667722166	38.169077458184034	11.015664996817062
0.1375000001862645	38.44673881694638	11.20528438069842
0.1408333334256895	38.715040804065104	11.348190087433151
0.1441666668397375	38.981782895909866	11.462431701985405
0.1475000000791624	39.2469650924807	11.6743493137207
0.1516666668467224	39.57454310000934	11.782111630829009
0.1558333332650363	39.89432163116826	12.001731956036252
0.1600000002072193	40.210980371779286	12.149391516867556
0.1641666668001562	40.53231879821216	12.244199712972115
0.1683333332184702	40.83025879553582	12.407255071994406
0.1725000001606531	41.148477431420794	12.571791691144933
0.1766666667535901	41.44173774292265	12.693539771232459
0.1808333335211501	41.74747721661609	12.790157252902288
0.185833333292976	42.08285470051447	12.902231548718254
0.190833333414048	42.44007071824812	13.038868847918215
0.1958333335351199	42.778567992694335	13.263843056321974
0.2008333334815688	43.10926579077091	13.348086927921397
0.2058333334280178	43.4337240077517	13.538144574112934
0.2108333335490897	43.75818222473244	13.750839690105519
0.2158333333209157	44.08108054643922	13.799084438498658
0.2208333334419876	44.4102184492419	13.940377034449943
0.2266666665673256	44.77367404807131	14.012444855542508
0.2325000000419095	45.12777027525697	14.250388977892428
0.2383333335164934	45.49902535045617	14.347231561473908
0.2441666666418314	45.83908252017636	14.442652941794078
0.2500000001164153	46.158861051335286	14.540372988354578
0.2558333334163763	46.49891822105553	14.642381206441762
0.2625000000698492	46.89669151591175	14.838218387650832
0.2691666665486991	47.26014711474116	14.897645484051504
0.2758333333767951	47.629842294666325	15.010062121853291
0.282500000204891	47.98705831239998	15.294908916836546
0.2891666668583639	48.338034749037796	15.375545475090203
0.2966666668653488	48.74204762498979	15.44886707588124
0.3041666666977108	49.13046154820236	15.61651386672012
0.3116666668793187	49.500156728127564	15.668342964101424
0.3191666667116806	49.89169044188802	15.826146815019138
0.3266666667186655	50.25358614544347	15.920066539741594
0.3350000000791624	50.66071881194335	15.968390527168237
0.3433333332650363	51.056932211525606	16.099152550689602
0.3516666668001562	51.43130707727267	16.18175252268805
0.3600000001606531	51.819721000485266	16.229967409277528
0.3683333335211501	52.18629638986254	16.363927424943167
0.377500000060536	52.58562957999269	16.466782071359287
0.3866666667745449	52.989642455944725	16.54528906788389
0.3958333334885538	53.36401732169174	16.663103255778747
0.4050000000279397	53.75243124490433	16.7297291803767
0.4150000000954606	54.16580349249999	16.86074754171049
0.4250000001629815	54.57449605427383	16.91436281689943
0.4350000000558794	54.96758966330816	17.00387870557892
0.4458333333022893	55.38096191090383	17.14562642849106
0.4566666665486991	55.79589405377353	17.160699659420594
0.467500000144355	56.20146682499947	17.24330848997825
0.4783333333907649	56.58520106239018	17.298397185823518
0.4899999999906868	57.01261236745136	17.350019789123728
0.5016666667652316	57.42130492922519	17.425306596177105
0.5133333335397765	57.81439853825959	17.505287417178792
0.5258333334932104	58.24180984332081	17.535174969487855
0.5383333334466442	58.658301881464375	17.66302300550119
0.5508333334000781	59.057635071594525	17.681052170295178
0.564166666707024	59.47724690028598	17.798537942400266
0.5775000001885928	59.89997851952537	17.916379404405035
0.5908333333209157	60.30087160492945	17.961176260773094
0.6049999999813735	60.72828290999067	18.044487480955052
0.6191666666418314	61.143215052860306	18.14137952150263
0.6341666668304242	61.58622531066092	18.19487942585415
0.6491666666697711	62.01363661572215	18.288457031680174
0.6641666668583639	62.430128653865715	18.365115048836973
0.6800000000512227	62.866899330570604	18.374060104226515
0.6958333334187046	63.289630949809926	18.4905181072743
0.7125000001396984	63.71704225487116	18.505949217875933
0.7291666668606922	64.15693272212391	18.578340651382618
0.746666666585952	64.59214350355482	18.633323993087114
0.7641666666604578	65.01175533224632	18.593546353752735
0.7825000000884756	65.46412496169067	18.643032538926104
0.8008333335164934	65.89621595257368	18.696713070273045
0.8200000001234002	66.3454657914701	18.67647467166709
0.839166666730307	66.7791166776271	18.761329978158
0.8591666668653488	67.20652798268834	18.82244438925494
0.8791666666511446	67.64017886884527	18.775725552445248
0.9000000001396984	68.07538965027616	18.842225488521997
0.9208333334536292	68.5059207458853	18.815598151342567
0.9425000001210719	68.95205079423386	18.790340283243058
0.9650000001420267	69.39350115676058	18.943366788082038
0.9875000001629815	69.82247235709569	18.947617322067885
1.010833333537448	70.27328209126607	18.992768605809953
1.034166666737292	70.70069339632728	18.991822584809604
1.058333333465271	71.12810470138847	18.946423940033718
1.083333333546761	71.5867139119286	19.00614670343124
1.108333333453629	72.01724500753768	19.10999342124459
1.134166666539386	72.45557557951648	18.970749880523233
1.160833333502524	72.8923462562214	18.967605396113267
1.188333333469927	73.33067682820017	19.047101947971235
1.215833333437331	73.7721271907269	18.98145054723476
1.244166666758247	74.22449682017127	18.9933185767895
1.273333333432674	74.63942896304088	19.045673974601645
1.303333333460614	75.07463974447174	18.994747037133248
1.334166666842066	75.52544947864217	18.981220104752918
1.365000000048894	75.95910036479917	18.888618427512856
1.396666666783858	76.39431114623008	18.863057058988453
1.429166666697711	76.84356098512652	18.895856412816862
1.462500000139698	77.2647327090919	18.932964335848382
1.496666666585952	77.69370390942707	18.938610296878394
1.531666666734964	78.11799542394039	18.91034142893547
1.567499999888241	78.56568536756289	18.872939977491693
1.604166666744277	78.98685709152828	18.832587577680158
1.641666666604579	79.42674755878109	18.930203876021945
1.680000000167638	79.8728776071296	18.981782173025568
1.719166666734964	80.30340870273872	18.992497515449397
1.759166666830424	80.73082000779988	18.945360531368497
1.800000000104774	81.1691505797787	18.939622666927367
1.841666666558012	81.60904104703145	18.990545024612388
1.884166666539386	82.04425182846235	18.982461414119022
1.928333333227783	82.4716631335236	18.94149046822231
1.973333333444316	82.90687391495455	18.976599784151464
2.019166666839737	83.3233659530981	18.927527367666343
2.065833333414048	83.76949600144665	18.947863191835648
2.114166666870005	84.21406615452122	18.933300612442835
2.163333333330229	84.63367798321269	19.010803158650972
2.21333333349321	85.06576897409572	18.984507698615698
2.265000000188593	85.49474017443089	19.02042208543708
2.317499999888241	85.93931032750547	18.961227538342914
2.371666666818783	86.37608100421032	18.99678888271848
2.42666666675359	86.8159714714631	19.039368896703674
2.483333333395422	87.24494267179823	19.002066628323995
2.540833333390765	87.66767429103764	19.0877316065656
2.600000000093132	88.1028850724686	19.042840254889246
2.660000000149012	88.54901512081709	19.036206177003734
2.721666666737292	88.9764264258783	19.046822619982265
2.785000000207219	89.40227783566554	18.993391901349433
2.850000000209548	89.84996777928808	19.06709308948904
2.915833333390765	90.28205877017103	19.077114104818595
2.983333333453629	90.71258986578015	19.00971856695969
3.052500000048894	91.15404022830685	19.11082743457758
3.123333333525807	91.56741247590259	19.21578218365552
3.19583333353512	92.00730294315531	19.04830432106665
3.270000000076834	92.44251372458626	19.06690835346963
3.345833333500195	92.87460471546925	19.075054684689928
3.423333333455958	93.32385455436575	19.113224990528547
3.502499999944121	93.76998460271423	19.23864413044296
3.583333333488554	94.17399747866622	19.153764924014517
3.666666666744277	94.61232805064512	19.128936913551932
3.751666666707024	95.04441904152813	19.229890468987982
3.838333333376795	95.49210898515061	19.205557103240256
3.927500000107102	95.93355934767733	19.173880130458564
4.018333333544433	96.35161128109483	19.260722764294037
4.111666666867677	96.78058248143005	19.242595752568025
4.206666666548699	97.23295211087436	19.271409591400392
4.304166666814126	97.67596236867494	19.203789353115607
4.404166666790843	98.11585283592777	19.112608504904667
4.505833333474584	98.53858445516711	19.20816564147317
4.609999999869615	98.96911555077625	19.252108910698603
4.716666666849051	99.40588622748105	19.158662685496534
4.825833333539777	99.8379772183641	19.124017039522574
4.937500000116415	100.25602915178153	19.112989946175507
5.05166666675359	100.69435972376047	19.193704264883237
5.168333333451301	101.12957050519145	19.228956792611662
5.288333333388437	101.56166149607438	19.185663484010767
5.410833333386108	101.99531238223139	19.18819371344942
5.535833333444316	102.42896326838839	19.282688155629852
5.664166666567326	102.87041363091515	19.249973508429402
5.794999999925494	103.30718430761996	19.200877316278255
5.929166666697711	103.73303571740722	19.197708340980018
6.066666666709352	104.16512670829016	19.21256091912931
6.20666666678153	104.60189738499513	19.19385777092791
6.350000000093132	105.03086858533025	19.22090713974205
6.496666666818783	105.4536002045696	19.15510963274705
6.646666666783858	105.88101150963075	19.2702678447859
6.800000000162982	106.31466239578776	19.20455706819419
6.957500000135042	106.74363359612295	19.13709078415182
7.11833333352115	107.18820374919757	19.139121927814585
7.28249999997206	107.60781557788899	19.23967934060012
7.450833333539777	108.0570654167854	19.2632244256958
7.623333333525807	108.47199755965502	19.22401598631807
7.799166666576639	108.89160938834654	19.251245241848533
7.979166666744277	109.3190206934077	19.201895994709698
8.163333333330229	109.76203095120839	19.214199757334757
8.351666666858364	110.1925620468174	19.089875531143992
8.545000000158325	110.61685356133074	19.107339441473272
8.742500000051223	111.0489445522138	19.117965648939794
8.94416666671168	111.47947564782294	19.159363742161958
9.15083333349321	111.90064737178841	19.154276361418297
9.362500000046566	112.32025920047978	19.123307537508115
9.579166666720994	112.73675123862331	18.990613548707227
9.800833333516493	113.1579229625888	18.944770548220568
10.02750000008382	113.59313374401972	18.88722204892604
10.25916666677222	114.03302421127246	18.97370518468617
10.49583333340706	114.45419593523776	18.923657562613535
10.73833333351649	114.84572964899827	18.95491233579651
10.98666666657664	115.26534147768969	18.90553174831553
11.24083333346061	115.68183351583336	18.96561493866175
11.50083333346993	116.12016408781223	18.938188839650028
11.76666666660458	116.52573685903805	18.6895480165047
12.03833333338844	116.9453486877297	18.78299955892877
12.31666666665115	117.35248135422951	18.96992297845499
12.60083333338844	117.7970515073041	19.07625855183866
12.89166666660458	118.22758260291326	18.92563130079518
13.18916666682344	118.59103820174269	18.99550955953677
13.49333333352115	118.99973076351651	19.037352562055123
13.80500000005122	119.4567800787826	19.096848989461893
14.1241666667629	119.89355075548757	18.9965188221779
14.44999999995343	120.29444384089159	19.175517578646993
14.7833333335002	120.71093587903512	19.58788556557564
15.12500000005821	121.13678728882239	19.546100757880993
15.47416666662321	121.55327932696596	19.286327995277823
15.8316666665487	121.9728911556574	19.33862035544316
16.19750000000931	122.43929984256728	19.444510394957817
16.57166666683042	122.89010957673764	19.40260955964839
16.95416666683741	123.28632297632001	19.330667218747006
17.34583333320916	123.68253637590233	19.122624672814514
17.74583333346527	124.12554663370291	19.134430743581593
18.15583333326504	124.54671835766833	18.877676963766415
18.57499999995343	124.95073123362036	18.417381935646585
19.00416666670935	125.35630400484635	18.06031474793073
19.44250000017928	125.72287939422363	18.337315055018724
19.89166666672099	126.14093132764104	18.28446066370333
20.35083333333023	126.54650409886716	18.53530141778629
20.82083333353512	126.89280084968294	18.321239105908578
21.3016666668118	127.20789969502012	18.396145130316903
21.79333333350951	127.6587094291906	19.040892877673702
22.29666666663252	128.08612073425184	19.178069970804984
22.81083333352581	128.55564921170944	19.499238801585015
23.33750000019791	128.90818554362122	19.490111834036615
23.87583333346993	129.32311768649086	20.3264937016863
24.42666666687001	129.8238440694275	19.882054761617304
24.99000000004889	130.2652944319542	20.183814913269384
25.56666666670935	130.734822909412	20.225738245160752
26.15666666685138	131.07332018385821	20.399580523796747
26.76000000012573	131.56156740460335	20.45395534000385
27.37750000006054	131.9125438412412	20.14225256577208
28.00916666683042	132.39767127143847	19.902307679433456
28.65583333326504	132.870319539444	19.80140141121334
29.31666666670935	133.25249388156072	20.174266762542228
29.99333333352115	133.6736656055262	19.832482248087665
30.6850000001723	134.09951701531347	19.92026921125433
31.39333333354443	134.48481114797812	19.627406663039544
32.11749999993481	134.92626151050487	19.232149626655698
32.85833333339542	135.33651396755266	19.451566334653883
33.61666666675592	135.74520652932648	19.233386603366874
34.39250000019092	136.10866212815577	19.154756273610765
35.18583333352581	136.5235942710254	19.236488498729077
35.99750000011409	136.90576861314227	19.06037244077584
36.8283333334839	137.3269403371077	19.044902599234092
37.67833333346061	137.6950756217589	19.005513810879982
38.54749999986962	138.09596870716308	19.27990891829872
39.4366666667629	138.4906222114714	19.094458307933017
40.3466666667955	138.88683561105367	19.027422579243794
41.27750000014203	139.28616880118383	18.743083399487023
42.22999999998137	139.67770251494423	18.930962816973288
43.20416666683741	140.08951486726596	19.407868403770053
44.20083333353978	140.45765015191728	19.62919204551389
45.22083333344199	140.81798596019877	19.660120543858977
46.26416666671867	141.17208218738443	19.786137386090644
47.3316666665487	141.56985548224065	20.08028911933658
48.42333333345596	142.0581027029858	19.96680895408496
49.54000000009546	142.48707390332098	20.097296389362405
50.68250000016997	142.87860761708146	20.261111784984635
51.85166666685836	143.29197986467713	20.444188374048117
53.04750000016065	143.7318703319297	20.603392824083002
54.27083333325572	144.1124847787727	20.06824660844089
55.52250000019558	144.50557838780705	19.867821359308092
56.80333333346061	144.8971121015675	19.43732948721338
58.11333333340008	145.27304686258847	19.633508543497634
59.45416666672099	145.63650246141788	19.622658580178598
60.82583333342336	146.04363512791775	19.46044139146729
62.22916666686069	146.42112978421264	19.64703914058803
63.66416666685836	146.78458538304207	19.642495669169595
65.1325000001234	147.0981243331052	19.8201686945047
66.63500000000931	147.52085595234462	19.93479470017269
68.17166666686535	147.9155094566529	20.11279347314706
69.74416666687466	148.30236348459147	20.25827381461475
71.35250000003725	148.71105604636548	19.716645681376104
72.99833333340939	149.08699080738634	20.31084285825887