0.1439461838340321	0.08178187982637242	0.2670655166976428
0.2272791838338435	0.24534563947912505	0.3009679204505408
0.3106121838338822	0.3271275193055052	0.30861005062271946
0.3939461838338048	0.4089093991318854	0.3660386528174534
0.4772791838338435	0.4825130909756199	0.7279888932050913
0.5606121838338822	0.6460768506283802	0.7876288839291541
0.6439461838338048	0.7278587304547526	0.5020747423820416
0.7272791838336161	0.809640610281125	0.720412732506869
0.8106121838336549	0.809640610281125	0.8837755706656375
0.8939461838340321	0.9732043699338856	0.6211553554969057
0.9772791838338435	1.054986249760266	0.8540887646193354
1.060612183833882	1.054986249760266	0.7952140289230867
1.143946183833805	1.1285899416040004	1.1854654969006138
1.227279183833844	1.21037182143038	1.5263034137406688
1.310612183833882	1.3739355810831326	1.4253816787164197
1.393946183833805	1.4557174609095056	1.5206340789368358
1.477279183833616	1.5374993407358857	1.3760374824728583
1.560612183833655	1.5374993407358857	1.294413621424058
1.643946183834032	1.6192812205622655	1.049778051008924
1.727279183833844	1.7010631003886376	1.4277474974465083
1.810612183833882	1.7746667922323804	1.4205670591271833
1.893946183833805	1.7746667922323804	1.5694181087266037
1.977279183833844	1.9382305518851328	1.673205190309338
2.060612183833882	1.9382305518851328	1.4387272921862886
2.143946183833805	2.020012431711513	2.087176293274406
2.227279183833616	2.101794311537885	1.8499415320595496
2.310612183833655	2.1835761913642657	1.6766413583773292
2.393946183834032	2.1835761913642657	1.7369375812552186
2.477279183833844	2.3389617630343804	1.7233011631548996
2.560612183833882	2.3389617630343804	1.9293377293963918
2.643946183833805	2.4207436428607525	1.9913547456949494
2.727279183833844	2.4207436428607525	2.0533907675985645
2.810612183833882	2.502525522687133	1.5272334415958326
2.893946183833805	2.584307402513513	1.7132389138008115
2.977279183833616	2.6660892823398927	2.014930532739881
3.060612183833655	2.747871162166266	2.0379193328072023
3.143946183834032	2.747871162166266	2.445616859350374
3.227279183833844	2.747871162166266	2.0686063722786208
3.310612183833882	2.8296530419926382	2.045317685184099
3.393946183833805	2.9114349218190183	1.9397975062236485
3.477279183833844	2.98503861366276	1.8467907660425422
3.560612183833882	3.066820493489141	2.628624545224979
3.643946183833805	3.066820493489141	2.7123226451273545
3.810612183833655	3.148602373315513	2.612126744009522
3.977279183833844	3.230384253141893	2.676426842036486
4.143946183833805	3.4757298926210263	2.9594735059303736
4.310612183833882	3.4757298926210263	2.6314316664683117
4.477279183833616	3.631115464291141	2.9763153875548616
4.643946183834032	3.7946792239438936	3.005583233966423
4.810612183833882	3.876461103770266	2.9101813045216747
4.977279183833844	3.876461103770266	3.0106893549454155
5.143946183833805	4.040024863423026	3.084977051026553
5.310612183833655	4.121806743249406	2.8665622504876302
5.477279183833844	4.277192314919522	3.27981437277212
5.643946183833805	4.277192314919522	3.635624220316697
5.810612183833882	4.440756074572273	3.6349527558715917
5.977279183833616	4.522537954398646	3.485941634273752
6.143946183834032	4.604319834225027	3.582898538184161
6.310612183833882	4.767883593877778	3.3538074340768205
6.477279183833844	4.841487285721521	3.9025206539772657
6.643946183833805	4.923269165547895	3.6840132150005953
6.810612183833655	5.005051045374273	3.9203600723185152
6.977279183833844	5.086832925200653	4.132454884711549
7.143946183833805	5.168614805027026	3.717168245261949
7.310612183833882	5.332178564679778	3.815603003946186
7.560612183833655	5.405782256523521	4.200578529936616
7.810612183833882	5.569346016176274	4.252547515472412
8.060612183833882	5.732909775829033	4.502605232110261
8.310612183833655	5.814691655655407	4.472052960733793
8.560612183833882	5.978255415308159	4.409703122492754
8.810612183833882	6.0518591071519	4.928160124468462
9.060612183833655	6.215422866804653	4.72614745096989
9.310612183833882	6.378986626457406	4.507683624418096
9.560612183833882	6.542550386110167	4.85120329563787
9.810612183833655	6.542550386110167	4.751074092868538
10.06061218383388	6.779717837606662	5.027458749441331
10.31061218383388	6.861499717433034	5.362654821539827
10.56061218383366	6.943281597259405	5.000879048050611
10.81061218383388	7.1068453569121655	5.144973858737805
11.06061218383388	7.188627236738546	5.120620313307962
11.39394618383403	7.344012808408662	5.2390589750362135
11.72755718383382	7.589358447887788	5.608988623150086
12.06089018383364	7.671140327714167	5.918977962546031
12.3942231838339	7.834704087366919	5.907058123635878
12.72755718383382	7.990089659037032	5.954024420832687
13.06089018383386	8.153653418689794	6.266703653350499
13.3942231838339	8.317217178342549	5.980474009953044
13.72755718383405	8.480780937995304	6.382258778074181
14.06089018383386	8.636166509665413	6.723713817772191
14.39422318383367	8.799730269318173	6.388487662072719
14.72755718383382	8.881512149144543	6.467709050121737
15.14422318383367	9.118679600641048	6.798904987635299
15.56089018383386	9.282243360293798	6.812667765141002
15.97755718383405	9.52758899977293	6.88888611640571
16.3942231838339	9.6093708795993	6.999496555305133
16.81089018383386	9.764756451269417	7.489484296125651
17.22755718383382	10.010102090748552	7.3259549492649
17.6442231838339	10.173665850401303	7.400732208849812
18.06089018383364	10.410833301897803	7.402333054145944
18.47755718383382	10.492615181724167	7.93904197455485
18.97755718383405	10.737960821203307	8.078888775301474
19.47755718383382	10.975128272699807	8.33319258255305
19.97755718383382	11.138692032352562	8.311309104616715
20.47755718383405	11.302255792005308	8.234567054822922
20.97755718383382	11.62120512332818	8.953666671956828
21.47755718383382	11.784768882980929	9.076918688679177
21.97755718383405	11.948332642633678	8.896950495613664
22.56089018383364	12.185500094130187	8.625991774290775
23.1442231838339	12.43084573360932	9.199457957898858
23.72755718383382	12.676191373088434	10.029524320006896
24.31089018383386	12.913358824584936	9.503573338416901
24.89450118383365	13.158704464064067	9.793309084613222
25.47783418383392	13.322268223716828	10.061650579558513
26.14450118383388	13.477653795386948	10.433238450531496
26.81116818383384	13.804781314692459	10.43706495390004
27.47783418383392	14.205512525841687	10.747014464103165
28.14450118383388	14.369076285494454	10.79927255198511
28.81116818383384	14.614421924973584	11.135215739235866
29.47783418383369	14.851589376470065	11.318016725912907
30.22783418383369	15.178716895775587	12.280948184312367
30.97783418383369	15.415884347272087	12.335348237102819
31.72783418383369	15.743011866577586	11.85214738831814
32.47783418383369	15.980179318074086	12.36551103852858
33.22783418383369	16.307306837379585	12.622138466889908
34.06116818383384	16.54447428887609	12.903022821801219
34.89450118383388	16.953383688007968	12.997484650265514
35.72783418383392	17.27233301933084	13.583180403003333
36.56116818383384	17.517678658809967	13.838678920154436
37.4781121838339	17.83662799013283	14.186132033500014
38.39477918383363	18.163755509438356	14.182198987259936
39.31144618383405	18.482704840761237	14.525071515712044
40.2281121838339	18.80983236006672	14.524341426091981
41.2281121838339	19.21056357121597	14.600994521888175
42.22811218383367	19.611294782365235	15.098073791665984
43.2281121838339	19.938422301670734	15.459465912021813
44.2281121838339	20.257371632993596	15.223855126809097
45.31144618383405	20.58449915229911	15.79507929271448
46.39477918383386	20.98523036344836	15.77065029308428
47.47811218383367	21.312357882753854	15.860153281365534
48.64477918383386	21.713089093903115	15.867678092659537
49.81144618383405	22.113820305052354	16.17227422508115
50.97839018383388	22.359165944531476	16.484541542867074
52.22839018383388	22.841679035507113	17.08318282897095
53.47839018383365	23.16880655481263	17.46071660825304
54.72839018383388	23.56953776596186	17.668989266097324
56.06172318383392	23.97026897711111	18.036923451758547
57.39505718383384	24.37917837624301	18.101934194916126
58.72839018383365	24.77990958739225	19.273630248568075
60.14505718383362	25.262422678367876	19.36844624389125
61.56172318383392	25.753113957326153	19.635283104069007
63.06172318383392	26.153845168475392	19.959408981294963
64.5620011838339	26.636358259451	20.897673260823364
66.0620011838339	27.037089470600275	21.199594221753802
67.64533418383394	27.609562629384893	21.487896610168256
69.22866818383363	28.092075720360537	21.85228428312534
70.89533418383371	28.492806931509772	22.119226009742828
72.5620011838339	28.975320022485423	22.503612085256695
74.3120011838339	29.62139687311377	22.82225006890605
76.06227918383365	30.103909964089407	23.753055521248424
77.89561218383392	30.594601243047663	23.464186832934463
79.72894618383361	31.158896213849683	24.11880711333028
81.64561218383392	31.723191184651665	24.791130617799986
83.56227918383365	32.205704275627305	25.485651001829215
85.56227918383388	32.7699992464293	25.280300489739584
87.56227918383388	33.41607609705766	25.892966336376023
89.64589018383367	33.89858918803329	26.61298161502666
91.72922318383394	34.54466603866169	26.950185199584286
93.8958901838339	35.10896100946368	27.324583727667825
96.06255718383386	35.755037860092045	28.31466035206012
98.31255718383386	36.31933283089404	28.715497074711866
100.6458901838339	36.96540968152244	29.05368437858885
102.9795011838339	37.61148653215083	30.018055910926304
105.3961681838337	38.25756338277919	30.06705391499413
107.8961681838339	38.903640233407565	31.055177728748518
110.3961681838339	39.63149896386233	31.359975592349556
112.9795011838337	40.27757581449071	32.009099917404896
115.6464461838339	41.00543454494547	32.44806461190842
118.3964461838339	41.73329327540021	33.110825738270655
121.1464461838336	42.37937012602858	33.502746157844314
123.9797791838339	43.18083254832709	34.224606265640254
126.8964461838339	43.90869127878185	34.25734158445731
129.896723183834	44.63655000923661	34.92002195614444
132.896723183834	45.36440873969137	35.31232191303193
135.9800571838339	46.16587116198987	35.72143142340198
139.146723183834	46.893729892444604	36.68588487927149
142.3970011838337	47.703370502725754	36.77557590835108
145.730334183834	48.43122923318048	37.50379501165872
149.1470011838337	49.232691655478995	38.22142955396209
152.6470011838339	50.042332265760145	38.59096204454283
156.230612183834	50.85197287604125	39.02281555163535
159.8972791838339	51.73521717816612	40.055464868918904
163.6472791838339	52.54485778844728	40.4736824610981
167.4808901838339	53.43628027855478	41.25435048950546
171.3975571838339	54.31952458067964	41.70069070726012
175.3975571838337	55.129165190960755	42.117616893499054
179.4811681838339	56.02058768106829	42.99095514697279
183.647834183834	56.98561386301955	43.45990263411929
187.897834183834	57.8688581651444	44.47906128473803
192.2311681838339	58.76028065525196	44.832602868794716
196.7314461838339	59.65170314535944	45.50430472341398
201.3147791838339	60.53494744748432	46.26852635794597
205.981723183834	61.58175550926195	47.06011976370975
210.731723183834	62.47317799936947	47.79056306836886
215.648390183834	63.43820418132069	47.916262931743354
220.6486681838335	64.493190431081	48.87056717872977
225.815334183834	65.45821661303216	49.55114882182349
231.065334183834	66.5050246748098	50.27927428646727
236.3989461838339	67.47822904474374	51.286015417291345
241.8989461838339	68.52503710652137	51.44731131701607
247.482279183834	69.58002335628161	52.421465882803425
253.2325571838339	70.54504953823285	52.92324336732237
259.149223183834	71.6736394798369	53.336683613476424
265.1495011838335	72.72044754161453	54.11045187042107
271.316168183834	73.7754337913748	54.57668978528143
277.649779183834	74.90402373297879	55.277399136769574
284.0664461838339	75.95083179475638	55.75955691519032
290.649779183834	77.07942173636043	58.77569420781639
297.4000571838335	78.13440798612064	60.24381651841127
304.3167231838336	79.26299792772467	60.79000057174695
311.4003341838341	80.39158786932865	61.152757981427875
318.6503341838336	81.52017781093268	57.03099887872548
326.0672791838335	82.64876775253667	62.382346868888476
333.6508901838336	83.77735769414066	63.211504586769834
345.1258901838339	86.20627952498414	64.83327305997334
355.1261681838334	87.73560067773737	65.10774689479585
365.1264461838339	89.10953625882053	62.43485916898828
374.1195011838338	89.10953625882053	67.03031686286108
385.126723183834	91.93101111283052	64.38095357869847
395.1270011838335	93.30494669391368	68.89036603585829
405.1272791838339	94.6788822749968	63.95834326047142
415.1275571838339	95.88925409642715	67.56551767957497
427.4786681838339	96.61711282688186	68.23641593090834
440.128112183834	99.11963834956902	74.5936570463981
458.4889461838341	100.41179205082577	71.85649232409936
470.128668183834	102.8325356936866	71.99384925026999
483.4442231838341	103.47861254431498	69.2116078425043
495.129223183834	105.73579242752297	71.59602496825575
510.129501183834	107.428677339929	75.95546276402172
525.130057183834	109.0479585604912	73.59554661562152
540.1303341838341	110.74084347289728	78.35069680012212
555.130612183834	112.35194650547682	75.02461367206513
569.0564461838178	112.76085590460877	79.32238570073397
585.1311681838176	114.85447202816401	76.86547509369157
600.1314461838176	116.39197136889986	77.70969996465645
615.1320011838172	117.76590694998306	78.36566206300287
630.1322791838177	119.21344622290991	77.67822669691283
645.1325571838172	120.58738180399301	77.8485290559977
660.1328341838177	121.96131738507617	78.04770174313107
680.1333901838177	123.73598417730861	81.20819788525858
700.1336681838177	125.51065096954088	78.52285539992596
720.1342231838178	127.12175400212062	76.48273564378617
740.1347791838173	128.74103522268283	67.45532815507909