0.01000000000021828	8.021202499731034	6.665298259182
0.02000000000043656	15.475855155841286	14.844124008075498
0.03000000000065484	22.464657289633134	20.53069966924387
0.04000000000087312	29.043525956951594	25.660734760717475
0.05000000000109139	35.25305163264693	30.23926042851196
0.06000000000130967	41.12585699865636	34.315599070936194
0.07000000000152795	46.69019837175725	37.92742377652075
0.08000000000174623	51.96679349586034	41.129487943057455
0.09000000000196451	56.97917750441348	43.954056473061485
0.1009816608893743	62.19735976356032	46.66722892610894
0.1133032870638999	67.72526112452599	49.273278121294
0.1271283790192683	73.54361093382049	51.71605095193966
0.1426403873247182	79.63409834431575	53.92576816512816
0.1600451469075779	85.96138576698701	55.83684939230205
0.1795736083513475	92.4920621828014	57.38050867235444
0.2014849024762953	99.17495076970535	58.49249996865305
0.2260697788424295	105.9618463424807	59.1231557318131
0.2536544638205669	112.79013373759562	59.2258121584174
0.2846049894233147	119.60086048096069	58.78976139377465
0.3193320503196446	126.32894276704431	57.80334100020123
0.3582964535089559	132.91273877035238	56.30710893672152
0.4020152329485427	139.29650019465944	54.33520666781054
0.4510685102795833	145.42644211539127	51.97501013686918
0.5061071926884324	151.26693317612052	49.303105036373886
0.5678616100522049	156.78181965395237	46.43051817405863
0.6371512059686211	161.96103554587023	43.457082237256
0.7148954112781212	166.79141406638303	40.48477922120828
0.8021258443495753	171.28637511073066	37.60883866189732
0.900000000032378	175.4546828320449	34.89566999743367
1.009816608908295	179.3250546749841	32.41200378456593
1.13303287065537	182.921627146597	30.179891890342844
1.271283790205416	186.27820252801783	28.22759726605647
1.426403873265372	189.4254341734015	26.541881244267156
1.60045146909215	192.39408274920876	25.11780992483065
1.795736083535303	195.2136747106075	23.92451135829974
2.014849024782961	197.90786773032815	22.937824751625705
2.260697788438847	200.50063309923718	22.125051705043347
2.536544638227497	203.00810411313878	21.45693588760351
2.846049894251337	205.44752236440073	20.907617877894445
3.193320503214636	207.82907159273802	20.45178613175828
3.582964535107749	210.16417149192515	20.072365703396915
4.020152329499979	212.45907996274929	19.751247927108878
4.510685102803109	214.72105381875113	19.47843022897059
5.061071926889781	216.95405521439716	19.242486025650877
5.67861610052023	219.16271800800556	19.037895870363016
6.371512059680754	221.34974272310882	18.857965954407828
7.148954112768479	223.51823176207407	18.699599326577452
8.02125844348484	225.6701835826169	18.558938069034262
9.000000000314685	227.80782387424784	18.434070965052243
10.09816608907022	229.93272355120888	18.322664763476233
11.33032870654279	232.04658411410333	18.22338177283617
12.71283790204871	234.15068205941708	18.134670732082636
14.26403873264826	236.2463756657062	18.05550304973497
16.00451469090876	238.3347186325891	17.984746460257988
17.95736083534575	240.41682262242608	17.921578723718074
20.14849024781688	242.49356565328085	17.865120181363388
22.60697788437392	244.56587002961388	17.814709143784782
25.36544638226405	246.63447352255523	17.769648210408665
28.46049894250791	248.70014881037764	17.729404338082354
31.93320503213545	250.76351999112578	17.693419117242986
35.82964535106476	252.82523811208247	17.661270191561382
40.20152329498887	254.88583398051807	17.632511878521115
45.10685102802745	256.94585646849947	17.6068068802878
50.61071926889599	259.00575450606846	17.583801221855424
56.78616100519685	261.06598559537105	17.563227515865925
63.71512059679299	263.1269199122157	17.54480749106972
71.48954112767751	265.1889246452405	17.528334195419774
80.21258443483384	267.2522845552733	17.513585422306118
90.00000000313776	269.31726359345043	17.500392072274003
100.9816608906967	271.3840377572812	17.48857789389433
113.3032870654242	273.4527390408467	17.478009227310373
127.1283790204798	275.5233954536185	17.46854952828912
142.6403873264735	277.59596009609993	17.460094024268084
160.045146909084	279.67025472891675	17.452527124604444
179.5736083534612	281.7459849821747	17.445759380663834
201.4849024781761	283.8226892708512	17.43970494390982
226.0697788437446	285.89974673905715	17.434297219786814