0.04665148130607122	13.287652410906329	10.208043281156149
0.07998548130763083	19.074837658725695	11.260468704082614
0.1133184813070329	23.11585076253754	13.730277940161974
0.146651481306435	27.062678211321607	16.714544074784946
0.1799854813061756	30.714988611844113	19.98160673177919
0.2133184813073967	34.96081814008153	21.514454148803097
0.2466514813077083	38.05249964162902	18.09974580052876
0.2799854813074489	40.897504427627545	13.807948298468979
0.313318481306851	41.44019320183534	12.296998281714442
0.3469294813075976	42.501650583894694	7.642736144241576
0.5135964813061946	45.61426223100393	8.390603836806829
0.6799854813070851	48.06009924093221	9.42931468690883
0.8466514813071626	50.24879446253066	10.10015844089638
1.013318481307579	52.26406847804615	10.289784374075177
1.513318481306669	56.288636467488104	11.139257504310434
2.013596481306195	59.69277514206433	11.459964178927404
2.513318481307579	62.152067245567984	9.083957279490333
3.013318481306669	62.69625103017312	9.123737236324542
3.513596481306195	64.17332130267255	8.86074882823241
4.013596481306195	65.6488965647748	14.434084377571493
4.513596481307104	66.91816039205422	13.514478429542107
5.013596481306195	69.56731881601075	15.081508174783217
5.513318481307579	70.69007162435811	13.108080968735862
6.013318481306669	71.62445312264974	13.592267929142151
7.013596481306195	73.33175499632836	10.686734222897524
8.01331848130667	74.70716456181364	10.14179398091801
9.013596481307104	75.92709304598333	10.474917238833251
10.01331848130758	76.85549450268586	10.764759784756043
11.0135964813062	78.0559878516911	10.95662690079466
12.0135964813071	78.96345916283195	10.737240594520337
13.0135964813062	80.00548140972687	10.621583473785682
14.0135964813062	80.75896664994922	10.718235141491203
15.0135964813071	81.37192091282853	10.776479326001551
16.0135964813062	81.96544004054343	10.358739038530688
17.01331848130667	82.71145022877953	10.702830030409151
18.01359648132075	83.29749430450805	11.118301500118486
19.01331848132122	83.88802341142835	10.38498113718752
20.01331848132031	84.47107746636235	8.56757545977666
21.01359648132075	85.05263651089912	11.768637412176865
22.01331848132122	85.50711967166819	11.979905669106804
23.01359648132075	86.2336947247398	12.03552000083929
24.01359648132075	86.22472466235625	12.66882378276701
25.01359648131984	85.76575647039537	12.63942674345732
26.01359648132075	87.68086478929403	12.90023708107909
27.01359648132075	88.11441780450139	12.758469717117014
28.01331848132122	88.57039597566768	13.232042024037941
29.01331848132031	88.99647393888871	12.472459545042486
30.01331848132122	89.57653797302814	13.566778722043637
31.01331848132122	89.856104917317	15.779346046341148
32.01331848132031	90.43616895145647	12.74261399985176
33.01359648132075	90.57669992879953	12.541757567396967
34.01331848132122	91.01025294400691	12.621684998160061
35.01359648132075	91.58284192616003	12.21051592029463
36.01331848132122	91.75775814264024	12.043512640591661
39.01331848132122	92.6173891210686	12.442950679755272
42.01331848132122	93.63549120160712	12.9204424354814
45.01359648132075	94.21854525654125	12.312582398523693
48.01359648132075	95.22020222270991	13.177458825820056
51.01359648132075	96.22335419927585	12.951949391255013
54.01359648132075	96.93946417956658	12.922744012924714
57.01359648132075	97.36703715318485	13.667118673932272
60.01359648132075	98.22517312121589	12.755839806228655
63.01331848132122	98.8037421449581	12.395987401070895
66.01331848132122	99.3733411063168	12.308173027090238
69.01331848132122	99.95191013005889	12.592440431036115
72.01331848132122	100.53047915380114	13.125321951408303
75.01359648132075	100.81154110848733	12.403213241133557
78.01331848132122	101.39011013222948	8.789938411274006
81.01359648132075	101.81917811624497	9.58339632485175
84.01359648132075	102.24974111065785	13.003816432452993
87.01331848132122	102.81934007201646	13.092890181530295
90.01331848132122	103.24840805603196	13.244051269043448
93.01331848132122	103.52947001071816	14.034482862313967
96.01359648132075	102.46801262865877	17.35613857030971
99.01331848132122	104.38013092676289	14.597657741860086
102.0133184813212	103.30970348231992	26.635914505217933
105.0133184813212	105.23228685320483	15.50651493027734
108.0135964813208	105.6538797852341	16.125662956852718
111.0133184813212	106.09042282123598	14.676070728170641