0.002777777728624642	0.18242507041664915	0.033524983076088546
0.005555555457249284	0.2056639328901202	0.06751389766136903
0.008333333185873926	0.24110319816212858	0.12249936020952144
0.01111111108912155	0.2835141221761992	0.16554771544139105
0.01388888864312321	0.32360115994291944	0.19298219873826156
0.01666666654637083	0.36078333990045985	0.20979459550749802
0.01944444444961846	0.39389871892512884	0.23487551343653457
0.0222222221782431	0.4275950695116602	0.2911629900682543
0.02499999990686774	0.46593919259284833	0.3486144509823655
0.02777777763549238	0.5048642872358988	0.3612270961585524
0.03055555553874001	0.5385606378224082	0.36923527032603454
0.03333333309274167	0.5681901874760791	0.3897353080055857
0.03611111099598929	0.6013055665007478	0.4289503818589347
0.03888888889923692	0.6338399739635989	0.4515809688520087
0.04166666662786156	0.6692792392356293	0.4912641459259177
0.0444444443564862	0.6971658742037791	0.528612635282971
0.04722222208511084	0.7326051394757985	0.5392084696716994
0.04999999998835847	0.7651395469386382	0.6126561352349801
0.05277777754236013	0.7959310397159787	0.614540476979056
0.05555555544560775	0.833113219673508	0.6282953667133413
0.05833333334885538	0.8615808262034981	0.6689682111972994
0.06111111107748002	0.8900484327334885	0.7015338733492928
0.06388888880610466	0.9179350677016385	0.7071356955239341
0.0666666665347293	0.9533743329736687	0.7147272292145848
0.06944444443797693	0.9864897119983376	0.7615004377916617
0.07222222199197859	1.0155382900901682	0.7851923650279355
0.07499999989522621	1.0405200672491275	0.7910362679213321
0.07777777779847383	1.0736354462738185	0.8081504262317797
0.08055555552709848	1.1003601381182877	0.8197153876747639
0.08333333325572312	1.1288277446482777	0.8721332033240836
0.08611111098434776	1.1596192374256182	0.8756036889562914
0.08888888888759539	1.1851819861464068	0.9120704420679301
0.09166666644159704	1.2130686211145565	0.9660704670343145
0.09444444434484467	1.2432791423300678	0.9601694142339187
0.0972222222480923	1.2705848057363769	0.9832693528372202
0.09999999997671694	1.3007953269518775	1.015254199805668
0.1027777777053416	1.333329734414728	1.0417171959317981
0.1055555554339662	1.3548256822026674	1.0572582384577232
0.1083333333372138	1.3838742602944973	1.0719998801244701
0.1111111108912155	1.4111799237008074	1.0926139561281467
0.1138888887944631	1.4396475302307972	1.0910130666921598
0.1166666666977108	1.4657912505134263	1.1409976166931781
0.1194444444263354	1.493677885481587	1.1560483105929094
0.12222222215496	1.516916747955058	1.163695294024469
0.1277777777868323	1.5726900178913463	1.2185812290308402
0.1333333332440816	1.6243964868947862	1.2270707902742577
0.1388888888759539	1.6743600412127373	1.2994321736641472
0.1444444443332031	1.7307142827108772	1.2971910193076277
0.1499999997904524	1.7742871498486066	1.3319415663557617
0.1555555555969477	1.828898476661225	1.3614069073527402
0.161111111054197	1.8736332869226353	1.375978818063313
0.1666666666860692	1.9206919834314067	1.432604399753233
0.1722222221433185	1.967750679940156	1.4355397932254144
0.1777777777751908	2.0229429783146156	1.4798860593051935
0.1833333332324401	2.062449044519506	1.5151411147656886
0.1888888886896893	2.107183854780905	1.5466349320419162
0.1944444441469386	2.1530806081659963	1.5534586747735255
0.1999999999534339	2.200720276236585	1.5588251121141568
0.2055555555853061	2.2419692571269763	1.5883221337405087
0.2111111110425554	2.2855421242647056	1.6170882576670642
0.2166666666744277	2.3244672189077553	1.6504649046180915
0.222222222131677	2.370363972292836	1.6583668531107771
0.2277777775889263	2.4075461522503643	1.6910883259686744
0.2333333330461755	2.449376104702595	1.7053685621729067
0.2388888888526708	2.4906250855929852	1.737933613472714
0.2444444444845431	2.533616981168896	1.7628985962597639
0.252777777495794	2.5928760804761937	1.7989840985910737
0.2611111110309139	2.650973236659855	1.787598110944724
0.2694444443914108	2.710232335967164	1.81040454736026
0.2777777777519077	2.764262691217965	1.806585892644966
0.2861111109377816	2.8200359611542747	1.8141493772681978
0.2944444444729015	2.8665136861011846	1.8728260278691093
0.3027777776587755	2.921125012913825	1.877506097270721
0.3111111108446494	2.970507595669914	1.8825869222709228
0.3194444443797693	3.019309206864184	1.893910460224207
0.3277777777402662	3.0762444199241648	1.9439306716041276
0.3361111111007631	3.1250460311184236	1.9673542120585987
0.344444444286637	3.169199869817995	1.9940222443380318
0.3527777778217569	3.218582452574082	1.9949165912434275
0.3611111110076308	3.265060177521014	2.0106155239954697
0.3694444441935048	3.3092140162205834	1.9758095539490603
0.3805555554572493	3.3737018595844335	2.0147420262618345
0.3916666665463708	3.430637072644403	2.0127336175620667
0.4027777776354924	3.4869913141425424	2.013830423009807
0.4138888888992369	3.538697783145994	2.014302680576824
0.4249999999883585	3.5938900815204637	2.0112349398502336
0.43611111107748	3.6473394652094235	2.014683297484551
0.4472222219919786	3.697883991089193	2.0233777213781834
0.4583333332557231	3.745523659159783	2.0192197476001796
0.4694444443448447	3.799554014410561	2.0097108596062583
0.4805555554339662	3.846031739357492	2.001509153573526
0.4916666666977108	3.8913475211807316	1.9891709982855292
0.505555555340834	3.950025648926222	1.996340313638949
0.5194444443332031	3.9999892032441626	1.96167957371744
0.5333333333255723	4.052276643809431	1.9690987794163124
0.5472222221433185	4.102240198127382	1.9652564933865393
0.5611111111356877	4.155108610254502	1.9400573739203653
0.5749999999534339	4.199843420515911	1.9509993583442078
0.5888888885965571	4.2463211454628205	1.9526399664212313
0.6027777775889263	4.295122756657081	1.9250259576485123
0.619444444484543	4.348572140346052	1.9276211972423045
0.6361111110309139	4.39795472310214	1.8785941002739805
0.6527777777519077	4.449080220543761	1.8737619358341338
0.6694444444729015	4.4943960023670115	1.850303261685875
0.6861111108446494	4.543197613561261	1.8301397839569575
0.7027777777402662	4.579798821956961	1.8138302455132342
0.719444444286637	4.6239526606565295	1.8129905596383682
0.7361111110076308	4.66462066998508	1.7751322632483302
0.7555555554572493	4.715165195864871	1.7417184847999325
0.7749999999068677	4.75931903456443	1.7093214349193662
0.7944444443564862	4.80463481638768	1.712944000935688
0.8138888888061047	4.844140882592549	1.6871905611436278
0.8333333332557231	4.885389863482962	1.6835187968607765
0.8527777777053416	4.919667185631311	1.6527355865513818
0.8749999998835847	4.962659081207199	1.6005231039345689
0.8972222222364508	5.00100320428841	1.577263088216356
0.9194444442400709	5.0393473273696205	1.5967671089638995
0.941666666592937	5.08350116606919	1.5732467707204352
0.9638888885965571	5.1201023744648895	1.570202110282191
0.9888888888526708	5.15321775348957	1.5214449263462089
1.013888888934162	5.193304791256279	1.476502371375131
1.038888888841029	5.2380396015177	1.4664245484393872
1.06388888892252	5.268250122733189	1.3980246347045797
1.088888888829388	5.307756188938069	1.3371436686790834
1.116666666639503	5.337966710153569	1.3352603919803847
1.144444444449619	5.36469140199805	1.3030454488557581
1.172222222085111	5.400130667270079	1.2430577652219916
1.199999999895226	5.4268553591145485	1.2404269906524443
1.227777777705342	5.4483513069025	1.1490038435234362
1.258333333244082	5.4797237712416695	1.1503814360768019
1.288888888782822	5.51051526401901	1.1561195506715969
1.319444444146939	5.539563842110818	1.1028840243583675
1.350000000034925	5.5680314486408085	1.096353649074102
1.383333333302289	5.58662253861959	1.1204081186058994
1.416666666395031	5.615671116711397	1.108588121785189
1.449999999837019	5.642395808555889	1.057599914659277
1.486111111007631	5.665634671029339	0.9907639514534313
1.522222222178243	5.691197419750138	0.9158057366063744
1.558333333348855	5.719665026280127	0.9121041820293599
1.594444444344845	5.746389718124619	0.8694911354479379
1.633333333244082	5.764980808103378	0.8137733118684757
1.672222222143319	5.778343154025619	0.7722915476767481
1.711111111042555	5.789381613700508	0.7172777099008368
1.752777777495794	5.806810760555608	0.678646471782108
1.794444444472902	5.824820878972538	0.6007600122917465
1.836111111100763	5.838764196456619	0.6034639151098318
1.880555555457249	5.850964599255178	0.6167088027814559
1.924999999988359	5.862584030491909	0.6129923874397146
1.969444444344845	5.881756092032507	0.5941937859246321
2.016666666604579	5.890470665460058	0.5909580775351372
2.063888888689689	5.909061755438817	0.5809381694343748
2.113888888852671	5.925909930732089	0.6055447104142812
2.163888888841029	5.936367418845148	0.6180696687041196
2.213888888829388	5.9485678216437075	0.5862355912764055
2.266666666546371	5.965996968498797	0.6092177443724408
2.319444444437977	5.977616399735538	0.5975331058733239
2.374999999883585	5.995626518152458	0.5848379710583167
2.430555555503815	6.010150807198368	0.5938579515201732
2.488888888852671	6.022351209996951	0.5683672827587494
2.547222222201526	6.0362945274810205	0.5657775381595395
2.608333333279006	6.052561731212439	0.545628580161783
2.669444444356486	6.065924077134676	0.5366765633225491
2.733333333337214	6.078705451495069	0.5218865450297286
2.797222222143319	6.085096138675292	0.5108846731505492
2.863888888852671	6.101944313968537	0.5167618300019179
2.9305555553874	6.108915972710575	0.48898946654454095
3.0	6.124602204880155	0.4979724100128596
3.069444444437977	6.135640664555058	0.4920722778985101
3.141666666604579	6.144936209544436	0.4966766190325172
3.216666666674428	6.160622441714026	0.46767852660278886
3.291666666395031	6.169917986703408	0.4798088247758634
3.369444444193505	6.185604218873	0.46801172664499846
3.447222221991979	6.196642678547878	0.4768261374170665
3.5277777776937	6.204195308851755	0.4666079745414546
3.611111111124046	6.214071825402976	0.4337177071393594
3.694444444379769	6.223948341954187	0.45999586528810565
3.78055555553874	6.236729716314607	0.4309720650793615
3.869444444426335	6.250092062236838	0.4010934836637104
3.961111111042555	6.257063720978875	0.42176773634485804
4.052777777658775	6.264616351282759	0.4390631398614274
4.147222222178243	6.280302583452339	0.4051359203718148
4.244444444426335	6.289017156879886	0.4311073180950507
4.344444444403052	6.293083957812737	0.41668443871759187
4.447222222108394	6.305865332173151	0.43865414015311227
4.549999999988359	6.319808649657215	0.4353207411611651
4.655555555596948	6.321551564342731	0.42497635556856367
4.763888888934162	6.340723625883337	0.43446436135650257
4.875	6.35060014243456	0.4538194691804805
4.988888888794463	6.362800545233115	0.4563910600359818
5.105555555492174	6.369772203975148	0.4194249162691398
5.224999999743886	6.383134549897384	0.4741710338761057
5.347222222248092	6.3941730095722855	0.42109689369584535
5.472222222131677	6.4028875829998375	0.4377206461049528
5.599999999743886	6.416249928922076	0.42102929072145806
5.730555555433966	6.4214786729786	0.44926124383784016
5.863888888852671	6.436583933586345	0.43458362079423407
6.0	6.442974620766548	0.431982597474282
6.138888888875954	6.456917938250625	0.44642699256358626
6.280555555480532	6.465051540116339	0.40296035158259924
6.42777777754236	6.478994857600417	0.4528162903523939
6.577777777682059	6.4888713741516355	0.4452855383840809
6.730555555550382	6.499328862264685	0.4683752639790319
6.886111111147329	6.511529265063247	0.4488371865804145
7.047222222201526	6.514434122872425	0.45000141632335294
7.211111110984348	6.531863269727523	0.4335494762554134
7.377777777495794	6.545225615649779	0.4497016845533676
7.549999999988359	6.557426018448336	0.4611364892196815
7.725000000034925	6.566721563437715	0.4437105524566002
7.90555555553874	6.575436136865269	0.4510302012602353
8.088888888596557	6.585312653416483	0.46212457621627406
8.277777777635492	6.5992559709005665	0.44255642914050974
8.469444444403052	6.612618316822811	0.41400453951015387
8.666666666627862	6.620751918688517	0.4205667147385952
8.866666666581295	6.625399691183193	0.4389963853380464
9.072222221991979	6.645733695847477	0.464627412609563
9.283333333209157	6.654448269275028	0.4198171010203454
9.499999999883585	6.659677013331548	0.4118809954398069
9.719444444286637	6.6707154730064495	0.4301613525518229
9.944444444146939	6.684077818928686	0.42055371897397864
10.17499999998836	6.700345022660117	0.4059433537249735
10.41111111093778	6.703249880469299	0.41649735970792134
10.6527777776937	6.714869311706015	0.43607016984671526
10.89999999990687	6.727650686066423	0.4547518730886658
11.15277777775191	6.729974572313766	0.5012819607105856
11.4111111110542	6.746822747607026	0.4492861490508965
11.67499999998836	6.757861207281926	0.4431504432438091
11.94444444437977	6.772966467889677	0.4053230511080215
12.22222222213168	6.790976586306593	0.48039712721386846
12.50555555534083	6.793300472553947	0.4500865631903219
12.79444444435649	6.803757960667006	0.4380367573470127
13.09166666655801	6.8089867047235275	0.42816617756428743
13.39444444439141	6.826415851578624	0.3931736191374416
13.70555555558531	6.837454311253514	0.40759426903773965
14.02222222223645	6.846168884681081	0.3955024167170057
14.34722222224809	6.859531230603304	0.3955428718375728
14.68055555544561	6.870569690278192	0.32615338385669496
15.01944444444962	6.8757984343347225	0.30589975848118145
15.3666666666395	6.8839320362004495	0.3025653129925976
15.72222222218989	6.889160780256965	0.276360877361538
16.08611111110076	6.892646609627983	0.27551630318064374
16.45833333337214	6.899618268370027	0.2751289713378115
16.83888888882939	6.907751870235735	0.22968014819150237
17.22777777782176	6.915885472101434	0.27165102120424334
17.62777777772863	6.926923931776337	0.2858073241878929
18.03611111099599	6.9321526758328655	0.265607634730153
18.45277777779847	6.930990732709199	0.21141736389907437
18.88055555534083	6.944934050193265	0.19452727604270606
19.31666666659294	6.951324737373469	0.17466018551301807
19.76388888893416	6.954229595182645	0.1659422520300808
20.22222222218989	6.951324737373469	0.20750419630255731
20.68888888880611	6.95597250986817	0.1650891619917586
21.16666666668607	6.962944168610207	0.15085487064557218
21.65555555548053	6.966429997981226	0.17288605916166558
22.15555555553874	6.973982628285096	0.17335353303949674
22.66666666668607	6.979211372341613	0.20356970863964433
23.19166666665115	6.982697201712637	0.18639751883187586
23.72777777770534	6.990249832016517	0.1808378099903354
24.27500000002328	6.987344974207334	0.16623137584748204
24.83611111098435	6.998383433882218	0.16628802075551508
25.41111111093778	7.001869263253232	0.1771370842077486
25.99722222215496	7.0041931495005985	0.15459950220742358
26.59722222218989	7.008840921995277	0.20410698709137196
27.21111111104256	7.0140696660518085	0.1405513168944587
27.8388888888876	7.019879381670166	0.15694473667603653
28.48333333327901	7.022784239479343	0.16760246677080692
29.14166666648816	7.030336869783225	0.19200118663552387
29.81388888868969	7.028012983535887	0.15041237554047146
30.50277777778683	7.034984642277922	0.15566024338825088
31.20833333325572	7.039632414772613	0.1772802438870767
31.93055555544561	7.0495089313238335	0.13383630523039897
32.66944444435649	7.046023101952817	0.18501429862689597
33.42499999998836	7.052994760694858	0.15226197524844884
34.19722222199198	7.060547390998734	0.15218594226904364
34.98611111089122	7.058804476313215	0.07596026187737598
35.79444444424007	7.067519049740758	0.14923191032881838
36.62222222203855	7.067519049740758	0.12714755582757614
37.46944444428664	7.0721668222354515	0.11338689876112183
38.33611111098435	7.0657761350552555	0.10769280891306202
39.22222222213168	7.077976537853815	0.09697119171795011
40.12777777772863	7.080300424101164	0.10767738811971168
41.05555555550382	7.084948196595854	0.11293544167277679
42.00277777772863	7.082043338786674	0.18516180057953063
42.97222222213168	7.088434025966877	0.09389055962679377
43.9638888888876	7.090757912214225	0.11778107659485981
44.97777777782176	7.096567627832585	0.12037988235129067
46.01666666648816	7.105863172821965	0.1553711786506852
47.08055555558531	7.098310542518105	0.1253264331273118
48.16666666668607	7.105863172821965	0.14395674416245238
49.2777777776937	7.111091916878507	0.14637968068321236
50.41666666668607	7.115739689373199	0.10895906239059858
51.58055555558531	7.115739689373199	0.17001596259018978
52.77222222194541	7.122130376553395	0.15126723549732954
53.9916666666395	7.1285210637335945	0.1590809022856173
55.23888888879446	7.129683006857275	0.1297792140637539
56.51388888893416	7.1354927224756395	0.20366418042188894
57.81944444443798	7.138978551846654	0.15068769614692448
59.15277777775191	7.145950210588695	0.17165136099962608
60.5194444443332	7.144207295903173	0.16350686329063743
61.91666666662786	7.1604744996346055	0.1531928453345852
63.34722222218989	7.1552457555780755	0.18429769340604096
64.80833333329065	7.166284215252963	0.17374089064863316
66.3055555553874	7.165703243691125	0.16840748592708785
67.83611111110076	7.169189073062147	0.1443303986925067
69.40277777763549	7.179646561175206	0.19968059772997063
71.00555555534083	7.184294333669908	0.17842603072222316
72.64444444439141	7.181389475860725	0.20708642333801233
74.32222222199198	7.192427935535603	0.20188085873950565
76.03611111093778	7.199399594277649	0.14680980382925948
77.79166666668607	7.205790281457857	0.15983491710347122
79.58611111098435	7.211599997076219	0.20171011702733485
81.42222222208511	7.213923883323553	0.17276982687066425
83.29999999998836	7.212180968638058	0.16209505919642186
85.22222222224809	7.219733598941919	0.16206467060281068
87.18888888868969	7.226124286122127	0.1620025461682095
89.19999999983702	7.230772058616818	0.1646031970044511
91.25833333324408	7.235419831111503	0.1906997325391473
93.36388888873626	7.2418105182917065	0.19065898908062875
95.51944444439141	7.247620233910064	0.19061290473286832
97.72222222213168	7.250525091719266	0.15926376988644667
99.97777777758893	7.254591892652105	0.15340315566117024
102.2833333332092	7.262144522955982	0.10964040011184237