0.01000000000021828	3.8629040932626144	3.116298573181791
0.02000000000043656	7.665609939532666	7.856010946648304
0.03000000000065484	11.413022949515343	11.349722339561712
0.04000000000087312	15.108274543211078	14.811369515340273
0.05000000000109139	18.753666730433142	18.204819754806483
0.06000000000130967	22.351073148734653	21.522043908657476
0.07000000000152795	25.90208129634215	24.76155228415225
0.08000000000174623	29.40807126472538	27.923959795952406
0.09000000000196451	32.870273196792894	31.071027736917422
0.1009816608893743	36.63601848230861	34.44962770055364
0.1133032870638999	40.802492186605484	37.98432937517075
0.1271283790183588	45.382108722499424	41.82470471485967
0.1426403873238087	50.43283210857635	46.0204045862716
0.1600451469057589	55.97850811058208	50.632313235342004
0.1795736083495285	62.09111802204451	55.644014982628484
0.2014849024735668	68.79072630536649	60.90368099293356
0.2260697788387915	76.11435304239862	66.38324219968375
0.2536544638169289	84.07559773423212	72.17795192954645
0.2846049894187672	92.7334100102937	78.2920471246626
0.3193320503141877	102.1023621481406	84.48412361113081
0.3582964535025894	112.18581689661876	90.92261797684444
0.4020152329412667	123.03712498236415	97.45240624162125
0.4510685102704883	134.62392837511996	103.78970027700964
0.506107192678428	146.9342315643809	110.1391871702436
0.5678616100403815	159.98280021037675	116.19814137646965
0.6371512059549786	173.68793376127562	121.71527498962728
0.7148954112626598	188.0065355033825	126.77268201142427
0.802125844332295	202.87580281898593	131.04800781215008
0.9000000000132786	218.1784175269889	134.38428398225315
1.009816608886467	233.81543498208453	136.71164286273358
1.133032870630814	249.65345190677786	137.82775270429516
1.271283790178131	265.54694291301536	137.63776678647466
1.426403873234449	281.3406741728633	136.0996583019892
1.600451469056679	296.87945363536124	133.26581273544573
1.795736083496195	312.02011954260615	129.0405159875971
2.014849024738396	326.58546260761943	123.64191536067615
2.260697788388825	340.48255776844144	117.38631718706424
2.536544638172018	353.6070333441172	110.20956201829863
2.846049894189491	365.851218019677	102.59533693165807
3.193320503144605	377.2220987103014	94.8929514441944
3.582964535029532	387.69243146365585	87.1368765993187
4.020152329412667	397.2771498047991	79.81756070952277
4.510685102705793	406.0618989181992	73.0537035013295
5.061071926780642	414.08893586194444	66.90380787989106
5.678616100397449	421.4573567761111	61.63709730555853
6.371512059542511	428.27135802699945	57.094969497590476
7.148954112613865	434.59351919132683	53.27585142142877
8.021258443311126	440.52763944117703	50.221897824464584
9.000000000120963	446.1459662358446	47.68367570137509
10.09816608885376	451.49488100698005	45.632507844513114
11.33032870629995	456.63999349500517	44.020750142389865
12.71283790177586	461.6166936364614	42.68589030691634
14.26403873234176	466.4531799378932	41.608560368737464
16.00451469056588	471.1803513753574	40.73556839215533
17.95736083496195	475.8141440306927	40.00541259819593
20.14849024738669	480.3712815616546	39.418619979714
22.60697788389098	484.86778163387027	38.9393884006732
25.365446381722	489.31210245587795	38.54626659998824
28.46049894189946	493.71528772651646	38.23962900689735
31.93320503145242	498.08583347139063	37.997282331128844
35.82964535029805	502.4296357842871	37.81828290404086
40.20152329412849	506.75491201784394	37.703873260047374
45.10685102706248	511.06777588896415	37.645370495025745
50.61071926781369	515.37437533957	37.64469038353634
56.78616100398267	519.6811735392779	37.711621379486424
63.71512059543147	523.9964520497668	37.850377344289626
71.48954112614956	528.3275142556229	38.057824055896006
80.21258443311854	532.6817791408254	38.3439646172248
90.00000000121327	537.0686612818348	38.712648187357374
100.9816608885376	541.4962584754759	39.158375936399075
113.3032870630022	545.9724977200488	39.690196057797216
127.1283790177613	550.5072602548104	40.295433087883985
142.6403873234231	555.1052926846717	40.954975064114414
160.0451469056607	559.7717924570137	41.695529437297175
179.5736083496204	564.5171467422964	42.501305471120546
201.4849024738669	569.3425552282031	43.36342786893315
226.0697788389098	574.2558589310515	44.32782516467433
253.65446381722	579.2679756137637	45.38446490055486
284.604989418991	584.3837834395221	46.555595918018085
319.3320503145224	589.6182517845624	47.888499425038816
358.2964535029769	594.9857415036207	49.37804434290085
400.7964535029769	600.3515686821123	51.04362270941182
443.2964535029769	605.310990537776	52.63527289085649
485.7964535029769	609.9363432110569	53.85592408281913