0.01000000000021828	1.2953007474163005	1.0513191518344998
0.02000000000043656	2.4336237513338106	2.2331206451570744
0.03000000000065484	3.4792651859304162	3.0542691672132256
0.04000000000087312	4.455026123670066	3.801003169870441
0.05000000000109139	5.374108208322388	4.481286253938175
0.06000000000130967	6.245248803889828	5.104683419163657
0.07000000000152795	7.0748341560151236	5.6792066523669975
0.08000000000174623	7.867744333465534	6.211004659138667
0.09000000000196451	8.627812570387512	6.705886324972683
0.1009816608893743	9.428494167757561	7.211305759657491
0.1133032870638999	10.288512469134814	7.736295309721484
0.1271283790192683	11.210125283426125	8.278515778747558
0.1426403873247182	12.195051246213596	8.8355960595275
0.1600451469075779	13.245003639947694	9.404425678200687
0.1795736083513475	14.360986464350022	9.981727560320602
0.2014849024762953	15.543960232440005	10.56362312076942
0.2260697788424295	16.79403781529719	11.146032242523697
0.2536544638205669	18.111242445479565	11.724537849734178
0.2846049894233147	19.494672276002895	12.294509033582324
0.3193320503196446	20.943286850652722	12.851355550938349
0.3582964535089559	22.4551301585594	13.390296707016025
0.4020152329485427	24.02806399278715	13.907034293558652
0.4510685102795833	25.65914587937026	14.397146135966228
0.5061071926884324	27.345222859941426	14.857117858005493
0.5678616100522049	29.08254699258106	15.283416771284074
0.6371512059686211	30.867155882206866	15.67373241384888
0.7148954112781212	32.694773947798176	16.025862756609687
0.8021258443495753	34.56093638462195	16.338953004114764
0.900000000032378	36.461175959069294	16.612375477005436
1.009816608908295	38.390888833071216	16.84675219216003
1.13303287065537	40.345757274452545	17.04301193257084
1.271283790205416	42.32139804090595	17.203040498256648
1.426403873265372	44.31393542582179	17.32905016318327
1.60045146909215	46.31950407007297	17.423801826333957
1.795736083535303	48.33487386423833	17.490340296678717
2.014849024782961	50.356891424897235	17.5318371874921
2.260697788438847	52.38306954379868	17.55165987990127
2.536544638227497	54.41104423394088	17.55295666230637
2.846049894251337	56.43906932013043	17.538965846817284
3.193320503214636	58.46554448834472	17.51248727436993
3.582964535107749	60.48938874865044	17.476315050845077
4.020152329499979	62.50966813043123	17.432718060289293
4.510685102803109	64.52584997640949	17.38389190926852
5.061071926889781	66.53753489961946	17.33152460856841
5.67861610052023	68.54461142484372	17.27719702276031
6.371512059680754	70.54708053615674	17.222062624919616
7.148954112768479	72.54513687900504	17.167162430805995
8.02125844348484	74.53906637200424	17.113213376550917
9.000000000314685	76.52927897291865	17.060833126220977
10.09816608907022	78.5162587393838	17.010414286073043
11.33032870654279	80.50056794953582	16.962271630889163
12.71283790204871	82.48283185604342	16.91657573355966
14.26403873264826	84.4637278821516	16.873441520536495
16.00451469090876	86.44399163480473	16.83289888764499
17.95736083534575	88.42439971927509	16.79494091364331
20.14849024781688	90.40578775222457	16.75951550646063
22.60697788437392	92.38903161793155	16.726488306327393