0.0008333333535119891	0.8601049059599674	0.7271758452615658
0.001666666532400996	1.6868958895059414	1.6584575887556328
0.002499999711290002	2.4697730662335897	2.4055918690065523
0.003333333239424974	3.258707319763812	3.261755190181464
0.00416666641831398	4.07641268810604	3.6773238261218926
0.004999999946448952	4.748748213187433	4.595890741004481
0.005833333125337958	5.575539196733463	5.339622973167452
0.00666666665347293	6.2857314518306655	6.072357666390881
0.007499999832361937	7.079208512962762	6.723941880040743
0.008333333185873926	7.786372229658736	7.2654814591653185
0.009166666539385915	8.549563906778125	8.231267215092965
0.009999999892897904	9.285498738286162	9.180979590359353
0.01083333324640989	10.050204684606198	9.890439889792997
0.01166666659992188	10.825510515330684	10.617199788089826
0.01249999995343387	11.576588038844982	11.418323913246532
0.01333333330694586	12.315551408754304	12.068656405056723
0.01416666666045785	13.087828701077498	12.862040860414083
0.01500000001396984	13.831334878588638	13.656362494592809
0.01583333319285885	14.596040824908727	14.300267529213132
0.01666666637174785	15.344089810021808	15.187637429630218
0.01749999989988282	16.09365306433545	15.944282754525327
0.01833333307877183	16.85381620305363	16.85735773598474
0.0191666666069068	17.620036418574294	17.665289358339024
0.01999999978579581	18.39685651849943	18.380542361980655
0.02083333331393078	19.170648080023273	19.06561518182005
0.02166666649281979	19.933839757142657	19.72631806828791
0.02250000002095476	20.678860203854505	20.19647012715613
0.02333333319984376	21.425394919766926	20.656714854395023
0.02416666655335575	22.1704153664787	21.087806121646487
0.02499999990686774	22.88363615997719	21.556261375693996
0.02583333326037973	23.596856953475694	21.942211650392895
0.02666666661389172	24.293420785767257	22.427423692723515
0.02749999996740371	24.986956079657496	22.86241855587389
0.0283333333209157	25.674434296745215	23.30521066888054
0.02916666667442769	26.34676982182661	23.667526026547396
0.02999999985331669	27.032733769713676	24.140431740819235
0.0308333330322057	27.709612102396992	24.694452549485185
0.03166666656034067	28.36529066627136	25.0183159923673
0.03249999973922968	29.004312268938822	25.51149239269121
0.03333333326736465	29.65847656361262	25.76923037964257
0.03416666644625366	30.326269281092074	26.134986248140258
0.03499999997438863	30.942576845750043	26.457915461901706
0.03583333315327764	31.589169794420602	26.767207660153918
0.03666666668141261	32.208505897479796	27.124664127980274
0.0383333332138136	33.41537845038492	27.584751807218716
0.03999999992083758	34.59953696528049	28.084052669326425
0.04166666662786156	35.75038155776219	28.617041161498374
0.04333333333488554	36.89214053504002	29.09235976078565
0.04499999969266355	37.996042782302034	29.525085572169996
0.04666666639968753	39.08328806835709	29.99234461627258
0.04833333310671151	40.13873370119879	30.54072989978444
0.04999999981373549	41.16995102683036	31.013854377315955
0.05166666652075946	42.187539929656204	31.458008852242358
0.05333333322778344	43.19604321727829	32.03597237110186
0.05499999993480742	44.20606077410103	32.49826972656651
0.0566666666418314	45.181250139309164	33.033742282660974
0.05833333334885538	46.141296812510966	33.50002622111313
0.05999999988125637	47.095286408910205	33.873972594704135
0.06166666658828035	48.02504769809932	34.1409583707542
0.06333333329530433	48.95026617968659	34.420720700590536
0.0650000000023283	49.85277062326429	34.869306268122926
0.0666666665347293	50.73407529803311	35.068130330451964
0.06833333324175328	51.597208742394336	35.33952113370214
0.06999999994877726	52.44065668714734	35.61707776312289
0.07166666665580124	53.30076159310731	35.90917562884141
0.07333333301357925	54.13209538425522	36.10333713278143
0.0758333332487382	55.33139659115718	36.2761517575921
0.07833333313465118	56.53675487486165	36.439237991316304
0.08083333319518715	57.70274215934961	36.30127906729903
0.08333333325572312	58.82784417542049	36.213585712816986
0.08583333331625909	59.88177553906157	36.17754989879036
0.08833333320217207	60.91299286469315	35.962514827944474
0.09083333308808506	61.901810652706985	35.562491826265465
0.093333333323244	62.875485748714524	35.23815388939764
0.09583333320915699	63.80978984550556	34.93504924621186
0.09833333326969296	64.72137990428703	34.56853991397577
0.1008333333302289	65.57088492584259	34.160066498770455
0.1033333330415189	66.41433287059562	33.79115595158859
0.1058333332766779	67.2093242009283	33.33232233704908
0.1083333331625909	67.99068710845532	32.861533585185605
0.1108333332231268	68.72662193996334	32.40036410129046
0.1141666666371748	69.66395457515563	31.95058012494244
0.1174999997019768	70.59068732594345	31.39867777979274
0.1208333331160247	71.45382077030469	30.96130536428534
0.1241666665300727	72.28666883065326	30.636569383102916
0.1274999999441207	73.08923150698917	30.376445792593795
0.1308333331835456	73.85696599171047	29.934507239612135
0.1341666665975936	74.61410059202734	29.646437190936528
0.1375000000116415	75.34246407753218	29.24461887311443
0.1408333332510665	76.05417060183	28.866125569225336
0.1441666666651145	76.72802039611206	28.613823879083434
0.1474999997299165	77.37915615238452	28.230748408227377
0.1516666666720994	78.16354759831282	27.798067595393846
0.1558333332650363	78.88585400701511	27.21445715204346
0.1599999996833503	79.61573176172055	26.96607410908511
0.1641666666255333	80.28655301760134	26.476740052414666
0.1683333332184702	80.95434573508086	26.12946965375826
0.1724999999860302	81.56762476133747	25.899633585745107
0.1766666665789671	82.18696086439672	25.518137400735853
0.1808333331719041	82.801754159854	24.999967102303
0.185833333292976	83.46348980053092	24.577533477270663
0.190833333239425	84.1282539796092	24.36713459766851
0.1958333331858739	84.74304727506643	24.026686213244957
0.2008333333069459	85.32604091731042	23.938372721899228
0.2058333330787718	85.88177771394304	23.53478208155481
0.2108333331998438	86.43751451057568	23.709408731369308
0.2158333333209157	86.97205153839937	23.36217115585267
0.2208333332673647	87.51113137382501	23.35847482852906
0.2266666665673256	88.19709532171207	23.85153988699017
0.2324999996926636	88.72254673433196	24.131013562759083
0.2383333333418705	89.3539969909963	24.349280501309885
0.2441666666418314	89.87793413441547	24.58073751362016
0.2499999997671694	90.44578508465311	24.686890235660258
0.2558333332417533	91.09086376412316	24.681185091140886
0.2624999997206032	91.74048525119498	25.067962279091216
0.2691666665486991	92.37496404626054	24.703634603058756
0.2758333332021721	93.01549991812864	24.830157765689727
0.282499999855645	93.57729379156378	24.724156470024422
0.2891666666837409	94.19965843302423	24.476412249749277
0.2966666665161029	94.82202307448472	24.17360018961599
0.3041666665230878	95.36867425591346	24.336874380000356
0.3116666665300727	95.92743959094734	24.217331673473204
0.3191666663624346	96.47409077237613	24.222964355834993
0.3266666665440425	97.06314149142263	24.38856458556952
0.3349999997299165	97.62644963405837	25.02303761686864
0.3433333332650363	98.28667100553469	26.116792803698363
0.3516666666255333	98.88480733978506	26.948615197822306
0.3599999999860302	99.43600132881578	27.815702295489622
0.3683333331719041	100.0856228158876	28.299073116131506
0.37749999971129	100.83064326259944	29.190114333025704
0.3866666665999219	101.61352043932703	29.82673838772996
0.3958333333139308	102.34339819403247	30.699860033802665
0.4049999998533167	103.06721887193554	31.72793713960581
0.4149999999208376	103.8152678570485	30.937726167782362
0.4249999998137355	104.5512026885566	30.534327890363624
0.4349999998812564	105.32347998087974	30.21921109732832
0.4458333333022893	106.15178523362637	29.51863034960546
0.4566666665486991	106.96646206356745	28.83060365296378
0.467499999795109	107.4419425925663	28.280141098163075
0.4783333330415189	108.04007892681663	27.345819064695473
0.4899999999906868	108.74724264351264	25.603695760590565
0.5016666665906087	109.32266493975347	24.640080624206
0.5133333331905305	109.90414431279692	22.72583118667583
0.5258333331439644	110.49622357024461	22.53148464014197
0.5383333330973983	110.99593240645378	21.80905340250166
0.5508333330508322	111.36238555300716	21.816419654083266
0.564166666532401	111.93629358004733	21.89592356201833
0.5775000000139698	112.28003268859109	21.02748328702634
0.5908333333209157	112.70705660316992	20.347547979989205
0.6049999999813735	113.1552802865575	19.156967732894444
0.6191666666418314	113.83367288844144	18.59499025743317
0.6341666666558012	114.43635203029356	17.712392157683567
0.6491666666697711	114.82097640725469	17.3793485703346
0.6641666666837409	115.2313433606264	16.781955461741944
0.6799999997019768	115.45394093311954	16.331730888310783
0.6958333330694586	115.69168119761896	14.295356294621184
0.7124999999650754	116.05813434417244	13.099970830797703
0.7291666665114462	116.32313145428333	12.734172576959907
0.746666666585952	116.61841394840687	11.84696300862396
0.7641666666604578	116.95458171094754	11.495998347090023
0.7824999997392297	117.16355086063494	11.082995447862716
0.8008333333418705	117.47851885436687	10.793527766050877
0.8199999999487773	117.78137269449367	11.004654213858014
0.8391666663810611	117.98882757498048	11.522086523582278
0.8591666665161029	118.12814034143881	12.149990983866202
0.8791666666511446	118.27351018469955	12.791619393168993
0.8999999999650754	118.56727840962259	12.852046636091913
0.9208333332790062	118.88224640335443	13.384198721300711
0.942499999946449	119.28807054912419	14.563959816725598
0.9649999999674037	119.7696081549257	16.223690374283663
0.9874999998137355	120.12091860947282	17.576843976177532
1.010833333013579	120.44951502601025	17.642258566386584
1.034166666562669	120.86896759458583	17.63369999213717
1.058333333116025	121.34596239278547	16.508908695883708
1.083333333022893	121.86384245940218	15.393653649818296
1.108333333279006	122.3166089503917	15.40204042314657
1.134166666539386	122.6179485213178	15.64719440127571
1.160833333153278	122.9389735918521	15.356094146799867
1.188333333295304	123.08888624271502	14.848578766125707
1.215833333088085	123.30391246920499	14.180600098404165
1.244166666409001	123.6537086545513	13.560074566819917
1.273333333258051	124.03227595470972	13.454886695667053
1.303333333285991	124.3941862936611	13.402442024789455
1.33416666649282	124.75912517101403	13.824012635587206
1.364999999874272	125.11649270236347	13.74748184552987
1.396666666609235	125.42691788849342	12.649901387348223
1.429166666523088	125.70251488300866	11.404890211523808
1.462499999965075	126.00839726153666	10.570278944032061
1.496666666585952	126.25219460283873	10.015753731812072
1.531666666560341	126.45359240652313	9.256876998468245
1.567499999888241	126.55201990456436	8.097180214592699
1.604166666569654	126.64287605660228	7.110999006558531
1.641666666604579	126.809445668672	6.301464218241593
1.679999999993015	127.04264312556968	5.612516353247944
1.719166666560341	127.23041250644813	5.6356105762095705
1.759166666655801	127.27735485166781	5.161295683756722
1.799999999930151	127.32732573528875	5.804326345383645
1.841666666558012	127.44695300213886	5.432773301940418
1.884166666539386	127.53326634657496	5.476907523959057
1.928333333227783	127.73920695786106	5.162746255978379
1.973333333269693	127.72860707345676	5.337807640909178
2.019166666665115	127.96331879955498	6.0480144052313465
2.065833333239425	128.0435750671885	5.855102000985443
2.11416666652076	128.28737240849057	5.873028671420917
2.163333333330229	128.40245686773872	5.1138631148446505
2.213333333143964	128.48725594297412	5.899636884256833
2.26500000001397	128.6992536310628	5.888101920880211
2.317499999888241	128.77496709109465	6.133347622785459
2.37166666664416	128.8673375123333	5.9863833468238195
2.426666666578967	128.89913716554653	5.777095940484468
2.483333333220799	129.06570677761624	5.815369790324919
2.540833333041519	129.29738996531327	4.639733975518286
2.599999999918509	129.4336741933703	4.921556248554722
2.659999999974389	129.6411290738572	5.675186845512028
2.721666666562669	129.707756918685	7.560489421982228
2.78499999968335	129.80164160912435	9.488282576076164
2.849999999860302	129.7486421871021	10.603199315612875
2.915833333041519	129.8879549535603	12.185483596646328
2.983333333279006	130.14840925606944	12.50960773785419
3.052499999874272	130.60420428546013	12.535583070419218
3.123333333351184	131.20234061971058	12.104386892365207
3.195833333185874	131.67933541791007	12.921267151022684
3.269999999902211	132.1729871773168	13.757943955892385
3.345833333325572	132.453126979434	14.158213822082601
3.423333333106712	132.52581190106443	12.57476786439721
3.502499999944121	132.52278336266315	10.223542444808867
3.583333333313931	132.65149624471695	7.41545535630661
3.666666666569654	132.98160693045523	5.156785983002828
3.751666666532401	133.33140311580152	4.588109172708312
3.838333333202172	133.42831634464207	4.349335699931495
3.927499999757856	133.49494418946995	5.424313995236864
4.018333333195187	133.34048873100545	6.092348675769699
4.111666666343808	133.3283745774002	6.738439249691089
4.206666666548699	133.48131576666424	6.446188258507746
4.30416666646488	133.49948699707198	7.370693966742856
4.40416666661622	133.7372272615714	9.111831867483442
4.505833333125338	134.01282425608673	11.61754185604057
4.609999999869615	134.48224770828327	12.582055242151933
4.716666666674428	134.7654160488017	13.870990713767403
4.825833333190531	135.0652413505271	15.492574917344013
4.937499999767169	135.51649357231597	14.766650448513477
5.051666666578967	135.92080344888535	13.583458266759505
5.168333333276678	136.12371552177027	11.922210334694173
5.288333333213814	136.56285358995402	10.370098478028527
5.410833333211485	136.93990662091173	8.560358713704504
5.535833333269693	137.01410581174284	7.124719603313765
5.664166666567326	137.02773423454846	6.292808442786656
5.794999999925494	137.1261617325897	5.943422907602369
5.929166666523088	137.06710523376503	5.408418675042707
6.066666666534729	136.96716346652323	4.3577334770182015
6.206666666606907	137.09739061777765	5.024665143086815
6.349999999918509	137.31544538266897	5.89625681929788
6.49666666664416	137.439615457121	6.470145640297119
6.646666666609235	137.7545834508527	8.65596304881456
6.799999999813736	137.893896217311	10.898808386805007
6.957499999785796	138.1149795206035	11.756437403658152
7.118333333171904	138.3209201318897	12.207854066972768
7.28249999997206	138.54351770438294	11.087172163360682
7.450833333190531	138.964484542159	8.688976172312458
7.623333333351184	139.3551659959226	8.817731996711592
7.799166666576639	139.67013398965446	8.019149356448825
7.979166666569654	139.98358771418555	7.130141222862279
8.163333333330229	139.86244617813492	6.633675660430879
8.351666666683741	139.65499129764805	4.8284914401609
8.544999999983702	139.8245894481191	4.17686677318979
8.742499999701977	139.8700175241381	3.1816381280625334
8.944166666362435	139.8821316777432	1.4555947517150378
9.150833333143964	139.99267332938936	1.223766920664482
9.362499999871943	140.01538736739886	1.6990976866560836
9.579166666371748	140.26221324710224	1.6189965729141025
9.80083333334187	140.35912647594284	2.55590501959219
10.0274999999092	140.29704143871683	2.597245328385049
10.25916666659759	140.1274432882459	2.108247370249118
10.49583333323244	140.02447298260284	3.7888507856965443
10.73833333334187	140.1774141718667	4.600902590031696
10.98666666657664	140.42424005157002	5.060731680235634
11.24083333328599	140.44392555117835	5.543545835983302
11.5008333332953	140.44543982037885	6.142048098673177
11.76666666660458	140.825521389738	6.75888636682312
12.03833333321381	141.243459689113	5.258501473649833
12.31666666665115	141.43880041599468	5.348349650715765
12.60083333321381	141.47817141521114	5.616660713787227
12.89166666660458	141.4357718775934	7.794573480791821
13.18916666647419	141.46908580000735	7.025949417316185
13.4933333331719	141.3070589955395	6.468413651536897
13.80499999970198	141.57054183644982	5.853935593179816
14.12416666658828	141.64474102728076	6.224548501601698
14.44999999995343	142.1020503258722	7.877268354493139
14.78333333332557	142.31253374476037	8.60176843422765
15.12499999988359	142.603273431282	9.024153825118153
15.47416666662321	142.66838700690926	9.67324310130792
15.8316666665487	142.78347146615732	12.344823181272602
16.19750000000931	143.09238238308671	9.825170953394307
16.5716666666558	143.27712322556405	9.316245858901649
16.95416666666279	143.20746684233487	7.529299624375952
17.34583333320916	143.599662565299	7.2934200235436855
17.74583333311603	144.2250557451608	8.905905273871372
18.15583333326504	144.15388509273097	10.063624113356495
18.57499999995343	144.25534112917347	12.375891188612599
19.00416666653473	144.16751351553668	13.276643538642164
19.44250000000466	144.18719901514504	13.499735078408767
19.89166666637175	144.63996550613447	15.793539824762528
20.35083333333023	145.17601680315872	18.06793543194631
20.82083333318587	145.8286668286318	17.22769962479221
21.30166666663718	145.93769421107746	19.15752358528922
21.79333333333489	146.36320385645553	18.28163674546821
22.29666666663252	147.44590633490867	15.832215622519088
22.81083333335118	147.84113059627427	15.272758384834404
23.33750000002328	147.77601702064698	13.948353723151875
23.8758333332953	148.07432805317183	11.714115491285558
24.42666666652076	147.9183583255064	8.780208286935025
24.98999999987427	147.8850444030925	3.132364638010795
25.56666666653473	148.29843989486557	2.633351762660473
26.15666666650213	148.66337877221827	4.504053136198876
26.75999999977648	148.32418247127634	4.532988990620091
27.37749999971129	148.1470129748023	6.258553871314834
28.0091666666558	147.94864370951913	9.072485896647597
28.65583333326504	148.0879564759774	9.290752225028193
29.31666666653473	148.34386797088465	6.689077172694158
29.9933333331719	148.5906938505879	4.707963685995167
30.68499999982305	149.15097345482235	5.124895875742874
31.39333333319519	149.44777021814642	7.538196912179424
32.11749999993481	150.05044935999882	8.793149676873082
32.8583333332208	150.06710632120576	9.530014214443042
33.6166666665813	149.86267997912026	7.757594096532668
34.39249999984168	149.7581954042765	6.848827204195653
35.18583333335118	149.5401406393852	6.506992840677428
35.99749999993946	149.9338506315501	7.402442622210569
36.82833333313465	150.04590655239684	3.454918235413489
37.67833333328599	150.3457318541224	7.698270234311036
38.54749999986962	150.17461943445068	9.313191976900441
39.43666666658828	150.19733347246034	8.291511292012595
40.34666666644625	150.65009996344978	8.908091373286103
41.2774999999674	151.14980879965884	7.535906174115853
42.22999999998137	150.83484080592714	6.002663105282056
43.20416666666279	151.81911578633907	4.1922186468029725
44.20083333319053	151.97508551400432	5.250306745770045
45.22083333326737	151.63891775146365	6.42169622765011
46.26416666654404	151.5768327142375	5.34411444089741
47.3316666665487	151.66163178947312	4.167984116100209
48.42333333310671	151.41177737136854	7.879916108942175
49.53999999992084	151.33000683453437	2.069675484173364
50.68249999999534	151.40269175616464	0.48670531207626344
89.62749999971129	144.70205054336043	2.5441487207236553
91.69499999983236	145.21235926397395	7.83432235656727
93.80999999988126	145.29261553160754	14.974939961722274
98.18666666653007	146.0512644011251	17.90780874361911