0.008006638889128226	4438.042796360867	3731.1461159876117
0.01601327777734696	7076.628721203476	3882.221130665135
0.02401991666556569	8668.643743040031	3605.1778560414546
0.03202655555469391	9640.216079706894	3058.3815711548586
0.04003319444291265	10267.476816361981	2488.5549702509106
0.04803983333113138	10673.15087974217	2014.0050038709303
0.0560464722202596	10956.100016385508	1686.4742220929272
0.06405311110938783	11164.050586689631	1452.6713886789394
0.07205974999851605	11324.274796596106	1226.4687854017347
0.08085236931037798	11450.408749075652	1080.797867952695
0.09071785044034186	11573.133675812496	1006.7725093808743
0.1017871023286716	11682.222499578618	917.9417209789817
0.1142070072228307	11784.49327185933	888.3329763852505
0.1281423697146238	11886.764044140074	888.3354576391738
0.143778103598379	11989.034816420784	843.9211823882604
0.1613216855612336	12081.078511473443	843.9244623328394
0.1810059082781663	12183.349283754142	858.7332510720971
0.2030919694261684	12278.802004549501	873.5431973750428
0.2278729376166666	12384.481802572904	917.9649890489244
0.2556776412420732	12490.161600596317	932.7761615307189
0.2868750318266393	12599.250424362423	947.5879689022094
0.3218790797873226	12708.339248128508	977.2071685603722
0.3611542675753299	12824.24612338	1021.6336119066453
0.4052217530697817	12943.562024374165	1021.6423737875406
0.4546662850279972	13059.468899625668	1066.0729370475315
0.510143962350412	13189.01187784792	1110.5041697295544
0.5723909401085621	13315.145830327469	1110.5183934334543
0.6422331978774309	13444.68880854971	1154.9555309082386
0.7205974999833415	13581.049838257337	1169.7803348865655
0.8085236931055988	13714.001842222258	1199.4172420951706
0.9071785044043281	13857.180923415306	1273.4802617336627
1.017871023287626	14007.178056093697	1303.124355290652
1.142070072228307	14157.175188772091	1332.7747689130147
1.281423697146238	14313.990372935841	1347.6197845011277
1.437781035977423	14467.39653135695	1392.092841282085
1.613216855612336	14634.438792748764	1466.1903578263916
1.81005908278712	14804.890079883331	1495.8283198915592
2.030919694264412	14978.740932936504	1517.261612278084
2.278729376170304	15154.110244541187	1571.5596765806758
2.556776412422551	15340.440138121141	1619.2703206230428
2.868750318261846	15526.770031701137	1635.2487670550322
3.218790797875045	15716.753452606225	1698.8751365533928
3.611542675753299	15917.69745548657	1746.6409223669798
4.052217530694179	16118.641458366916	1762.6765292326015
4.54666285028361	16323.238988572402	1810.4975103394952
5.101439623507758	16535.143573428057	1858.3470730260135
5.723909401082892	16750.701685608783	1922.1242046224595
6.422331978767033	16977.220379764876	2001.828865640419
7.205974999830687	17211.046128571084	2065.7034160890717
8.085236931048712	17452.178932027527	2177.3259444953087
9.071785044040553	17711.579372109463	2266.622975074319
10.07178504404055	17949.058648240793	2352.6408321496738
11.07178504404055	18182.88439704701	2484.947604600493
12.07178504404055	18398.442509227774	2615.1196263589013
13.07178504404055	18610.34709408343	2673.672554102365
14.07178504404055	18814.94462428892	2801.0272608367113
15.07178504404055	19001.274517868886	2885.2298494898364
16.07178504404055	19194.911466099038	2988.189627438325
17.07178504403964	19373.93430502885	3111.647325252388
18.07178504404055	19556.610671283684	3176.243923080793
19.07178504404055	19728.326455563303	3287.9712259499006
20.07178504404146	19896.38871251776	3347.3017271795106
21.07178504404055	20064.450969472247	3431.901354311266
22.07178504404055	20221.552644451454	3533.1784535824518
23.07178504404055	20378.654319430665	3608.750633625831
24.07178504404055	20532.10246708477	3664.1496698422093
25.07178504404055	20685.550614738844	3768.8874003156384
26.07178504404055	20831.691707742764	3841.7382177780387
27.07178504404055	20974.179273421563	3908.534932241722
28.07178504404055	21120.320366425432	3965.571714047707
29.07178504404055	21259.15440477913	4045.842812391046
30.07178504404055	21394.334915807787	4120.858359361372
31.07178504404055	21529.515426836377	4171.874803010105
32.07178504404055	21664.695937864984	4238.161792206662
33.07178504404055	21792.569394243383	4279.612675771691
34.07178504404055	21920.44285062183	4364.558950630668
35.07178504404055	22048.316307000252	4392.744460984442
36.07178504404055	22172.53623605354	4437.6403696635025
37.07178504404055	22289.449110456662	4534.814174759429
38.07178504404055	22413.66903950999	4589.390180423875
39.07178504404055	22526.928386587984	4610.007914009047
40.07178504404055	22643.841260991147	4652.229835768285
41.07178504404055	22764.407662719324	4737.771956329291
42.07178504404055	22874.013482472226	4772.498242224277
43.07178504404055	22990.926356875414	4796.220943981055
44.07178504404055	23096.878649303213	4882.216285628488
46.07178504404055	23312.436761483965	4948.112591587578
48.07178504404055	23520.68781901452	5017.360590694853
50.07178504404055	23728.938876545104	5133.231835761079
52.07178504404055	23929.882879425455	5229.753839735201
54.07178504404146	24123.51982765564	5299.2440105685955
56.07178504404055	24317.156775885782	5358.986139759102
58.07178504404055	24507.140196790835	5446.978404394943
60.07178504404055	24686.163035720612	5519.995282650809
62.07178504404055	24865.185874650415	5585.099976896929
64.07178504404055	25047.862240905302	5642.206401490257
66.07178504404055	25215.924497859774	5705.636800067431
68.07178504404055	25383.986754814243	5768.158655332005
70.07178504404055	25552.049011768733	5842.42404186881
72.07178504404055	25712.80421407301	5885.283728936894
74.07178504404055	25873.559416377375	5962.985699187191
76.07178504404055	26027.007564031443	5994.607015552148
78.07178504404055	26184.109239010617	6056.6494841634785
80.07178504404055	26337.557386664736	6107.023028516217
82.07178504404055	26487.352006993693	6146.193974077017
84.07178504404055	26629.83957267253	6218.207281966225
86.07178504404055	26772.327138351302	6285.499712731084
88.07178504403964	26918.468231355222	6327.751546024275
91.07178504404146	27123.065761560727	6380.303341438115
94.07178504404055	27331.316819091284	6474.206512002043
97.07178504404055	27532.260821971624	6526.6491573639005
100.0717850440406	27729.55129752689	6565.154374209663
103.0717850440406	27921.588011282518	6654.505648933946
106.0717850440406	28108.61032094955	6708.472859489703
109.0717850440406	28287.840034380453	6772.298703545612
112.0717850440406	28467.069747811343	6795.036487380105
115.0717850440406	28646.299461242317	6872.145017809933
118.0717850440406	28821.632876555166	6901.808294450628
121.0717850440406	28993.069993749985	7005.394968897652
124.0717850440406	29160.61081282672	7032.10087520832
127.0717850440406	29320.359035667352	7086.963671595619
130.0717850440406	29487.899854744042	7136.97623314335
133.0717850440406	29639.855481348517	7198.717600671868
137.0717850440406	29854.151877842007	7232.514612174162
141.0717850440406	30052.863081863256	7312.703785987819
145.0717850440406	30255.470584002516	7358.097591946282
149.0717850440406	30454.181788023816	7435.940744112068
153.0717850440406	30641.204097690836	7445.870937367142
157.0717850440406	30828.22640735786	7539.747907432076
161.0717850440406	31015.248717024973	7550.977529180322
165.0717850440406	31190.58213233778	7603.283670871388
169.0717850440406	31369.811845768694	7644.319778605533
173.0717850440406	31541.24896296349	7710.942347093947
177.0717850440406	31716.582378276384	7743.631240929176
182.0717850440406	31919.189880415666	7786.006845311724
187.0717850440406	32125.69368067301	7873.9917966822495
192.0717850440406	32328.30118281233	7934.151956584885
197.0717850440406	32523.116088715502	7945.385450785111
202.0717850440406	32714.03469650064	8016.805602680706
207.0717850440406	32904.95330428577	8054.459143948437
212.0717850440406	33091.975613952796	8119.305198484905
217.0717850440406	33275.101625501746	8152.977004562605
223.0717850440406	33485.5017238772	8185.6869785187955
229.0717850440406	33692.00552413458	8251.84515056838
235.0717850440406	33894.61302627382	8301.835520278639
241.0717850440406	34101.11682653127	8311.71505866251
247.0717850440406	34295.931732434445	8354.978578630396
253.0717850440406	34482.95404210144	8413.994829275423
259.0717850440406	34673.8726498866	8467.83499429217
265.0717850440406	34860.894959553625	8536.88154936727
272.0717850440406	35067.398759810996	8541.466330219948
279.0717850440406	35273.902560068316	8598.054732231203
286.0717850440406	35476.51006220765	8655.780499939818
293.0717850440406	35675.221266228895	8681.705426664565
300.0717850440406	35873.932470250154	8691.315032291366
307.0717850440406	36060.95477991718	8766.031155775892
315.0717850440406	36275.25117641069	8806.36954734445
323.0717850440406	36481.75497666806	8847.043229811712
331.0717850440406	36684.36247880736	8853.920740200829
339.0717850440406	36879.17738471053	8878.777025833568
347.0717850440406	37077.8885887317	8954.43961188835
356.0717850440406	37292.18498522528	8989.510864628808
365.0717850440406	37502.58508360072	9023.206343064523
374.0717850440406	37701.29628762195	9074.967055207417
383.0717850440406	37903.90378976121	9124.117089196097
392.0717850440406	38106.511291900526	9137.758080245643
402.0717850440406	38320.807688394016	9157.974927915697
412.0717850440415	38527.31148865138	9213.367632059999
422.0717850440406	38733.81528890875	9282.632581026217
432.0717850440406	38932.52649292996	9298.972237115862
442.0717850440406	39127.3413988332	9306.591900788364
453.0717850440406	39333.84519909058	9326.366588230621
464.0717850440406	39544.24529746595	9396.62040221483
475.0717850440406	39746.85279960524	9390.301874709688
486.0717850440406	39941.66770550844	9439.508133904232
498.0717850440406	40152.067803883874	9474.472207163077
510.0717850440406	40354.675306023186	9507.69643579676
522.0717850440406	40561.17910628052	9519.354108350895
535.0717850440406	40767.68290653797	9558.653142329822
548.0717850440406	40978.08300491338	9614.399607970738
561.0717850440406	41180.690507052626	9633.22754481252
574.0717850440406	41375.50541295588	9688.847403505355
588.0717850440396	41584.90385089808	9669.417144557834
602.0717850440406	41791.7557660635	9701.602886658007
616.0717850440406	41994.470642925626	9736.105920244501
631.0717850440406	42201.322558091066	9748.178219912987
646.0717850440406	42408.17447325656	9798.208981620746
661.0717850440406	42602.61527351201	9833.478347427972
677.0717850440406	42805.33015037414	9865.548606994647
693.0717850440396	43012.18206553959	9835.710888579162
709.0717850440406	43206.62286579503	9874.591306603259
726.0717850440406	43413.47478096049	9922.081535133695
743.0717850440406	43616.18965782274	9968.622340283475
761.0717850440406	43827.178611291434	9988.354567030838
779.0717850440406	44021.61941154695	9980.840768632674
797.0717850440406	44220.197250105724	10024.018767490641
816.0717850440406	44431.186203574514	10062.98310881653
835.0717850440396	44629.76404213331	10075.116590194168
855.0717850440406	44828.3418806921	10055.836017748645
875.0717850440415	45031.05675755426	10106.59384841118
896.0717850440406	45229.63459611306	10148.407950599414
917.0717850440406	45432.3494729752	10165.578760880351
939.0717850440406	45635.06434983738	10174.544843806087
961.0717850440406	45833.64218839614	10181.319261583867
984.0717850440406	46032.220026954914	10236.121348646822
1007.071785044041	46234.934903817106	10239.653177364999
1031.071785044041	46433.51274237592	10250.156255813206
1055.071785044041	46627.95354263139	10249.188435489847
1080.071785044041	46830.66841949356	10305.85493585536
1105.071785044041	47020.972181445766	10315.104757153802
1131.071785044041	47219.550020004506	10332.85230173204
1158.071785044041	47418.1278585634	10353.071408308457
1185.071785044041	47604.29458221228	10363.884289192909
1213.071785044041	47798.73538246775	10402.843852007887
1241.071785044041	47997.31322102659	10373.718951377728
1270.071785044041	48187.61698297884	10403.152836260684
1300.071785044041	48377.920744931	10425.242339337052
1330.071785044041	48572.36154518652	10452.409867126498
1361.071785044041	48758.528268835384	10494.643063854191
1393.071785044041	48952.96906909092	10507.385018110504
1426.071785044041	49139.13579273979	10485.372044002035
1459.071785044041	49325.30251638868	10526.78906213166
1493.071785044041	49515.606278340965	10555.305571340974
1528.071785044041	49705.91004029306	10544.140298758579
1564.071785044041	49892.07676394203	10580.301136563083
1601.071785044041	50078.243487590866	10545.635529087805
1638.071785044041	50260.27317293651	10596.407233654048
1676.071785044041	50446.43989658534	10585.76692398428
1715.071785044041	50628.469581930935	10606.278306927126
1755.071785044041	50810.49926727659	10613.17545041306
1796.071785044041	50992.52895262213	10646.318084220547
1838.071785044041	51166.28456136106	10631.929746373178
1881.071785044041	51348.314246706635	10677.891978016636
1925.071785044041	51522.0698554456	10666.735612222104
1970.071785044041	51704.099540791234	10660.564451617356
2016.071785044041	51881.992187833435	10691.321171320049
2063.071785044041	52059.88483487577	10710.685241540426
2111.071785044041	52233.64044361472	10704.084213089061
2160.071785044041	52399.121975747075	10742.621628765846
2210.071785044042	52577.01462278938	10726.67066319331
2261.071785044041	52746.63319322507	10754.833725930182
2314.071785044041	52912.114725357365	10782.82034690555
2368.071785044041	53085.87033409632	10750.429788159165
2423.071785044042	53255.48890453198	10772.500354494976
2479.071785044041	53416.833398361036	10801.59653431974
2537.071785044041	53582.31493049342	10840.13949163401
2596.071785044041	53743.65942432248	10809.806459877853
2656.071785044041	53905.00391815146	10830.401412530959
2718.071785044041	54074.622488587156	10844.056019549469
2781.071785044042	54227.69290580955	10822.015377576443
2846.07178504404	54393.17443794196	10840.148551827244
2912.071785044041	54554.518931770945	10859.993549046283
2980.071785044041	54711.72638729657	10901.386733663618
3049.071785044041	54864.79680451916	10896.74721789054
3120.071785044041	55022.0042600448	10930.695465913434
3192.071785044042	55170.937638963886	10868.423104781845
3266.071785044042	55319.87101788309	10943.93894963842
3342.071785044042	55477.078473408765	10948.090472907146
3420.071785044042	55626.01185232793	10920.590698934171
3499.071785044042	55770.8081929437	10908.319731003872
3580.071785044042	55923.878610166124	10892.227688430674
3663.071785044042	56063.22848313105	10960.60227077671
3748.071785044042	56211.99335598034	10921.212078330382
3835.071785044042	56347.63191651943	10966.806550947324
3924.071785044042	56496.39678936873	10980.238395784188
4015.071785044042	56636.4107873445	10952.293055538621
4108.071785044042	56772.04934788352	10963.175528809257
4203.071785044042	56907.68790842259	10982.696328191
4300.071785044042	57038.951031524855	10980.073393871797
4400.071785044042	57183.34046693751	10956.934127947525
4502.071785044042	57310.22815260298	10999.455348931244
4606.071785044042	57445.866713142095	10940.537598205745
4713.071785044042	57577.12983624435	10906.27276337778
4822.071785044042	57704.01752190995	10921.359607800714
4934.071785044042	57830.90520757556	10947.382711369315