0.0833333334303461	11.428130799890505	27.308017962615047
0.1666666666860692	26.09032611806123	15.00437567028148
0.2500000001164153	30.713963114784153	0.9985083338095436
0.3333333333721384	28.877742339699182	1.9313644345939536
0.5833333331393078	39.00452748517513	21.785820310861833
0.8333333334303461	47.6038857396645	32.61478019771749
1.083333333372138	57.78581265015799	55.45552515129962
1.333333333139308	72.00687384818816	67.5486268889053
1.833333333372138	92.96901581961583	72.91836318164496
2.333333333430346	111.77787186710755	78.98891886182275
2.833333333139308	127.18999518951723	76.79120863865238
3.333333333372138	139.2384708458553	66.13854235355845
3.833333333430346	147.45183674522164	47.467914160323375
4.333333333139308	152.00654653567273	30.639808801666327
4.833333333372138	154.68643631552632	16.285797656888832
5.333333333430346	155.08897120015448	10.313772763986249
5.833333333139308	155.0310723468861	6.02318807995582
6.333333333372138	156.19732067700755	8.01586263820181
7.333333333139308	157.55105100818892	12.714213713184892
8.333333333430346	159.5361545488212	15.501426538847694
9.333333333372138	161.25657761736917	15.42110236423684
10.33333333313931	162.81433247911548	18.444332676259325
11.33333333343035	164.85733487301624	23.5235739554992
12.33333333337214	166.9279081494258	27.36499911365842
13.33333333313931	169.25764772141795	29.200228582985652
14.33333333343035	171.4495328808662	32.260492480581235
15.33333333337214	173.4704785687601	34.96387190004421
16.33333333313931	175.77264725824332	35.139098285673754
17.33333333343035	178.12444353624264	35.89200020774054
18.33333333337214	179.8889800168048	33.39829553269352
19.33333333313931	181.6893586446281	27.84749640155192
20.33333333343035	182.99621847554445	26.38180804299446
21.33333333337214	184.43541854250296	26.76699849970189
22.33333333313931	184.5815442197995	25.19139014225588
23.33333333343035	185.76157799117547	24.464365763779394
25.33333333313931	188.16024476943966	29.406805706878547
27.33333333337214	190.18946172208604	31.848659403622076
29.33333333343035	192.36204726377807	32.37115529428676
31.33333333313931	194.72762898303165	34.395070751142526
33.33333333337214	196.6410482291411	37.69217478779863
35.33333333343035	198.69507897604547	38.10869751417623
37.33333333313931	201.01654728328492	40.74431705184007
39.33333333337214	202.94375197064903	42.715560954828916
41.33333333343035	204.92885551128137	44.15774096393363
43.33333333313931	206.88914525765577	43.864463571162986
45.33333333337214	208.93766182805825	48.127057661292774
47.33333333343035	210.8869232214292	49.13664972207936
49.33333333313931	212.53841908370532	52.00963052460505
51.33333333337214	214.9646567444783	52.19847747917597
53.33333333343035	216.68507981302614	54.77849875835967
55.33333333313931	218.7142967656729	57.093537878803374
57.33333333337214	220.4512623637261	59.7584957777965
59.33333333343035	222.43085172785663	56.15661631891683