0.01784608908019436	0.7475239645073661	0.782546817030684
0.03784608908063092	1.3357573784951198	1.7463069444950496
0.0478460890808492	1.8156195520941372	1.6814052780635005
0.06784608908310474	2.212665275614416	1.260675643312782
0.08784608908172231	2.561914076517817	2.4303308391781417
0.0978460890801216	2.8723574550986433	2.378096948656041
0.1178460890823772	3.153460148508724	1.6025892064246428
0.1378460890809947	3.416579841330251	1.9696018147395937
0.147846089081213	3.6517785595538546	1.9227025540470972
0.1678460890816496	3.8760928300527713	1.8187227077995152
0.1878460890802671	4.085736757966342	2.1583492565806237
0.1978460890804854	4.278817395864164	2.2065498999675763
0.217846089080922	4.462906533467756	2.5764289590275085
0.2378460890813585	4.634691512773889	2.3818535528429727
0.2478460890815768	4.798431465500984	2.3249388503181043
0.2678460890801944	4.951760207361023	2.730379578736012
0.2878460890806309	5.097990396357158	2.2812540542962756
0.2978460890808492	5.24706000649887	2.467981615536577
0.3178460890812858	5.375780431764088	2.5251964237618227
0.3378460890835413	5.510652936178012	2.3178834533869423
0.3478460890801216	5.633221282294517	2.274842173639929
0.3678460890805582	5.750110786119922	2.602236401764613
0.3878460890828137	5.864160868799757	2.3886825829597425
0.397846089081213	5.98010389890999	2.5475580034350385
0.4178460890816496	6.085635718153155	2.6447959352291517
0.4378460890820861	6.189274589965949	2.710428511897016
0.467846089080922	6.3851946490093265	2.7083528580813465
0.4878460890813585	6.484574389103814	2.7844858435727544
0.5178460890801944	6.664877631846624	2.7115207934381873
0.5378460890806309	6.749113792498132	2.7818023862398222
0.5678460890812858	6.917586113801128	2.7575098352185514
0.5878460890817223	7.000875800737465	2.8029792699349154
0.6178460890805582	7.157517200600636	2.810397742862117
0.6378460890809947	7.228975966097146	2.8663042699944055
0.6678460890816496	7.377099102523651	2.931722316169645
0.6878460890802671	7.44713815744737	2.8745864759537896
0.717846089080922	7.589109214725218	2.997977307192048
0.7378460890813585	7.656782085360941	3.0130054974000267
0.7678460890801944	7.782189852623039	3.020119536372729
0.7878460890806309	7.852228907546745	3.072862631430507
0.8178460890831047	7.971484595660115	3.0089838635265296
0.8378460890817223	8.028746255428818	2.9987319374008328
0.8678460890823771	8.147055469826997	3.0329325377327967
0.897846089081213	8.263471736794827	3.075951291058048
0.9378460890802671	8.372789450898738	3.0624145794162265
0.967846089080922	8.481633928145055	3.1080414692838016
0.9978460890815768	8.581013668239537	2.975039140444688
1.037846089080631	8.68275959262197	3.113436912779094
1.067846089081286	8.776460490425304	3.1790510755074477
1.097846089080122	8.877259941092559	3.0375129326696393
1.137846089082814	8.964335522889606	3.125964615105182
1.16784608908165	9.055670236405	3.204695723811035
1.197846089080485	9.147004949920392	3.086942219231459
1.237846089081359	9.228401689426345	3.076132580105367
1.267846089080194	9.319263166084163	3.1886699367352764
1.297846089082668	9.39640077387177	3.1254484465675585
1.337846089081722	9.47164543422901	3.0814591102797855
1.387846089080995	9.594687017203123	3.203961366574999
1.437846089080267	9.704477968164612	3.1076723327582068
1.487846089081359	9.81190273483816	3.2326828680378235
1.537846089080631	9.921693685799662	3.214648814328598
1.587846089081722	10.024859320754862	3.2215126902903313
1.637846089080995	10.122819350276579	3.2544491088522487
1.687846089080267	10.221252616655857	3.2689209809388338
1.737846089081359	10.315899988174408	3.2500263521074695
1.787846089080631	10.407234701689797	3.2707392460381537
1.837846089083541	10.499515888920362	3.2931234532107245
1.887846089082814	10.587064707575026	3.317092402998386
1.937846089082086	10.669881157653741	3.329509847554616
1.987846089081359	10.756010265735604	3.3759944114209874
2.037846089080631	10.839299952671933	3.3745646889264056
2.087846089081722	10.923062876465849	3.4054624402397953
2.137846089080995	11.004459615971777	3.3911663200138973
2.187846089080267	11.081123986901806	3.4747574910750423
2.247846089081577	11.179557253281091	3.4555740378427457
2.317846089083105	11.283196125093918	3.4808104249301546
2.387846089080995	11.37973644404283	3.519280140660867
2.447846089080485	11.47674999984932	3.498635362954919
2.517846089080194	11.569031187079904	3.48300427433943
2.587846089083541	11.666991216601588	3.5441803898693345
2.647846089081213	11.752173850968267	3.589890767227216
2.717846089080922	11.836883248477372	3.5594630450524
2.787846089080631	11.924905303989627	3.604796328441096
2.867846089080558	12.033276544378346	3.634947386629701
2.937846089080267	12.119878889317814	3.6030760340451558
3.017846089080194	12.217838918839496	3.6577740140497856
3.087846089081722	12.30065536891822	3.696532931941422
3.16784608908165	12.392936556148802	3.703263044844551
3.247846089081577	12.490423348812925	3.696065705195654
3.337846089083541	12.584124246616264	3.7187294772413977
3.41784608908165	12.673566012701286	3.7453337885395603
3.497846089083396	12.767740147362256	3.7615265123349912
3.587846089081722	12.853396018586535	3.8009228066075234
3.687846089080267	12.95703489039933	3.81981956489688
3.787846089080631	13.061146999069706	3.8648270118168453
3.887846089080995	13.16194644973696	3.855755203441072
3.987846089081359	13.259433242401062	3.9672142605646514
4.087846089083541	13.357866508780361	3.9766956185177276
4.187846089082086	13.453933590871676	3.966254460670244
4.287846089080631	13.547161251817434	4.029718915907376
4.387846089080995	13.6389692021904	4.02328690472053
4.497846089081577	13.746867205721543	4.0643931148063706
4.617846089082377	13.847193419531205	4.070425452531429
4.737846089081359	13.943260501622536	4.100708285173446
4.847846089080122	14.047845847150507	4.081519393930648
4.967846089080922	14.141073508096278	4.10111774567469
5.087846089081722	14.241872958763537	4.102288320184877
5.217846089080922	14.343618883145965	4.123046075151222
5.347846089080122	14.448204228673951	4.1770009740582115
5.487846089081359	14.546164258195633	4.169706205631547
5.617846089080558	14.644124287717354	4.19591731398888
5.747846089083396	14.744450501526975	4.205558730498166
5.887846089080995	14.840517583618297	4.2239153574860815
6.037846089080631	14.947469113434257	4.258164314944949
6.187846089080267	15.055840353822974	4.30674448978231
6.337846089083541	15.153800383344695	4.309107109890296
6.487846089081359	15.255073070869514	4.3285962840048136
6.637846089080995	15.351140152960829	4.332332921623258
6.797846089080849	15.459984630207178	4.374215592229045
6.967846089080922	15.565043212592746	4.371240476202287
7.137846089082814	15.666315900117592	4.42470252136188
7.317846089081286	15.779892745939833	4.43769829003346
7.487846089081359	15.872173933170417	4.471368899439894
7.66784608908165	15.982911357847112	4.46712629564174
7.847846089080122	16.084657282229546	4.500785403406191
8.037846089080631	16.194921470048644	4.537227094471612
8.237846089081359	16.30423918415257	4.554895204768505
8.437846089080267	16.41308366139889	4.60444054799129
8.637846089082814	16.51908871749966	4.599036829773607
8.837846089081722	16.624147299885223	4.625622776849447
9.04784608908085	16.731098829701192	4.615280717418652
9.267846089080194	16.844675675523447	4.622412678238993
9.487846089081359	16.950680731624228	4.662872836710978
9.717846089080922	17.06094491944331	4.667606705490449
9.947846089080485	17.169789396689616	4.7127380742291445
10.18784608908209	17.277214163363166	4.748973581297796
10.43784608908027	17.386531877467117	4.745684544059226
10.68784608908027	17.503421381292483	4.812627767113242
10.93784608908209	17.608953200535666	4.841515875991983
11.19784608908049	17.72726241493386	4.824505436808558
11.46784608908092	17.84415191875923	4.875158833951666
11.73784608908136	17.952996396005577	4.911153211737484
12.01784608908019	18.075091505264485	4.926415718192678
12.29784608908085	18.187721877371555	4.934143266670056
12.58784608908172	18.292307222899563	4.927160709235012
12.887846089081	18.410143200440125	4.930858882554832
13.18784608908209	18.52182709883202	4.989304928685502
13.49784608908158	18.64013631323019	5.000218164262647
13.81784608908129	18.74898079047651	5.010103658167647
14.137846089081	18.862557636298764	5.071462245984025
14.46784608908092	18.976607718978595	5.070702263733951
14.81784608908129	19.102015486240656	5.089165035971855
15.16784608908165	19.225530306072372	5.099164887997699
15.51784608908019	19.33910715189461	5.143161732081331
15.887846089081	19.459309313723146	5.164242120115347
16.26784608908019	19.577618528121338	5.203420425707645
16.64784608908121	19.69356155823157	5.196996522832805
17.03784608908063	19.81376372006011	5.196626570970227
17.43784608908027	19.93159969760071	5.203585917507292
17.84784608908194	20.05180185942925	5.207006871664839
18.26784608908019	20.17578991611854	5.227477668385815
18.69784608908049	20.296465314804678	5.271898526321324
19.13784608908281	20.419506897778778	5.273660545947801
19.58784608908172	20.536869638461784	5.278077422818032
20.04784608908267	20.65612532657515	5.330826295185677
20.51784608908019	20.776800725261275	5.286033310363182
20.99784608908158	20.903154966238528	5.005085393549203
21.48784608908136	21.023357128067087	4.374431277940037
21.98784608908136	21.141193105607652	4.112472466930211
22.49784608908158	21.271806478303258	3.968822320775459
23.01784608908019	21.38349037669512	3.896858943803378
23.56784608908129	21.442171747036618	3.799501113984883
24.11784608908238	21.420402851587372	3.7597505283387145
24.68784608908027	21.477191274498498	3.792189449858083
25.26784608908019	21.561900672007603	3.7477503261963054
25.86784608908056	21.664593070105227	3.7831714778155217
26.46784608908092	21.772017836778776	4.082752806898878
27.08784608908172	21.88512144574343	4.716088359475429
27.71784608908092	22.01005597614789	5.041306638939463
28.36784608908056	22.13073137483403	5.241911310254055
29.03784608908063	22.25046029980498	5.365335966589033
29.71784608908092	22.37870748821262	5.464672339121816
30.41784608908165	22.503642018617086	5.531563454999305
31.13784608908281	22.636148338743027	5.562641347415081
31.86784608908056	22.766761711438633	5.621123863896615
32.61784608908056	22.89690184727661	5.671317614854269
33.38784608908281	23.029408167402597	5.702162080246751
34.16784608908165	23.157655355810196	5.731615365672008
34.96784608908092	23.290634912793767	5.7265504690261695
35.78784608908063	23.42503418035009	5.7478920002486955
36.61784608908056	23.554227842472898	5.768012826472127
37.46784608908092	23.688627110029227	5.794961983211998
38.33784608908172	23.818767245867225	5.819520383829788
39.23784608908136	23.94938061856281	5.826441699726785
40.14784608908121	24.08377988611916	5.835817126807742
41.08784608908172	24.21817915367547	5.845881146904097
42.03784608908063	24.354471368662168	5.867618233980792
43.01784608908019	24.488397399360913	5.88829927056947
44.01784608908019	24.62232343005967	5.901688307631231
45.03784608908063	24.757669171331173	5.9120743416915
46.08784608908354	24.890175491457118	5.915948133414566
47.16784608908165	25.031200075019754	5.93289702794997
48.26784608908019	25.16701905314887	5.9327901145631605
49.387846089081	25.299525373274818	5.949466648132844
50.53784608908063	25.43723729883432	5.946739263227757
51.71784608908092	25.572583040105805	5.962376997625265
52.91784608908165	25.71360762366844	5.956253674244891
54.14784608908121	25.8475336543672	5.968307620168924
55.39784608908121	25.984772343069054	5.967755475847143
56.68784608908209	26.12059132119817	5.966410084885938
57.99784608908158	26.255937062469684	5.966207740747905
59.33784608908172	26.394122224886754	5.939500015190869
60.71784608908092	26.53278062416143	5.983815122455851
62.137846089081	26.666706654860157	5.966433285808432
63.58784608908172	26.80489181727724	5.963459186021932
65.06784608908129	26.940237558548752	5.960671053486035
66.58784608908172	27.076529773535462	5.943406451393244
68.137846089081	27.221340251958814	5.955687408931378
69.71784608908092	27.355739519515136	5.967283033353032
71.33784608908172	27.491085260786665	5.944940059450388
72.98784608908136	27.626431002058194	5.950480957608085
74.68784608908209	27.7622499801873	5.9445735953813985
76.41784608908165	27.903747800607512	5.90284439184336
78.18784608908027	28.03956677873662	5.9086543188397895
79.9978460890834	28.172073098862587	5.939134487246255
81.84784608908012	28.308365313849276	5.925680186537843
83.73784608908136	28.44229134454803	5.9465077171740806
85.68784608908027	28.578110322677134	5.924106906729527
87.66784608908165	28.713929300806242	5.908593961908427
89.69784608908049	28.856373594941626	5.933793686908198
91.7678460890802	28.988879915067596	5.922453355036538
93.887846089081	29.128958024915047	5.964190493932467
96.0678460890831	29.26619671361692	5.977157756369541
98.28784608908063	29.398703033742883	5.964047619246512
100.5678460890831	29.537834669875146	5.951647031007273
102.887846089081	29.671760700573884	5.9783166741735165
105.2678460890802	29.816097942139645	5.939959138140269
107.6978460890805	29.954283104556737	5.953944365069201
110.1878460890803	30.087735898397867	5.988324532279729
112.7378460890814	30.22781400824532	6.005557889592509
115.3378460890817	30.366945644377576	5.996317315703552
117.9978460890816	30.498505490788357	5.948971921805822
120.7378460890814	30.639530074350994	5.960074134402821
123.5378460890806	30.7810278947712	5.9641380500383665
126.3878460890828	30.923945425764206	5.971174086888199
129.3178460890813	31.05692498274773	5.952119098418487
132.3178460890813	31.191324250304085	5.961067055422805
135.3878460890828	31.333295307581878	5.961374518604799
138.5178460890802	31.468167811995812	5.956459667065967
141.7178460890809	31.610138869273616	5.926922447451113
144.9878460890814	31.74548461054515	5.957566413747768
148.3378460890817	31.87988387810147	5.973087710702864
151.7678460890802	32.020908461664106	5.956068206104988
155.2678460890802	32.16098657151154	5.958887504914923
158.8678460890806	32.29822526021344	5.9591999485158
162.5378460890806	32.43830337006086	5.977752069986927
166.2878460890806	32.576015295620344	6.0011190639612915
170.137846089081	32.71420045803743	5.992762010274003
174.0678460890831	32.85001943616653	6.007271365266404
178.0878460890835	32.99246373030193	6.02888827472806
182.1978460890805	33.13254184014937	6.0407148443152066
186.4178460890817	33.27309318685442	6.069451719997383
190.7178460890809	33.412224822986666	6.166850269314016