2.399999999999636	25.2006250115649	57.63617739651329
2.899999999999636	1082.9807056252494	61.19255571494725
3.399999999997817	1219.9687185086339	25.07877601005076
3.899999999999636	281.40697929582	43.44992186110945
4.399999999999636	261.0526283249409	40.97225230447025
4.899999999997817	261.0526283249409	36.6982225923922
5.399999999999636	260.40645845284945	56.992176354102526
5.899999999999636	254.59092960402643	51.429470108422144
6.399999999997817	257.4986940284391	47.85175335002932
6.899999999999636	254.91401454007203	44.30074360733961
7.399999999999636	256.20635428425487	58.25129391172864
7.899999999997817	260.40645845284945	53.01307140419685
8.399999999999636	258.79103377262066	49.23170606091121
8.899999999999636	257.4986940284391	58.478862696625015
9.399999999997817	259.437203644711	54.387534762699225
9.899999999999636	258.79103377262066	49.621337851235445
10.39999999999964	257.8217789644837	49.897349828064804
10.89999999999782	254.59092960402643	47.17281083594207
11.39999999999964	254.91401454007203	45.80188263451149
33.79999999999927	253.29858985984245	0.5745450225327183
34.79999999999927	251.36008024356818	0.08350969562361119
38.79999999999927	251.36008024356818	20.99204825067158
39.79999999999927	249.74465556334061	22.63057288056702
40.79999999999927	251.36008024356818	24.071492007752568
41.79999999999927	250.7139103714778	22.17453243414931
42.79999999999927	250.3908254354322	21.724814332272217
43.79999999999927	251.0369953075236	22.775254808342705
45.29999999999927	249.74465556334061	22.439779119653807
46.79999999999927	251.36008024356818	23.173453571932807
48.29999999999927	252.0062501156606	23.164689706810865
49.79999999999927	249.74465556334061	23.51255441924576
51.29999999999927	251.0369953075236	23.560827980933716
52.79999999999927	252.0062501156606	23.391207342382224
54.29999999999927	253.62167479589039	23.580622393364347
55.79999999999927	251.36008024356818	21.11101967328303
57.29999999999927	250.06774049938636	22.751961610155696
58.79999999999927	250.7139103714778	22.628123729911874
60.29999999999927	250.06774049938636	21.48979829023889
61.79999999999927	250.7139103714778	22.973922046309596
63.29999999999927	254.59092960402643	22.76759004481413
64.79999999999927	252.65241998775204	22.95992613287556
66.29999999999927	250.06774049938636	22.05223269821629
68.29999999999927	249.09848569124802	22.087070185557568
70.29999999999927	249.42157062729603	22.092314641822558
72.29999999999927	352.1625802898325	24.463736142352317
74.29999999999927	361.5320434351592	26.38511948556154
76.29999999999927	355.7165145863365	24.35927330687322
78.29999999999927	355.7165145863365	25.982646822786517
80.29999999999927	354.1010899061067	26.223136102634587
82.29999999999927	356.68576939447473	24.284056899250274
84.29999999999927	358.62427901074904	23.96253293278725
86.29999999999927	356.36268445842666	23.627609088512205
88.29999999999927	357.9781091386565	23.77808615814892
90.79999999999927	357.33193926656503	22.81854186278766
93.29999999999927	357.65502420261066	21.88219587395453
95.79999999999927	359.9166187549307	20.525560694701415
98.29999999999927	354.74725977819924	22.666898036871437
100.7999999999993	355.3934296502909	21.77054242758456
103.2999999999993	355.7165145863365	21.163651363892996
105.7999999999993	358.3011940747011	19.546373732096193
108.2999999999993	358.3011940747011	18.2443328973791
110.7999999999993	357.9781091386565	18.02719150855766
113.7999999999993	356.68576939447473	18.33326382645531
116.7999999999993	354.74725977819924	19.751495453083034
119.7999999999993	357.00885433051945	17.834092751230315
122.7999999999993	357.33193926656503	8.928044977351702
129.0	361.5320434351592	5.137097382216548