0.01666666672099382	5.75590037667012	8.639661743474603
0.03333333344198763	12.535570676365213	10.922331696989978
0.05000000016298145	17.234899058277733	13.73408998062108
0.0666666665347293	21.758132107730585	15.32320109902134
0.0833333334303461	25.63050299701405	17.63195957891943
0.09999999997671694	28.449754741195846	19.430869681803202
0.1166666666977108	31.828368129661225	20.547599827378594
0.1333333334187046	34.521590861396476	22.338045394113056
0.1500000001396984	37.51521151321	22.96076813238745
0.1666666666860692	39.961555494536164	23.832074786494132
0.1833333332324401	42.37337097930167	25.22139904516926
0.2000000001280569	44.39846730258718	25.829778229330028
0.2166666666744277	46.159420627183415	25.817953590050898
0.2333333333954215	48.30709311325945	26.031959290032212
0.2500000001164153	50.36671793310571	26.284342954501202
0.2666666664881632	52.00509509491135	26.448163318013375
0.28333333338378	53.835105412628955	26.650409788585012
0.2999999999301508	55.226603824025446	27.170444147543073
0.3166666668257676	56.59738513748565	26.769522667740656
0.3333333333721384	58.007874221990605	26.636104172700374
0.3500000000931323	59.39764620855904	25.97457076669064
0.3666666668141261	60.62858711094834	25.872815312800988
0.3833333331858739	61.77493319676384	25.151123161593002
0.4000000000814907	62.7607217735721	24.84218157612959
0.4166666666278616	63.92260568283998	24.714898580802064
0.4333333333488554	64.87213933825946	24.345928624748534
0.4500000000698492	65.85965433989563	23.811373697357297
0.466666666790843	66.70387608080505	23.205343089966977
0.4833333333372138	67.51356932515365	22.638875430050188
0.4999999998835847	68.28873407294155	22.134941559835116
0.5166666667792015	69.01037965106038	21.500435285753387
0.5333333333255723	69.67850605951013	20.89794496349809
0.5500000000465661	70.36562314106816	20.417279802286636
0.56666666676756	71.01648530123751	19.662270471730036
0.5833333334885538	71.59829046828544	18.95102020039286
0.6000000000349246	72.10758579255595	18.3170766223771
0.6166666665812954	72.58407904509379	17.632437950253948
0.6333333334769122	73.05884587280343	17.025471266504546
0.6500000000232831	73.60439611846273	16.271091842396093
0.6666666667442769	73.99111527994255	15.674863205486423
0.6833333334652707	74.39682511453091	15.052417378119495
0.6999999998370185	74.7490157794501	14.468323911581999
0.7166666667326353	75.08394219608898	13.734561781306786
0.7333333332790062	75.40160436444755	13.147752993378639
0.7666666667209938	75.9471546101067	11.776627941520175
0.8000000001629815	76.43918568609689	10.61281510472838
0.8333333334303461	76.82590484757675	9.49826568659275
0.8666666666977108	77.17982193732408	8.468528574253714
0.9000000001396984	77.44396493601343	7.389647567189092
0.93333333323244	77.68911726159452	6.4188995175899555
0.9666666666744277	77.89974109061481	5.667702497516233
1.000000000116415	78.02231725340532	4.944814188459635
1.03333333338378	78.12935559274352	4.320403697884789
1.066666666825768	78.20013901069298	3.8569489171244657
1.100000000093132	78.30545092520303	3.271931713681119
1.133333333185874	78.30545092520303	2.8653792289975386
1.166666666627862	78.3589700948722	2.6540115482836524
1.200000000069849	78.3589700948722	2.298861480275488
1.233333333337214	78.41076283971336	1.9479783868096063
1.266666666779202	78.41076283971336	1.7025261837935588
1.300000000046566	78.41076283971336	1.6753110392327129
1.333333333488554	78.41076283971336	1.4760986782667156
1.366666666581295	78.46428200938239	1.3857217481857802
1.400000000023283	78.46428200938239	1.3064144261504362
1.433333333465271	78.46428200938239	1.3494781605663484
1.466666666732635	78.51780117905157	1.3255014127049642
1.516666666720994	78.51780117905157	1.3645052606035017
1.566666666534729	78.56959392389255	1.665812615052193
1.616666666697711	78.62311309356168	1.8409479990811455
1.666666666686069	78.67490583840272	2.006037050508666
1.716666666674428	78.72842500807175	2.267045185097854
1.766666666488163	78.78194417774088	2.5279175240616505
1.816666666825768	78.83373692258202	2.788663110487474
1.866666666814126	78.88725609225112	2.877894663672542
1.916666666627862	78.94077526192022	3.1949298069299186
1.966666666790843	78.99084158193324	3.4568309338908096
2.016666666779202	79.04436075160224	3.5483207114278654
2.06666666676756	79.1496726661125	3.808493637400038
2.116666666581295	79.30850375029176	3.9994215818565033
2.166666666744277	79.41381566480193	4.193135208476734
2.216666666732635	79.519127579312	4.344055286468039
2.283333333441988	79.67795866349127	4.628480916606574
2.349999999976717	79.83678974767054	4.8260639552744475
2.416666666686069	79.99562083184982	5.022409158086427
2.483333333395422	80.15445191602915	5.30653183983203
2.549999999930151	80.25976383053919	5.5068213614771055
2.616666666814126	80.45312341127924	5.697265825123493
2.683333333348855	80.61195449545843	4.794375394205826
2.749999999883585	80.71726640996869	4.921154255787978
2.81666666676756	80.87609749414791	5.03974271681912
2.883333333476912	81.03492857832714	5.02093724162075
2.949999999837019	81.17476898939807	5.090623433561749
3.033333333441988	81.35086432185759	5.15145349135673
3.116666666697711	81.56148815087793	5.273528680607431
3.200000000128057	81.7203192350572	5.2765921858855025
3.28333333338378	81.87915031923649	5.275342634163227
3.366666666814126	82.08977414825682	5.383842308474575
3.450000000069849	82.24860523243608	5.505837106988179
3.533333333325572	82.40743631661529	5.405138152301636
8.483333333395422	84.3272207253907	149.90141384472307
8.683333333348855	85.7169927119592	155.75050268509096
8.900000000023283	94.04353965757414	146.439051593221
9.11666666669771	100.43476437096135	90.28981411768666
9.333333333372138	106.33223158353037	86.1258421492012
9.550000000046566	111.78946046495034	81.03367396641522
9.783333333441988	117.51083234505973	52.45420358412508
10.01666666648816	122.89727780853028	38.71005734921989
10.24999999988359	127.84348494085192	25.71499916050494
10.5	132.82594699456206	11.845342393592208
10.75000000011642	136.43417488515618	0.28865127415490227
11.53333333338378	146.27652282978613	86.0285474092146
11.80000000004657	149.39271964439018	78.07624991089068
12.08333333343035	152.36734962309515	77.99033369333311
12.9000000001397	140.83655819664645	75.29442662400479
13.20000000006985	138.14333546491125	79.19823944558091
13.51666666672099	136.31159872236563	78.22995167307036
13.83333333337214	135.37932931522653	77.01492188709308
14.16666666674428	134.49885265292846	76.4564869587063
14.50000000011642	133.3542329919409	75.28789105627102
14.85000000003493	131.9989895019331	67.2337148524196
15.20000000012806	131.13750351274342	77.62686969640747
15.56666666676756	130.36233876495552	78.64868234520706
15.93333333323244	134.74573140333763	67.57773886760386
16.31666666676756	142.5267281032932	68.15706303806019
16.70000000012806	147.7905974039733	76.92721993489619
17.10000000003493	152.71954028801434	83.30587818531235
17.50000000011642	157.20824484090645	101.23424869396793
17.91666666674428	161.69867581862667	109.9645852384324
18.33333333337214	165.92323737282945	116.95354407574635
18.76666666672099	169.91991084973156	122.17043267162204
19.20000000006985	173.70596049761306	127.29044625069454
19.6500000001397	177.31418838820716	132.21699152903253
20.1166666665813	180.97593544847032	137.3300298999942
20.58333333337214	184.30275609209463	136.12563304313684
21.06666666653473	187.5933218143301	132.88048139095716
21.56666666676756	190.71124505376207	123.84505774191757
22.06666666682577	193.72212995385595	115.60332319897272
22.58333333343035	196.64324076289193	110.93765117100324
23.1166666665813	199.37271841601594	106.59042645580509
23.65000000008149	201.83805307045054	102.59627075893484
24.20000000012806	204.47775663251673	97.82082372580204
24.76666666672099	206.97761978351204	91.51290711097509
25.35000000003493	209.30138760204773	85.30527546315123
25.95000000006985	211.55437200263393	79.45877459760767
26.54999999993015	213.40337299345973	74.63636920255557
27.16666666668607	215.0935429001066	70.49860875015432
27.80000000016298	213.52767558107837	66.59964503706874
28.44999999983702	210.7274145100049	62.79026802972845
29.1166666665813	209.72436168491643	60.01430003754294
29.80000000004657	212.31227250214147	57.265024594616385
30.49999999988359	214.74135223518735	55.04275806390643
31.21666666679084	216.9770723874931	54.00531356087057
31.95000000006985	219.00044228595075	52.797915499832705
32.70000000006985	220.51624328496587	50.28888673159618
33.46666666679084	220.97374586439523	47.29371216013069
34.24999999988359	221.22062461480425	44.42180640610093
35.05000000004657	221.59007952800397	42.87146887139348
35.8666666665813	222.24094168817334	41.7804704354208
36.69999999983702	223.3320421794916	41.04057641153196
37.55000000016298	224.3368214294082	45.44180322442671
38.41666666668607	225.32088358138841	51.46437668798365
39.31666666682577	226.74863691417363	54.49720062053281
40.23333333333721	228.11941822763387	52.733328287107774
41.16666666674428	229.40560472452032	53.32629955318588
42.11666666669771	230.70905546968692	51.25124643211102
43.10000000009313	232.80493521092214	48.888397668598124
44.10000000003493	234.54689786240988	46.74718016692666
45.13333333341871	235.6897910985692	47.57954925136109
46.18333333334886	236.48222009463757	51.698937929587686
47.25	237.16933717619568	55.23364558381024
48.35000000009313	238.64715682899407	57.53703985648567
49.46666666673264	239.9333433258804	61.20388733115755
50.61666666681413	241.21780339793878	64.08011253484047
51.80000000016298	242.22258264785532	66.3368313888267
52.99999999988359	242.87344480802474	69.79277781080887
54.23333333339542	243.52430696819408	72.37781943119704
55.5	245.10916496033067	73.45203726871378
56.78333333332557	246.6922965276391	74.80295265834225
58.10000000009313	247.76613277067722	76.93299064282276
59.45000000012806	248.47051410051552	78.66829772654201
60.83333333343035	249.10583843723265	80.69607471370693
62.25	251.14647258397045	81.8594399814654
63.69999999983702	254.24540515029392	83.8857635777607
65.18333333346527	256.7642589743979	86.03336568883137
66.69999999983702	258.6115335403957	86.65014232579334
68.25	261.6224184404894	86.51690467805498
69.83333333343035	264.5625199226337	86.55544444180602
71.45000000012806	267.0105903287881	86.13822978302485
73.10000000009313	270.2131083847939	86.96656809896899
74.80000000004657	273.29477670283705	88.94084454263057
76.53333333344199	275.337137274403	89.36249710757545
78.29999999993015	277.484809760479	89.5909798939378
80.1166666665813	280.16076824393383	89.87774731378566
81.96666666667443	283.3460220516593	89.27744207538805
83.8666666665813	286.3741712000334	87.53665981545599
85.81666666682577	288.2594271122483	85.04366238256037
87.80000000016298	290.33458975554663	80.35308964675893
89.83333333348855	292.3959410002212	75.33983976053226
91.91666666662786	294.2604798144994	70.34035185313041
94.04999999993015	295.4758828934362	67.36551447740254
96.23333333339542	296.7965978868833	63.91465243695333
98.46666666667443	297.5355077132824	71.40598898929414
100.7500000001164	298.73364654393913	84.11584575268554
103.0833333333721	300.6517045278864	80.56079870134799