0.009999999999990905	0.3010276799384194	0.20239987136765628
0.01999999999998181	0.4741059994614645	0.2970152308938798
0.02999999999997272	0.605748075073911	0.3571855473440986
0.03999999999996362	0.7151282556978679	0.4073849580083654
0.04999999999995453	0.810721490059707	0.4506147524865765
0.05999999999994543	0.8961710261843967	0.4930330172038893
0.06999999999993634	0.9753273920539037	0.5325968982436207
0.07999999999992724	1.0486331221332128	0.5650176777239296
0.08999999999991815	1.1168257977619485	0.5966805034407688
0.1009816608871006	1.1874860149365996	0.6307233579608956
0.1133032870613988	1.26202118634647	0.666762096268164
0.1271283790159714	1.340973287211596	0.7048276224315531
0.1426403873214213	1.4242658704067088	0.7451538714699939
0.1600451469034283	1.5124945079501928	0.7882891870827148
0.1795736083471411	1.6057087584592638	0.8336113514531636
0.2014849024710657	1.7043606337724828	0.877796906972864
0.2260697788357788	1.8077345284299693	0.926717455970778
0.2536544638136888	1.9176332635997526	0.9813005055203
0.2846049894150156	2.033554382162486	1.0344053213677884
0.3193320503100381	2.1556566871869616	1.0921420490201972
0.3582964534979283	2.2848431233283857	1.1520582099171726
0.4020152329356392	2.4207075429802547	1.2159161544764499
0.4510685102642924	2.564557156706699	1.2837496336426624
0.5061071926710383	2.7159927724404107	1.356138678106105
0.567861610031855	2.876453240316726	1.4362074104171862
0.6371512059453721	3.046256496907189	1.5144135502857083
0.7148954112514616	3.2246452112857673	1.5955476923023961
0.8021258443199031	3.4130365211248415	1.6872295577926157
0.8999999999994657	3.612422398617957	1.7807912521815379
1.009816608871176	3.8222246357186735	1.8762277233793632
1.133032870614102	4.043430186391694	1.9781722490480993
1.271283790159771	4.276521748675607	2.0888315018853376
1.426403873214213	4.5229872191053495	2.20540653234862
1.600451469034169	4.782661166339039	2.3217661272353456
1.795736083471013	5.0556172990255765	2.447398145844603
2.014849024710429	5.343858673156365	2.58204810777334
2.26069778835739	5.6473919423832974	2.719018027638397
2.536544638136604	5.966672601818472	2.8621703931221245
2.846049894149985	6.3025800581445575	3.013868161253666
3.193320503100438	6.65609553145426	3.1749333219333904
3.58296453497951	7.028267666431466	3.3397243648536032
4.020152329356449	7.4187684571150925	3.513253563371493
4.510685102642981	7.829764421994833	3.6937932424683635
5.061071926710383	8.260510194142855	3.8847299936652773
5.678616100318664	8.713903282022272	4.082556627936717
6.371512059453778	9.188371032337074	4.286540941556957
7.148954112514673	9.686589368834248	4.503830718154022
8.021258443199372	10.208566422322376	4.725459425898243
8.999999999995111	10.754880309317114	4.957249234635321
10.09816608871216	11.326789441390378	5.20238784557504
11.3303287061413	11.925509781319082	5.451077378507026
12.71283790159782	12.550008747489416	5.71046380385323
14.26403873214218	13.202990774958693	5.977451572125238
16.00451469034152	13.882637433551936	6.254223625747019
17.95736083471007	14.591975128252763	6.547453741806966
20.14849024710401	15.33053882260129	6.841030094597772
22.60697788357385	16.097602636061062	7.1450165740270775
25.36544638136621	16.894726368830536	7.46041380343736
28.46049894149985	17.72120513430432	7.778392856768996
31.93320503100432	18.576426453109327	8.109041679082363
35.8296453497951	19.46159893877019	8.44271081488665
40.20152329356461	20.373788770395592	8.77567334782455
45.1068510264297	21.313070698088552	9.120043892090525
50.61071926710361	22.278781578273833	9.466122808184576
56.78616100318618	23.26861212733924	9.814783936995468
63.71512059453744	24.28169213977398	10.170990994888369
71.48954112514605	25.3162901852691	10.53049520824419
79.48954112514605	26.286303487660028	10.864447724880456
87.48954112514605	27.175980938894682	11.169868550858933
95.48954112514605	27.997681486015367	11.456728408613225
103.4895411251461	28.760428188821056	11.72217921919362
111.4895411251461	29.472620753502767	11.972870121203588
119.4895411251461	30.138870644661147	12.213292204734302
127.4895411251461	30.76572853014968	12.436821013552994
135.4895411251461	31.35667391143791	12.655920359644446
143.4895411251461	31.915729900215652	12.86326996233357
151.4895411251461	32.44585751356865	13.057715499751932
159.4895411251461	32.94955953490715	13.251543034502149
167.4895411251461	33.42935428165907	13.435613666621558
175.4895411251461	33.88655400552444	13.614993467938488
183.4895411251461	34.32465097238123	13.788199074461874
191.4895411251461	34.74314718087948	13.959042757674005
199.4895411251461	35.1446576026043	14.123055652452232
207.4895411251461	35.530888040118555	14.28623822160911
215.4895411251461	35.90165784270956	14.440197487223509
223.4895411251461	36.25843267793749	14.595840198228705
231.4895411251461	36.60249756976124	14.745713047590334
239.4895411251461	36.93455752338241	14.89986695615989
247.4895411251461	37.254678824226055	15.042155677867846
255.4895411251461	37.56456476752268	15.181837025524551
263.4895411251461	37.86452790370917	15.321586055787972
271.4895411251461	38.15462181787153	15.461570700830533
279.4895411251461	38.43571414286067	15.600171779669525
287.4895411251461	38.70896711138866	15.734064074028895
295.4895411251461	38.97374498965409	15.864449638723539
303.4895411251461	39.23041610064492	15.997998541736983
311.4895411251461	39.480230949356596	16.127803321594172
319.4895411251461	39.72369708535816	16.25531464824414
327.4895411251461	39.95966141888983	16.381210392781266
335.4895411251461	40.18968068234474	16.506772124373022
343.4895411251461	40.41428273572501	16.62274440687522
351.4895411251461	40.632294805864234	16.746592361204737
367.4895411251461	41.053372594483534	16.99273433542886
383.4895411251461	41.45435592261519	17.2279883359663
399.4895411251461	41.836208041683754	17.461436618033574
415.4895411251461	42.20135443159608	17.684542392726676
431.4895411251461	42.551316854985565	17.921510794364856
447.4895411251461	42.887159181470544	18.139543678364664
463.4895411251461	43.2083690206621	18.366901202265936
479.4895411251461	43.517820849400934	18.589811321304076
495.4895411251461	43.81498153927881	18.808249896507355
511.4895411251461	44.10156554619728	19.029730197538964
527.489541125146	44.37849251071431	19.25267834319579
543.489541125146	44.64482728468402	19.4647785835539
559.4895411251459	44.90268150893761	19.688024895904704
575.4895411251459	45.15187547676236	19.907179902380776
591.4895411251459	45.393212466573026	20.13765815691784
607.4895411251459	45.62714335184515	20.355756403138603
623.4895411251459	45.85450058848728	20.573067167773946
639.4895411251459	46.074066343162166	20.812976406211856
655.4895411251459	46.288258857728785	21.030195627696028
671.4895411251459	46.4957841809403	21.246661941144467
687.4895411251459	46.698310541900675	21.471459809023752
703.4895411251459	46.895218871829805	21.71844458685178
727.4895411251459	47.180848573067756	22.057180326118786
751.4895411251459	47.456212160062556	22.422044783333163
775.4895411251459	47.72082621925461	22.769124977673563
799.4895411251459	47.97743966059179	23.15564682500348
823.4895411251459	48.22456130799795	23.480393531821072
847.4895411251459	48.4645983647164	23.810384411192377
871.4895411251459	48.696199905377476	24.14156842692075
895.4895411251459	48.92099570041384	24.478367240595126
919.4895411251459	49.139744588845204	24.812632671231935
943.4895411251459	49.35244270711035	25.14838708304839
967.4895411251459	49.55928481801246	25.480338344286192
991.4895411251459	49.76016738427128	25.84073725070242
1015.489541125146	49.956046668597516	26.188355342692663
1039.489541125146	50.147347465249176	26.53508645123812
1063.489541125146	50.33407815768982	26.884891571620912