0.01666666654637083	1.5285770405722527	1.3274961750852825
0.03333333344198763	2.644516136405988	1.8932087869939451
0.04999999998835847	3.4788752510816994	2.440230296585749
0.06666666670935228	4.2583024800322224	3.1310047059350166
0.0833333334303461	5.029079018317376	3.5878008124264853
0.09999999980209395	5.702102752083768	3.8434601161245427
0.1166666666977108	6.313274047592716	4.132842743090368
0.1333333332440816	6.883354562441112	4.490856712908203
0.1500000001396984	7.433971023292405	4.880033561912064
0.1666666666860692	7.965988499213134	5.276152139445001
0.183333333407063	8.491517957134832	5.69418798876786
0.2000000001280569	8.994988153859811	5.884814182079781
0.2166666664998047	9.498458350584801	5.906716981098367
0.2333333333954215	9.930127814787141	5.886150409030121
0.2499999999417923	10.325464378194923	5.717396970131973
0.2666666666627862	10.691821127873675	5.525245101428536
0.28333333338378	11.030928201956485	5.414162279171525
0.3000000001047738	11.32072633924664	5.262975807346332
0.3166666666511446	11.607929269337175	5.0697292870318105
0.3333333331975155	11.864854782098888	5.0392708067263285
0.3500000000931323	12.093233015664879	4.940032663698388
0.3666666666395031	12.322908852830668	4.847161851907646
0.3833333333604969	12.540473723064913	4.748527711256587
0.4000000000814907	12.740304677435121	4.711387643135301
0.4166666668024845	12.93494521740613	4.7032945015651615
0.4333333333488554	13.10925663431349	4.669503161244483
0.4499999998952262	13.277080033221804	4.647399579616777
0.466666666790843	13.455284260928615	4.6389809595129075
0.4833333333372138	13.617917245437706	4.720016083876404
0.5000000000582077	13.771034470214873	4.7647784406856655
0.5166666667792015	13.927611971258226	4.721783678917509
0.5333333331509493	14.081594265101945	4.699341308174599
0.5500000000465661	14.230818679079727	4.653216255724284
0.566666666592937	14.372257471458658	4.575521818473608
0.5833333333139308	14.505910642238737	4.397100170776543
0.6000000000349246	14.63048058782017	4.173045860543094
0.6166666667559184	14.748562515402597	3.857894988204682
0.6333333334769122	14.853235872453647	3.776210488204243
0.6499999998486601	14.941040382707241	3.619516794628604
0.6666666667442769	15.019329133228906	3.894174171389653
0.6833333332906477	15.078586364286748	3.8328377730665397
0.7000000000116415	15.156010045741889	3.6943359294556632
0.7166666667326353	15.238624141596233	3.7610222542084024
0.7333333334536292	15.31777796118443	3.5517799062716713
0.7666666665463708	15.592869924343463	3.570125294435003
0.7999999999883585	15.709654248326046	25.69941531662654
0.8333333334303461	15.822978296042503	20.01421755589594
0.8666666666977108	15.906457460963397	5.706816402413044
1.566666666709352	4.770080756818792	45.196173643366
1.616666666697711	10.063870909496728	36.90400795289302
1.666666666686069	14.342502512592574	21.434955370197972
1.716666666499805	15.196758215798607	16.910325825529043
1.766666666662786	15.637510905199614	47.9892126736879
1.816666666651145	15.94720563102014	28.27615737220281
1.866666666639503	16.20413114378186	11.918036403389346
1.916666666802485	16.383200440555168	8.75608867358143
1.966666666790843	16.569190289860803	7.437517463518045
2.016666666779202	16.73787875783566	6.6492801691046335
2.066666666592937	16.881480222880956	6.209614818196654
2.116666666755918	17.01989127352699	5.648717186890734
2.166666666744277	17.14229854644206	5.394969561895658
2.216666666732635	17.257785266824886	5.079129086460462
2.283333333441988	17.393601110271312	4.714005819405667
2.349999999802094	17.516008383186406	4.4123026870550195
2.416666666686069	17.631495103569197	4.187709930188972
2.483333333395422	17.738763667819875	4.015749868950438
2.550000000104774	17.837814075938436	3.8694298723299454
2.616666666639503	17.93253913872433	3.7684735446185935
2.683333333348855	18.02120871804447	3.657652827057692
2.750000000058208	18.107283090164984	3.6008450648620665
2.816666666592937	18.189464651486077	3.5415250116918795
2.883333333476912	18.26861847107427	3.489914342059675
2.950000000011642	18.346907221595938	3.422107579404925
3.033333333441988	18.436009335449327	3.3845357589520115
3.116666666697711	18.525543983835977	3.3435357270396384
3.200000000128057	18.612915959556307	3.3132162892653705
3.28333333338378	18.691204710077976	3.2893041546906487
3.366666666639503	18.770791064199457	3.284653064663603
3.449999999895226	18.8451870039217	3.2848710021585728
3.533333333150949	18.921313081777004	3.2726107903800097
3.616666666755918	18.99397888336619	3.2645927454638963
3.716666666732635	19.08308099721958	3.156311985240409
3.816666666709352	19.166127627607217	3.126674530345028
3.916666666686069	19.249174257994838	3.1075920797932874
4.016666666662786	19.3291931466496	3.085771056179034
4.116666666639503	19.41050963890413	2.9712363137933426
4.616666666697711	19.702902983393898	9.193252941386008
4.733333333395422	20.186909126121805	10.316308988166464
4.850000000093132	20.636312506188155	10.276161424942961
4.966666666790843	21.315391723420323	8.923583728693352
5.083333333313931	21.500083969126138	7.440528752698504
5.216666666732635	21.59005115204606	10.91887122402927
5.349999999802094	21.858222562672776	8.992487485753342
5.483333333395422	22.058918586109534	7.348076748194584
5.616666666639503	22.237122813816313	4.653856913665274
5.750000000058208	22.177865582758496	4.003674908072072
5.883333333476912	22.255721798746883	3.8564331186866445
6.033333333441988	22.297245113940683	2.7194282611536194
6.183333333407063	22.366018104730447	1.913005975311525
6.333333333197516	22.413596903390033	1.3731548059278496
6.483333333337214	22.4391164408529	1.8390011995404474
6.633333333476912	22.473719203514417	1.6610662329203612
6.799999999988359	22.47977468698017	1.5454798865124648
6.966666666499805	22.495345930177844	1.350750299799454
7.133333333360497	22.548547677769918	1.2990466601145705
7.300000000046566	22.5948288728297	1.3248304817087506
7.483333333453629	22.633324446290633	1.328113550147706
7.666666666686069	22.646733016821955	1.5248004532584691
7.850000000093132	22.669657347085202	1.5221788218497125
8.03333333315095	22.704260109746723	1.2445553020844005
8.23333333345363	22.736700199741893	1.0804305414579447
8.433333333407063	22.773465635069744	1.3265893214330993
8.633333333360497	22.82104443372932	1.50547511530047
8.83333333331393	22.834020469727406	1.4978113996439864
9.049999999988358	22.82580231359529	1.3524903306377236
9.266666666662786	22.836615676927	1.628549182062947
9.483333333337214	22.926150325313657	1.2856883989452375
9.716666666732635	22.979352072905726	0.9073396630690087
9.950000000128057	23.00011373050263	1.1687937235117312
10.18333333334886	23.00141133410247	1.8740713305869834
10.43333333329065	23.093973724222007	2.173183211454876
10.68333333340706	23.055045616227787	2.2948888637410367
11.20000000001164	23.091378517022374	2.412763496381753
11.46666666649981	23.234979982067653	3.04252935462296
11.73333333333721	23.309808456323168	3.5159412295779435
12.01666666654637	23.42096983137326	3.7237890757963683
12.30000000010477	22.916202031048485	3.86564993014398
12.60000000003493	23.518290101358776	4.671825301925211
12.9000000001397	23.65713368653809	4.446404652862993
13.19999999989523	23.848313950242932	4.5246052199247435
13.51666666654637	23.85393689917544	4.444072993711399
13.83333333319752	23.83793312144447	7.640811493076001
14.16666666674428	24.087938081673904	5.4764647273528615
14.49999999994179	24.18093300632671	5.372724065408235
15.0	24.308530693641032	5.165612540605231
15.35000000009313	24.411473912559043	5.579942469520196
15.71666666673264	24.59054320933234	6.094874704748949
16.08333333319752	24.72506144917896	5.551502522496242
16.46666666673264	24.844440980361192	5.653114790076389
16.85000000009313	24.9556023554113	5.878319828555527
17.65000000008149	25.177060036444967	4.032526793544803
18.06666666670935	25.294709429494084	5.206651499487493
18.48333333333721	25.408033477210545	4.283762419818706
18.91666666668607	25.52265512852679	0.8223318121999721
19.36666666675592	23.721148797461886	4.393701441133422
19.81666666665115	25.422739651341686	2.9579865426479826
20.28333333344199	25.794286815419674	3.011067494252414
21.24999999994179	25.12818363418557	0.060470032682889065
21.75	25.92880505526629	13.781011937301416
22.2666666667792	25.779580641288533	6.681390369607561
22.78333333338378	25.908475932202673	5.38484742784164
23.31666666670935	25.362184816684042	5.410240547244356
23.86666666675592	25.525250335726412	8.730771165657561
24.43333333334886	26.520512296778126	7.197253010596939
24.99999999994179	26.872162872325724	6.552860733167018
25.58333333343035	27.02701023523598	8.695031109300245
26.18333333329065	27.155472991616858	8.458547212861284
26.80000000004657	27.284800817064255	11.313185010524275
27.43333333334886	27.24371003640372	11.148648585173632
28.06666666665115	27.557297573023646	7.644807780113471
28.71666666649981	27.497607807432555	6.98457063474725
29.38333333324408	27.85185359017978	6.809686713724726
30.06666666670935	27.922789253635877	6.630100690691622
30.76666666654637	28.062065373348453	6.549277568851147
31.48333333345363	28.17149661026547	7.67125855808137
32.21666666673264	28.319855955176706	6.625987521157312
32.96666666673264	28.50108792461637	7.553725498271635
33.73333333345363	28.618737317665502	6.757191850342662
34.51666666654637	28.69918874085353	6.98579949133202
35.31666666670935	28.80472716697112	6.853621196243455
36.13333333324408	29.017101622806152	6.045279740712566
36.96666666649981	29.084144475462843	4.054920920763848
37.83333333319752	29.240289441972894	4.687410371323204
38.71666666679084	29.40335496101527	4.315265151599771
39.61666666675592	29.52230195766421	6.066996524171914
40.53333333344199	29.626110245648743	6.947450082526751
41.48333333339542	29.55344444405959	7.082109338566112
42.44999999989523	29.247642529038462	7.55805340434761
43.43333333329065	29.569015687257245	7.437003532486255
44.45000000012806	29.60275338085223	7.400433989506324
45.48333333333721	30.07205334944897	7.478164702686071
46.54999999998836	30.370934711937785	7.649336614401919
47.6333333333605	30.601908152703373	8.628283494690706
48.73333333345363	30.755025377480557	10.668549938024997
49.8666666666395	30.88738094466083	9.914026869936018
51.01666666654637	31.028819737039743	10.481216466071972
52.19999999989523	31.172421202085033	9.083827651361053
53.41666666668607	31.316455201663583	8.503073706177727
54.64999999984866	31.46178680484193	8.108409986728164
55.91666666680249	31.6079834770868	8.26651081917008
57.21666666649981	31.75418014933169	8.415395382241352
58.54999999998836	31.90513470144253	8.504203566713558
59.91666666674428	32.05781939168644	8.521869404596698
61.30000000004657	32.21958730712899	8.596990897081199
62.71666666679084	32.35756582324178	8.694145535422226
64.16666666680248	32.53923032721472	8.809371627854281
65.65000000008149	32.69753796639111	8.873973063134994
67.16666666680248	32.85281786383465	8.964881216893533
68.71666666679084	32.99425665621357	8.98553963403379
70.31666666659294	33.14953655365712	8.96949634828455
71.95000000001164	33.310439400033154	8.60689079467868
73.61666666669771	33.476532660808395	9.003743862749447
75.31666666665114	33.630082420118846	8.99146731160784
77.06666666659294	33.79401300822777	9.021610861073283
78.8499999998021	33.943669956738816	9.10106344687131
80.68333333334886	34.09721971604926	9.141867514870167
82.54999999998836	34.15604441257382	9.180128299429077
84.46666666679084	34.41340245986881	9.158826607273753
86.41666666668607	34.56305940837984	9.22906726672292
88.41666666674428	34.719204374889905	9.284306002201502
90.46666666679084	34.871889065133814	9.37564828981251
92.56666666665114	35.02889910071042	9.50742243940175
94.7166666664998	35.18763927442012	10.11965091660932
96.91666666668607	35.34724451719634	9.72650622171426
99.16666666668607	35.50944496717217	9.891695720579499
101.4666666664998	35.67770090061376	10.005015304230275
103.8166666666511	35.83946881605634	9.846537834954773
106.2166666667908	36.00988742216429	10.259762560720574
108.6666666667443	36.17944095920569	10.29025710850208
111.1833333334071	36.35202223797998	10.401869597143167
113.7500000000582	36.53195660381982	10.513138110827507
116.3833333332441	36.710593366059896	10.560535051260322
119.0833333333139	36.88274211030088	10.66130360823617
121.8333333331975	36.98482026015235	10.774697088416612
124.6500000001397	37.228769736916014	10.851372435483848
127.533333333442	37.38448216889282	10.9432864907704
130.4833333334536	37.559658654866716	11.007825555787743
133.5	37.73570020990716	10.98295202392432
136.5833333334304	37.899630798016034	10.907983520035252
139.7333333333954	38.08043023292246	10.927494127665305
142.9666666667908	38.25474164982983	11.327564783176271
146.2666666665464	38.43640615380276	11.208406295429125
149.6500000000815	38.61634051964261	11.361293178766433
153.1166666666977	38.79367967828284	11.323025828994096
156.6499999998487	38.958475335458296	11.365618938112453
160.2666666667792	39.1102949566357	11.096460916167688
163.9666666667908	39.27682075194421	10.748970943633052
167.7500000000582	39.45805272138386	11.109678714111567
171.6333333334769	39.66350662468658	11.760051978497888
175.5999999998021	39.84257592145991	11.65021912192497
179.6500000000815	39.99915342250324	11.404063061583363
183.7999999999884	40.173032304877346	11.068011203989254
188.0500000000466	40.27035257486283	11.2014934775547
192.4000000000815	40.368970448448145	11.528176664476435
196.8500000000931	40.60772951081257	11.192631655173896
201.4000000000815	40.91353142583367	9.216360747828777
206.0500000000466	41.05972809807857	8.0501510303801
210.8166666667094	41.17478228392808	6.712449034744054