0.9000000001396984	124.98197801961386	215.9931702285672
1.650000000139698	217.81853906910317	93.50765853146481
3.683333333639894	228.1979556886994	3.052513429368584
4.300000000046566	228.36581687392206	0.44053139252246537
383.1666666667443	152.7816554167538	2.4540222234577316
392.2166666669073	152.86558600936505	7.358131510760599
403.1166666669888	153.03344719458752	12.683022049135438
413.2000000000116	153.26658772961892	17.059781497050626
425.283333333442	153.60231010006407	22.724099017807188
437.7500000002328	154.02196306312052	27.68170950568171
448.9833333335118	154.46026726897946	32.212435388071775
459.3500000000931	154.8705946106347	35.943475559618555
470.5166666668374	155.31822443789497	39.49556336998458
483.0166666668956	155.868436100569	43.14661956544635
494.500000000291	156.39999652044057	45.87540483058697
507.9000000001397	157.03413877572575	49.21504214600896
532.6500000001397	158.21849269368516	57.32655032284779
549.1833333334071	158.97386802718674	60.454427459786764
562.8000000001048	159.59868466107076	62.343211513521815
577.2166666667908	160.27945502336232	64.47174623964314
598.8166666670004	161.29594775609917	67.44770192426473
616.4166666667443	162.13525368221215	69.51328433094179
631.000000000291	162.8160240445036	71.49052539889719
647.2666666668956	163.56207375660392	73.27157447190935
663.0	164.28014660450057	74.69825363154305
685.9000000002561	165.8934791069176	77.62462346038812
710.9000000001979	167.01255367506818	79.92611226621226
735.9000000001397	168.03837202920624	82.78953987827879
760.9000000002561	169.06419038334414	85.0475942926148
785.9000000001979	169.9967525234697	87.47519658952919
810.9000000001397	170.92931466359514	91.98707529411168
835.9000000002561	171.95513301773306	94.27291494174825
860.9000000001979	172.88769515785862	97.9129351714781
885.9000000001397	173.72700108397154	100.53707479856381
910.9000000002561	174.7528194381094	100.44582184562913
935.9000000001979	175.59212536422237	103.16152961943331
960.9000000001397	176.52468750434795	106.34163233576479
985.9000000002561	177.3639934304608	109.73072723136282
1010.900000000198	178.20329935657364	113.33929349457807
1035.90000000014	178.94934906867408	119.20466215335617
1060.900000000256	179.78865499478695	124.4021433613727
1085.900000000198	180.62796092089997	131.03566084824251
1135.900000000256	182.5863414151634	133.67622712280135
1185.90000000014	184.35820948140164	122.1527416698117