0.002777777728624642	0.20821114489543888	0.31055136687155843
0.005555555457249284	0.4349674120082638	0.34371913524552045
0.008333333185873926	0.5782706291427634	0.3643584725158172
0.01111111091449857	0.6853265619432556	0.3901809073469872
0.01388888881774619	0.7755232927279075	0.4081947595679524
0.01666666637174785	0.8505467416983126	0.41072795952156627
0.01944444444961846	0.9137687492576582	0.437268687047065
0.0222222221782431	0.9753048366154102	0.45170812519289943
0.02499999990686774	1.0275683628644776	0.47129790676164185
0.02777777763549238	1.0798318891135124	0.48703983429573167
0.03055555536411703	1.1278806148586273	0.4886356106197528
0.03333333326736465	1.1658138193942276	0.48860195980844323
0.03611111082136631	1.2079618244337966	0.47493573608052375
0.03888888889923692	1.2433661486670236	0.49390974432993406
0.04166666662786156	1.2753986324970783	0.4928328758021407
0.0444444443564862	1.3082740764279464	0.47110748802499947
0.04722222208511084	1.3394636001572047	0.5136188953860904
0.04999999981373549	1.362223522878575	0.5328995638928365
0.05277777771698311	1.3967848870110047	0.5321551415271036
0.05555555527098477	1.4254455304379052	0.5571942673960816
0.05833333317423239	1.4515772935624305	0.5318739630935703
0.06111111107748002	1.473494256183019	0.5183737630457558
0.06388888880610466	1.4954112188035764	0.5121693786393902
0.0666666665347293	1.5198570617265093	0.5057103189845832
0.06944444426335394	1.5392451440447235	0.5412166589678844
0.07222222216660157	1.5594761864637194	0.5195792837341338
0.07499999972060323	1.5788642687819183	0.502458529933452
0.07777777762385085	1.60331011170485	0.5422078652551485
0.08055555552709848	1.6159545132167066	0.5341387633332714
0.08333333325572312	1.6319707551317495	0.5536119326062955
0.08611111098434776	1.656416598054682	0.5338900203942872
0.0888888887129724	1.6707469197681315	0.5293197512784144
0.09166666661622003	1.6876061217839726	0.5689364316599516
0.09444444417022169	1.7086801243037486	0.5811038720029046
0.09722222207346931	1.7230104460171987	0.5508250686746397
0.09999999997671694	1.7356548475290552	0.5556079844730988
0.1027777777053416	1.7541999697464736	0.5607156769855183
0.1055555554339662	1.7702162116615163	0.5322664899192989
0.1083333331625909	1.7828606131733729	0.5556747370706739
0.1111111110658385	1.794662054584449	0.5679661251382734
0.1138888886198402	1.8098353363986954	0.555610235488849
0.1166666665230878	1.8216367778097549	0.542244495810063
0.1194444444263354	1.8376530197247984	0.5526370509307026
0.12222222215496	1.850297421236671	0.5691014809234083
0.1277777776122093	1.8755862242604158	0.5741042440571148
0.1333333330694586	1.8991891070825664	0.530934714331271
0.1388888888759539	1.9244779101062945	0.564169455731456
0.1444444443332031	1.9463948727268519	0.5657424391884192
0.1499999999650754	1.9581963141379437	0.5656257866904527
0.1555555554223247	1.9868569575648276	0.5611798078309641
0.161111111054197	2.0070879999838236	0.5578722699298435
0.1666666665114462	2.023947201999648	0.6216391805543647
0.1722222219686955	2.0450212045194402	0.5765595207509571
0.1777777777751908	2.060194486333671	0.5840420465897516
0.1833333332324401	2.07958256865187	0.5874240182012738
0.1888888888643123	2.1014995312724274	0.6001079378894685
0.1944444443215616	2.115829852985893	0.5711015823472141
0.1999999999534339	2.132689055001701	0.581576054556525
0.2055555554106832	2.1495482570175426	0.5787564307389141
0.2111111108679324	2.1664074590333673	0.5818445467346011
0.2166666666744277	2.1765229802428636	0.5826663158837673
0.222222222131677	2.1908533019563143	0.5769694257138792
0.2277777777635492	2.206026583770561	0.5779380375097175
0.2333333332207985	2.2245717059879477	0.5822590179303586
0.2388888888526708	2.2304724266934923	0.5780644906190008
0.2444444443099201	2.2498605090116923	0.6131813598059099
0.252777777670417	2.269248591329891	0.5903447770492255
0.2611111110309139	2.290322593849668	0.5761522059379101
0.2694444442167878	2.3071817958654757	0.6250102377186522
0.2777777777519077	2.329098758486065	0.5627667900093394
0.2861111111124046	2.340057239796344	0.608504706698171
0.2944444441236556	2.358602362013745	0.5498443326160873
0.3027777776587755	2.3788334044327417	0.557857238987155
0.3111111110192724	2.3872630054406616	0.5694257821112068
0.3194444443797693	2.4108658882628125	0.6013002012292256
0.3277777775656432	2.415923648867562	0.5774815853715073
0.3361111111007631	2.4319398907825893	0.5607558531883283
0.344444444286637	2.4504850129999918	0.6068303549280327
0.3527777774725109	2.4656582948142383	0.5992954648943877
0.3611111110076308	2.4791456564268914	0.5922805291689712
0.3694444443681277	2.4909470978379673	0.6128389778743021
0.3805555554572493	2.509492220055369	0.6525184445729283
0.3916666663717479	2.5263514220712087	0.6220061838406857
0.4027777776354924	2.5474254245909855	0.6011934066657675
0.4138888888992369	2.5592268660020454	0.6230640544458348
0.4249999998137355	2.5845156690257896	0.6457580054154315
0.43611111107748	2.598003030638459	0.6263357176766878
0.4472222221666016	2.6081185518479573	0.615767153298083
0.4583333332557231	2.624977753863765	0.6353463260312203
0.4694444441702217	2.6418369558795893	0.6282572031792627
0.4805555554339662	2.6595391179961947	0.6293021768190346
0.4916666665230878	2.6679687190041315	0.6318475732522827
0.505555555515457	2.6890427215238915	0.656048052673517
0.5194444443332031	2.7033730432373577	0.6428366267248234
0.5333333333255723	2.7269759260595086	0.6396708054599959
0.5472222219686955	2.7404632876721613	0.6519675166854293
0.5611111109610647	2.757322489687987	0.6643052438846994
0.5749999999534339	2.7724957715022334	0.6850665375821995
0.5888888887711801	2.791883853820432	0.6985383684055425
0.6027777777635492	2.804528255332288	0.6414972412036883
0.6194444443099201	2.8180156169449577	0.6879341162862933
0.6361111110309139	2.842461459867905	0.6905997743228192
0.6527777777519077	2.863535462387682	0.6773673086642956
0.6694444441236556	2.8728080234963826	0.6963034696329077
0.6861111110192724	2.8938820260161755	0.7269382840641296
0.7027777775656432	2.9098982679311876	0.7161011932329464
0.719444444286637	2.9276004300478085	0.689116696688183
0.7361111110076308	2.9427737118620545	0.6778825593225815
0.7555555554572493	2.9638477143818314	0.7258792613128214
0.7749999999068677	2.98070691639764	0.7016593725996267
0.7944444443564862	2.996723158312683	0.7158212165857694
0.8138888888061047	3.0127394002277117	0.7108000076157663
0.8333333332557231	3.032127482545911	0.7339353005701106
0.8527777777053416	3.0489866845617506	0.7312158856019707
0.8749999998835847	3.065002926476762	0.7306076972980621
0.8972222220618278	3.0852339688957424	0.7440021308854678
0.9194444444146939	3.102093170911582	0.7675225448334366
0.941666666418314	3.1240101335321557	0.7498073599347999
0.9638888887711801	3.142555255749557	0.7733599833617394
0.9888888888526708	3.1594144577653984	0.7923114798425425
1.013888888759539	3.1788025400835807	0.7905396690749928
1.038888888666406	3.2007195027041377	0.7567035076803561
1.063888888573274	3.215892784518385	0.7692442043991693
1.088888888829388	3.2386527072397557	0.7595337733341001
1.11666666646488	3.25888374965875	0.7976222813994343
1.144444444449619	3.2782718319769337	0.8150204053620981
1.172222222085111	3.286701432984854	0.7845343914301109
1.199999999720603	3.3111472759077856	0.8182428495987072
1.227777777705342	3.327163517822829	0.7822635160764322
1.258333333069459	3.3524523208465586	0.7474081791613434
1.288888888782822	3.375212243567929	0.7583509779349268
1.319444444321562	3.3886996051805816	0.7960256542286902
1.349999999860302	3.411459527901935	0.7704544495411885
1.383333333302289	3.4266328097161822	0.7528789420101214
1.416666666569654	3.437591291026477	0.7369704482786694
1.450000000011642	3.4586652935462534	0.7186555861780907
1.486111111007631	3.476367455662859	0.729007860742554
1.522222222178243	3.4949125778802768	0.7513934490530271
1.558333333174232	3.5075569793921333	0.7589511252186374
1.594444444170222	3.527788021811129	0.7872146293943648
1.633333333069459	3.5463331440285466	0.7818459439891522
1.672222221968696	3.5623493859435587	0.8162457963633202
1.711111110867932	3.5901670692696777	0.8249287108850022
1.752777777670417	3.607026271285502	0.8847880821223748
1.794444444123656	3.624728433402123	0.9182516404453864
1.836111111100763	3.644116515720322	0.9027330722037852
1.880277777789161	3.6694053187440514	0.8937652712953115
1.924722222145647	3.6896363611630467	0.8601474736115191
1.969166666502133	3.715768124287572	0.8754664494504317
2.016388888761867	3.744428767714472	0.9109449687907795
2.063611111021601	3.7587590894279224	0.8851609371418978
2.113611111009959	3.7730894111413567	0.8673974791089373
2.163611110998318	3.793320453560351	0.8861599989344289
2.213611110812053	3.81270853587855	0.8575441913009791
2.266388888703659	3.838840299003076	0.8343506335454041
2.319166666595265	3.852327660615745	0.8780913931389945
2.374722222215496	3.873401663135505	0.9133925609329598
2.430277777661104	3.8978475060584534	0.9192746876994823
2.488611111009959	3.918078548477449	0.9184302223272508
2.546944444358815	3.940838471198819	0.9286523132625819
2.608055555261672	3.9661272742225484	0.9825507529566399
2.669166666513775	3.9880442368431366	0.9940015601041119
2.733055555494502	4.009961199463694	1.013468683299177
2.796944444300607	4.029349281781878	1.00404736766021
2.863611111009959	4.058009925208794	1.0342697984636184
2.930277777719311	4.084141688333304	1.0187451897942537
2.999722222157288	4.107744571155487	1.0248695629338105
3.069166666595265	4.1364052145823695	1.0391483250159315
3.141388888761867	4.154107376698975	1.1108091375772404
3.216388888657093	4.184453940327469	1.0647162880997199
3.291388888901565	4.205527942847246	1.076464114394555
3.369166666525416	4.2291308256693965	1.0817214662445152
3.44694444432389	4.25357666859236	1.0869547645012219
3.527499999850988	4.289823952926368	1.096489876234457
3.610833333106712	4.307526115042989	1.1032497192890796
3.694166666362435	4.336186758469889	1.1353768594118194
3.780277777696028	4.360632601392821	1.1539052867590625
3.869166666409001	4.390979165021314	1.1587126927169498
3.960833333199844	4.411210207440293	1.1389470178880097
4.052499999990687	4.442399731169568	1.1878174457403046
4.146944444160909	4.471060374596468	1.190582168066595
4.244166666409001	4.498878057922587	1.2337424053039783
4.344166666560341	4.525009821047096	1.2202122688410284
4.446944444440305	4.557042304877168	1.2791473080977809
4.549722222145647	4.585702948304067	1.2810534183136133
4.655277777754236	4.61520655183178	1.280040708379787
4.76361111109145	4.64976791596421	1.287114396416846
4.874722222157288	4.676742639189516	1.2913627021985974
4.988611110951752	4.710461043221182	1.3249699185266437
5.105277777649462	4.742493527051236	1.3235718846392623
5.224722222075798	4.771154170478121	1.3191436945213648
5.346944444405381	4.800657774005833	1.3010983054065068
5.471944444114342	4.827632497231139	1.3161389780727601
5.599722222075798	4.867251621968334	1.2953749248196555
5.730277777765878	4.89591226539525	1.35984965450621
5.863611111009959	4.9245729088221335	1.3632577472771177
5.999722222157288	4.954919472450627	1.3312578906777357
6.138611110858619	4.985266036079104	1.3790838274732873
6.280277777463198	5.013926679506004	1.341873636164665
6.427499999874272	5.0611324451503075	1.3640016385135594
6.577499999664724	5.090636048678003	1.3643097083394449
6.73027777770767	5.11255301129856	1.3953060062160516
6.885833333304618	5.150486215834178	1.3696574535548278
7.046944444358815	5.181675739563452	1.406806506624345
7.210833333316259	5.2153941435951	1.3610743910729204
7.377500000002328	5.244054787021985	1.3745683435923106
7.549722222145647	5.281987991557602	1.4465679126440274
7.724722222192213	5.30643383448055	1.4124755621616887
7.905277777696028	5.344367039016134	1.4355907782527395
8.088611111103091	5.380614323350174	1.413954279354386
8.277499999967404	5.413489767281011	1.4483273237947307
8.46916666656034	5.452265931917423	1.4298659426173561
8.666388888610527	5.482612495545902	1.444024428762188
8.86638888856396	5.518859779879909	1.4628539317223022
9.07194444432389	5.547520423306824	1.4192514831356786
9.283055555541068	5.584610667741629	1.4697115565424346
9.499722222215496	5.618329071773293	1.4472934655048568
9.719166666618548	5.646146755099397	1.4434705558583274
9.944166666653473	5.688294760138966	1.4565576349210936
10.17472222214565	5.714426523263475	1.484608735503514
10.41083333326969	5.759103408605418	1.452833570373529
10.65249999985099	5.792821812637068	1.4609732735463075
10.89972222206416	5.822325416164748	1.5058233165702295
11.1524999999092	5.861944540901943	1.4656507429160543
11.41083333321149	5.89734886513517	1.519149633796472
11.67472222214565	5.926852468662849	1.4646448557351885
11.94416666636244	5.962256792896093	1.489433011248901
12.22194444411434	6.001032957532474	1.5031288095129927
12.50527777767275	6.033908401463343	1.492187169681596
12.79416666651378	6.07268456609974	1.4950362601263858
13.09138888888992	6.104717049929811	1.4972865104519402
13.3941666665487	6.14433617466699	1.4930682695305173
13.70527777774259	6.177211618597843	1.4433389285409115
14.02194444439374	6.214301863032661	1.453730294640616
14.34694444440538	6.250549147366686	1.4455873907661103
14.6802777776029	6.280895710995163	1.4240772926199738
15.01916666660691	6.3154570751276085	1.3950166597288687
15.36638888879679	6.342431798352916	1.384456641623453
15.72194444434717	6.377836122586142	1.4115096962680234
16.08583333325805	6.414926367020962	1.3719428661448487
16.4580555553548	6.441901090246268	1.4145303245455592
16.83861111081205	6.474776534177136	1.409689484843626
17.22749999980442	6.505123097805614	1.4516964158549077
17.62749999971129	6.54895702304676	1.4511882241586747
18.03583333315328	6.575931746272083	1.478355652786168
18.45249999995576	6.616393831110058	1.4853930761718352
18.88027777767275	6.65011223514169	1.5061664894498104
19.31638888875023	6.687202479576527	1.5515271157083508
19.76361111109145	6.722606803809754	1.5126797982580222
20.22194444434717	6.766440729050884	1.5764193278469207
20.68861111096339	6.7951013724777845	1.5611166882022842
21.16638888884336	6.8330345770134	1.58559471710995
21.6552777774632	6.874339621952142	1.5710586517263752
22.15527777769603	6.908900986084587	1.591786728776088
22.66638888884336	6.951048991124155	1.5665960888222303
23.19138888880843	6.988139235558977	1.6014458624162402
23.72749999986263	7.027758360296154	1.6149801587421957
24.27472222200595	7.0614767643278045	1.5931334623317868
24.83583333331626	7.101938849165778	1.6455681545186733
25.41083333326969	7.139872053701363	1.640793708914094
25.99694444431225	7.176962298136184	1.6580010206751308
26.59694444434717	7.218267343074972	1.6471366366741138
27.21083333319984	7.254514627408995	1.7025024599010092
27.83861111104488	7.301720393053283	1.6912741554966233
28.48305555526167	7.343025437992055	1.6732152593661331
29.14138888882007	7.384330482930826	1.6896856658307076
29.8136111110216	7.42142072736563	1.7096663274587665
30.50249999994412	7.468626493009948	1.7161711117137874
31.20805555541301	7.506559697545533	1.6697410511771595
31.9302777776029	7.5402781015772	1.683405518473408
32.66916666651378	7.581583146515953	1.6862685063283875
33.42472222214565	7.627945952059474	1.7133763356067204
34.19694444432389	7.665879156595094	1.6740199789531227
34.98583333322313	7.702126440929099	1.680576648202717
35.79416666657198	7.746803326271027	1.701640392754121
36.62194444437046	7.788951331310597	1.6943065146702392
37.46916666661855	7.832785256551727	1.7117071466388758
38.33583333331626	7.870718461087343	1.7044118486668738
39.22194444411434	7.910337585824522	1.7249540881995922
40.12749999971129	7.949113750460919	1.7038248061806802
41.0552777776611	7.988732875198099	1.7001464016063703
42.00249999971129	8.039310481245572	1.682345854772107
42.97194444411434	8.075557765579596	1.703459313313586
43.96361111104488	8.116862810518368	1.7104867807513586
44.97749999980442	8.156481935255561	1.7205221763656091
46.01638888882007	8.197786980194333	1.7205195770699193
47.08027777774259	8.237406104931514	1.6954521910350915
48.16638888884336	8.280397070071864	1.7020677914953801
49.27749999985099	8.321702115010634	1.6912061439302588
50.41638888884336	8.363007159949408	1.7013843767116688
51.58027777774259	8.402626284686587	1.7046990857260529
52.77194444445195	8.447303170028514	1.7050304253970363
53.99138888879679	8.485236374564115	1.704666783613521
55.23861111095175	8.524012539200495	1.7009740479497502
56.51361111109145	8.566160544240065	1.6803008715145058
57.81916666659527	8.608308549279636	1.711951631846693
59.1524999999092	8.647927674016813	1.6807827936369388
60.51916666666511	8.690918639157164	1.7019967163982141
61.91638888861053	8.731380723995139	1.7231328722634423
63.34416666661855	8.767628008329163	1.7021515333012986
64.80527777771931	8.81483377397348	1.7024274403702917
66.29972222191282	8.851924018408289	1.6778296320000716
67.83027777762618	8.894914983548649	1.6783501984129097
69.39694444416091	8.938748908789778	1.682077321935208
70.9997222222155	8.975839153224587	1.6822684756847763
72.63861111109145	9.017987158264154	1.6685486953660529
74.31638888886664	9.051705562295789	1.6689279068243201
76.0302777774632	9.094696527436149	1.669379399025253
77.78583333321149	9.136001572374926	1.6453826901390878
79.58027777750976	9.172248856708938	1.6495753377320466
81.41638888861053	9.216082781950094	1.6500978370545654
83.29416666651377	9.253173026384882	1.6964971573056904
85.21638888877351	9.296163991525242	1.6757886204345722
87.18305555556435	9.334097196060855	1.6449806760602421
89.19416666636243	9.37203040059644	1.6525666130069403
91.25249999994412	9.414178405636003	1.6427983011563438
93.35805555526167	9.458855290977931	1.6397205514541555
95.51361111109145	9.49678849551355	1.6265294712631617
97.7163888886571	9.530506899545195	1.62752230542161
99.97194444411434	9.568440104080778	1.6141599843783634
102.2774999999092	9.60974514901956	1.6150649198516789
104.638611110975	9.645992433353596	1.5808706034974076
107.0524999997579	9.68561155809077	1.5748493853386365
109.5219444441609	9.723544762626364	1.6039761591641555
112.0497222219128	9.75810612675882	1.605156842182468
114.6358333330136	9.80025413179837	1.599112957850623
117.2802777774632	9.836501416132398	1.5968482738425038
119.9858333333395	9.872748700466422	1.5483279483585033
122.7552777776728	9.913210785304392	1.545869699213117
125.5886111108121	9.951143989839997	1.5612913314148447
128.4858333331067	9.990763114577174	1.5092705950786158
131.4497222221107	10.026167438810418	1.5213330990681015
134.4830555555527	10.053985122136536	1.5337279959723635
137.5858333332581	10.09107536657132	1.4995912413788268
140.7608333333046	10.129008571106935	1.4330261314356982
144.0080555555178	10.158512174634636	1.4636469737392142
147.3302777776262	10.197288339271019	1.429161420128482
150.7302777777077	10.236064503907414	1.484226979171513
154.208055555413	10.268096987737486	1.4393238417853829
157.7663888888201	10.290013950358059	1.4455227097342835
161.4052777777542	10.336376755901568	1.4558660439587545
165.1274999999441	10.36335147912689	1.4673325425633637
168.935833333293	10.403813563964869	1.3988916284365396
172.8330555553548	10.429945327089397	1.612490543795284