0.001882987891890287	0.1390577918320228	0.2969817283271512
0.002160764891890321	0.36348650649766906	0.2600076235406735
0.002438542891890272	0.5183863252473039	0.22269621766276348
0.002716320891890334	0.5104653117884644	0.2784671974924524
0.002994098891890284	0.5034244109362296	0.3101703071303065
0.003271876891890346	0.5016641857231542	0.3312032341962381
0.003549653891890325	0.5122255370015398	0.28385567453835914
0.003827431891890332	0.5227868882799255	0.25788971735347815
0.004105209891890338	0.5782339824914005	0.29450897741593535
0.004382987891890344	0.7357741390606485	0.2881557429911735
0.004660765891890351	0.8941944082363673	0.2956870439124269
0.004938542891890274	1.0182902857573157	0.3278258544399493
0.00521632089189028	1.0666964791166227	0.3199350291870232
0.005494098891890287	1.1151026724758628	0.3545207694003731
0.005771876891890293	1.1520674019501795	0.38158176319192627
0.006049653891890272	1.1661492036547159	0.3860913814720269
0.006327431891890334	1.1802310053592528	0.34633118100511795
0.006605209891890285	1.2048741583421079	0.33603909949085764
0.006882987891890346	1.255040576914423	0.2918472087033906
0.007160765891890297	1.3060871080932763	0.2590335705250749
0.007438542891890332	1.3527330762394412	0.2547212285036699
0.007716320891890338	1.391458030926833	0.2519798365644832
0.007994098891890344	1.430182985614225	0.2526584981430518
0.00827187689189035	1.46274715205592	0.255278592419875
0.008549653891890274	1.478589178973532	0.2677195304003443
0.00882743189189028	1.4953113184976146	0.2746641249411377
0.009105209891890287	1.5129135706282353	0.2740328521523611
0.009382987891890293	1.5340362731850061	0.2680822465902499
0.009660764891890272	1.555158975741778	0.2591428696450453
0.009938542891890334	1.5771617909050202	0.24882388605308597
0.01021632089189029	1.5982844934617912	0.2407508725068469
0.01049409889189035	1.6194071960185632	0.23259152204861946
0.0107718768918903	1.6422901237884102	0.23059010966266238
0.01104965389189033	1.666933276771332	0.22055761602747437
0.01132743189189034	1.6906963171476501	0.21402748389359397
0.01160520989189035	1.710938907097884	0.22273467350594112
0.01188298789189035	1.7215002583762693	0.2271346530961889
0.01216076589189036	1.731181497048117	0.22508141689683658
0.01271632089189029	1.75582465003104	0.22546457133565842
0.0132718768918903	1.78222802822697	0.21522652505465342
0.01382743189189029	1.8112717442425144	0.21093161641566016
0.01438298789189019	1.8341546720123614	0.20395863616046175
0.01493854289189034	1.8535171493560576	0.1945980930364266
0.01549409889189035	1.8843210905846768	0.19142712426193642
0.01604965389189039	1.907204018354457	0.19880289768450538
0.01660520989189029	1.9256863830916824	0.20130301979252144
0.01716076489189033	1.936247734370068	0.21220003633330914
0.01771632089189035	1.951209648681075	0.21747394440915851
0.01827187689189036	1.9688119008116953	0.22036305456415647
0.0188274318918904	1.9837738151227702	0.23719432077189442
0.0193829878918903	2.0004959546468526	0.24278871505605035
0.01993854289189034	2.0189783193840105	0.2359795244671317
0.02049409889189024	2.0392209093343117	0.2449843919302303
0.0210496538918904	2.054182823645319	0.25425112674667044
0.02160520989189019	2.0682646253497885	0.26352521978584587
0.02216076589189031	2.0964282287588625	0.27591600917859976
0.02271632089189035	2.115790706102558	0.2981574709916271
0.02327187689189036	2.1351531834462536	0.31010016977072674
0.02382743189189029	2.1668372372814106	0.32467406445116337
0.02438298789189031	2.182679264198956	0.3451461991720716
0.0252163208918903	2.20292185414919	0.3697812644310033
0.0260496538918904	2.2372462458038935	0.39119439482138907
0.02688298789189036	2.262769511393353	0.41454455957032754
0.02771632089189025	2.292693340015435	0.43716855180450376
0.02854965389189035	2.3349387451289774	0.4595152255740506
0.02938298789189031	2.3675029115706727	0.4820511424938383
0.0302163208918903	2.4018273032253767	0.5018254173047499
0.03104965389189029	2.4431925957323815	0.5288468796661205
0.03188298789189026	2.482797663026311	0.557016474203608
0.03271632089189036	2.5197623925006276	0.595747010690532
0.03354965389189035	2.552326558942322	0.630451317427937
0.03438298789189032	2.593691851449327	0.6676027113384605
0.03521632089189031	2.6306565809236444	0.686138239255696
0.03604965389189019	2.665861085184952	0.726606416005041
0.03688298789189037	2.7019457020527304	0.7621988768574964
0.03799409889189032	2.7591530214772813	0.8036745550582245
0.03910520989189026	2.8084393274430597	0.8426720495745841
0.0402163208918902	2.8753278855395243	0.8941800725776017
0.04132743189189037	2.930774979750999	0.9536678226356444
0.04243854289189031	2.993262974814775	1.0061068992930333
0.04354965389189036	3.046949843813241	1.0706589902680315
0.04466076589189039	3.1138384019096392	1.1364973795264726
0.04577187689189033	3.185127523038727	1.1951972973571472
0.04688298789189038	3.241454729856739	1.2374955878698204
0.04799409889189032	3.2995421618878273	1.300262058798137
0.04910520989189038	3.3681909451973673	1.3631300318739252
0.05049409889189027	3.453561868030924	1.4521012257935006
0.05188298789189039	3.5406930160775567	1.4967844050332473
0.05327187689189039	3.6322247271568764	1.6006045759631207
0.0546607648918902	3.7255166634492727	1.6815403379219707
0.05604965389189032	3.81440803670898	1.7486311223503617
0.05743854289189032	3.891857946083765	1.8398787563352867
0.05882743189189021	3.9930708958349332	1.9227030990296614
0.06021632089189033	4.0951639581926385	2.01033508905427
0.06160520989189033	4.184935444058885	2.0966045617751545
0.0632718768918904	4.27382681731859	2.2221493432306576
0.06493854289189027	4.4023232578722284	2.305725949805543
0.06660520989189034	4.522898684967093	2.377111508598477
0.06827187689189018	4.632912760783572	2.508802340809267
0.06993854289189039	4.753488187878436	2.5795449867096747
0.07160520989189034	4.875823840186309	2.656697404742858
0.0732718768918903	4.994639042068165	2.7714407041743563
0.07521632089189034	5.139857622145885	2.9138396377173663
0.07716076589189036	5.2753949635518245	3.0495405582849293
0.0791052098918903	5.4038914041054635	3.152326123815382
0.08104965389189034	5.549109984183247	3.275190905432223
0.08299409889189036	5.677606424736819	3.3813430076298485
0.0849385428918904	5.810503428323145	3.4946953745809597
0.08716076589189037	5.973324260531553	3.6400726889785333
0.08938298789189036	6.126463854068111	3.777901444774598
0.09160520989189036	6.306006825800535	3.9035731349371257
0.09382743189189036	6.457386194124084	4.053569345984418
0.09604965389189024	6.613166125480191	4.201393560713056
0.09827187689189021	6.764545493803674	4.374985837526859
0.1007718768918904	6.940568015110015	4.553984716062955
0.1032718768918903	7.121871212055581	4.711901929573311
0.1057718768918904	7.3022942963946065	4.890275978147441
0.1082718768918903	7.473036142061787	5.030907340198945
0.1107718768918904	7.643777987728969	5.2270450780120905
0.1135496538918903	7.845323774624767	5.478545045108424
0.1163274318918903	8.044229223700953	5.6949400866292805
0.1191052098918903	8.239614222350989	5.901954025258014
0.1218829878918903	8.433238995788015	6.139304962669138
0.1249385428918903	8.64622624656874	6.410974802786245
0.1279940988918904	8.860093609956	6.681211915818804
0.1310496538918904	9.075721198556273	6.962029457724988
0.1341052098918903	9.310711264500297	7.21854927759013
0.1374385428918903	9.543060992624648	7.5368855175556115
0.1407718768918902	9.773650495535998	7.8723063072088095
0.1441052098918904	10.02008202536488	8.200273869309333
0.1474385428918904	10.268273780406846	8.50877996775688
0.1510496538918904	10.525266661514188	8.875232785587091
0.1546607648918904	10.784899880441076	9.286083353670573
0.1582718768918903	11.046293324581038	9.624188175735133
0.1621607648918904	11.333210034310392	10.04570468614777
0.1660496538918903	11.621006856646353	10.549658537072421
0.1699385428918904	11.905283228556094	10.980447564237148
0.1741052098918904	12.207161852596528	11.47953860658561
0.1782718768918904	12.522242165734898	12.012824021387438
0.1824385428918903	12.8258810149884	12.582285090639468
0.1868829878918904	13.152402792011692	13.130876329315063
0.1913274318918903	13.499167158985205	13.712876205572405
0.1957718768918904	13.84417130074571	14.286394312357485
0.2004940988918903	14.197096455964994	14.955212176802789
0.2052163208918904	14.561463075069142	15.599636079437884
0.2102163208918904	14.953113184975813	16.41082379509738
0.2152163208918902	15.330681493177956	17.147738916600176
0.2202163208918904	15.718811152658532	17.860855917994087
0.2254940988918903	16.119262388630535	18.649519059545035
0.2307718768918903	16.527634638061283	19.479097635079054
0.2363274318918903	16.959769927868365	20.36921744647314
0.2418829878918903	17.413027920232274	21.206545908207012
0.2477163208918903	17.863645574776577	22.163402975039716
0.2535496538918902	18.323064355386197	23.153842517158026
0.2596607658918904	18.80536606376564	24.200142317705744
0.2657718768918903	19.2850274343255	25.22040336644865
0.2721607658918902	19.795492746113947	26.2284932428362
0.2785496538918904	20.298917157050116	27.176230881849275
0.2852163208918903	20.820823932723517	28.320134760062608
0.2918829878918903	21.3559323974949	29.51922668069512
0.2988274318918903	21.903362438757664	30.64254804835996
0.3057718768918902	22.446391916987846	31.940275745158676
0.3129940988918902	22.9982225212833	33.24092346260799
0.3202163208918902	23.549173012972247	34.53044577242919
0.3277163208918904	24.12828710807011	35.89676975733921
0.3354940988918902	24.744365932642424	37.14601473164506
0.3432718768918903	25.331401041199143	38.61096969378931
0.3513274318918902	25.96508211790206	39.96774567130641
0.3596607658918902	26.611084771096497	41.59997133976162
0.3679940988918904	27.244765847799357	43.16130858399494
0.3766052098918903	27.898689514452546	44.706104027862956
0.3854940988918902	28.55261318110572	46.16697285427326
0.3946607658918904	29.247902140265815	47.825954901119076
0.4038274318918902	29.91238715819732	49.400275678455884
0.4132718768918904	30.619117581242357	51.125267717504514
0.4229940988918903	31.325848004287444	52.92636873587705
0.4329940988918903	32.042259666004355	54.6257291984225
0.4429940988918902	32.741949188197225	56.455681546005
0.4532718768918903	33.46188130034018	58.29585318255753
0.4638274318918902	34.19765543940083	60.23693166640177
0.4746607658918902	34.9615931818705	62.0167351173597
0.4857718768918904	35.729931487372774	63.955049449032835
0.4971607658918904	36.48858855420318	66.06075536148818
0.5088274318918904	37.26044731013163	68.03531295207213
0.5207718768918901	38.05782933164945	70.03552481898467
0.5329940988918902	38.85081079013463	72.13477725065364
0.5454940988918904	39.649072924259	74.13661240921326
0.5582718768918904	40.45701629705519	76.22501359790205
0.5713274318918904	41.27992158416247	78.41304963974895
0.5846607658918903	42.079063830893396	80.4736068532291
0.5982718768918902	42.89140776672227	82.6654766366613
0.6121607658918904	43.716073279042554	84.83536609777258
0.6263274318918901	44.54161890396946	86.7465955719671
0.6407718768918902	45.37244520453552	88.66929039165784
0.6557718768918903	46.21559308159298	90.7454091609926
0.6710496538918904	47.03937848130679	105.92613839677136
0.6866052098918904	47.89044737182307	102.51202651039301
0.7024385428918904	48.72919468584791	102.41268628425564
0.7188274318918904	49.55121986034861	103.34812232041797
0.7354940988918903	50.37500526006238	104.68242938889684
0.7527163208918903	51.22695426318523	106.25599004687162
0.7702163208918904	53.30402001460037	104.92210430309035
0.7879940988918901	53.5926969495428	107.89050616649963
0.8063274318918903	54.22197746321308	110.08714897939542
0.8249385428918903	54.933988561897245	112.29118267488826
0.8441052098918904	55.69704619176039	114.26429322217442
0.8638274318918904	56.48650719981942	115.98881009820713
0.8838274318918904	57.28388922133732	104.6151226776075
0.9043829878918903	58.07687067982245	111.62583157220692
0.9254940988918903	58.87337258873379	115.3966730932303
0.9468829878918903	59.6566728085471	118.04005099350495
0.9688274318918904	60.43645257793426	120.26160269685732
0.9913274318918903	61.21535223471492	122.2089766642906
1.01438298789189	61.981050202397654	123.86466525083776
1.03799409889189	62.73530670619549	125.86683933323737
1.06216076489189	63.501004673878164	127.1949631531692
1.08688298789189	64.24910038943015	128.96398237663817
1.11216076589189	64.99719610498228	130.42591839750722
1.13799409889189	65.73913103228854	132.05033122120514
1.16438298789189	66.46698415789037	133.8677216599681
1.19132743189189	67.20539863477062	135.76471824932125
1.21882743189189	67.90068759393077	137.5704845366874
1.24716076589189	68.61973959346722	139.25917983355185
1.27604965389189	69.31238821480778	141.17479066421652
1.30549409889189	70.00855728657449	143.11159220469148
1.33577187689189	70.70472635834119	145.22250728599903
1.36660520989189	71.39473464186217	146.73992196986967
1.39827187689189	72.08034236235041	148.79557037259252
1.43077187689189	72.7509881685277	150.64089477590068
1.46382743189189	73.42427431252456	152.48572774775337
1.49771632089189	74.09668034391484	154.52297425674502
1.532438542891891	74.76644603748557	156.6456927416518
1.56799409889189	75.41508902849952	158.80472820727016
1.60438298789189	76.05581100605474	160.55972994979794
1.64160520989189	76.69565287100335	163.042425391847
1.679660765891891	77.31789248382131	165.72730074171886
1.71854965389189	77.95157356052424	167.35089678715246
1.75827187689189	78.58349441201408	169.7366125771097
1.79882743189189	79.20749425004523	171.9534697599505
1.84049409889189	79.80861116030644	174.82399461301486
1.88299409889189	80.4246899848787	176.93632618527394
1.92660520989189	81.0504500481229	179.88886593993004
1.97104965389189	81.63132436843378	182.34890745885883
2.01660520989189	82.24036229215385	184.95255504916705
2.063271876891891	82.82475706289104	187.43844963663517
2.11104965389189	83.42059329751305	189.89181089794286
2.15993854289189	83.99090626654566	192.1618378232229
2.20993854289189	84.57882148770892	194.34123849267309
2.26104965389189	85.1473742315285	197.74698023534245
2.31327187689189	85.72472810141342	199.77842171397245
2.36688298789189	86.28800016959372	202.39780361972396
2.421605209891891	86.83102964782391	205.05290348127124
2.47771632089189	87.37581935126715	207.94608394296128
2.53493854289189	87.92588973034948	210.7763913165426
2.59354965389189	88.4768402220384	213.53689524494345
2.65354965389189	89.00842823638374	216.70196559986562
2.71493854289189	89.53385546248317	219.31239242820348
2.77771632089189	90.06368325161526	222.31547289452513
2.84188298789189	90.57942923904301	225.81664240068375
2.907438542891891	91.10749680296205	228.49893385271
2.97466076489189	91.61972233996359	231.22926922951143
3.043271876891891	92.14338934085005	233.86892563214337
3.11354965389189	92.63889273832754	237.5064675119376
3.185494098891891	93.13087568537883	240.44404462636226
3.259105209891891	93.63165975849536	243.73732235198324
3.33438298789189	94.12012225512053	247.0129214153743
3.41132743189189	94.60506430131953	250.30984249291598
3.49021632089189	95.07680465842066	253.39015066576243
3.57077187689189	95.55822625419364	256.8132625792734
3.65327187689189	96.02644616086846	259.6226146438551
3.737716320891891	96.4937859549369	262.64101393064817
3.82410520989189	96.967286537251	265.9493046450728
3.91243854289189	97.42670531786057	268.74690935850856
4.00271632089189	97.88700421107679	272.37091754461335
4.095216320891891	98.33498152780142	274.675896769343
4.18966076589189	98.76359636718246	278.8343564360514
4.28632743189189	99.20277255784195	281.5411406404313
4.38521632089189	99.63930841068168	283.8673531274064
4.486605209891891	100.06176246181705	287.7720305466456
4.59021632089189	100.48773696337834	290.3443925959289
4.69632743189189	100.89610921280912	293.659263206716
4.804660765891891	101.32032348915749	297.01007460134974
4.91549409889189	101.721654837736	299.7153049461254
5.02910520989189	102.12210607370788	303.4249898255533
5.14521632089189	102.53311866095825	307.5262735167772
5.26410520989189	102.92564888347148	310.77740716136765
5.385494098891891	103.31465865555853	315.0807375353014
5.509938542891891	103.69486730158033	317.4620260897223
5.637160765891889	104.0680350467498	322.7985621249752
5.76716076589189	104.4526442558042	327.6541042589392
5.90021632089189	104.83373301443254	330.72005634059724
6.03632743189189	105.20162008396284	335.44806850480495
6.17577187689189	105.56950715349325	340.3445614350863
6.318271876891889	105.92243230871244	346.03051387509834
6.46410520989189	106.29383982866887	352.09685180478266
6.613271876891891	106.65996667298606	355.1155980198881
6.766049653891891	107.01201171559887	360.7421535035462
6.92216076589189	107.36581698342457	361.19823359615737
7.081882987891889	107.71874213864389	370.72420830203953
7.245216320891889	108.06902695604353	376.49332790674316
7.41243854289189	108.42195211126281	383.0564325540541
7.583549653891891	108.74935400089267	385.68274368606944
7.758549653891891	109.09787859307923	392.10561611552646
7.93771632089189	109.38391519020209	398.1162576342238
8.12077187689189	109.76060338579774	287.3751138989542
8.30827187689189	110.08712516282104	256.9234417502147
8.49993854289189	110.43476964240111	202.35409538059488
8.69604965389189	110.73488804122847	112.43025721681975
9.311882987891892	110.69528297393447	201.74448507131584