0.01666666637174785	0.0006364207945926757	0.00231739480866445
0.04999999981373549	0.0031821039729512867	0.12980966026017646
0.09999999997671694	0.0015910519864696007	0.28097751502560225
0.1166666666977108	0.1505135179201643	0.32492738852700737
0.1333333330694586	0.22720222366806186	0.3576650702082517
0.1499999999650754	0.28575293677020114	0.39211748414165637
0.1666666665114462	0.3360301795426841	0.4144710096852525
0.1833333332324401	0.37803395198552237	0.46316863075667225
0.1999999999534339	0.41621919966082915	0.47859891995028475
0.2166666666744277	0.4524951849523698	0.4928631077213177
0.2333333332207985	0.48272517269531645	0.5394833124600704
0.2499999997671694	0.5145462124247444	0.5496161423704845
0.2666666666627862	0.5419123065920364	0.5605583261960766
0.283333333209157	0.5686419799647595	0.6036439725788069
0.2999999999301508	0.5995083885022986	0.6117352547131192
0.3166666666511446	0.6383300569721858	0.6193524122539028
0.3333333333721384	0.6704693070988985	0.5929124023544089
0.3499999999185093	0.7035631884174999	0.6009178985075161
0.3666666664648801	0.7309292825848035	0.6007712705385472
0.3833333333604969	0.7611592703277501	0.6101692556376632
0.3999999999068677	0.7850250501248182	0.6189821364669541
0.4166666666278616	0.8139821962785916	0.6227988545996329
0.4333333333488554	0.835938713691894	0.6318048100738737
0.4499999997206032	0.8591680726943696	0.6408758847491699
0.46666666661622	0.8836702732860177	0.6475155502309696
0.4833333331625909	0.9059450010966167	0.6544740269750836
0.4999999998835847	0.9288561497017955	0.6632632757883472
0.5166666666045785	0.9511308775123946	0.6723295696011916
0.5333333333255723	0.9702235013500418	0.6795071881900475
0.5499999998719431	0.9905889667768744	0.6873224032368971
0.566666666418314	1.009999801011818	0.6951188976763866
0.5833333333139308	1.0297288456440699	0.7021442956628189
0.5999999998603016	1.0478668382898282	0.7101304851916838
0.6166666665812954	1.067277672524784	0.7174688302858877
0.6333333333022892	1.0841428235813688	0.7261648131052719
0.6500000000232831	1.1051447098027942	0.7340584392155284
0.6666666665696539	1.1242373336404414	0.7408983233537436
0.6833333331160247	1.139829643107865	0.747990568999663
0.7000000000116415	1.1576494253563392	0.7550105968031914
0.7166666665580124	1.1716506828372812	0.7613600554489486
0.7333333332790062	1.1901068858803483	0.7698637285255244
0.7666666663717479	1.2222461360070607	0.7826673117292244
0.7999999998137355	1.2550218069283656	0.7988054775502462
0.8333333332557231	1.2871610570550784	0.8082296599850437
0.8666666666977108	1.3193003071818032	0.816170049609233
0.8999999999650754	1.3476210325409836	0.8271954790304287
0.93333333323244	1.37785102028393	0.8346117433903895
0.9666666666744277	1.4039442728620608	0.843940601769819
0.9999999997671694	1.4341742606050076	0.8538691465637728
1.033333333209157	1.4605857235804214	0.8655198143060242
1.066666666651145	1.4873153969531325	0.8724854885152507
1.099999999918509	1.5127722287366827	0.882736392914049
1.133333333360497	1.5410929540958636	0.8921922481113277
1.166666666627862	1.5627312611118693	0.9004851350187774
1.199999999720603	1.5878698824981106	0.9082964583347941
1.233333333162591	1.6130085038843518	0.9192118568045313
1.266666666604579	1.6371924940787166	0.9286369010821531
1.299999999871943	1.6623311154649578	0.936027894817232
1.333333333313931	1.6826965808917782	0.9452637334631286
1.366666666581295	1.7081534126753162	0.9522682911059984
1.400000000023283	1.7297917196913224	0.961992137840154
1.433333333116025	1.7539757098856865	0.9692263242787734
1.466666666558012	1.7743411753125196	0.9785810121038618
1.516666666371748	1.8061622150419354	0.989221944987652
1.566666666709352	1.8376650443740676	1.0023363459117338
1.616666666697711	1.867258611322421	1.0146005620034133
1.666666666511446	1.8984432302572565	1.0258069128396365
1.716666666674428	1.9280367972056103	1.0362827031759632
1.766666666662786	1.959857836935039	1.0472363678578758
1.816666666651145	1.9859510895131693	1.0572996422323346
1.86666666646488	2.0139536044750534	1.0679826586269987
1.916666666627862	2.0422743298342345	1.0774947483855621
1.96666666661622	2.068685792809661	1.0898087957763116
2.016666666604579	2.0947790453877793	1.0995801137814893
2.066666666418314	2.122781560349676	1.1091627519947516
2.116666666581295	2.1472837609413364	1.1189771358810903
2.166666666569654	2.1749680655059245	1.1287486516407814
2.216666666558012	2.201379528481339	1.136802695966418
2.283333333267365	2.230654885032421	1.1489444161886613
2.349999999976717	2.262475924761837	1.1623197163918533
2.416666666511446	2.2962062268750194	1.17227163890113
2.483333333220799	2.3270726354125584	1.1835872234246112
2.549999999930151	2.3550751503744545	1.1935895886826342
2.61666666646488	2.3881690316930446	1.2062156628233043
2.683333333348855	2.4171261778468174	1.2182313767789947
2.749999999883585	2.446719744795183	1.2296127062120488
2.816666666418314	2.4747222597570677	1.2394926718961568
2.883333333302289	2.5049522475000265	1.2511829934490417
2.950000000011642	2.5316819208727375	1.2597038507686713
3.033333333267365	2.5660486437805123	1.2720382619861657
3.116666666697711	2.5985061043045206	1.2829455852348244
3.199999999953434	2.633827458404173	1.297207402685686
3.283333333209157	2.662148183763365	1.307562197200363
3.36666666646488	2.6955602754792514	1.320295546701155
3.449999999720603	2.7286541567978526	1.3318079132721141
3.533333333325572	2.7595205653353916	1.3425612449422086
3.616666666581295	2.789432342681054	1.3533202286130728
3.716666666558012	2.8269811695617677	1.368072072915158
3.816666666709352	2.860711471674951	1.379777489884477
3.916666666511446	2.8969874569664915	1.3925072062140078
4.016666666662786	2.9303995486823764	1.403873590526337
4.11666666646488	2.9650844819874482	1.416598963462306
4.21666666661622	2.9956326801276907	1.4285381842215878
4.316666666418314	3.030635823830058	1.4411984254009387
4.416666666569654	3.0621386531621906	1.4529465475653762
4.533333333267365	3.100323900837485	1.466236762533336
4.649999999965075	3.1353270445398524	1.4791494838332848
4.766666666662786	3.1703301882422203	1.4930329268101157
4.883333333360497	3.204060490355403	1.504484952142498
4.999999999883585	3.240018265249645	1.5183802091763727
5.116666666581295	3.2737485673628286	1.531924663594084
5.25	3.3116156046408403	1.5460324153417333
5.383333333069459	3.3478915899323916	1.5592950032787054
5.516666666662786	3.386076837607697	1.573905378754552
5.649999999906868	3.4236256644884113	1.586595701877338
5.783333333325572	3.457992387396186	1.599988950980755
5.933333333116025	3.497768687057962	1.6133418356321343
6.083333333255723	3.536272145130556	1.6279072798341576
6.233333333220799	3.5731845512166873	1.6407291263887447
6.383333333360497	3.612324430083872	1.6564681494377904
6.533333333325572	3.6511460985537707	1.669942079466999
6.700000000011642	3.6902859774209524	1.6866402449285502
6.866666666697711	3.7287894354935553	1.7025720197081757
7.033333333209157	3.7669746831688635	1.7192835702455105
7.199999999720603	3.8086602452144054	1.737361347636611
7.366666666581295	3.8442998097113534	1.751497108845353
7.549999999813736	3.885667161359601	1.7704993609109492
7.733333333220799	3.9302166169807835	1.7853567156632673
7.916666666627862	3.9674472334642124	1.8031796628175703
8.099999999860302	4.008814585112461	1.8181011240441958
8.299999999813735	4.047636253582349	1.8337360220619854
8.49999999976717	4.088048974038714	1.84830931433073
8.699999999720603	4.128779904892371	1.8633062144846264
8.916666666569654	4.173011150116269	1.8776720893272258
9.133333333069459	4.213105660175344	1.8951968207452508
9.34999999991851	4.256064063810059	1.9095303185902108
9.566666666418314	4.298386046650195	1.9235420215567762
9.799999999813735	4.341344450284909	1.9396671822855294
10.03333333320916	4.385257485111515	1.955498272661191
10.26666666660458	4.426306626362465	1.9723526920663637
10.51666666637175	4.471492502778242	1.9878786437159481
10.76666666666279	4.515723748002129	2.004618900603863
11.01666666660458	4.558363941239562	2.0201891340891525
11.28333333326737	4.603549817655339	2.0375556469071197
11.54999999993015	4.6477810628792255	2.0541351733306947
11.81666666641831	4.691694097705831	2.071839770105332
12.09999999997672	4.739743867697264	2.0873386980678363
12.3833333333605	4.783975112921153	2.1055593471770324
12.68333333311603	4.830115620528806	2.1239457869350233
12.9833333332208	4.877210759328351	2.142011853190093
13.28333333332557	4.919850952565783	2.163562499414442
13.59999999997672	4.970764616132857	2.179762482254908
13.91666666662786	5.0178597549324	2.1986141377236987
14.25	5.066545945718413	2.217577105818021
14.58333333337214	5.11523213650443	2.2360941891731696
14.93333333311603	5.164872958482319	2.256131692758756
15.28333333320916	5.213240938871049	2.277070936608451
15.65000000002328	5.2647910232327035	2.29580749604905
16.01666666666279	5.312204372429543	2.3199233359984515
16.40000000002328	5.365027298380384	2.3390904163568504
16.78333333320916	5.41116780598804	2.369317802284122
17.18333333311603	5.464945363130757	2.388397398554564
17.58333333337214	5.5139497643140665	2.4170466081391937
18.0	5.566136269470327	2.4423531302521093
18.41666666662786	5.616413512242813	2.471885168927192
18.84999999997672	5.671463910974699	2.4928199316399566
19.29999999987194	5.725241468117431	2.5234787685260445
19.74999999976717	5.779973656452027	2.5476205512108816
20.21666666655801	5.835342265581228	2.575740508414974
20.68333333334886	5.893892978683356	2.577947013875729
21.16666666651145	5.9505344294017295	2.596859421691532
21.66666666656965	6.011949036079511	2.5741843358379612
22.16666666662786	6.065726593222232	2.61529627350637
22.68333333323244	6.125550147913542	2.5667791739455423
23.21666666655801	6.183464440221089	2.4974697698706954