0.225824254463717	15.011471793513149	12.393288401630796
0.7258242541726787	30.00357572487851	13.461682277118813
1.225824254405509	37.07633383402871	16.144858963661793
1.725824254463717	43.00423387551093	18.726551142814063
2.225824254172679	47.806922399628306	20.351003578992454
2.725824254405509	51.91305141299605	20.138769992063946
3.225824254463717	55.031494761121365	19.606261168872603
3.725824254172679	57.735574502852025	19.962153615878098
4.225824254405509	60.11816523962132	21.471994759682737
4.725824254463717	62.486467576170114	21.851582630680586
5.225824254172679	64.4457644564069	20.802125121096456
5.725824254405509	66.11393518215093	19.756046153149484
6.225824254463717	67.64458005577255	19.39255862106162
6.725824254172679	68.92517792553537	20.637377399042627
7.225824254405509	70.19684554516039	20.258993836251747
7.725824254463717	71.64711816754165	21.009098738355632
8.225824254172679	72.66695273328023	21.55886402642581
8.72582425440551	73.82967130122388	20.551584942495683
9.225824254463717	74.85665006707269	21.333885875565972
9.725824254172679	75.8568380825081	21.28685436437315
10.22582425440551	76.71771419579353	20.76023190258815
10.72582425446372	77.56966005894118	19.751467740972245
11.22582425417268	78.43053617222667	19.533202865459387
11.72582425440551	79.12352358292117	19.046996011412695
12.22582425446372	79.65576649113494	20.67197956442724