0.01007077993563144	5.767854135638301	2.2587471834717214
0.02673777993550175	7.973377660543586	6.33763041552824
0.04340477993537206	12.024432234181731	8.061339223401925
0.06007077993490384	14.578556068292135	8.628746312489941
0.07673777993477415	16.819395310796736	9.881728114047625
0.09340477993464447	18.84834024770607	10.897520257350426
0.1100707799359952	20.7189340637673	11.85724500862791
0.1267377799358656	22.432315975677184	12.704602178872712
0.1434047799357359	24.044307601576506	13.519157877666935
0.1600707799352676	25.566301108432693	14.207374787798818
0.176737779935138	27.005131796426127	14.891719983256158
0.1934047799350083	28.380166349401716	15.518759805400688
0.210070779936359	29.681151817088622	16.099734164252016
0.2267377799362293	30.921758799847932	16.63332790440922
0.2434047799360997	32.12249319822103	17.152822121265658
0.2600707799356314	33.26398832836313	17.655019593978096
0.2767377799355018	34.379281474479995	18.090354772592626
0.2934047799353721	35.450145169423706	18.5032618404308
0.3100707799349038	36.47999706328442	18.942987236286264
0.3267377799347742	37.49048227330052	19.314057546793027
0.3434047799346445	38.456538032143385	19.676405424083754
0.3600707799359952	39.405505540534925	20.048316434270028
0.3767377799358656	40.31687889793381	20.377028048623046
0.3934047799357359	41.2009110546108	20.703647556418495
0.4100707799352676	42.05874122726251	21.02724815166652
0.426737779935138	42.915432183217455	21.331591892865703
0.4434047799350083	43.72769368799924	21.601355208638502
0.460070779936359	44.52970224251024	21.881914364159183
0.4767377799362293	45.30892646308625	22.14829489891844
0.4934047799360997	46.07789773339165	22.38067922226413
0.5100707799356314	46.826363103155494	22.613752160090968
0.5267377799355017	47.55774022246812	22.832699847045554
0.5434047799353721	48.2765859581165	23.052584342254065
0.5600707799349038	48.98631796019081	23.281464210636212
0.5767377799347742	49.67554406172378	23.447213767779363
0.5934047799346445	50.343125046018486	23.598190204905546
0.6100707799341762	51.01070603031315	23.798341541701994
0.6267377799340466	51.660059547459824	23.93405469922519
0.6434047799339169	52.300299331032605	24.046308225447348
0.6600707799334486	52.92117243076065	24.20464726149489
0.676737779933319	53.528374930127576	24.278293278499163
0.6934047799331893	54.12076761243695	24.357831248652563
0.710070779936359	54.70974264465597	24.447923072651918
0.7267377799362293	55.28504707651401	24.496960830745884
0.7600707799356314	56.41059317290169	24.596961184670054
0.7934047799353721	57.4917098181161	24.585445512056246
0.8267377799347742	58.52384014537041	24.613029569058824
0.8600707799359952	59.51495867154159	24.54732807003324
0.8934047799357359	60.47417913020401	24.522934590792545
0.926737779935138	61.377577970725696	24.44420750545629
0.960070779936359	62.2524963938286	24.35666303034214
0.9934047799360997	63.08868144924199	24.241590587500315
1.026737779935502	63.88955078705633	24.110488760434993
1.060070779934904	64.65396519057471	23.940694882362482
1.093404779934645	65.40015212694503	23.805868939050082
1.126737779935866	66.10760569562598	23.67245716512306
1.160070779935268	66.79797101385557	23.513062365727425
1.193404779935008	67.4609951313633	23.362272408043836
1.226737779936229	68.10465256502623	23.200440470745
1.260070779935631	68.72894331484449	23.071366516667677
1.293404779935372	69.33044973072779	22.934197752785757
1.326737779934774	69.90347572919238	22.78660063661253
1.360070779934176	70.47308407756664	22.663678546068333
1.393404779933917	71.01421200852226	22.534920835958154
1.426737779933319	71.5507830726909	22.40492610542777
1.460070779936359	72.05773450274405	22.281588894140242
1.510070779935631	72.80619987250786	22.069785588792186
1.560070779934904	73.52618482485296	21.883200157263452
1.610070779935995	74.21313249299244	21.683892621586377
1.660070779935268	74.87046052701633	21.515145335256904
1.710070779936359	75.51183952728589	21.333481857370575
1.760070779935631	76.13043419362039	21.16060169430089
1.810070779934904	76.72054844253609	21.01205533535332
1.860070779935995	77.30268817457466	20.845814440077966
1.910070779935268	77.85862592258802	20.699637303694043
1.960070779936359	78.39291855336312	20.561365167153724
2.010070779935631	78.90784450029344	20.442687227539416
2.060070779934904	79.39770767989533	20.28320108002975
2.110070779934176	79.87503947583296	20.147640643122593
2.160070779933449	80.34439675489352	19.98971822190579
2.210070779936359	80.79096970001899	19.873612354088053
2.276737779935502	81.38222316563153	19.702990393181825
2.343404779934645	81.94385699712855	19.52537911449567
2.410070779935268	82.48498492808415	19.36326617302017
2.476737779936229	83.01016382528526	19.20149954205471
2.543404779935372	83.5182544720352	19.02321724434709
2.610070779935995	84.008117651637	18.863462680878417
2.676737779935138	84.49570239784549	18.729835559871198
2.7434047799361	84.96392046020911	18.589706719034897
2.810070779934904	85.39910123836708	18.480116920790874
2.876737779934047	85.83656044991864	18.358455416949706
2.943404779933189	86.2421215939611	18.233702304026142
3.026737779935502	86.75704754089143	18.094450643199316
3.110070779935995	87.24235385370638	17.955469817063438
3.193404779935008	87.71171113276684	17.828788457115845
3.276737779935502	88.17195467825329	17.722629501296993
3.360070779935995	88.60827467310796	17.61280185489654
3.443404779935008	89.02978485090497	17.491975493067045
3.526737779935502	89.43990286173444	17.40629020604021
3.610070779934176	89.84546400577698	17.315719648379726
3.693404779933189	90.23621533276179	17.19813776750571
3.793404779935372	90.68506671128074	17.098362705752056
3.893404779935736	91.12822200631597	17.015007599107008
3.9934047799361	91.55087140080967	16.95627391548526
4.093404779934645	91.95985019494243	16.861835670160755
4.193404779935008	92.36427212228827	16.800550469660923
4.293404779935372	92.74818814909246	16.73779612400555
4.393404779933917	93.12754730910989	16.66584060977441
4.510070779935631	93.5650065206612	16.59825224509786
4.626737779935866	93.98765591515505	16.561601937627856
4.7434047799361	94.38866019241048	16.548022822490818
4.860070779935995	94.79649976984652	16.521303973470722
4.976737779936229	95.18155501334759	16.513672211084437
5.093404779934645	95.55407887318434	16.478021963957623
5.226737779936229	95.98242435116184	16.474649889325466
5.360070779935995	96.40165609556529	16.45466892357043
5.4934047799361	96.80266037282094	16.45131375396012
5.626737779935866	97.1922724831089	16.467353642137333
5.760070779935631	97.5670747763392	16.473960999418615
5.893404779933917	97.93732020278247	16.499025456474858
6.043404779935372	98.33490682994773	16.557123254922587
6.193404779935008	98.73249345711301	16.59951498218891
6.343404779934645	99.12666243418806	16.63067132665205
6.4934047799361	99.5208314112631	16.68034304758405
6.643404779933917	99.89677292119009	16.693488220491794
6.810070779934904	100.31942231568384	16.733244011119087
6.976737779936229	100.70903442597184	16.803744177932185
7.143404779935736	101.10434261974368	16.841187504216144
7.310070779934904	101.48598021315445	16.887599741898647
7.4934047799361	101.89609822398396	16.92417220611502
7.676737779935138	102.30507701811673	16.97339903866477
7.860070779935995	102.70380286197866	17.0246058475951
8.043404779935372	103.09455418896344	17.072445872067874
8.2434047799361	103.53315261721174	17.126845899527638
8.443404779935008	103.95921966179577	17.193577879727282
8.643404779935736	104.36592002253492	17.23918369928456
8.843404779934644	104.764645866397	17.27897065581149
9.060070779934904	105.18045996071024	17.320713780102807
9.276737779935502	105.58716032144949	17.354620975467423
9.4934047799361	105.99955676567251	17.42624735593595
9.72673777993623	106.42676302695327	17.47030277033767
9.960070779936359	106.85169085484043	17.532900718238118
10.19340477993501	107.24927748200568	17.599843000740325
10.44340477993319	107.6730660931962	17.652660122860595
10.69340477993501	108.08318410402576	17.71829402014529
10.94340477993501	108.48646681467469	17.772430248695965
11.21007077993636	108.90000247559455	17.78878244362486
11.47673777993623	109.32151265339147	17.82126351589695
11.7434047799361	109.72707379743403	17.84785424816006
12.0267377799355	110.1542800587147	17.89672165776447
12.3100707799349	110.5621196361508	17.9782079138391
12.61007077993418	110.99388276421851	18.04108119085046
12.91007077993527	111.41653215871222	18.05546563386644
13.21007077993636	111.8266501695417	18.11959807429325
13.5267377799355	112.25727408091265	18.145042555599286
13.84340477993464	112.6799234754064	18.20900443235378
14.17673777993332	113.11396503686765	18.283040273806634
14.51007077993563	113.5457281649354	18.343406513005664
14.86007077993418	113.98318737648688	18.410293160504484
15.21007077993636	114.40811520437414	18.483145067095723
15.57673777993477	114.85127049940931	18.562771849385953
15.94340477993501	115.27164146050951	18.626826379294844
16.32673777993477	115.71479675554471	18.685874861920777
16.71007077993636	116.16250891736696	18.77569456342768
17.11007077993418	116.606803429099	18.83937863246299
17.51007077993563	117.0271743901992	18.898993271812923
17.92673777993332	117.48058263550519	18.95939829330368
18.34340477993464	117.90664968008919	19.01744908423839
18.7767377799355	118.34638732503409	19.098469255982945
19.21007077993636	118.78840340337256	19.164397886243886
19.66007077993527	119.22586261492408	19.18798189034687
20.12673777993405	119.67471399344298	19.265781112384122
20.59340477993464	120.1110339882977	19.33512320312407
21.07673777993477	120.57355596717767	19.388994421779426
21.57673777993477	121.02582499578686	19.454039907797476
22.07673777993477	121.4701195075188	19.513220330138065
22.59340477993464	121.92922383630851	19.55982010430065
23.12673777993405	122.38491051500795	19.62417445936407
23.66007077993527	122.82920502673997	19.72300440333669
24.21007077993636	123.27463875516861	19.78820110467532
24.7767377799355	123.73032543386807	19.83837470256738
25.36007077993418	124.19056897935448	19.94181710524374
25.96007077993636	124.66903999198891	20.00120184000783
26.5600707799349	125.1156129371144	20.087480613351293
27.17673777993514	125.56560353233017	20.177021191936063
27.8100707799349	126.03610002808732	20.26080963736424
28.46007077993636	126.50090044036078	20.395725946771282
29.12673777993405	126.96228320254397	20.45435442299709
29.8100707799349	127.41910909794026	20.545681362450374
30.51007077993563	127.88846637700063	20.64125578242725
31.22673777993623	128.36465895624156	20.706263369366294
31.96007077993636	128.8397123187857	20.753581678152518
32.71007077993636	129.32274019820724	20.841101435166433
33.47673777993623	129.80121121084156	20.925374748045666
34.26007077993563	130.27854300677913	21.032818656217913
35.0600707799349	130.77182383647127	21.10540447615453
35.87673777993405	131.2480164157124	21.167101762057452
36.71007077993636	131.74129724540435	21.282832221297518
37.5600707799349	132.23002120830955	21.37919788526818
38.42673777993514	132.7187451712147	21.474987242763873
39.32673777993477	133.24506328511256	21.575317565022864
40.2434047799361	133.74062254819822	21.661973164160244
41.17673777993332	134.23959946137413	21.77169499225895
42.12673777993587	134.74085480794363	21.827973019647132
43.110070779936	135.23869250442274	21.907340058513
44.11007077993418	135.71488508366357	22.008583570053553
45.14340477993574	136.22069729702008	22.10567657029777
46.19340477993501	136.71853499349913	22.210182339501348
47.26007077993563	137.23460015712632	22.31479707566585
48.360070779936	137.734716286999	22.417771269359868
49.47673777993623	138.23938928365865	22.538856888318072
50.62673777993587	138.7611505307695	22.606347392926217
51.8100707799349	139.27493726100306	22.68994479367392
53.01007077993563	139.8023945915977	22.77752501268952
54.2434047799361	140.32757348879875	22.8517192510213
55.51007077993563	140.84136021903245	22.932790450254455
56.79340477993537	141.3597038160531	23.010658957919514
58.110070779936	141.85754151253226	23.12394666733111
59.46007077993636	142.37702432624968	23.230617568099277
60.84340477993464	142.91017774032798	23.373960076469565
62.26007077993563	143.44902723789008	23.472445672159065
63.71007077993636	143.98901595214892	23.545597208743466
65.19340477993319	144.52900466640776	23.645899262498876
66.71007077993636	145.08380319772436	23.73979341270098
68.26007077993563	145.63404486225386	23.790770608332615
69.84340477993464	146.16719827633227	23.88710793307382
71.46007077993636	146.70604777389437	24.081642662193254
73.110070779936	147.24831492154664	24.147015716212152
74.8100707799349	147.81564483652753	24.14902080413245
76.54340477993537	148.35677276748308	24.257295335814486
78.3100707799349	148.90017913183223	24.35506320487467
80.12673777993405	149.47320513029675	24.46709522904863
81.97673777993623	150.03028209500675	24.55403617804353
83.87673777993405	150.59419435989736	24.614946924115834
85.82673777993477	151.15582819139445	24.6742346907288
87.8100707799349	151.69353847225992	24.79815022762447
89.84340477993464	152.27112133751132	24.80435591761758
91.92673777993514	152.82591986882795	24.892815409573767
94.0600707799349	153.3624909329966	25.173266446957776
96.2434047799361	153.94121301494488	25.1960291310493
98.47673777993623	154.57119984824686	24.16774184426522
100.7600707799356	155.13739054653095	23.20283964154238