0.009999999999990905	0.13309270013966984	0.07921434598314124
0.01999999999998181	0.25477745455308526	0.2718977614766941
0.02999999999997272	0.38787015469275504	0.3759417743538262
0.03999999999996362	0.5057522605307514	0.49572006675639096
0.04999999999995453	0.6312396635195862	0.5628099592785468
0.05999999999994543	0.7339111750559046	0.6723997329722603
0.06999999999993634	0.8517932808939009	0.8433021420485899
0.07999999999992724	0.9734780353073126	1.0103968333883548
0.08999999999991815	1.1027680868715666	0.9936441340892412
0.1009816608871006	1.2054395984078854	1.0735452096413494
0.1133032870613988	1.349940244273813	1.3543310690028165
0.1271283790160851	1.517256781592261	1.4534437276971102
0.1426403873215349	1.6845733189107048	1.4204284499361524
0.1600451469034852	1.8442845590783101	1.5856205335848854
0.1795736083472548	2.0496275821509475	1.8664351271790343
0.2014849024710657	2.2739838481006824	1.9986073005435199
0.2260697788358357	2.5097480597766704	2.1307901152944466
0.2536544638137457	2.7645255143297556	2.395130413710042
0.2846049894151292	3.061132103212453	2.626447280177691
0.3193320503103223	3.369146637821409	2.8082332773129255
0.358296453498042	3.7075823610337175	2.9404747469500534
0.4020152329358098	4.046018084246029	3.1223076768337736
0.4510685102645766	4.426282941787949	3.370240119711263
0.5061071926713794	4.821758393631547	3.502563865407278
0.567861610032196	5.232444439776817	3.7671052304217656
0.6371512059456563	5.688762268827124	3.949062637530093
0.7148954112517458	6.141277449302009	4.114569466297008
0.8021258443204715	6.635621764106504	4.14788979462062
0.900000000000091	7.095742241732228	4.214357451974056
1.009816608871688	7.605297150838398	4.4461144663353735
1.13303287061467	8.11865470851999	4.4134943785488385
1.271283790160396	8.620604320475323	4.298266442976265
1.426403873214895	9.107343338128983	4.23268218308779
1.600451469035079	9.594082355782641	4.200205164218591
1.795736083472093	10.07321607628546	4.10163411543467
2.014849024711566	10.5371392024866	3.9203954280116267
2.260697788358584	10.97444378865981	3.656448478722907
2.536544638137912	11.377524537654244	3.475256123716024
2.84604989415152	11.772999989497842	3.310574217454231
3.193320503102086	12.138054252738085	3.063145041349021
3.582964534981556	12.476489975950399	2.8819362709020484
4.020152329358552	12.79971510486103	2.617807083399567
4.510685102645539	13.077308450866628	2.4366032170544196
5.061071926713112	13.358704445447644	2.2883622354060984
5.678616100321733	13.602073954274479	2.107077177280768
6.371512059457245	13.84164081452588	2.0584508017901992
7.148954112518595	14.073602377626456	2.093036648834442
8.021258443203578	14.32077453502871	2.061153914803118
9.0	14.54513080097844	1.9297489326376067
10.09816608871756	14.761881769777334	1.8648599635240475
11.33032870614738	14.971027441425388	1.8834724000081235
12.71283790160464	15.191581058799711	2.0859369169154185
14.26403873214986	15.44635851335279	2.0714464641263266
16.00451469035033	15.66310948215168	2.0748271435564543
17.95736083471979	15.917886936704766	2.1782751304536574
20.14849024711498	16.15745379695618	2.1655371847574045
22.60697788358607	16.408428602933846	2.2538909378302794
25.36544638138003	16.667008706062354	2.3097518956524916
28.36544638138003	16.92178616061544	2.339520004983479
31.36544638138003	17.153747723716013	2.4676795059744037
34.36544638138003	17.362893395364065	2.532343635103877
37.36544638138003	17.59105230988922	2.491379711930414
40.36544638138003	17.78118473866018	2.674054607173822
43.36544638138003	17.94089597882779	2.5948122510086
46.36544638138003	18.138633704749587	2.5983177480408473
49.36544638138003	18.28313435061552	2.7537271224831503
52.36544638138003	18.435240293632283	2.861390482552906
55.36544638138003	18.58734623664905	2.8520465327585955
58.36544638138003	18.76226807111833	3.0057330218946725
61.36544638138003	18.895360771258	3.008877873098129
64.36544638138002	19.013242877095998	3.0207363349288583
67.36544638138002	19.14633557723567	2.992150921515809
70.36544638138002	19.28323092595076	2.9667777955271877
73.36544638138002	19.393507734637918	3.1652329294703585
76.36544638138002	19.518995137626753	3.098100760473955
79.36544638138002	19.617864000587645	3.2105748661240483
82.36544638138002	19.74715405215191	3.257892265456601
85.36544638138002	19.83841761796197	3.1650301459170995
88.36544638138002	19.963905020950797	3.3527145883568585
91.36544638138002	20.04756328961002	3.314973928704734
94.36544638138002	20.161642746872595	3.210675956130369
97.36544638138002	20.241498366956403	3.3150979589737326
100.36544638138	20.347972527068137	3.369433364501297
103.36544638138	20.43163079572736	3.3576136471045683
106.36544638138	20.511486415811163	3.382018683121689
109.36544638138	20.598947333045807	3.490815974302285
112.36544638138	20.70922414173296	3.4070921836676327
115.36544638138	20.77006651893967	3.518016985097987
118.36544638138	20.853724787598885	3.5781333838717653
121.36544638138	20.948791001984368	3.6522462324433507
124.36544638138	21.02864662206818	3.640332458690004
127.36544638138	21.08948899927488	3.576116528595213
130.36544638138	21.180752565084944	3.618062053199509
136.36544638138	21.336661156677135	3.607748915931354
142.36544638138	21.469753856816798	3.692576198976875
148.36544638138	21.59143861123022	3.688842136019655
154.36544638138	21.728333959945306	3.6136747327242977
160.36544638138	21.850018714358722	3.6405776693852125
166.36544638138	21.979308765922976	3.8185294376311267
172.36544638138	22.089585574610126	3.8119901064249206
178.36544638138	22.19986238329729	3.734104036904694
184.36544638138	22.3025338948336	3.843194107375263
190.36544638138	22.428021297822443	3.7300039190268803
196.36544638138	22.526890160783342	3.8582388774648506
202.36544638138	22.610548429442563	3.835887016149551
208.36544638138	22.72082523812972	3.923269659026414
214.36544638138	22.800680858213518	3.771199185573252
220.36544638138	22.910957666900686	3.6905417421960194
226.36544638138	22.994615935559903	3.690688702589428
232.36544638138	23.070668907068285	3.795319582963979
238.36544638138	23.161932472878348	3.7417161462767385
244.36544638138	23.23038014723589	3.713583012624134
250.36544638138	23.291222524442603	3.676358419365343
256.36544638138	23.36347284737556	3.5981333102508777
262.36544638138	23.443328467459366	3.626534231187453
271.36544638138	23.549802627571115	3.5213552414022624
280.36544638138	23.629658247654916	3.5785882607377855
289.36544638138	23.743737704917486	3.63748942742475
298.36544638138	23.81598802785045	3.5906633466665134
307.36544638138	23.895843647934246	3.4821081734715778
316.36544638138	23.98710721374431	3.577527303442862
325.36544638138	24.063160185252702	3.5229424265072513
334.36544638138	24.1430158053365	3.492721173695378
343.36544638138	24.219068776844882	3.5910354858632667
352.36544638138	24.276108505476174	3.6739727460664335
361.36544638138	24.36356942271082	3.804984740204867
370.36544638138	24.409201205615844	3.790084124120781
379.36544638138	24.48525417712423	4.034221885924472
388.36544638138	24.549899202906357	4.141262689457413
397.36544638138	24.618346877263903	4.116595790271251
409.36544638138	24.71341309164938	4.422776135619037
421.36544638138	24.831295197487375	4.52883789698462
433.36544638138	24.907348168995757	4.86378074717514
445.36544638138	25.029032923409172	5.109563019899383
457.36544638138	25.101283246342142	5.273085329195656
469.36544638138	25.211560055029302	5.475012925923476
481.36544638138	25.318034215141044	5.605090404957576
493.36544638138	25.40929778095109	5.779086695743199
505.36544638138	25.515771941062834	6.153087677040811
517.36544638138	25.626048749749994	6.221306699106955
529.36544638138	25.717312315560047	6.594827021875324
544.36544638138	25.84279971854889	6.80963329478065
559.36544638138	25.956879175811462	6.953415840381138
574.36544638138	26.093774524526545	7.3092452919656
589.36544638138	26.238275170392477	7.5970150726701995
604.36544638138	26.359959924805896	7.807751831494419
619.36544638138	26.496855273520982	8.086443804499757
634.36544638138	26.626145325085236	8.35753577801526
649.36544638138	26.751632728074075	8.686614124105288
664.36544638138	26.865712185336644	8.979585762875013
682.36544638138	27.029226074079677	9.37299746112789
700.36544638138	27.192739962822706	9.518782107548782
718.36544638138	27.344845905839477	9.919383587921722
736.36544638138	27.489346551705395	10.265400141971087
754.36544638138	27.641452494722166	10.490915256954114
772.36544638138	27.808769032040612	10.879190435710788
790.36544638138	27.953269677906547	11.32959429665299
811.36544638138	28.154810052403754	11.595652604305558
832.36544638138	28.31071864399594	11.935114341458279
853.36544638138	28.497048424191483	12.297530005627115
874.36544638138	28.68337820438703	12.644938856192404
895.36544638138	28.839286795979213	13.1278110791584
916.36544638138	29.02561657617476	13.327846612569223
940.36544638138	29.234762247822804	13.442981156423837
964.36544638138	29.421092028018354	14.018035551598752