0.01000000000021828	1.8042269659737071	1.4560420988720801
0.02000000000043656	3.5768871396493913	3.6587832085135723
0.03000000000065484	5.3216154985351265	5.280510726243284
0.04000000000087312	7.040230610920833	6.884413446845046
0.05000000000109139	8.73400506965159	8.453928610156042
0.06000000000130967	10.403941177722068	9.985557209920907
0.07000000000152795	12.050889373468001	11.478808843208443
0.08000000000174623	13.675579269555104	12.934111453614712
0.09000000000196451	15.278655519356215	14.354178583955695
0.1009816608893743	17.014903724272084	15.873859796064263
0.1133032870638999	18.933700308686284	17.528048888880697
0.1271283790183588	21.050828521731788	19.321760908055683
0.1426403873238087	23.38262892471173	21.259066705182693
0.1600451469057589	25.945821583856695	23.342135430021784
0.1795736083495285	28.75724589988933	25.57060609868125
0.2014849024735668	31.833538088751087	27.94095310246872
0.2260697788387915	35.190724904986006	30.445652041513025
0.2536544638169289	38.843709042671215	33.07240706501287
0.2846049894187672	42.805684945698204	35.803153628586976
0.3193320503141877	47.087394591811524	38.61325523792632
0.3582964535025894	51.69635836123623	41.47051244521579
0.4020152329412667	56.63590266594586	44.33459665242657
0.4510685102704883	61.90426049187035	47.156450116955774
0.506107192678428	67.49346094754043	49.87845096913625
0.5678616100403815	73.38846789230031	52.43485180598493
0.6371512059549786	79.56617059890195	54.753354886286424
0.7148954112626598	85.99488521952631	56.75736182653432
0.802125844332295	92.63386362336736	58.36951385693125
0.9000000000132786	99.43361018833421	59.51616778673043
1.009816608886467	106.33642141492173	60.1326935822913
1.133032870630814	113.27792261920558	60.169476709941634
1.271283790178131	120.18898965971239	59.59735888136012
1.426403873234449	126.99853832256906	58.412891960773926
1.600451469056679	133.6366555827358	56.64104611368216
1.795736083496195	140.03801222662443	54.33658429093742
2.014849024738396	146.14531010112773	51.58145387042124
2.260697788388825	151.91209361405555	48.480376382346904
2.536544638172018	157.30518085823294	45.1528998674015
2.846049894189491	162.30564462566744	41.724529762509036
3.193320503144605	166.9092009114186	38.316865740139434
3.582964535029532	171.1249187238011	35.03857705335221
4.020152329412667	174.97353061804546	31.978527248784403
4.510685102705793	178.48455975057993	29.20098465180698
5.061071926780642	181.69352808901488	26.74464952032437
5.678616100397449	184.63886007216698	24.62351932039409
6.371512059542511	187.3592907330489	22.83094640429374
7.148954112613865	189.89170419061708	21.344160273059135
8.021258443311126	192.26958353523924	20.13003216877623
9.000000000120963	194.52217681757375	19.149995669932604
10.09816608885376	196.67408002264844	18.36449173779584
11.33032870629995	198.74542634530746	17.73612921379439
12.71283790177586	200.75219665110814	17.23168841209017
14.26403873234176	202.70686968718783	16.823184259073642
16.00451469056588	204.61897697161498	16.487945874708867
17.95736083496195	206.49577093788133	16.208343927271535
20.14849024738669	208.34271671861174	15.971001016085532
22.60697788389098	210.16397820068687	15.766069161297105
25.365446381722	211.96274321849666	15.586360285299486
28.46049894189946	213.74150923052457	15.426699057043084
31.93320503145242	215.50225935002075	15.283303557963832
35.82964535029805	217.24660530147278	15.153372662964989
40.20152329412849	218.9758683199029	15.0347402357236
45.10685102706248	220.69114236814437	14.925663951104907
50.61071926781369	222.3933262782798	14.824664391110367
56.78616100398267	224.0831497774688	14.730434327944574
63.71512059543147	225.76118458607297	14.64177350839039
71.48954112614956	227.42785525974983	14.55755419173626
80.21258443311854	229.08344218561973	14.476695382931348
90.00000000121327	230.728086322167	14.398148744840848
100.9816608885376	232.36178880424924	14.320885013700304
113.3032870630022	233.98441242797986	14.24388462676398
127.1283790177613	235.59567902420756	14.166125899914402
142.6403873234231	237.19516820670464	14.086574979816218
160.0451469056607	238.7823125202893	14.004172768397188
179.5736083496204	240.3563933874027	13.917822851088927
201.4849024738669	241.91653386541353	13.826376552118422
226.0697788389098	243.46169175837304	13.728618547149825
253.65446381722	244.99064996650515	13.623249795875003
284.604989418991	246.50200693786545	13.508870511487178
319.3320503145224	247.994164844429	13.383960472728244
358.2964535029769	249.4653178315468	13.246925410522577
400.7964535029769	250.87556187113032	13.098057056636996
443.2964535029769	252.12318539717825	12.952155893011446
485.7964535029769	253.23834418034895	12.813488412601092
500.0	253.58557368526326	12.773870985955092