0.005555555457249284	0.061944650155868176	0.08722451568686614
0.008333333535119891	0.11444011638966071	0.17046507416427717
0.01111111126374453	0.16536071863643895	0.2400183271267417
0.01388888899236918	0.22048095818191857	0.32687007811804136
0.01666666672099382	0.27927588036375817	0.3576031975026905
0.01944444444961846	0.3254718906494936	0.41316163930941524
0.02222222235286608	0.3779673568832961	0.48137948259491026
0.02499999990686774	0.42573823115603576	0.5439648421922594
0.02777777798473835	0.46983442279241555	0.6212495904066281
0.03055555571336299	0.5212799797015352	0.6299352606150783
0.03333333344198763	0.5722005819483035	0.6762952628132792
0.03611111117061228	0.6063226350002662	0.7017619631285944
0.03888888889923692	0.6477940533249686	0.6678077023755603
0.04166666680248454	0.6850658343509599	0.747330498143607
0.0444444443564862	0.7170880687535769	0.7875886553459277
0.04722222243435681	0.7459605751821553	0.8128909118790726
0.05000000016298145	0.7842822655328292	0.852131935887111
0.05277777789160609	0.8189292732471231	0.8815195541471684
0.05555555562023073	0.8483267343380532	0.942180892771372
0.05833333334885538	0.8819238327276743	0.8936186846852829
0.061111111252103	0.914995976454964	0.84572216580568
0.06388888880610466	0.9370440722731638	0.834326786032485
0.06666666688397527	0.9659165787017323	0.8671973460409902
0.06944444461259991	0.9790404452601877	0.8466560948945067
0.07222222234122455	0.9958389944550032	0.7226036903802561
0.0750000000698492	1.0142124076368233	0.651759452584748
0.07777777779847383	1.0388852767667107	0.3926332135480372
0.08055555570172146	1.054633916636843	0.18760454033807583
0.08333333325572312	1.0719574204939903	0.03782337314385623
0.1666666668606922	0.7774578549224307	0.132414169071343
0.1722222223179415	0.7900567668185451	0.2538435945256019
0.1777777779498138	0.7779828095847723	0.37399359652382413
0.183333333407063	0.786382084182175	0.4916694054249595
0.1888888890389353	0.8021307240523174	0.5658230613020766
0.1944444444961846	0.8189292732471231	0.4697541574585171
0.1999999999534339	0.8430771877146688	0.5795545609880526
0.2055555557599291	0.8483267343380532	0.4248321667411957
0.2111111112171784	0.8593507822471529	0.47125751060318477
0.2166666668490507	0.8724746488055889	0.49588069654655426
0.2222222223063	0.8882232886757214	0.48011605891471915
0.2277777779381722	0.8971475179354658	0.4343460250552927
0.2333333333954215	0.8950476992861199	0.6025205937317513
0.2388888888526708	0.9160458857796371	0.539725961870043
0.244444444659166	0.9165708404419781	0.5450485731733654
0.25277777784504	0.9212954324030214	0.5082205031705108
0.2611111112055369	0.9071216565198927	0.5149302637114563
0.2694444445660338	0.9139460671302913	0.3740987444647222
0.2777777777519077	0.8892731980004039	0.37866844873343136
0.2861111112870276	0.8908480619874087	0.33293857859097825
0.2944444446475245	0.8829737420523469	0.32027073582553733
0.3027777776587755	0.8766742861043	0.3202772877482432
0.3111111111938953	0.8871733793510586	0.2189346078557096
0.3194444445543923	0.8840236513770301	0.152394741521144
0.3277777779148892	0.888748243338063	0.18593866355030908
0.3361111111007631	0.8955726539484615	0.14003926974979924
0.344444444635883	0.8981974272601484	0.05917133426186662
0.3527777779963799	0.8997722912471725	0.040780746389511305
0.3611111110076308	0.9044968832082053	0.09968941842484458
0.3694444445427507	0.9060717471952201	0.024339966257299988
0.3805555554572493	0.9197205684159967	0.031108267405365566
0.3916666667209938	0.9223453417276841	0.0870574711662408
0.4027777779847384	0.9176207497666513	0.07064089316153468
0.4138888888992369	0.9212954324030214	0.27363647903096067
0.4250000001629815	0.9239202057147082	0.31115748763268414
0.436111111252103	0.9333693896367937	0.04467496298564303
0.4472222223412246	0.9191956137536655	0.13067922651272568
0.4583333332557231	0.9244451603770498	0.5415983925319036
0.4694444445194677	0.9233952510523666	0.5753030905439396
0.4805555556085892	0.9365191176108222	0.5362157667423303
0.4916666666977108	0.9370440722731638	0.5459683555241734
0.5055555556900799	0.9328444349744528	0.5952050207189467
0.5194444445078261	0.9470182108575709	0.45626128932626825
0.5333333335001953	0.9296947070004237	0.7555346458064829
0.5472222223179415	0.9323194803121112	0.7729736727867197
0.5611111113103107	0.9312695709874286	0.875459187876322
0.5749999999534339	0.9228702963900257	1.1576212889293627
0.588888888945803	0.9396688455848513	0.8507950112486273
0.6027777779381722	0.9270699336887368	1.359512832906766
0.619444444659166	0.944393437545884	0.9332907254843024
0.6361111112055369	0.924970115039391	2.0421836982047683
0.6527777777519077	0.9265449790263952	2.426646263533924
0.6694444446475245	0.9354692082861397	2.370858115049881
0.6861111111938953	0.9254950697017127	4.137573837692459
0.7027777779148892	0.9254950697017127	5.838438295507379
0.719444444635883	0.9338943442991353	7.325377400795549
0.7361111110076308	0.9270699336887368	18.978479778333238
0.94166666676756	0.9685413520134392	0.14109653443272321
0.9888888888526708	0.9764156719485011	0.5954289691090187
1.013888888759539	0.9874397198576006	1.2075133976665857
3.0	0.9732659439744724	0.41267526229700835
3.0694444446126	0.9706411706627851	0.2599231572513848
3.141666666604579	1.054633916636843	6.0924601835140315
3.216666666849051	0.990589447831629	1.7382365484029545
3.291666666744277	0.9748408079614865	0.6348810387587461
4.763888888759539	0.9790404452601877	7.580003807921461
5.105555555666797	0.9244451603770498	61.180328674643164
5.225000000093132	0.9638167600523866	1.0516215797934074
5.347222222248092	0.9386189362601681	11.40109704622678
5.4722222223063	0.9459683015328982	6.100857368606511
5.600000000093132	0.9622418960653822	0.7998578580574304
5.730555555608589	0.9632918053900453	0.45390892594247706
5.863888888852671	0.9512178481562725	2.4989213946693147
6.0	0.9648666693770698	0.11249308203670601
6.138888889050577	0.9527927121432967	1.7324469418660744
6.427777777891606	0.9517428028186137	1.541094534309625
6.577777777856682	0.9438684828835424	2.215590708012666
6.730555555550382	0.9475431655199125	1.7105795084949014
6.886111111147329	0.9659165787017323	0.008068769067817385
7.047222222201526	0.9433435282212108	1.8383731977139068
7.725000000209548	0.9333693896367937	2.137587846621349
8.469444444403052	0.924970115039391	2.3080832765039703
8.666666666802485	0.9601420774160164	0.3635725086719005
9.719444444635883	0.912371203143277	2.5667965629873746
9.944444444496185	0.9286447976757412	1.7771591623280423
10.17500000016298	0.9039719285458643	2.8591288527814203
10.41111111128703	0.9244451603770498	1.9133178279269958
10.65277777786832	0.912371203143277	2.4199221276431544
10.89999999990687	0.944393437545884	1.011194579738219
11.4111111110542	0.9323194803121112	1.5159019214138287
11.67500000016298	0.9470182108575709	0.885973095626412
11.94444444455439	0.9533176668056279	0.6174659523007034
12.2222222223063	0.9254950697017127	1.8032185843455817
12.50555555569008	0.9396688455848513	1.20352111541914
12.79444444435649	0.9370440722731638	1.323101378878859
13.09166666655801	0.9575173041043297	0.444028416636204
13.39444444456603	0.9338943442991353	1.485491981852684
13.70555555575993	0.9422936188965382	1.1298737156337568
14.02222222241107	0.924970115039391	1.9328730950766055
14.68055555562023	0.9512178481562725	0.7664363586802747
15.01944444444962	0.9527927121432967	0.7056683308469405
15.36666666681413	0.9632918053900453	0.19440026189863652
15.72222222236451	0.9606670320783581	0.3317542863396033
16.08611111110076	0.940718754909514	1.4164020419417547
16.45833333354676	0.9527927121432967	0.7902555808635826
18.03611111117061	0.9638167600523866	0.1760505699944905
18.45277777779847	0.9548925307926421	0.8536667490847744
22.66666666686069	0.9648666693770698	0.2117189519984751