0.01666666637174785	3.2805234018661333	3.097044596133248
0.03333333326736465	5.378666076413419	2.957294261570836
0.04999999981373549	6.561046803732268	2.8071467634169487
0.06666666670935228	7.346190667578592	2.7404244394575903
0.08333333325572312	7.959449745875388	2.790741823744389
0.09999999997671694	8.474386420747175	2.8373413332670676
0.1166666666977108	8.913248827275533	2.9696852310192097
0.1333333330694586	9.323762803619312	3.115714184734093
0.1499999999650754	9.69480428223773	3.2144913835248814
0.1666666665114462	10.039291535113627	3.329995816789637
0.1833333332324401	10.36153065290796	3.4229037082011255
0.1999999999534339	10.664751203616433	3.5008773065903576
0.2166666666744277	10.94680014190858	3.5728469488504735
0.2333333332207985	11.213060081110578	3.6173296085836215
0.2499999997671694	11.46604290744133	3.6773758332279485
0.2666666666627862	11.702519052905084	3.7245336356681076
0.283333333209157	11.931100698823789	3.7565114581511807
0.2999999999301508	12.146764072759632	3.8044911603135976
0.3166666666511446	12.35237990181995	3.830461579379091
0.3333333333721384	12.550101231335175	3.851377781463222
0.3499999999185093	12.739210379528512	3.8768451961330257
0.3666666664648801	12.921142709953592	3.8967235290663176
0.3833333333604969	13.09159213194948	3.908337785072772
0.3999999999068677	13.259888508614896	3.9197774663184624
0.4166666666278616	13.420290385735234	3.927119811432627
0.4333333333488554	13.573515445087335	3.9383928254546205
0.4499999997206032	13.722793254666877	3.931261333752779
0.46666666661622	13.866688450920257	3.95815671342835
0.4833333331625909	14.003406829405385	3.977962923185827
0.4999999998835847	14.136177958117969	3.9830774894710617
0.5166666666045785	14.270384450384203	3.9994289410727695
0.5333333333255723	14.394902238663308	4.025443105257986
0.5500000000465661	14.522290754049697	4.049255407574062
0.566666666418314	14.642143610779453	4.104907736651914
0.5833333333139308	14.759125740401888	4.095722869254862
0.5999999998603016	14.875031347359098	4.133402078403486
0.6166666665812954	14.987707386320585	4.148835316955662
0.6333333333022892	15.103612993277787	4.181652040347006
0.6500000000232831	15.207676850917386	4.216347636265578
0.6666666665696539	15.31461143566428	4.239148464850566
0.6833333331160247	15.419751815969112	4.269845103276225
0.7000000000116415	15.520586105613	4.3030297807568
0.7166666665580124	15.62321459969895	4.314133139661861
0.7333333332790062	15.724048889342827	4.369534626809273
0.7666666663717479	15.917105287308685	4.416444948294857
0.7999999998137355	16.106932117278852	4.473870567762153
0.8333333332557231	16.292452856588056	4.5145444251146385
0.8666666666977108	16.468643732798554	4.559345274322495
0.8999999999650754	16.641246200124908	4.606634760397913
0.93333333323244	16.808824895013505	4.641263796254279
0.9666666666744277	16.97030329479908	4.698430093240008
0.9999999997671694	17.13106401280783	4.731337875320235
1.033333333209157	17.28680095837882	4.7895800267194995
1.066666666651145	17.436437608846777	4.833802811832899
1.099999999918509	17.590021509087286	4.878050588327634
1.133333333360497	17.73212250089859	4.902982675321982
1.166666666627862	17.878170742482446	4.950147915334744
1.199999999720603	18.016683325409634	4.984287781429293
1.233333333162591	18.15340170389476	5.007211797872372
1.266666666604579	18.284378628165275	5.0803856209171565
1.300000000046566	18.41822627954311	5.095603568556384
1.333333333313931	18.544179431375856	5.113960966599327
1.366666666581295	18.67192678765066	5.150035626362844
1.400000000023283	18.79823878037183	5.179584283800595
1.433333333116025	18.92383309131616	5.234597378639734
1.466666666558012	19.042609425380675	5.258970109893463
1.516666666371748	19.214853051818622	5.287686530252395
1.566666666709352	19.38602015559134	5.311457372546576
1.616666666697711	19.556469577587226	5.348207127984463
1.666666666511446	19.72081870448011	5.386590947423737
1.716666666674428	19.87512028649743	5.440813798896694
1.766666666662786	20.029780709403184	5.447966353248467
1.816666666651145	20.18551765497416	5.46300328961894
1.86666666646488	20.334436623665308	5.514088478500107
1.916666666627862	20.480484865249142	5.557132494828863
1.96666666661622	20.61756208462268	5.569152176718737
2.016666666604579	20.75751003110351	5.568644994798805
2.066666666418314	20.899611022914815	5.597485338149555
2.116666666581295	21.036329401399946	5.599412721643553
2.166666666569654	21.163359075897937	5.622370207202602
2.216666666558012	21.288594545953874	5.6576839438951625
2.283333333267365	21.4547378772888	5.668165046206399
2.349999999976717	21.617292799739605	5.614332867746971
2.416666666511446	21.775900472417906	5.649667075121768
2.483333333220799	21.9294843726584	5.684565388492682
2.549999999930151	22.07912102312637	5.723378755045074
2.61666666646488	22.21978665138403	5.743407339758613
2.683333333348855	22.364040688525826	5.738741914762764
2.749999999883585	22.506141680337123	5.7681441451409
2.816666666418314	22.644654263264314	5.802082620654057
2.883333333302289	22.782090323526266	5.778923594658805
2.950000000011642	22.917014497569312	5.806467289076297
3.033333333267365	23.074186806693955	5.82133134038932
3.116666666697711	23.234229842925878	5.83261602186953
3.199999999953434	23.380995766286553	5.823353787005994
3.283333333209157	23.52883821231245	5.824475480287029
3.36666666646488	23.674886453896306	5.861561313532208
3.449999999720603	23.818063968372844	5.861785669858247
3.533333333325572	23.955141187746385	5.88893817593692
3.616666666581295	24.09185956623151	5.929912314618684
3.716666666558012	24.25333796601709	5.938352526169742
3.816666666709352	24.411227956918538	5.936865337135735
3.916666666511446	24.563735334493806	5.942163558122831
4.016666666662786	24.7140896667386	5.944750478560244
4.11666666646488	24.85762602210356	5.92497668386384
4.21666666661622	24.996856286807567	5.909522352084806
4.316666666418314	25.135727710623172	5.870659904684754
4.416666666569654	25.266704634893706	5.85111888386289
4.533333333267365	25.41921201246895	5.841098298802054
4.649999999965075	25.56454257227599	5.834897417741304
4.766666666662786	25.70807892764094	5.822517137247502
4.883333333360497	25.841926579018768	5.80036087112193
4.999999999883585	25.9757742303966	5.804313205037678
5.116666666581295	26.11141608621647	5.796653231514032
5.25	26.259617373130798	5.79110434420198
5.383333333069459	26.4017183649421	5.781106172014244
5.516666666662786	26.540589788757703	5.769925326961205
5.649999999906868	26.67766700813124	5.763227767704081
5.783333333325572	26.812232341285885	5.779306479103404
5.933333333116025	26.956845219316094	5.7658213146117046
6.083333333255723	27.098587370238977	5.7498608829477265
6.233333333220799	27.230281976286342	5.779551595020378
6.383333333360497	27.363053104998922	5.7553182409051
6.533333333325572	27.503001051479757	5.75052679229588
6.700000000011642	27.644384361514238	5.76103405259958
6.866666666697711	27.779308535557295	5.774220135579628
7.033333333209157	27.921768368257023	5.805046896138233
7.199999999720603	28.049874565420257	5.781395911544642
7.366666666581295	28.18049264880236	5.767277645482194
7.549999999813736	28.321158277060015	5.746090578672485
7.733333333220799	28.459670859987202	5.731852670385879
7.916666666627862	28.59315967047662	5.671811767140883
8.099999999860302	28.71480673164842	5.710291244104694
8.299999999813735	28.857266564348144	5.7030905290789855
8.49999999976717	28.985372761511375	5.69696921732571
8.699999999720603	29.109172868013644	5.673985358172331
8.916666666569654	29.24014979228417	5.6542568076161395
9.133333333069459	29.379738897876592	5.6808014348811
9.34999999991851	29.51143350392395	5.6248263585591305
9.566666666418314	29.640616223752403	5.630657048513072
9.799999999813735	29.77374619335341	5.633331778785521
10.03333333320916	29.90221123140505	5.631932626160031
10.26666666660458	30.029958587679854	5.577031669414771
10.51666666637175	30.156988262177848	5.541706561294127
10.76666666666279	30.28401793667584	5.499665773725367
11.01666666660458	30.406382679624453	5.46510863836256
11.28333333326737	30.532335831457225	5.456051893416903
11.54999999993015	30.654700574405837	5.416075511793888
11.81666666641831	30.77455343113558	5.412012913472617
12.09999999997672	30.89763585586104	5.380965097348461
12.3833333333605	31.01677103081394	5.354760050527889
12.68333333311603	31.144518387088766	5.3339319382931984
12.9833333332208	31.264371243818495	5.317780702635733
13.28333333332557	31.383147577882994	5.290888951570093
13.59999999997672	31.502641593724338	5.263877749754289
13.91666666662786	31.618547200681544	5.252912334337359
14.25	31.737682375634442	5.193318220680303
14.58333333337214	31.854305664368486	5.15723025886052
14.93333333311603	31.97164663487934	5.119563120217774
15.28333333320916	32.08504035561766	5.09934186597589
15.65000000002328	32.203457848793754	5.059523115670612
16.01666666666279	32.31290431975953	5.0450527543766555
16.40000000002328	32.424862676944194	5.024328407502042
16.78333333320916	32.535744511463626	5.002408407407571
17.18333333311603	32.64949707309035	4.972165983995475
17.58333333337214	32.755713976060434	4.933817023107682
18.0	32.86910769679874	4.927922384066414
18.41666666662786	32.97891300865293	4.88595266048889
18.84999999997672	33.08800063873029	4.829068452199596
19.30000000004657	33.195652905254015	4.750308120032219
19.74999999976717	33.301152126447256	4.73131533187076
20.21666666655801	33.40916323385941	4.662023191057271
20.68333333334886	33.50676795550756	4.601194251488574
21.16666666651145	33.60401383626733	4.489867039071715
21.66666666656965	33.698388989919785	4.362673322302316
22.16666666662786	33.798505597786836	4.2917636933940715
22.68333333323244	33.893957274104544	4.240735823794509
23.21666666655801	33.99048547308749	4.283361717969403
23.76666666660458	34.07445424097598	4.254574061038052
24.31666666665115	34.150169668431	4.3250994145722075
24.88333333306946	34.23880336786885	4.368400957938072
25.46666666655801	34.33353736240973	4.33455108084443
26.06666666641831	34.44118962893346	4.276730245919438
26.68333333334886	34.53197637370179	4.285175719933384
27.29999999993015	34.638193276671856	4.406544572571125
27.93333333323244	34.74656322497241	4.453800556390586
28.58333333325572	34.83304387907978	4.4477943149476165
29.25	34.91521844252624	4.350778234854981
29.93333333311603	34.998469528637905	4.392641280846534
30.63333333330229	35.100380340947034	4.389879487899218
31.3499999998603	35.198343903483604	4.314139447695696
32.08333333331393	35.28984833002877	4.33620099299329
32.83333333331393	35.37417593880569	4.396890057510057
33.5999999998603	35.471062978677026	4.439472320857922
34.38333333330229	35.57584451809344	4.365283715257827
35.18333333311603	35.666631262861785	4.334399556528517
36.0	35.755982644076475	4.306534808923545
36.83333333325572	35.84856359328687	4.319228299915456
37.68333333323244	35.93827381538997	4.266346108328489
38.56666666665115	36.0233191059437	4.164789742235109
39.46666666661622	36.1126704871584	4.108312700344544
40.38333333330229	36.19592157327008	4.033633393217632
41.31666666670935	36.28024918204698	3.9275831771765524
42.28333333320916	36.36421794993548	3.7737232676433394
43.26666666660458	36.44567483160509	3.6059216785835866
44.26666666637175	36.52246678172535	3.7206061849894514
45.29999999993015	36.594952641184655	3.784310514867463
46.3499999998603	36.66385009175984	3.6916776045589605
47.43333333323244	36.721264633905825	3.620635811465257
48.53333333332557	36.769349312953075	3.639165893970969
49.66666666651145	36.8798723065841	3.577453684277543
50.81666666641831	36.97388861934814	3.567574341275403
51.99999999976717	37.03776229748555	3.7828990752788147
53.20000000001164	37.10378902095342	3.9832349142464465
54.43333333334886	37.18596358439988	4.097851034586138
55.69999999995343	37.24983726253727	3.9015763637768077
57.0	37.31909355400087	3.791712363714756
58.31666666641831	37.42854002496665	3.905801873638952
59.66666666662786	37.52327401950752	3.976573087519931
61.04999999993015	37.59791292429732	3.829916367050079
62.46666666667443	37.67291066997549	3.65226546115963
63.91666666651145	37.74719073387685	3.783871478848269
65.39999999996508	37.81967659333618	3.7638203711368416
66.91666666651145	37.89180361190706	3.5444897626302296
68.46666666667443	37.96213642603587	3.374435918760631
70.04999999993015	38.014168354855705	3.381441792378575
71.66666666662786	38.05184664813898	3.792480561188792
73.33333333331393	38.14370991557254	3.223568840445434