0.05263687716796994	2.748812250787649	2.1237514191172813
0.08596987716737203	4.717178146789227	5.90093689890436
0.1193038771671127	7.064111808672718	5.474036059202283
0.1526368771683337	8.100044783782968	5.967426776992961
0.1859698771677358	9.733667261184566	7.832706825480887
0.2193038771674765	11.202249111588417	9.444963434738984
0.2526368771668786	12.517911962966096	9.763222821755418
0.2859698771662806	13.881128893309208	8.840344205986536
0.3256928771679668	15.13991333651249	8.516871517570673
0.3590258771673689	15.648089278398276	6.765128676245287
0.5256928771650564	17.587549753852237	4.7262345962272425
0.6923588771678624	18.817428776507917	4.184775104692113
0.8590258771673689	19.672469764965236	3.7587335928647563
1.025692877166875	20.33822687048165	3.4214100733522117
1.525692877166875	21.5168220824883	3.071520447381192
2.025692877165056	22.40822795486042	4.476490163274509
2.525692877166875	23.624120483702733	3.5005960314790565
3.025692877166875	23.308025723520544	2.848407278899655
3.525692877165056	23.77703948272888	2.1232781651202135
4.025692877166875	24.244188376095444	3.3265287508811525
4.525692877166875	24.618093977372855	3.4649917087138693
5.025692877165056	24.990134712808484	3.3479211793721184
5.525692877166875	25.269864589075873	3.3721185463658854
6.025692877166875	25.64097289159064	3.5612744978192907
7.025692877166875	26.103459620352744	3.7633491363194085
8.025692877165056	26.657324775362195	2.504250054877577
9.025969877167881	27.12167636996607	2.783370028231423
10.02569287716688	27.034027675402267	1.8986032808995883
11.02569287716506	27.221446692501445	1.2207586192109117
17.02569287716506	27.14871692467193	0.7797962214835668
18.02569287716688	27.149649357592814	1.1337648848427906
19.02569287716688	27.24196021676107	3.2666559086061757
20.02569287716506	27.43777113014825	4.031722389683496
21.02569287716688	27.71843343933652	4.634631389863868
22.02569287716688	27.72589290270365	5.751421126271894
23.02569287716506	28.18837963146575	5.807004770697536
24.02569287716688	28.657393390674088	6.418282909723835
25.02569287716688	28.84667727361504	6.45383613632207
26.02569287716506	29.12081255235708	6.730306740011969
27.02569287716688	29.498447885318072	7.418752316076112
28.02569287716688	29.68773176825901	7.011758379347894
29.02569287716506	29.870488620753726	6.6968008121352
30.02569287716688	30.15767796038824	5.152589712936459
31.02569287716688	30.25558341708181	4.9990236843280975
32.02569287716506	30.542772756716367	5.0935499351764575
33.02596987716788	30.73485393841997	4.42775989342862
34.02569287716688	30.826232364667312	3.9191624377511634
35.02569287716506	31.010854083003814	2.3093118951551723
36.02569287716688	31.19640823426119	1.7218410663114967
39.02569287716688	31.01551624760827	1.5867612584676205
42.02569287716688	31.292448825112988	2.8843011348096708
45.02569287716688	30.56328628097598	2.891951040105631
48.02569287716688	31.019245979291817	3.79989288866932
51.02569287716688	31.478002976370345	2.2478168788359647
57.02569287716688	32.67244954803213	2.0869123610783196
60.02596987716788	32.763827974279494	2.2832440544236285
63.02569287716688	32.03559786306335	2.838589010881697
66.02596987716788	31.11994873474807	4.1611358237356075
69.02569287716688	31.03043517434252	0.7260361731105675
81.02569287716688	32.861733430973096	4.542861473018051
84.02596987716788	32.86359829681489	4.14886915830388
87.02569287716688	32.408571031419896	5.54671687698181
90.02569287716688	31.494786768946405	3.005285326585693
93.02569287716688	31.679408487282906	0.1270182177974325
99.02569287716688	32.318125038093456	0.39987620101757343
102.0256928771669	32.86639559557753	0.9290704538972578
105.0256928771669	33.140530874319595	1.5464916385862026
108.0259698771679	33.50697701222991	3.4645730618114667
111.0256928771669	32.778746901013804	5.686916832714982
114.0256928771669	32.04678705811408	5.271758281575967
117.0256928771669	31.864962638540266	6.307870296939948
120.0256928771669	32.229543910608776	6.941068821053007
123.0256928771669	32.77781446809286	4.735291762466453
126.0256928771669	33.233774166408715	3.997241961315108
129.0256928771669	33.50977431099256	1.2373225109854291
132.0259698771679	33.96946374099202	0.8752142232340834
138.0256928771669	33.88927450979531	4.064929319472382
144.0256928771669	34.16993681898363	7.73404786971398
150.0256928771669	34.638950578191974	5.754946724904326
156.0259698771679	34.54850458486552	4.113920975167067
162.0193038771668	33.644044651600936	2.6596375979447524
168.0193038771668	33.532152701093935	2.8394557987020086
174.0193038771668	34.54850458486552	3.098546635623824
180.0193038771668	35.03803186833345	2.7443644179866324
187.3759698771683	34.76835688727482	1.4332918765076401
193.3759698771683	34.96416780066201	1.9428013396231425
199.3759698771683	35.06207325735561	4.264953613597394
205.3759698771683	35.06953272072273	3.4138886603498486
211.3759698771683	35.167438177416344	3.7120049289405386
217.3759698771683	35.265343634109904	1.493125551130808
223.3759698771683	35.369776121249735	0.2655820517423747
235.3759698771683	35.27839769500239	0.6752243728941831
253.3693038771671	35.27753255105518	0.10163880978386222