1.03277800000069	0.6080230087728796	36.90240923387364
2.03277800000069	47.24338778160675	45.36990525549159
3.03277800000069	77.88774742372904	29.783005666097907
4.03277800000069	67.49055397372392	50.98028869810425
5.03277800000069	93.87875255444064	29.753086240891257
6.03277800000069	114.91634865796128	47.353305175734675
7.03277800000069	114.91634865796128	38.317691820180265
8.03277800000069	146.04712670710236	30.44232354461227
9.03277800000069	125.0095306035817	73.27621437130466
10.03277800000069	129.50890086849662	85.9525100787518
11.03249999999753	145.01348759218945	89.5444570537714
12.03277800000069	134.49468954042905	93.32472910153173
13.03249999999935	165.6862698904478	92.62285759494523
14.03277800000069	156.2011109536003	96.7836520013596
15.03249999999935	154.19463502465106	100.3022527344896
16.03249999999935	165.19985148342892	101.22043059219084
17.03277800000069	175.1714288272953	96.9447768792205
18.03277800000069	155.22827413956395	103.08072911585765
19.03277800000069	160.21406281149643	105.68949275829016
20.03277800000069	133.4610504255162	115.54350514961932
21.03277800000069	155.22827413956395	114.403050734011
22.03277800000069	138.994059805344	123.2636139426758
23.03277800000069	138.994059805344	127.97462124896349
24.03277800000069	149.57366015798198	129.06954703375857
25.03277800000069	155.71469254658155	131.3757219637938
26.03277800000069	150.1208808658761	130.07961111129205
27.03277800000069	139.4804782123617	138.9421950427244
28.03277800000069	144.46626688429416	142.34894344327316
29.03249999999753	150.1208808658761	145.28898448073983
30.03277800000069	166.23349059834183	143.14849356501074
31.03277800000069	192.50008457730445	135.06933512336678
32.03277800000069	203.07968492994235	133.75513058821355
33.03277800000069	202.22845271766013	138.32616006023937
34.03277800000069	180.21801980010537	155.69102395071027
35.03277800000069	206.84942758433027	144.0985904587785
36.03277800000069	207.2750436904703	148.54367430446467
37.03249999999935	201.80283661152023	156.37936502433197
38.03249999999753	201.80283661152023	161.06916575938428
39.03249999999935	205.9373930711715	162.981695435443
40.03249999999935	206.42381147819023	167.503904665684
41.03277800000069	184.41337856063333	189.8981315199847
42.03277800000069	191.22323625888342	190.3453141181615
43.03277800000069	185.50781997642383	201.30529861970973
44.03277800000069	174.74581272115404	217.49644470583408
46.03277800000069	164.65263077553374	235.15870376488135
48.03277800000069	175.1714288272953	240.72942923505795
50.03277800000069	191.6488523650233	238.80657129569337
52.03277800000069	202.22845271766013	242.07287731491652
54.03277800000069	233.8456491738198	216.53453615416117
56.03277800000069	234.33206758083742	226.33730478485703
58.03277800000069	223.08364191855026	258.66052908993026
60.03277800000069	234.33206758083742	258.2367889796013
62.03277800000069	207.2750436904703	324.473928608999
64.03249999999935	239.37865855364774	286.43200819540056
66.03277800000069	207.2750436904703	371.24831000649164
68.03277800000069	150.60729927289486	526.2159131080343
70.03277800000069	155.22827413956395	557.5118475338071
72.03277800000069	170.1856401553616	564.1888954771781
74.03277800000069	197.12105944397342	534.681438512878
76.03277800000069	211.47040245099942	536.250469435944
78.03249999999935	211.47040245099942	579.8031361187333
80.03249999999753	222.23240970626907	594.7080840303947
82.03249999999935	238.46662404048897	586.9305249233091
84.03277800000069	275.31281837208957	479.90118430582004
86.03249999999753	265.52364793085485	582.7649557079303
88.03249999999935	233.42003306767876	835.6463717233183
94.03277800000069	313.6790702256204	557.9812908515922
97.03277800000069	312.9494426150936	725.7329275488363
100.0327780000007	323.5898452686077	833.9399486951801
103.0327780000007	365.90824667915837	292.03665046860544
106.0324999999994	361.83449252038344	795.0064069692526
109.0324999999994	378.2511137572365	145.00868152487342