0.0166666668956168	5.315210798192789	18.42105583078567
0.03333333344198763	19.521416670893096	22.57175873217471
0.05000000016298145	29.164740394433796	23.529573977054564
0.06666666688397527	35.88056303923083	21.777494430061587
0.08333333325572312	40.46745567718938	18.60156599983657
0.1000000001513399	43.56658728697723	15.518515344060864
0.1166666666977108	45.764880928123745	13.181862145950674
0.1333333335933276	47.399372721176796	11.424844645575302
0.1500000001396984	48.6594787444392	10.191864234326584
0.1666666668606922	49.68481554388976	9.27591672743765
0.183333333581686	50.512732768771436	8.516011329175955
0.1999999999534339	51.23037960065052	7.888659799831992
0.2166666668490507	51.83419893007551	7.429157667616054
0.2333333333954215	52.36865462519242	7.007012151578064
0.2500000001164153	52.837303795453	6.685539908268063
0.2666666668374091	53.25971054284162	6.413029583389591
0.283333333558403	53.63765342208399	6.221805804934676
0.3000000001047738	53.98713942571291	5.981047123312579
0.3166666666511446	54.31172566317992	5.802580954669617
0.3333333335467614	54.59807297404124	5.703752070350762
0.3500000000931323	54.868413292369915	5.554896196271114
0.3666666668141261	55.13075011443234	7.023439784749232
0.3833333335351199	55.37619066659915	90.56684913452166
0.933333333581686	1.1249358640979759	337.0795862402907
0.9666666668490507	24.062956163342616	355.9940360830134
1.000000000116415	35.30520058541944	361.77270194537505
1.033333333558403	41.1237423710268	247.3476595336522
1.066666666651145	44.567024320265965	181.7176764225361
1.100000000093132	46.891595346947625	106.22481002073107
1.13333333353512	48.59456149694577	69.25675506010427
1.166666666802485	49.91691693561276	50.64778920716126
1.200000000244472	50.956482172870125	40.21746973739581
1.233333333511837	51.851984477333936	33.50333153017245
1.266666666604579	52.611427345270485	29.201555986617834
1.300000000046566	53.26593548438208	25.720221656654054
1.333333333488554	53.84930143445975	23.287820328871213
1.366666666930541	54.365082304955315	21.009455387193857
1.400000000197906	54.831952920490046	19.659401109010027
1.433333333465271	55.24902400370111	18.212800217978327
1.466666666907258	55.64564170756492	17.050999186115863
1.516666666895617	56.172093906415505	15.459225341965192
1.566666666883975	56.645189463490716	14.290988005098633
1.616666666697711	57.06048199197598	13.346782589463194
1.666666666860692	57.44731764484763	12.453481760871346
1.716666666849051	57.79324653902474	11.700574725330402
1.766666666837409	58.11427566704014	11.066109512067055
1.816666666651145	58.41307286098232	10.536736986844003
1.866666666814126	58.68341317931105	10.038218044882198
1.916666666802485	58.93685722774419	9.642529490141294
1.966666666790843	59.180519225185144	9.30794337912731
2.016666666604579	59.40550639800479	8.988881231338723
2.06666666676756	59.617154410380564	8.76571964218234
2.116666666930541	59.817241817038315	8.56340907585184
2.166666666744277	60.00754717270389	8.339092445166363
2.216666666907258	60.19874180573241	8.146266973491876
2.283333333441988	60.434400306907094	7.883939885794187
2.35000000015134	60.664723143904276	7.75744775265528
2.416666666860692	60.87103549210245	7.609363673866951
2.483333333395422	61.075569285574815	7.4254225170086166
2.550000000104774	61.25698186761117	7.3032707538719155
2.616666666814126	61.45084433272845	7.168276884963125
2.683333333348855	61.62869980531314	7.093237896320909
2.750000000232831	61.79766250426857	6.99918613006167
2.81666666676756	61.963957371135194	6.939978075634663
2.883333333302289	62.12313801909852	6.9213018667483475
2.950000000186265	62.279650834973	6.818786311890048
3.033333333441988	62.465509803824006	6.799320659913609
3.116666666697711	62.648700940586195	6.727505138554442
3.199999999953434	62.82388858108209	6.703193156527775
3.283333333558403	62.9910727253117	6.628974373744391
3.366666666814126	63.1627032563559	6.612765131009933
3.450000000244472	63.318326794867474	6.557298665498857
3.533333333500195	63.473061056016135	6.54391335550759
3.616666666930541	63.62779531716479	6.514816930080171
3.716666666907258	63.79675801612027	6.5659787525228115
3.816666666883975	63.96660999243856	6.537344552668441
3.916666666860692	64.1346834140311	6.504517635563139
4.016666666837409	64.2956426167202	6.453748439058474
4.116666666814126	64.4628267609498	6.510261275077602
4.216666666790843	64.60777897110633	6.512603301735399
4.31666666676756	64.7731845606101	6.499578928383862
4.416666666744277	64.91191182922609	6.521000975058403
4.533333333441988	65.07287103191523	6.509545720181304
4.650000000139698	65.23827662141893	6.477442885902359
4.766666666837409	65.40101437883389	6.564685150423052
4.88333333353512	65.55219153053092	6.499810964477661
5.000000000232831	65.71048290113127	6.570183415178241
5.116666666930541	65.85454583392482	6.614763927269936
5.25	66.0208407007915	6.626382348367289
5.383333333593328	66.19336050919864	6.642293398757035
5.516666666837409	66.34898404771025	6.694984606293536
5.650000000256114	66.51083252776225	6.699947205978266
5.783333333500195	66.66467751154799	6.734404569139781
5.933333333465271	66.83364021050342	6.762600548422852
6.083333333255723	67.00082435473304	6.779657478357062
6.233333333395422	67.16534066687385	6.77595171483129
6.38333333353512	67.32541059219999	6.79902946626837
6.533333333500195	67.47836629862287	6.836779179346933
6.700000000186265	67.64732899757828	6.864782154560081
6.866666666697711	67.8198488059854	6.840686389391808
7.033333333558403	67.9710259576824	6.853070525646155
7.200000000244472	68.1346529924603	6.876717728966553
7.366666666930541	68.29383364042357	6.874770525059919
7.550000000162982	68.46190706201604	6.9136717844599955
7.733333333395422	68.61664132316476	6.8676387506471
7.916666666802485	68.7767112484909	6.909425410589908
8.100000000209548	68.93589189645421	6.880669202869136
8.300000000162981	69.09596182178042	6.855224550698887
8.500000000116415	69.26403524337292	6.841309709713649
8.700000000244472	69.41610167243283	6.857455286122005
8.916666666744277	69.5806179845736	6.87615074525852
9.133333333593328	69.74068790989978	6.850179223176765
9.350000000093132	69.89720072577437	6.8510533015226995
9.56666666676756	70.05015643219716	6.813844516073703
9.800000000162981	70.2084478027975	6.865657436447631
10.0333333335584	70.37296411493833	6.887961419178385
10.26666666660458	70.52591982136113	6.894757687547952
10.51666666689562	70.68332191459855	6.945165402011761
10.76666666683741	70.83983473047309	6.965028069329127
11.01666666660458	71.0007939331622	7.026829762923024
11.28333333344199	71.16531024530302	7.0150349554866755
11.55000000010477	71.32182306117753	7.050660095527219
11.81666666676756	71.4845608185925	7.094109630351385
12.10000000015134	71.64640929864454	7.131638744871075
12.38333333353512	71.81181488814826	7.1299711509882195
12.68333333346527	71.97544192292618	7.142132542592736
12.98333333339542	72.13817968034117	7.200998986546333
13.2833333335002	72.29647105094149	7.154438743007378
13.60000000015134	72.46098736308234	7.175230135857773
13.91666666680249	72.62105728840854	7.1822557240116955
14.25	72.78557360054936	7.199410317768895
14.58333333354676	72.9527577447789	7.203989620615518
14.93333333346527	73.1101598380164	7.173248773694983
15.2833333335584	73.27200831806839	7.186464836460687
15.65000000019791	73.44186029438676	7.167542624485209
16.01666666683741	73.60281949707588	7.1294762907182605
16.40000000019791	73.76733580921669	7.065696079831258
16.7833333335584	73.9194022382766	7.090109441358319
17.18333333346527	74.08569710514325	7.082150587594819
17.58333333354676	74.24043136629189	7.057398869392653
18.0	74.39338707271472	7.0538337063275405
18.41666666680249	74.54367494704873	7.0331198241493755
18.85000000015134	74.70196631764912	7.071265605996922
19.30000000004657	74.86381479770117	7.052010077285012
19.75000000011642	75.02210616830155	7.072140175233181
20.21666666690726	75.18217609362772	7.097602362769099
20.68333333334886	75.33513180005055	7.1129159809802305
21.16666666686069	75.49431244801382	7.130732836561347
21.66666666674428	75.65349309597705	7.094754614394782
22.16666666680249	75.81000591185162	7.102029132497416
22.68333333358169	75.96474017300027	7.13892462405243
23.21666666690726	76.11947443414891	7.151873573740512
23.76666666660458	76.28132291420093	7.1301068426603225
24.31666666665115	76.42894295644625	7.144896406251597
24.88333333359333	76.58723432704662	7.1691581937369415
25.46666666690726	76.75263991655034	7.206105850110427
26.06666666676756	76.91004200978776	7.207262055265895
26.68333333334886	77.06477627093645	7.263341772024482
27.30000000010477	77.22217836417384	7.3161018178808765
27.93333333358169	77.38313756686297	7.325206868625172
28.58333333325572	77.54409676955213	7.314760072780408
29.25	77.696163198612	7.3700669283632845
29.93333333346527	77.86601517493033	7.441435668674324
30.63333333330229	78.02519582289366	7.4441282438391045
31.35000000020955	78.1843764708569	7.480347329984042
32.08333333348855	78.34533567354609	7.5043224691138155
32.83333333348855	78.5116305404127	7.576677058452127
33.60000000020955	78.67792540727936	7.562797078119967
34.38333333330229	78.8353275005168	7.604501734838254
35.18333333346527	79.00251164474639	7.665775727025955
36.0	79.1661386795243	7.693714733801403
36.83333333325572	79.33065499166504	7.6877714569704025
37.68333333358169	79.49339274908007	7.7344460371067125
38.56666666665115	79.65968761594671	7.772394671836763
39.46666666679084	79.82953959226509	7.805576866193043
40.38333333330229	79.99316662704295	7.799924612806907
41.31666666688398	80.15412582973212	7.835958960711048
42.2833333335584	80.32842419286506	7.90925711070134
43.26666666660458	80.49116195028004	7.904615101790098
44.26666666689562	80.6619032039613	7.916056318638028
45.30000000010477	80.82286240665047	7.978174337735581
46.35000000020955	80.99271438296884	8.03968408934989
47.43333333358169	81.17056985555348	8.029560668008754
48.5333333335002	81.33152905824255	8.109745566958466
49.66666666686069	81.50138103456092	8.14004788458163
50.81666666676756	81.67479012033101	8.208247118511077
52.00000000011642	81.84730992873813	8.259808276328615
53.20000000018627	82.01449407296775	8.282728038925661
54.43333333334886	82.19057099082654	8.331007935629625
55.69999999995343	82.36575863132244	8.420245113128685
57.0	82.53827843972955	8.429870390777154
58.31666666676756	82.71524463495133	8.434661311215194
59.66666666680249	82.89310010753596	8.476077487935099
61.05000000010477	83.06117352912852	8.467724020042288
62.46666666684905	83.24525394325364	8.46673776396337
63.91666666686069	83.41777375166072	8.550160736512089
65.4000000001397	83.58762572797913	8.55370933995204
66.91666666686069	83.76103481374916	8.548547877355036
68.46666666684905	83.93177606743042	8.657669962881803
70.05000000010477	84.10251732111173	8.636338928368978
71.66666666680248	84.28659773523687	8.718607438173835
73.33333333348855	84.46178537573279	8.758768836646572
75.03333333344199	84.63519446150278	8.830569909699644
76.76666666683741	84.82105343035379	8.860661270771377
78.55000000004657	84.99713034821258	8.957295075625956
80.36666666669771	85.18210003970064	8.957174156376459
82.23333333351184	85.3563984028336	9.004750783525978
84.13333333359333	85.53958953959584	9.063946880000154
86.08333333348855	85.72278067635804	9.094520700241803
88.08333333354676	85.89174337531351	9.153110669544125
90.11666666669771	86.08027017625322	9.193688874323788
92.20000000018626	86.25901492620082	9.195693577074774
94.33333333348855	86.44042750823714	9.26638376771067
96.51666666660458	86.61917225818478	9.283810551473852
98.75000000023283	86.80236339494701	9.327543951684797
101.0333333335002	86.99622586006423	9.411776655754204
103.3666666669305	87.17585988737477	9.428711057233569
105.7666666668956	87.35638319204824	9.499161010680309
108.2166666668491	87.5413528835362	9.566806366718302
110.7166666667908	87.72276546557262	9.61130253709642
113.283333333442	87.91040298914946	9.644297733596757
115.9000000002561	88.0927048485487	9.644453306026408
118.5833333332557	88.27945309476266	9.724946417445931
121.3333333334886	88.46886917306531	9.775132132298358
124.1333333335351	88.65917452873087	9.794206703356995
127.0000000001164	88.84147638813019	9.866423808542226
129.9333333335817	89.02555680225532	9.917143408892276
132.9333333335817	89.21230504846922	9.950838317774645
136.0000000001164	89.40349968149773	9.994191342581834
139.1500000002561	89.5884693729858	10.0328352975605
142.3666666669305	89.7707712323851	10.028025237056518
145.6500000001397	89.96107658805069	10.082657276605806
149.0166666666046	90.15227122107918	10.147993190343092
152.4666666668491	90.33546235784134	10.196928865173989
155.9833333334536	90.52398915878113	10.210042413546464
159.5833333334886	90.71340523708385	10.24491192664374
163.2666666666046	90.89481781912019	10.320776342529046
167.0333333335002	91.08156606533409	10.366569800865038
170.9000000001979	91.27276069836259	10.393756875398484
174.8500000001513	91.46217677666525	10.45156313704914
178.8833333335351	91.64803574551625	10.514091994277036
183.0166666668956	91.83211615964137	10.550534512017505
187.2500000002328	92.02242151530699	10.660354815877435
191.5833333335468	92.21450542569842	10.723106857744751
196.0166666668374	92.40303222663813	10.781118630973939
200.5500000001048	92.58978047285204	10.882205851080565
205.1833333333489	92.78275366060643	10.948394134816406
209.9166666667443	92.97039118418328	11.20987080913996