0.4999998000585038	0.9717495215622414	1.3203852760949806
0.9999998000585038	1.999723364497559	1.615751524675364
1.499999800058504	2.702139382226316	1.9078372361725482
1.999999800058504	3.3075816458734772	2.1269486457232873
2.499999800058504	3.8101494790605512	2.6700811713072152
2.999999800058504	4.391359576342053	2.867498613896104
3.499999800058504	4.825561593185976	2.7907514364571058
3.999999800058504	5.229317124523713	2.8885107159888106
4.499999800058504	5.591104446139409	2.72983157184353
4.999999800058504	5.880239368491679	2.2280552138928056
5.499999800058504	6.075593127399911	2.3087126005743306
5.999999800058504	6.326540955800469	2.934365801873019
6.499999800058504	6.602459771095744	3.2728386039225557
6.999999800058504	6.87461586203123	2.8934379065836233
7.499999800058504	7.060565084246358	2.5783138027652406
7.999999800058504	7.248463993720046	2.812017699114432
8.499999800058504	7.449820669427867	2.9490961913005003
8.999999800058504	7.649296872862735	3.129584135416168
9.499999800058504	7.8334617327561675	3.1397277734515825
9.999999800058504	8.029171256689166	3.2810162377245162
10.4999998000585	8.196128282442666	3.401673643697619
10.9999998000585	8.393823485426383	3.423345157249496
11.4999998000585	8.570436199391375	3.4910171018145557
11.9999998000585	8.743237540749416	3.568733934325378
12.4999998000585	8.898782597478307	3.5156044757394445
12.9999998000585	9.083161430554899	3.503883459171361
13.4999998000585	9.225308048179555	3.7364143908695784
13.9999998000585	9.377080097179222	3.7343786535214827
14.4999998000585	9.550010969438466	3.86319216960688
14.9999998000585	9.711438113378085	3.842705896920556
15.4999998000585	9.859434188292	3.8784289389773443
15.9999998000585	9.992071260203165	3.884051425762261
16.4999998000585	10.151641860478815	3.84067048870898
16.9999998000585	10.295852468966304	4.025925643346368
17.4999998000585	10.42469675743813	3.8584710657753813
17.9999998000585	10.54970989759318	4.007347277478515
18.4999998000585	10.697820869382758	4.01509330387035
18.9999998000585	10.822865452916782	4.034337940756133
19.4999998000585	10.971013800798534	4.106836711320284
19.9999998000585	11.09993877416746	4.152345007859007
20.4999998000585	11.21540697008781	4.266210162440593
20.9999998000585	11.340511276266191	4.490573606782637
21.4999998000585	11.479105385329506	4.835448252423807
21.9999998000585	11.608090872371395	4.859879152127618
22.4999998000585	11.7775279699281	4.9352922997567
22.9999998000585	11.950843281991645	5.0836407398734424
23.54222180005854	12.07025455674791	5.558973681613879
24.04222180005854	12.195457741476845	5.848573160501081
24.54222180005854	12.345720706039122	6.173678474057916
25.04222180005854	12.534542152388683	7.012610631174999
25.54222180005854	12.72725091007175	7.226466678302331
26.04222180005854	12.931559703782622	6.974574284751754
26.54222180005854	13.160970992860538	6.438339671287392
27.04222180005854	13.30751117999727	5.389543610422458
27.54222180005854	13.40971541164222	4.908472390397221
28.04222180005854	13.510000608379416	3.6549486545284466
28.54222180005854	13.537001967429786	3.020580766754923
29.04222180005854	13.577505390305065	3.1030297265491456
29.54222180005854	13.68937974642968	2.828958434216167
30.04222180005854	13.718314576655985	2.884863674541622
30.54222180005854	13.795478210906593	3.369555320026117
31.04222180005854	13.882293578226472	3.7759916924840655
31.54222180005854	13.930527523935073	3.4637793864209496
32.04222180005854	14.027001545822817	3.9141226339550603
32.54222180005854	14.135062749526734	4.121994535276759
33.04222180005854	14.24120452280873	4.027925743666351
33.54222180005854	14.287524377537338	4.440051638225196
34.04222180005854	14.389820566234096	4.3894479846834695
34.54222180005854	14.495987454667988	4.253987509110494
35.04222180005854	14.5616230364754	4.047531480402469
35.54222180005854	14.667806536505806	4.489563890585603
36.04222180005854	14.748899011080963	4.331958649114451
36.54222180005854	14.828066715792538	4.46969553628377
37.04222180005854	14.891791172976347	4.464789446213622
37.54222180005854	15.003800794957984	4.336300600641736
38.04222180005854	15.07332962081194	4.4392250568315275
38.54222180005854	15.191152906047467	4.396040803524242
39.04222180005854	15.249103251397463	4.672303305863043
39.54222180005854	15.33023923253492	4.514966611727579
40.04222180005854	15.41910909837652	4.54789227720369
40.54222180005854	15.488664621439051	4.45313414796595
41.04222180005854	15.585276875540348	4.773780096119856
41.54222180005854	15.666437774072495	5.0202110887492175
42.04222180005854	15.736008919945974	4.927778142881503
42.54222180005854	15.838441363285307	5.05786022924486
43.04222180005854	15.923487002308741	5.211306041101799
43.54222180005854	16.018204545625572	4.997750032233025
44.04222180005854	16.13806314694424	4.664555853892202
44.54222180005854	16.209597823073047	4.8471742260567465
45.04222180005854	16.296606003566257	4.837633864684851
45.54222180005854	16.385554576734137	4.81125822972712
46.04222180005854	16.43970086649023	4.794757720437209
46.54222180005854	16.46290726677322	4.707245026282624
47.04222180005854	16.55573761407558	4.791506367885145
47.47555480005758	16.640839020601423	4.796770921125241
47.97555480005758	16.716275444332187	4.698688577098514
48.47555480005758	16.79752038963227	4.6556603129645655
48.97555480005758	16.88650989852009	5.111990635000128
49.47555480005758	16.967767500274448	4.706676988465759
49.97555480005758	17.054835996683543	4.244851715043555
50.47555480005758	17.1225606845054	4.018505654644155
50.97555480005758	17.1651326466567	3.908254917966191
51.47555480005758	17.254152016866563	3.8438888706355887
51.97555480005758	17.279311070764475	3.857568836180757
52.47555480005758	17.302535269186606	3.6591029162111464
52.97555480005758	17.339307806595244	3.576958838014563
53.47555480005758	17.397372455549522	3.825467970733938
53.97555480005758	17.47286108715493	3.706854597393176
54.47555480005758	17.548354860445055	4.004934773457612
54.97555480005758	17.598686811237815	4.324957188078785
55.47555480005758	17.649021332872938	4.591536617475061
55.97555480005758	17.7245271693461	4.6864705692048245
56.47555480005758	17.792293386159145	4.464998234763469
56.97555480005758	17.858127318338916	4.380107720442349
57.47555480005758	17.92590164319306	4.33949498620504
57.97555480005758	17.99368031870345	4.467584847988892
58.47555480005758	18.069210083786036	4.654156118137686
58.97555480005758	18.133123794515253	4.529494126797711
59.47555480005758	18.166050549581573	4.535866650937392
59.97555480005758	18.21253711354633	4.485428120477333
60.47555480005758	18.276459130074016	4.551269773162055
60.97555480005758	18.344259558865502	4.615750619389075
61.47555480005758	18.42175067887521	4.529062421540908
61.97555480005758	18.472122972116527	4.5866364082481
62.47555480005758	18.534122591865763	4.727368498573323
62.97555480005758	18.58643765086688	4.917873955363835
63.47555480005758	18.660070332079854	4.9288280089360255
63.97555480005758	18.733708154977407	4.9799834676847246
64.47555480005758	18.791846567330605	5.029203201833022
64.97555480005758	18.85967883501537	5.153895819336358
65.47555480005758	18.912009319070357	5.238806203638447
65.97555480005758	18.983725536217936	5.654437198706228
66.47555480005758	19.04575422626087	5.623699968648568
66.97555480005758	19.11747934247817	5.348417623083948
67.47555480005758	19.196963854065388	5.608765114048205
67.97555480005758	19.262882228527243	5.302969679293165
68.47555480005758	19.332682377123582	5.323476636172068
68.97555480005758	19.44320862309099	5.104207998413464
69.47555480005758	19.5072024254462	4.89796971619357
69.97555480005758	19.53629190172562	5.242959290208681
70.47555480005758	19.629382892887186	4.847555686379757
70.97555480005758	19.648777920563358	4.964542473563189
71.47555480005758	19.70114617622469	4.962004056042103
71.97555480005758	19.739939000176776	4.428167709023698
72.47555480005758	19.76903440916909	4.304751209324609
72.97555480005758	19.883484353776623	4.496768971221146
73.47555480005758	19.91646371223175	4.1910818247632475
73.97555480005758	19.93586368383556	3.7631055230704256
74.47555480005758	20.03092888413592	4.009096416728896
74.97555480005758	20.100777878736203	4.046014036163511
75.47555480005758	20.133763763175782	4.042759973795927
75.97555480005758	20.182274173311765	4.216387316430654
76.47555480005758	20.217202823511	3.841885950251932
76.97555480005758	20.226905577912277	3.9320237560892997
77.47555480005758	20.24437049628321	4.127945493234969
77.97555480005758	20.304529590693733	3.7922056350675377
78.47555480005758	20.360810668354787	3.6616110509157056
78.97555480005758	20.395745053509984	3.895171916929082
79.47555480005758	20.4500896936383	4.180591500412148
79.97555480005758	20.49861394677104	4.297045964378323
80.47555480005758	20.54131721963743	4.536449556723579
80.97555480005758	20.58790424420941	4.818509454131678
81.47555480005758	20.62672831378339	4.703847795322606
81.97555480005758	20.673319095740204	4.7411186318862875
82.47555480005758	20.73932606538319	5.039664653973963
82.97555480005758	20.828635940774575	4.875132275504664
83.47555480005758	20.879118582478235	4.921743980025702
83.97555480005758	20.92377826634426	5.088800564421644
84.47555480005758	20.982032762115615	5.172730821777875
84.97555480005758	21.020870872443748	5.288603358256176
85.47555480005758	21.079130312142457	5.454823775926964
85.97555480005758	21.156814640839805	5.282767609095167
86.47555480005758	21.185947623681376	5.123366590717743
86.97555480005758	21.238389049470097	5.266650133559777
87.47555480005758	21.302487465331833	5.349150921391339
87.97555480005758	21.358819366567516	5.220517704417302
88.47555480005758	21.411268900397317	5.543555656166769
88.97555480005758	21.479262933390743	5.567445989805076
89.47555480005758	21.518118446343706	5.525096323298149
89.97555480005758	21.57834715125385	5.9682892667443115
90.47555480005758	21.646351467616565	6.301207985858757
90.97555480005758	21.70075780796033	6.283378140352048
91.47555480005758	21.759053437208575	7.002267841789775
91.97555480005758	21.792088958680438	6.942829768021738
92.47555480005758	21.87954070835104	7.704811612839365
92.97555480005758	21.935902075394882	9.316455331658688
93.47555480005758	22.01170316321985	10.210322870013
93.97555480005758	22.105003776908468	11.433605498622951
94.47555480005758	22.20608830784769	12.010657040867743
94.84333280005922	22.2449695292238	12.142262029704334
95.34333280005922	22.39856351439456	11.714307350505736
95.84333280005922	22.439395807328673	10.974129658711272
96.34333280005922	22.604685147449874	9.511290804010615
96.84333280005922	22.90421339200006	8.723804628905066
97.34333280005922	23.073463411339244	7.959115458994376
97.84333280005922	23.310846091399718	6.757818976853819
98.34333280005922	23.460695743620796	6.89032658728794
98.84333280005922	23.579422185536377	6.310036837099329
99.34333280005922	23.563850791407134	5.56808728631872
99.84333280005922	23.476265753450317	5.689178526575716
100.3433328000592	23.33225191327838	4.923741438098803
100.8433328000592	23.260252112448022	3.4174498890497786
101.3433328000592	23.213551970814418	2.6554508139548454
101.8433328000592	23.11821188814362	1.4217317490574708
102.3433328000592	23.234955815122113	0.8610195273016497
102.8433328000592	23.254414322827934	0.3204924058896122
103.3433328000592	23.285548805288254	0.6958577931140333
103.8433328000592	23.334197843151788	1.6784280296555456
104.3433328000592	23.367280628570807	2.952035068147858
104.8433328000592	23.42371793434148	3.842744627217635
105.3433328000592	23.46848064965708	4.616062191220824
105.8433328000592	23.507406366380916	5.516155409603091
106.3433328000592	23.573583011616424	5.236148865364568
106.8433328000592	23.6086192416787	5.369096416974613
107.3433328000592	23.649496227717744	5.491258361777119
107.8433328000592	23.709841411560358	5.534767971549115
108.3433328000592	23.75656251544671	5.6743929488434155
108.8433328000592	23.81691343424531	5.77975553300617
109.3433328000592	23.883108668648276	5.777063838661244
109.8433328000592	23.920101705224514	5.923305489166536
110.3433328000592	23.992144617102863	6.044348763936576
110.8433328000592	24.04471933117764	6.603554815030471
111.3433328000592	24.085612533298725	7.459077843552848
111.8433328000592	24.132349457753257	8.777695796142948
112.3433328000592	24.182983383639193	9.791059303518509
112.8433328000592	24.233619484853328	10.933509228160876
113.3433328000592	24.30373505602573	11.734161425764311
113.8433328000592	24.340742133356116	12.15403875001853
114.3433328000592	24.401124891047836	13.433599574867943
114.8433328000592	24.48293917904153	14.78446361633094
115.3433328000592	24.617361404303004	16.329206832662358
115.8433328000592	24.78102775189673	17.92053347774847
116.3433328000592	25.020725574337973	18.4309925755154
116.8433328000592	25.23123464643525	18.691273780941493
117.3433328000592	25.44763292499893	17.421404236607405
117.8433328000592	25.625072065888677	14.835289874627124