0.008333333185873926	25.100608114141544	27.82176469464958
0.01666666672099382	47.43969021738728	36.63257683424249
0.02500000008149073	63.3389402677639	43.59972027990874
0.03333333344198763	76.77921456714307	50.66388367246625
0.04166666662786156	88.76962108881133	56.84594696429742
0.05000000016298145	99.60013338831094	62.19683230360031
0.05833333334885538	109.55492555007318	67.05743656543245
0.0666666665347293	118.79928250075724	71.50259333279917
0.0750000000698492	127.46079260480161	75.39316778955077
0.0833333334303461	135.5829518955376	78.53960282649159
0.09166666679084301	143.1976574640745	80.64675079617926
0.09999999997671694	150.27881169041413	82.32727914625396
0.1083333333372138	156.94240399677292	82.82156900017466
0.1166666666977108	163.0550465476017	79.95921698881058
0.1249999998835847	168.41375785402082	72.70243398068173
0.1333333334187046	172.80975695603993	58.41868047593256
0.1416666667792015	175.80228404923506	39.446524435501274
0.1500000001396984	177.52472696915547	22.71266691100267
0.1583333333255723	178.37434948689412	11.908495087690055
0.1666666666860692	178.80061061354115	6.63658796816355
0.1750000000465661	179.0470881357518	4.473360185954911
0.1833333332324401	179.22977147574326	3.484540491929235
0.19166666676756	179.36605904684802	3.098787023107556
0.2000000001280569	179.49944688239754	3.0189133531395473
0.2083333334885538	179.61833604016985	2.5187831212228633
0.2166666666744277	179.70242837127705	2.3027181921858975
0.2250000000349246	179.79521990905036	2.5851875771202204
0.2333333333954215	179.89381091793493	2.7589602867896836
0.2416666665812954	179.99240192681918	2.248823480179115
0.2500000001164153	180.05039663792766	1.8285253292076769
0.2583333334769122	180.1141908201469	2.3934964635468376
0.2666666668374091	180.20408262236498	2.730990857958583
0.2750000000232831	180.28527521791673	2.480256613976058
0.28333333338378	180.35486887124688	2.1107505280970273
0.2916666667442769	180.4099638467999	1.9788392795131318
0.2999999999301508	180.46795855790836	2.4075432724571657
0.3083333334652707	180.54335168234928	2.346642850810406
0.3166666668257676	180.5955469223467	2.5464248582015503
0.3249999998370186	180.6767395178988	2.2364156943207
0.3333333333721384	180.7115363445638	2.043659928486466
0.3416666667326354	180.77823026233844	2.670745215248819
0.3500000000931323	180.84202444455778	2.4273498934217437
0.3583333332790062	180.89421968455534	2.1144463897054573
0.3666666668141261	180.94061545344212	2.128074121484091
0.3833333331858739	181.0450059334372	2.433396040974425
0.4000000000814907	181.15229614898783	2.3187965256692227
0.4166666666278616	181.23928821565048	2.511192931095464
0.4333333333488554	181.35237790231199	2.584896404725011
0.4500000000698492	181.43936996897452	2.548473779706261
0.466666666790843	181.5408607134143	2.8378825449198968
0.4833333333372138	181.64235145785395	2.7653037031166114
0.4999999998835847	181.7322432600723	2.4234624166474
0.5166666667792015	181.80473664895777	2.706987376501965
0.5333333333255723	181.90622739339736	2.6214663888949756
0.5500000000465661	181.97002157561667	2.4461041765259774
0.56666666676756	182.05411390672404	2.9047626001806557
0.5833333334885538	182.1411059733864	3.0391724497581643
0.6000000000349246	182.22809804004916	3.1793500758630913
0.6166666665812954	182.31798984226728	2.9896104229372016
0.6333333334769122	182.3904832311528	2.749212924849727
0.6500000000232831	182.46297662003843	2.4162878162190915
0.6666666667442769	182.51517186003602	2.97307843097314
0.6833333334652707	182.6108631333649	3.064136492780504
0.6999999998370185	182.66595810891775	2.6197811533603943
0.7166666667326353	182.73555176224795	3.1128971088892636
0.7333333332790062	182.8109448866891	3.1691748926348224
0.7583333331858739	182.91243563112874	2.935334265750532
0.7833333334419876	183.00522716890237	3.040615326524658
0.8083333333488554	183.10671791334198	3.0803704810048527
0.8333333334303461	183.19660971556007	3.3359913619761326
0.8583333333372138	183.30679966666602	3.415269842058594
0.8833333334187046	183.39669146888423	3.272272192026357
0.9083333333255723	183.49238274221315	3.088902133170567
0.93333333323244	183.5677758666539	3.083272462100733
0.9583333334885538	183.65766766887205	3.1509784206637703
0.9833333333954215	183.7330607933131	3.5972117622126025
1.008333333476912	183.84035100886354	3.5965254849347463
1.03333333338378	183.91284439774918	3.047525227655879
1.058333333465271	183.98823752219008	3.556316489036735
1.083333333372138	184.08102905996364	3.814667345232659
1.108333333279006	184.16512139107084	3.601658364390581
1.141666666720994	184.2695118710661	3.562285065263117
1.175000000162982	184.37390235106113	3.6135095521359504
1.208333333430346	184.475393095501	3.8798791637341967
1.241666666697711	184.58848278216254	3.9195547503898176
1.275000000139698	184.6870737910468	3.2455540338378386
1.30833333323244	184.75956717993245	3.762961663170477
1.341666666674428	184.87845633770462	4.4072183176882955
1.375000000116415	184.97994708214438	3.558028788879791
1.40833333338378	185.05244047102985	3.672951169495417
1.441666666825768	185.1539312154697	3.730394259878756
1.475000000093132	185.2264246043553	3.787676370673408
1.516666666720994	185.35401296879377	4.459608958720789
1.558333333348855	185.4729021265659	3.814787405497059
1.599999999976717	185.55989419322862	4.061864658678558
1.641666666779202	185.68458282211176	4.478804180521594
1.68333333323244	185.78897330210683	3.8959014588583742
1.725000000034925	185.87886510432511	4.495267325245689
1.766666666837409	186.0064534687635	4.690600029465069
1.808333333465271	186.10214474209246	4.196838448157348
1.858333333279006	186.22103389986466	4.1171980281083815
1.908333333441988	186.32542437985998	4.128926135950692
1.958333333430346	186.43851406652135	4.401272939984536
2.008333333418705	186.55160375318295	4.5128959069991135
2.05833333323244	186.66469343984429	4.32088995612066
2.108333333395422	186.76328444872857	4.812488451271548
2.15833333338378	186.89377254872252	4.95755695025416
2.208333333372138	186.9952632931623	4.4590880692210675
2.266666666720994	187.11415245093474	4.471173200061585
2.325000000069849	187.22724213759622	4.356020670256268
2.383333333418705	187.33453235314656	5.3131692733484535
2.44166666676756	187.48821833758407	4.841220014582517
2.500000000116415	187.5694109331358	4.902007951055457
2.558333333465271	187.71729744646234	5.519114645955877
2.625	187.83618660423457	4.757751519921664
2.691666666534729	187.96087523311772	4.931211813721083
2.758333333418705	188.0826641264455	4.994262827386876
2.825000000128057	188.20445301977327	5.238478050625489
2.891666666837409	188.3320413842117	5.402506818178244
2.966666666732635	188.47122869087212	5.220294797539957
3.041666666627862	188.59881705531035	5.123909345725438
3.116666666697711	188.72640541974897	5.371131797358527
3.19166666676756	188.85979325529843	5.243361378103897
3.266666666837409	188.97578267751533	5.411860414269828
3.350000000093132	189.12656892639714	5.346792471079431
3.433333333348855	189.2454580841694	5.449454257314496
3.516666666779202	189.393344597496	5.18005900907182
3.600000000034925	189.49483534193587	4.713995326924004
3.683333333465271	189.613724499708	5.468475320000115
3.775000000081491	189.75871127747902	5.959457350200859
3.866666666697711	189.90659779080556	5.666809723955157
3.958333333488554	190.0312864196887	5.379753309747898
4.049999999930151	190.15887478412728	5.3374108844294055
4.150000000081491	190.2864631485658	5.346828263279105
4.249999999883585	190.4198509841153	5.841466153398672
4.350000000034925	190.56483776188617	5.533028048790798
4.458333333372138	190.68662665521393	5.423398036314371
4.566666666534729	190.8316134329851	5.900385167429438
4.675000000046566	190.97080073964534	5.981002499377821
4.78333333338378	191.11288778186102	5.903869556783512
4.900000000081491	191.25207508852128	4.221761714821122
5.016666666779202	191.31876900629595	3.199282094281817
5.133333333476912	191.40286133740304	6.590281435677079
5.258333333185874	191.64063965294773	8.917079763398236
5.383333333418705	191.83492193516093	7.347211072722297
5.508333333476912	191.98860791959837	7.3248253474372005
5.641666666720994	192.185789937367	6.963237117067078
5.775000000139698	192.3249772440272	6.109456419620116
5.90833333338378	192.4728637573538	6.598681381616292
6.050000000162982	192.63814868401278	7.237024282209818
6.19166666676756	192.8179322884489	6.968710853218919
6.341666666732635	192.97161827288625	6.616194669139125
6.491666666697711	193.13690319954526	6.884194949304053
6.641666666837409	193.29638865509347	6.26147818885502
6.800000000162982	193.43267622619817	6.728658686372762
6.958333333488554	193.61535956618985	7.484043680663855
7.125	193.78934369951511	7.399696585467313
7.291666666686069	193.9691273039513	7.3306081801676966
7.466666666732635	194.14021170172126	7.071663009708336
7.641666666779202	194.30839636393554	7.364473295356817
7.824999999837019	194.4939794394825	7.176762499763438
8.008333333418705	194.6534648950308	7.123008509436096
8.199999999837019	194.8361482350222	7.745808944120857
8.391666666779201	195.02463104612488	7.638174884843934
8.591666666732635	195.20151491500536	6.905893070276528
8.79166666668607	195.3552008994428	7.221903512109667
9.0	195.54658344610067	7.795746965205919
9.208333333488554	195.72636705053688	7.879425460977157
9.425000000162981	195.92064933274997	7.587287359490741
9.650000000023283	196.0917337305197	7.8685944213931105
9.874999999883585	196.29761495495487	7.836495009324713
10.10833333327901	196.4657996171693	7.629140800244136
10.34166666667443	196.66008189938248	8.445620033551648
10.58333333343035	196.86596312381744	8.170779197060225
10.83333333337214	197.05154619936448	7.662289776478363
11.08333333348855	197.23132980380052	7.82936719274557
11.34166666679084	197.4227123504583	8.116978840622904
11.60833333327901	197.61989436822697	8.644174225241402
11.88333333347691	197.84027427043912	8.39136028961905
12.15833333332557	198.02295761043072	7.980290479238275
12.44166666653473	198.22013962819938	8.168353652635863
12.73333333327901	198.41442191041253	8.17720830653686
13.03333333338378	198.61450366373654	8.314060180797853
13.34166666667443	198.81748515261611	8.140755452556297
13.6500000001397	199.0059679637184	8.702166302160501
13.96666666679084	199.23214733704145	8.491213658842327
14.29166666662786	199.4119309414777	7.852928502554768
14.625	199.60911295924618	8.734642680216796
14.96666666673264	199.83239259701386	8.83824472518328
15.31666666682577	200.03537408589338	8.46348258804338
15.67499999993015	200.24125531032823	8.574907520043018
16.04166666674428	200.45003627031852	8.930220438622086
16.41666666674428	200.67331590808615	8.930044933562911
16.79999999993015	200.88209686807633	8.45409791597207
17.19166666682577	201.08217862140032	8.701756493358255
17.59166666673264	201.30255852361245	9.01219754757815
18.0	201.51713895471366	8.906259242081312
18.41666666662786	201.7317193858149	8.923315360013468
18.84166666679084	201.9462998169161	8.80132920037715
19.28333333332557	202.15798051246196	8.861775252261621
19.73333333339542	202.37836041467378	8.951700103212751
20.19166666682577	202.59294084577496	8.865893710635849
20.65833333344199	202.80752127687643	8.94291281605331
21.1416666667792	203.0279011790884	8.846793566983154
21.63333333347691	203.2395818746341	9.012460018681226
22.13333333318587	203.4657612479569	8.870238709136508
22.6500000001397	203.67164247239188	8.905109797864482
23.17499999993015	203.9007215812703	9.478203063007697
23.71666666679084	204.13560016125936	9.16735892769391
24.26666666683741	204.35018059236057	9.160242581178787
24.83333333343035	204.58505917234964	8.918656329965843
25.40833333338378	204.7880406612293	8.744406725426101
25.99999999988359	205.01422003455193	9.403337757582118
26.60000000009313	205.24909861454123	9.17661383238533
27.21666666667443	205.46367904564244	9.064430310811149
27.84999999997672	205.69565789007626	9.259493674078044
28.5	205.92183726339917	8.867174925702052
29.15833333338378	206.1335179589449	9.068923740448593
29.83333333348855	206.36839653893392	9.336224905649397
30.5250000001397	206.59457591225691	9.078042696776087
31.23333333333721	206.81785555002438	9.118422665021425
31.95833333343035	207.0469346589026	9.222360310896535
32.70000000006985	207.27601376778094	8.980670850438582
33.45833333343035	207.49349393443762	8.917949135940813
34.23333333333721	207.7196733077605	9.267364456147893
35.0250000001397	207.9545518877497	9.037216685140152
35.83333333348855	208.1691323188507	8.765668237427574
36.66666666674428	208.3924119566183	9.082066450967652
37.51666666672099	208.62439080105207	9.15588453787081
38.38333333341871	208.850570174375	8.845084017813438
39.27500000002328	209.06805034103147	8.767727490039327
40.18333333334886	209.29132997879879	8.984233418453368
41.1166666665813	209.52040908767717	9.03233047665047
42.06666666653473	209.74658846100021	9.084643057381738
43.04166666674428	209.97856730543387	8.989159901583939
44.04166666668607	210.20184694320136	8.70484700633582
45.05833333334886	210.41932710985802	8.76917873061183
46.10000000009313	210.64550648318075	8.802486036473281
47.16666666674428	210.8658863853927	8.839069087326717
48.25833333347691	211.09496549427132	8.540165344454731
49.37500000011642	211.30084671870617	8.812488251882463
50.51666666683741	211.54442450536158	9.147469336590198
51.68333333346527	211.76770414312904	8.435500903110395
52.88333333318587	211.97648510311947	8.180274224008624
54.10833333333721	212.18816579866532	8.637925777769937
55.35833333339542	212.42014464309878	8.452720236258445
56.64166666672099	212.62312613197824	8.154229905010151
57.95000000012806	212.84060629863498	8.145198018300336
59.29166666662786	213.04358778751444	8.279234069220271
60.66666666674428	213.26976716083732	8.613879498284827
62.06666666676756	213.49014706304945	8.169098417699118
63.49999999988359	213.69312855192902	7.9813847611584405
64.96666666679084	213.90480924747467	8.24563694920914
66.46666666679084	214.12228941413142	8.012618368615746
67.99999999988358	214.32237116745563	7.982323449150978
69.57500000012806	214.5398513341121	8.015734066264912
71.18333333346527	214.74283282299174	7.685128195663188
72.82500000006985	214.94291457631573	7.450181225312622
74.50833333347691	215.13429712297366	7.364992746986616
76.23333333333721	215.33147914074226	7.853168030782395
77.99166666681413	215.54895930739883	7.904502290989635
79.79166666674428	215.74904106072267	7.501658668407689
81.63333333347691	215.9462230784915	7.26919795395969
83.51666666683741	216.13470588959396	7.35087912739125
85.44999999983702	216.3376873784735	7.384772752868369
87.42500000016298	216.52906992513132	7.327817333450057
89.44166666676756	216.72915167845522	7.47607781973559
91.50833333318587	216.92923343177947	6.804395046232207
93.62500000011642	217.09451835843865	6.727383408213379
95.79166666668607	217.29170037620725	7.089603483906234
98.0083333334187	217.47728345175423	7.022375047881285
100.2750000001397	217.6715657339674	6.585558117328278
102.5916666666744	217.83395092507115	6.578604757440285
104.9583333333721	218.0282332072842	6.4073496562127605
107.3833333334187	218.18191919172173	6.2216053057042275
109.8666666668141	218.36750226726846	6.577837052893357
112.4083333333838	218.54148640059387	6.086694897020775
115.0083333334769	218.70097185614202	6.180648692107083
117.6666666667443	218.88075546057817	6.4899952765790045
120.3833333331859	219.057639329459	6.160104852289815
123.1666666666861	219.22002452056242	5.937709747139057
126.0083333331859	219.3853094472216	5.825397717819002
128.9166666667443	219.54189516721434	5.497909231480755
131.8916666668374	219.68978168054088	5.6964111044477415
134.9333333334653	219.85796634275525	5.683509128644087
138.050000000163	220.0058528560818	5.4546096366152135
141.2416666665813	220.1624385760747	5.913552183584486
144.4999999998836	220.3364227093999	5.442672945264472
147.8333333334304	220.46691080939382	5.2156316122234285
151.2499999998836	220.62929600049733	5.2054254732616725
154.7416666665813	220.75978410049146	4.936776072025524
158.3166666665347	220.9076706138178	5.283917321880962
161.9750000000931	221.05845686269993	5.528924481299889
165.7166666667326	221.22084205380335	5.163775961950962
169.5416666666279	221.35133015379748	4.642033550100884
173.4583333334886	221.48471798934682	5.042160534207358
177.4583333334304	221.63840397378402	5.134453226880104
181.5583333333489	221.77759128044443	4.8160944707249485
185.7499999998836	221.91387885154907	4.957661300622824
190.0416666667443	222.0617653648757	5.001366062481809
194.4250000000466	222.20095267153604	4.589396215660079