0.06850000009308133	0.5055862335230878	0.05970648394989509
0.101833333360446	0.5472945545984343	0.09622271534693501
0.1351666668024336	0.572726457693158	0.420806055491116
0.1685000000697983	0.7222660478901279	0.12572423449627762
0.2018333331625399	0.6632640327103703	0.7222961148121885
0.2351666666045276	0.9094448546672881	1.1249634857147945
0.3184999998602507	0.9582741086091536	0.2978732145144483
0.4018333334652198	1.0518635119977366	0.18033577022235167
0.4851666667209429	1.0518635119977366	0.4184054511681069
0.8185000000930813	1.193264893204394	0.23464047796828705
0.9851666666045276	1.193264893204394	0.39918661851127707
1.15183333346522	1.3082170951925411	0.7935878180250374
1.318500000151289	1.422152021056898	0.3950279359321982
1.485166666662735	1.422152021056898	0.31537515596955307
1.985166666720943	1.736490343307672	1.0044719107296047
2.485166666604528	1.9480837770557673	1.0477929974331064
2.985166666662735	2.1556081063087014	1.2322104767106532
3.485166666720943	2.3590633310664866	1.042266739376138
3.985166666604528	2.466894600188109	1.7798205977989143
4.485166666662735	2.778181094067518	2.28426345326699
4.985166666720943	2.9857054233204567	2.0723036250525118
5.485166666604528	3.1911952003258146	1.9445410210619054
5.985166666662735	3.3966849773311756	1.3969731931002807
6.485166666720943	3.5004471419576464	2.0078451704055125
6.985166666604528	3.5004471419576464	2.769843057299609
7.485166666662735	3.8066472552181074	2.7408267090544003
7.985166666720943	4.111830092354781	3.5368507746641122
8.485166666604528	4.214574980857458	3.4823787280314535
8.985166666662735	4.419047481739032	2.76686222181075
9.485166666720943	4.622502706496813	3.5883245845553495
9.985166666604528	4.724230318875705	2.9113524598861273
10.48516666666274	5.029413156012379	1.0223406529734596
10.98516666672094	5.1301234922674785	1.1986208317274123
11.48516666660453	5.131140768391268	0.9292899615616318
11.98516666666274	4.825957931254593	1.13727338757074
12.48516666672094	5.030430432136164	1.0764461895652369
12.98516666660453	5.0314477082599565	2.0971132370709085
13.48516666666274	5.234902933017736	4.218453386226221
13.98516666672094	5.3376478215204175	3.9414484711796622
14.48516666660453	5.541103046278203	4.362512406366607
14.98516666666274	5.745575547159769	4.517425272710955
15.48516666672094	5.847303159538665	5.054299069422185
15.98516666660453	5.9490307719175535	4.938587250667728
16.48516666666274	6.051775660420234	5.190882335166341
16.98516666672094	6.255230885178015	5.341791874018058
17.48516666660453	6.459703386059585	5.392076325538416
17.98516666666274	6.561430998438476	6.055400833993524
18.48516666672094	6.763868947072471	6.637706674084759
18.98516666660453	6.967324171830253	6.525357552277189
19.48516666666274	7.0690517842091465	6.194938516422086
19.98516666672094	7.2714897328431345	6.386319825677791
20.48516666660453	7.473927681477129	6.198198613446015
20.98516666666274	7.575655293856025	6.79359517181674
21.48516666672094	7.778093242490014	6.710401607059463
21.98516666660453	7.879820854868908	5.7062303221572686
22.98516666672094	8.082258803502897	5.660930989798937
23.87683333332552	8.488151976894677	6.844832443637317
24.48516666672094	8.386424364515785	6.440565545645471
25.48516666666274	8.690589925528666	7.553516627232631
26.48516666660453	9.195158882927968	7.7181885154270296
29.48516666660453	10.103586461471469	8.863079763407336
32.48516666660453	10.90926915151229	10.439786179212563
35.48516666660453	11.81464490168442	10.667064305385328
38.48516666660453	12.919406772119169	11.631820559173535
41.48516666660453	13.621327297533519	12.358261249490692
44.48516666660453	14.524668495458082	11.712700864495401
47.48516666660453	15.32729935712753	12.67274757448686
50.48516666660453	16.023116225799143	12.929804555842557
52.78155555568537	16.62229186271081	13.863994218436014
56.48516666660453	17.52359850838778	15.226785499481235
59.48516666660453	18.417784221198236	15.324417475727131
62.48516666660453	19.21329415000117	15.462867655088841
65.48516666660453	20.00982135492788	16.13280844656718
68.48516666660453	20.50828665558446	16.882269220373576
71.48516666660453	21.20613807650364	17.278917345839194
74.48516666660453	21.90297222129904	17.63984213460294
77.48516666660453	22.698482150101977	18.524166483151273
80.48516666660453	23.3942990187736	18.715849934188043
83.48516666660453	24.090115887445204	19.509270071715047
86.48516666660453	24.68420514373793	19.57555935072714
89.48516666660453	25.275242571659298	19.72262870887394
92.48516666660453	25.96800761195954	20.241928311298746
95.48516666660453	26.562096868252272	21.004362457070766
98.48516666660453	27.2548619085525	20.127547354433315
101.4851666666045	27.84589933647386	21.761554716346318
104.4851666666045	28.43998859276659	22.504334930422594
107.4851666666045	29.12970180469548	21.9934524629183
110.4851666666045	29.423694604470455	21.879295406165024
113.4851666666045	30.214118152654443	22.68057054427356
116.4851666666045	30.89976226008819	22.95819305725433
119.4851666666045	31.28836173937556	22.636823181992323
122.4851666666045	31.873295510554172	23.1608809058643
125.4851666666045	32.35955349772528	24.458794141128926
128.4851666666045	32.95262547789418	23.7883039706577
131.4851666666045	33.44091801731287	23.494114466877733
137.4851666666045	34.51109249953882	24.68728824220434
143.4851666666045	35.483608473881006	25.722703820298925
149.4851666666045	36.45612444822323	24.84106404151556
155.4851666666045	37.43372680318434	25.855414952733824
161.4851666666045	38.50288400928649	26.225275461298978
167.4851666666045	39.087817780465116	26.17792228222469
171.8351666668141	39.67376882776756	26.565828425380264
177.8351666668141	40.7490296906124	27.530953890449467
183.8351666668141	41.5292804775585	26.97705245210761
189.8351666668141	42.31054854062841	27.872525870305797
195.8351666668141	43.096902984317246	28.67724493662549
201.8351666668141	44.08162627214488	27.80089401420648
207.8351666668141	44.77642586469273	29.43546062271417
213.8351666668141	45.37356694935682	28.696752741200672
219.8351666668141	46.17212870653109	29.70775354952428
225.8351666668141	46.87404923194547	29.635925138695647
231.8351666668141	47.68074919811008	30.055264900279216
237.8351666668141	48.487449164274686	30.365052397486377
243.8351666668141	48.889273233171295	31.636771495465695
249.8351666668141	49.70614596057377	31.906497095352435
255.8351666668141	50.52301868797629	31.712972379763542
261.8351666668141	51.13643619062099	31.31481592066377
270.8351666668141	52.056053806526165	31.422181773550978
279.8351666668141	53.07739903481024	32.58845323890821
288.8351666668141	53.896306314460304	32.95708286343449
297.8351666668141	54.71317904186282	32.70210960572296
306.8351666668141	55.632796657767976	33.82927744458272
318.8351666668141	56.76095587904987	33.43197758613794
327.8351666668141	57.786370211829095	34.05229219172502
336.8351666668141	58.403856818969	34.68103215126402
345.8351666668141	59.328560815493105	34.79688432645705
354.8351666668141	60.05082686338326	35.97550333058021
363.8351666668141	60.774110187397156	35.4346203731821
372.8351666668141	61.495358959163475	34.5355865676938
381.8351666668141	62.2196595593012	36.37210216613732
390.8351666668141	62.94192560719131	35.45970823297018
402.8351666668141	64.07720576133973	35.82957093643712
414.8351666668141	64.80150636147746	36.49814699281173
426.8351666668141	65.62448274562267	37.57744764853188
438.8351666668141	66.66006983963979	32.81817652183635