1.985378937546557	46.89786387000485	42.123565647706876
3.975378937548157	80.57159055476333	54.891215297081835
5.975378937548157	104.4623666960339	44.13375863763785
7.975378937548157	114.23492090525679	19.627607773843568
9.975378937548157	116.1582427443059	7.961361172560944
11.97537893754816	117.31223584773544	7.956050230504328
13.97537893754816	118.51821062249067	8.03161475715194
15.97537893754816	119.68260006018534	8.62647081844213
17.97537893754816	120.73262982096344	8.9434665318049
19.97537893754816	121.6786962390904	9.159508204656237
21.97537893754816	122.55198831736142	9.254215168919982
23.97537893754816	123.37329872430674	9.362321467077917
25.97537893754816	124.15302379419148	9.336949484407457
27.96537893754976	124.83918185569014	9.395765472892146
29.96537893754976	125.49415091439336	9.69204389779883
31.96537893754976	126.0763456332407	9.354928056419226
33.96537893754976	126.63774768355778	9.79986274482743
35.96537893754976	127.17835706534449	9.767281757907401
37.96537893754976	127.83332612404774	10.12187679097464
39.96537893754976	128.18680148906216	10.429502980001827
41.96537893754976	128.80018521070494	10.631985830287315
43.96537893754976	129.21603858131022	10.874566084119188
45.96537893754976	129.78783696589238	10.996956177510105
47.96537893754976	130.25567200782328	10.87069672620364
49.95537893754954	130.73390338401921	11.374928324725218
51.95537893754954	131.16015308888961	11.35109394578158
53.95537893754772	131.59679912802508	11.655840019632462
55.95537893754954	132.0022561643652	11.734410475089703
57.95537893754954	132.4181095349705	11.735838059314656
59.95537893754772	132.79237756851518	11.784604428166318
61.95537893754954	133.17704193632497	11.908693616273226
63.95537893754954	133.58249897266515	12.067715181669339
65.95537893754772	133.9463706719447	12.164642255545681
67.95537893754954	134.31024237122423	12.287040245970848
69.95537893754954	134.66371773623868	12.457618571690011
71.94537893754932	135.03798576978335	12.558260788813612
73.94537893754932	135.34987579773738	12.776137753859425
75.94537893754932	135.71374749701684	12.941514786649659
77.94537893754932	136.03603385923594	13.0753024987331
79.94537893754932	136.3791128899853	13.075229248160609
81.94537893754932	136.7013992522044	13.319000192848023
83.94537893754932	137.01328928015826	13.457777251750613
85.94537893754932	137.3355756423773	13.582122388609744
87.94537893754932	137.64746567033117	13.656595876190714
91.94537893754932	138.27124572623907	13.956536220784649
95.9353789375491	138.87423311361673	14.224401640026684
99.9353789375491	139.4252388296686	14.45660763676493
103.9353789375473	140.03862255131122	14.681064048014402
107.9353789375491	140.58962826736317	14.889050503344107
111.9353789375491	141.14063398341509	15.172667748184235
115.9353789375473	141.65005436240656	15.377864121916438
119.9253789375489	142.19066374419342	15.564118735399791
123.9253789375489	142.71048045744996	15.82956660118357
127.9253789375489	143.1991081679111	15.93030398299948
131.9253789375489	143.6877358783722	16.17784513080863
135.9253789375489	144.1867599230985	16.25678374412022
139.9153789375487	144.67538763355964	16.41801321053545
143.9153789375487	145.14322267549053	16.635764668447052
147.9153789375469	145.60066138315625	16.594713089239743
151.9153789375487	146.0477037565568	16.670879668488194
155.9153789375487	146.50514246422262	16.70794237197531
159.9153789375469	146.93139216909296	16.679285614891356
163.9053789375485	147.37843454249355	16.696110849566654
167.9053789375485	147.75270257603833	16.673232584948344
171.9053789375485	148.16855594664364	16.722410661713234
175.9053789375485	148.5740129829836	16.73144629321598
181.9053789375485	149.10422603050526	16.597117698547088
187.8953789375482	149.6552317465572	16.40510862347682
193.8953789375482	150.1854447940789	16.158725935706475
199.8953789375482	150.64288350174473	16.042671924366527
205.8953789375482	151.11071854367552	15.89371312895673
211.885378937548	151.60974258840184	16.05619153828442
217.885378937548	152.0671812960676	16.17203969246738
223.885378937548	152.47263833240766	16.186443947249327
229.8753789375496	152.84690636595235	15.978109656713663
235.8753789375496	153.1899853967017	16.32267869001661
241.8753789375496	153.58504609877667	16.43251260854214
247.8753789375496	153.95931413232134	16.66005474563451
253.8653789375494	154.30239316307072	16.303833429466245
259.8653789375494	154.7910208735318	16.40056617570433
265.8653789375494	155.19647790987193	16.505529152939953
273.8553789375492	155.70589828886335	16.64177782147101
281.8553789375492	156.11135532520342	16.819612205922077
289.8553789375492	156.67275737552043	15.87574285282158
297.845378937549	157.18217775451186	14.240807966752419
305.8453789375471	157.68120179923815	12.91805434247489
313.845378937549	157.95150649013155	11.671980331616043
321.8353789375487	158.4401342005928	10.156251511949252
329.8353789375487	158.85598757119791	8.655305301652355
337.8353789375487	159.2822372760684	7.459765068284529
345.8253789375485	159.6669016438781	6.584628750766538
353.8253789375485	160.03077334315776	4.5686241002423
363.8253789375485	159.96839533756693	2.890354619106816
373.8153789375483	159.61491997255243	1.367505155692903
383.8153789375483	159.39659695298468	0.052033919865406265