0.0297240649269952	0.6017776845487262	0.780016052153389
0.04972406492743176	1.5564776201861787	1.8584989692683656
0.06972406492423033	2.185403170203269	3.5260019426650553
0.0797240649262676	2.7464590565494493	3.4588268873883723
0.09972406492670416	3.248694567714193	2.398656004794275
0.1197240649271407	3.710208280676357	3.073181778080712
0.12972406492554	4.140049483925447	3.0339610807455406
0.1497240649259766	4.5472674659509185	2.9423060664890532
0.1697240649264131	4.927337582507992	3.599611405493342
0.1797240649248124	5.284784477841463	3.5718708022124663
0.199724064927068	5.633182084685443	3.898186674405093
0.2197240649275045	5.968005758795261	4.3470110369246315
0.2297240649240848	6.289255500170899	4.316800416662377
0.2497240649263404	6.60145595305708	5.222822683792526
0.2697240649267769	6.913656405943261	4.986563933375418
0.2797240649269952	7.221332214584715	4.9921108106561585
0.2997240649274318	7.515434090491969	5.723921768825921
0.3197240649260493	7.814060610643985	5.220172288288113
0.3297240649262676	8.108162486551239	5.24278207824414
0.3497240649267042	8.402264362458531	6.170710993929324
0.3697240649271407	8.696366238365801	5.967249059172111
0.379724064927359	8.985943470028332	5.990437191044848
0.3997240649259766	9.27552070169089	7.021195137721689
0.4197240649264131	9.569622577598162	6.738482091317244
0.4297240649266314	9.85467516501598	7.358817628019938
0.449724064925249	10.153301685167982	7.8904742367463605
0.4697240649275045	10.44287891683053	8.268227485880407
0.4997240649245214	11.026558024400366	8.68538116093311
0.5197240649267769	11.325184544552348	9.483628222148859
0.5497240649274318	11.922437584856347	9.877015054186202
0.5697240649260493	12.230113393497799	10.497292836345032
0.5997240649267042	12.83641572229126	11.10137050259676
0.6197240649271407	13.148616175177432	11.760778873432889
0.6497240649259766	13.782066369439246	12.434048238989451
0.6697240649264131	14.107840755059621	13.222050367514479
0.699724064927068	14.763914170545068	14.409176311493
0.7197240649256855	15.103262488899606	14.719247123065767
0.7497240649263404	15.795533058342878	15.957700970998316
0.7697240649249579	16.143930665186875	16.19578460531534
0.7997240649274318	16.849775167364328	17.529033939718527
0.8197240649242303	17.211746706942517	18.40431424053395
0.8497240649267042	17.931165141854144	18.43105143843666
0.8697240649271407	18.288612037187598	19.295363610867245
0.8997240649259766	19.039702981812333	20.114918307403634
0.9297240649248124	19.79531857068178	21.40089296909032
0.9697240649275045	20.55545880379597	22.254402195591236
0.9997240649263404	21.30202510417597	20.584645365475964
1.029724064926995	22.05311604880069	18.54610519878961
1.069724064926049	22.813256281914857	15.567677034703907
1.099724064926704	23.559822582294867	14.435759886477193
1.129724064927359	23.69103726539195	12.823323082210425
1.169724064926413	23.849399813957422	10.566267183708309
1.199724064925249	24.039434872235955	9.279838465652018
1.229724064925904	24.23399457475924	6.982178353021933
1.269724064926777	24.437603565771965	7.602605847275874
1.299724064927432	24.654786489518877	8.214403804045224
1.329724064926268	24.862920124776316	8.41983267004507
1.369724064927141	25.084627692767963	8.73301317607534
1.419724064926413	25.414926722633044	9.368438060073037
1.469724064925686	25.745225752498126	9.482554376970896
1.519724064924958	26.07552478236324	10.017753327651215
1.56972406492423	26.410348456473038	10.284859440409285
1.619724064927141	26.736122842093405	10.487355468965074
1.669724064926413	27.061897227713768	10.709007572509362
1.719724064927505	27.383146969089402	10.84248449368655
1.769724064926777	27.6953474219756	11.001801173388094
1.819724064926049	28.00302323061703	11.170499741101214
1.869724064927141	28.31069903925851	11.307854797991924
1.919724064926413	28.600276270921047	11.399858246435688
1.969724064927505	28.898902791073034	11.656885968280012
2.019724064926777	29.1930046669803	11.695165548679883
2.069724064926049	29.482581898642866	11.805030701180836
2.119724064927141	29.758585197571204	11.80068939447225
2.169724064926413	30.039113140744302	12.035534053782305
2.229724064925904	30.401084680322494	12.023626223433673
2.299724064927432	30.75400693141122	12.018363944699193
2.369724064927141	31.097879894010504	12.241981183562594
2.429724064924812	31.428178923875592	12.157237879256215
2.49972406492634	31.76300259798539	11.972950342406833
2.569724064926049	32.07972769511632	12.183724565514314
2.629724064927359	32.391928148002506	12.22073670414494
2.699724064925249	32.69507931239921	12.167036477672578
2.769724064926777	32.99370583255122	12.174260370573933
2.849724064926704	33.36020201637413	12.421279643284471
2.919724064926413	33.64525460379194	12.312431928613252
2.99972406492634	33.9891275663912	12.249487235571841
3.06972406492423	34.260606221074845	12.42542988235683
3.149724064925977	34.59090525093992	12.336731294110391
3.229724064924085	34.91667963656029	12.388817382123193
3.319724064926049	35.22435544520175	12.273836214076047
3.399724064925977	35.53655589808794	12.312473731380965
3.479724064925904	35.8261331297505	12.272258362507381
3.569724064926049	36.12023500565774	12.196299330454034
3.669724064926413	36.4595833240123	12.219356592045717
3.769724064924958	36.785357709632656	12.099239322719868
3.869724064927141	37.1066074510083	12.010273701049263
3.969724064927505	37.40975861540504	12.122595968128687
4.069724064926049	37.708385135557045	12.015154888951894
4.169724064926413	38.00248701146428	11.936083619094632
4.269724064926777	38.28753959888211	11.908665630806572
4.369724064927141	38.55449360932103	11.737650366493202
4.479724064925904	38.86669406220722	11.651087136996429
4.599724064926704	39.165320582359215	11.547243136852382
4.719724064927505	39.45489781402175	11.380526678799793
4.829724064926268	39.7309011129501	11.270600339844883
4.949724064925249	39.988805834899544	11.21143185703495
5.069724064926049	40.251235201093735	10.943026845565266
5.199724064927068	40.531763144266854	10.803435332359562
5.31972406492423	40.771569289237384	10.729397907905392
5.449724064927068	41.033998655431574	10.51140893959724
5.579724064926268	41.291903377381026	10.422572961271221
5.719724064927505	41.53623416659628	10.332335539435057
5.869724064927141	41.79413888854575	10.125064918625764
6.019724064924958	42.05656825473991	10.011828335142772
6.169724064926413	42.29637439971045	9.725804619685336
6.319724064926049	42.53165590043626	9.57021863236578
6.469724064927505	42.76241275691739	9.477968007003167
6.619724064927141	42.97054639217483	9.302781881616644
6.779724064926995	43.19677860441118	9.117822611003374
6.949724064927068	43.40943688391339	8.972720691574045
7.119724064927141	43.622095163415565	8.802504412234946
7.299724064927432	43.84380273140718	8.602400683179393
7.469724064925686	44.029313145440995	8.49117861540663
7.649724064925977	44.23292213645375	8.297452648325175
7.829724064926268	44.427481838977	8.212374482357157
8.019724064926777	44.62204154150026	8.100626270141555
8.219724064925686	44.816601244023566	7.8819218083098574
8.419724064926413	45.00663630230209	7.745228766607263
8.61972406492714	45.18309742784648	7.551856471068362
8.81972406492605	45.359558553390855	7.35838243877188
9.029724064926995	45.54054432317994	7.136064159568782
9.24972406492634	45.703431515990104	6.940356949331198
9.469724064927505	45.861794064555546	6.724002505676472
9.699724064927068	46.02015661312102	6.5730680266206845
9.929724064924812	46.16946987319703	6.402095274779918
10.16972406492641	46.30973384478358	6.1630773684243225
10.41972406492641	46.45452246061482	6.027019025100265
10.66972406492641	46.59026178795668	5.871360752167275
10.91972406492641	46.73052575954322	5.7034888767161185
11.17972406492663	46.87078973112976	5.530918754498184
11.44972406492707	46.99747976998211	5.4022032251748335
11.71972406492751	47.12416980883447	5.200231408495809
11.99972406492634	47.246335203442115	5.053591610043487
12.279724064927	47.359451309560285	4.855857363346482
12.56972406492605	47.46804277143374	4.6345348956196535
12.86972406492714	47.5766342333072	4.473249943833829
13.16972406492641	47.66712711820172	4.291334684905088
13.4797240649259	47.76666929158574	4.102529880064267
13.79972406492743	47.861686820725	3.927623440065606
14.11972406492714	47.94765506137482	3.790813133110106
14.44972406492707	48.03362330202465	3.6368140036476944
14.79972406492743	48.119591542674485	3.5336105507085995
15.14972406492598	48.196510494834826	3.378378850680928
15.49972406492452	48.268904802750455	3.247987138923534
15.86972406492714	48.34582375491084	3.143685282721109
16.24972406492452	48.41821806282645	3.0027172886497033
16.62972406492554	48.48608772649735	2.85735794761368
17.01972406492678	48.54943274592356	2.781434127230213
17.41972406492641	48.612777765349726	2.65853028898388
17.82972406492627	48.67612278477592	2.5659412057262165
18.24972406492634	48.73041851571264	2.454487482217728
18.67972406492663	48.78018960240466	2.3558834168168463
19.11972406492714	48.8390099775861	2.2977692815323585
19.56972406492423	48.88425642003339	2.1820586362285153
20.029724064927	48.93855215097008	2.0864239294288898
20.49972406492634	48.9837985934174	2.0312251062550075
20.9797240649259	49.02904503586468	1.9702560451170388
21.46972406492751	49.078816122556624	1.9135291871468878
21.96972406492751	49.11501327651448	1.8744152045048512
22.4797240649259	49.155735074716986	1.7963453096668693
22.99972406492452	49.19645687291956	1.7365758385865078
23.54972406492743	49.2326540268774	1.7368181961547566
24.0997240649267	49.27790046932463	1.6578899059203958
24.66972406492641	49.31409762328247	1.6578890173493375
25.24972406492452	49.35029477724027	1.6168802592419995
25.8497240649267	49.38196728695338	1.5745231180580908
26.44972406492707	49.427213729400655	1.578075831848193
27.06972406492423	49.458886239113745	1.498356206146444
27.69972406492707	49.49508339307153	1.47943466260441
28.3497240649267	49.52675590278462	1.4407421180722242
29.01972406492678	49.558428412497754	1.4424927309805216
29.69972406492525	49.594625566455576	1.361491881861512
30.39972406492598	49.62177343192393	1.3619496095823227
31.11972406492714	49.65344594163699	1.2820592855510278
31.8497240649267	49.68059380710538	1.2628339212205941
32.5997240649267	49.71226631681847	1.2454450434253106
33.36972406492714	49.73941418228685	1.2073574326281589
34.14972406492598	49.771086691999905	1.1689249128360313
34.94972406492525	49.78918526897884	1.1716616207836565
35.76972406492678	49.81633313444721	1.1532017861255335
36.5997240649267	49.84348099991557	1.114541545579816
37.44972406492707	49.870628865383935	1.0973088846374786
38.31972406492423	49.888727442362836	1.0582645561787927
39.21972406492751	49.92039995207593	1.0589801818513604
40.12972406492736	49.94302317329956	1.04086160271781
41.06972406492605	49.965646394523205	1.0206088879934696
42.01972406492496	49.98826961574682	1.0002845691878595
42.99972406492634	50.01089283697045	1.0001484086650358
43.99972406492452	50.028991413949385	0.9618347550158762
45.01972406492496	50.05161463517304	0.9418352016514555
46.06972406492605	50.07423785639664	0.9625583367202197
47.14972406492598	50.09686107762028	0.9626587533712693
48.24972406492634	50.11495965459922	0.9441895329216352
49.36972406492714	50.13758287582285	0.9652590069868197
50.51972406492678	50.15568145280173	0.9257420966484803
51.69972406492707	50.1828293182701	0.9665514344777394
52.89972406492598	50.20545253949375	0.9270380309550978
54.11972406492714	50.22355111647266	0.9279012599735446
55.36972406492714	50.24617433769628	0.9289805914601573
56.64972406492598	50.25974827043048	0.969703888330765
57.96972406492751	50.29142078014355	0.9307214924558797
59.31972406492423	50.30499471287775	0.8912727970798068
60.69972406492707	50.32309328985664	0.9518443658034685
62.0997240649267	50.34571651108027	0.9112166786768682
63.54972406492743	50.37286437654863	0.9309558616752249
65.01972406492678	50.39096295352758	0.8919775381895259
66.51972406492678	50.404536886261745	0.9329693217589375
68.06972406492605	50.43620939597483	0.9337468079098471
69.64972406492598	50.449783328709	0.933962120033802
71.26972406492496	50.46788190568792	0.8947254230431678
72.91972406492641	50.49050512691158	0.9359467938492917
74.61972406492714	50.513128348135204	0.9564913332111113
76.3497240649267	50.53122692511411	0.897361244493392
78.11972406492714	50.553850146337716	0.9388085592974175
79.92972406492663	50.57194872331665	0.9402423681452825
81.779724064927	50.59909658878502	0.8995331971212407
83.66972406492641	50.61719516576392	0.8741166262490698
85.5997240649267	50.63529374274285	0.8666215185044365
87.57972406492627	50.657916963966464	0.7833669820699973
89.5997240649267	50.67601554094536	0.671317386848484
91.66972406492641	50.689589473679554	0.7436964241239942