0.006373766358592548	3.429990759362855	2.4453511694925125
0.02637376635902911	6.902856403217825	11.271851500826003
0.03637376635924738	11.168907410175224	11.380994229365614
0.05637376635968394	15.027647014458509	10.902492737614988
0.07637376635830151	18.779199407511626	25.010786158772657
0.08637376635851979	22.487876916072707	25.597198180701056
0.1063737663589564	26.21799186687983	20.02393940889547
0.1263737663575739	29.96954425993293	27.92223599837056
0.1363737663596112	33.7639715374781	28.563662687960935
0.1563737663600477	37.53696137277725	29.862087204140067
0.1763737663568463	41.37426353481446	40.07089911359371
0.1863737663588836	45.34019035032774	41.209106656600746
0.2063737663593201	49.348992050333074	49.009321103849025
0.2263737663597567	53.46498096156848	58.627934297846984
0.236373766358156	57.752469410772065	59.19653502808911
0.2563737663585926	62.10427018671368	74.9100757009859
0.2763737663590291	66.5203832893934	74.17598755954346
0.2863737663574284	70.93649639207308	73.8800278233159
0.3063737663596839	75.39548437924478	85.11153779892351
0.3263737663601205	79.68297282844834	75.38687548247647
0.3363737663567008	83.92758639315987	74.18373882419723
0.3563737663589564	88.04357530439525	67.36254286755833
0.3763737663593929	91.75225281295634	51.286771667883606
0.3863737663596112	93.96030936429624	44.063369337152615
0.4063737663600477	95.03218147659713	33.88974799129409
0.4263737663586653	95.61099241723961	24.275755324624523
0.4363737663588836	96.29699056911211	18.855655473232567
0.4563737663593201	96.98298872098475	18.38050354355596
0.4763737663597567	97.64754943061129	20.201881307842957
0.5063737663585925	99.0409831766024	20.927365215555977
0.5263737663590291	99.76985621296706	22.649972681060458
0.556373766357865	101.18472740120419	24.217957341367885
0.5763737663601205	101.93503787981483	25.59252565897956
0.6063737663571374	103.41422139479012	27.047400729343856
0.6263737663593929	104.18596931564674	28.325716667925803
0.6563737663600477	105.68659027286793	29.51355596960504
0.6763737663586653	106.47977563597064	30.765672826308904
0.7063737663593201	107.95895915094582	32.695967821338314
0.7263737663597567	108.73070707180251	32.91417059470667
0.7563737663585925	110.2313280290237	34.984390726820116
0.7763737663590291	111.0030759498804	35.199027237714525
0.8063737663596839	112.48225946485562	37.28983405616352
0.8263737663583015	113.25400738571226	38.49774350977246
0.8563737663589563	114.7760657851795	37.94134365443304
0.8763737663575739	115.52637626379016	39.1827228948231
0.9063737663600477	117.02699722101141	40.38995768041029
0.9363737663588836	118.48474329374068	42.402742390479446
0.9763737663597567	119.94248936646983	43.12688356116838
1.006373766358593	121.40023543919908	43.98078332529674
1.036373766357428	122.83654406968222	43.501570738587226
1.076373766360121	124.29429014241143	45.3087669159423
1.106373766358956	125.66628644615656	47.568294684507585
1.136373766359611	127.05972019214775	46.41535003718386
1.176373766358665	128.4531539381389	47.457476081856015
1.20637376635932	129.80371279963796	48.99225651722715
1.236373766359975	131.1328342188911	49.34665556274547
1.276373766359029	132.44051819589822	49.24316954571891
1.306373766357865	133.70532728841323	51.127452826429824
1.356373766357137	135.63469709055485	51.391421683098905
1.406373766360048	137.52119200820442	51.38921931346868
1.45637376635932	139.38624948360803	52.012694187070196
1.506373766358593	141.18699463227358	52.744123706314646
1.556373766359684	142.88055256970895	52.7359531667182
1.606373766358956	144.4454858536682	53.185889368997735
1.656373766360048	146.05329402211956	53.80208899923839
1.70637376635932	147.74685195955496	53.99454475715245
1.756373766358593	149.2474729167763	55.45210833302828
1.806373766359684	150.8124062007355	56.16293508633773
1.856373766358956	152.39877692694088	56.52174517106189
1.906373766360048	153.8779604419161	56.739925890333176
1.95637376635932	155.5072060526135	57.2540247749672
2.006373766358593	156.90063979860454	56.79745570637003
2.056373766357865	158.27263610234976	56.3683706541017
2.106373766357137	159.83756938630899	57.71315294278244
2.156373766360048	161.080941036578	58.473124110277
2.20637376635932	162.30287524460104	58.77206916032584
2.276373766359029	163.91068341305245	60.97343290194061
2.33637376635852	165.73286600396398	60.98067454920002
2.406373766360048	167.51217371038345	62.549918978213014
2.476373766359757	169.35579374354097	62.53113975661424
2.536373766357428	171.15653889220653	62.9131274286886
2.606373766358956	172.89297171413395	61.56165109213252
2.676373766358665	174.58652965156926	61.615456573968714
2.756373766358593	176.2157752622666	61.34053228539005
2.826373766360121	177.54489668151967	60.854795507350396
2.906373766360048	179.19557973446322	59.02108992849577
2.976373766359757	180.6318883649464	59.24830913550148
3.056373766359684	182.30400886013567	60.726327853824365
3.136373766359611	184.08331656655528	61.49567298266477
3.226373766359757	185.49818775479233	62.12106209718857
3.306373766359684	187.1274333654897	61.891003665198475
3.386373766359611	188.73524153394106	61.94141668763368
3.476373766359757	190.3001748179003	61.15250445139625
3.576373766360121	192.10091996656593	62.57919752129792
3.676373766358665	193.73016557726336	61.495566233596534
3.776373766359029	195.42372351469865	59.88142061821727
3.876373766357574	197.07440656764194	59.808485925892356
3.976373766359757	198.59646496710937	59.31242753595688
4.076373766360121	200.0327735975924	59.36181580739533
4.176373766358665	201.34045757459953	58.30434090091248
4.276373766359029	202.64814155160664	58.29261809296181
4.376373766359393	204.04157529759777	58.134143046885505
4.486373766359975	205.520758812573	57.34181150745029
4.606373766358956	207.08569209653245	57.41039629623426
4.726373766359757	208.52200072701567	58.0358475064958
4.836373766356701	209.9368719152528	57.444641781384604
4.95637376635932	211.28743077675188	56.87054957379278
5.076373766360121	212.63798963825104	56.430133890875936
5.20637376635932	214.11717315322616	55.18749080765153
5.33637376635852	215.5106068992175	54.975621844797786
5.476373766359757	216.88260320296249	53.675670308406694
5.606373766358956	218.19028717996966	52.91505624272294
5.736373766359975	219.43365883023873	52.527079325908886
5.876373766359393	220.56984326927767	51.188980645242026
6.026373766359029	221.92040213077675	50.0695479408981
6.176373766356846	223.03514912756964	49.63467196018297
6.326373766360121	224.25708333559282	48.68336384777388
6.476373766359757	225.4790175436158	48.10588462377457
6.626373766359393	226.50801477142454	47.89633370814629
6.786373766359247	227.60132432597155	46.842858560490285
6.95637376635932	228.80182109174854	46.2875923368951
7.126373766359393	229.91656808854148	44.66999976632672
7.306373766357865	231.11706485431847	42.96166224481235
7.476373766359757	232.14606208212734	42.06600672005069
7.656373766360048	233.17505930993613	41.13940857057824
7.836373766356701	234.09686932651496	40.15422863166513
8.026373766359029	234.9329295741095	39.44348129201808
8.226373766359757	235.81186470619627	37.873837945110665
8.426373766356846	236.66936239603712	36.610773838106326
8.626373766359393	237.52686008587787	35.5079963904544
8.82637376636012	238.40579521796448	34.67166404976842
9.036373766359247	239.3276052345433	34.065293161047975
9.256373766358593	240.12079059764585	33.410093034152624
9.476373766359757	240.87110107625648	32.65980017272499
9.70637376635932	241.64284899711328	31.762784205754965
9.936373766358884	242.3717220334779	30.768782956041616
10.17637376635867	243.0577201853505	29.457443999653744
10.42637376635867	243.76515577946907	28.720088663498434
10.67637376635685	244.4297164890954	28.070196527895902
10.92637376635867	245.07283975647601	27.19248160680119
11.18637376635888	245.73740046610254	26.287446466786857
11.45637376635932	246.35908629123722	25.677554363629
11.72637376635976	246.95933467412553	24.91138253736016
12.00637376635859	247.55958305701418	24.40354725167122
12.28637376635743	248.09551911316458	23.649445057326858
12.57637376636012	248.6100177270691	22.977271066415376
12.87637376635757	249.1459537832194	22.406368756390176
13.17637376635867	249.63901495487787	21.80717204379347
13.48637376635998	250.17495101102838	21.190779435365126
13.80637376635968	250.6465747404407	20.741171771323966
14.12637376635939	251.13963591209918	20.360604872332818
14.45637376635932	251.61125964151154	19.725213486007338
14.80637376635787	252.08288337092398	19.238584720619077
15.15637376636005	252.5330696580902	18.69116430171235
15.50637376635859	252.96181850301068	18.443820388794787
15.87637376635757	253.3905673479311	17.946672175098872
16.25637376635859	253.77644130835932	17.560093665264883
16.63637376635961	254.16231526878764	16.97232163820739
17.02637376635903	254.569626671462	16.520849360089567
17.42637376635685	254.97693807413617	16.028701982005135
17.83637376635852	255.36281203456457	15.505215828356786
18.25637376635859	255.74868599499305	15.35393571641013
18.68637376635888	256.0702476286832	14.979040693504734
19.12637376635939	256.4132467046195	14.521808520173208
19.5763737663583	256.73480833830985	14.072916814714846
20.03637376635925	257.03493252975403	13.7232510885812
20.50637376635859	257.3779316056904	13.191882913854768
20.98637376635998	257.6780557971346	13.264914840919763
21.47637376635976	257.9781799885788	13.274003349948975
21.97637376635976	258.27830418002316	13.263840734699052
22.48637376635998	258.5784283714672	13.259848794422243
23.00637376635859	258.83567767841936	13.048421506982612
23.55637376635968	259.1786767543557	12.972440068038498
24.10637376635896	259.521675830292	12.966579693370761
24.67637376635867	259.8432374639823	12.871115281137026
25.25637376635859	260.1433616554266	12.669634845255832
25.85637376635896	260.4434858468707	12.724104252191292
26.45637376635932	260.72217259606896	12.570480760610645
27.0763737663583	261.0222967875134	12.282397637375192
27.70637376635932	261.30098353671167	12.187228731753665
28.35637376635714	261.55823284366386	12.002845454225275
29.02637376635903	261.836919592862	11.917967123456204
29.70637376635932	262.1370437843062	11.624210850049579
30.40637376636005	262.4157305335046	11.531022360830002
31.12637376635939	262.7158547249488	11.336039080263607
31.85637376635896	262.9731040319009	11.241394505779807
32.60637376635896	263.25179078109926	11.073847678935744
33.37637376635939	263.4661652035595	10.806398867931781
34.15637376636005	263.7448519527575	10.451287715432576
34.95637376635932	263.9806638174637	10.186344329185202
35.77637376635903	264.21647568217	10.101806589401486
36.60637376635714	264.4522875468762	9.923259899199989
37.45637376635932	264.68809941158224	10.031581427174956
38.3263737663583	264.8810363917965	9.84671662799979
39.22637376635976	265.11684825650264	9.850011853876115
40.13637376635961	265.35266012120906	9.85706852416202
41.07637376636012	265.58847198591513	9.939430662735694
42.02637376635903	265.8242838506214	9.74316641419348
43.00637376635859	266.06009571532746	9.916969950270111
44.00637376635859	266.2959075800336	9.833320386649062
45.02637376635903	266.5317194447398	9.825091825333951
46.07637376636012	266.78896875169215	9.553258222012097
47.15637376636005	266.9819057319064	9.541727027876226
48.25637376635859	267.21771759661243	9.448813249569877
49.37637376635939	267.43209201907274	9.26858595724712
50.52637376635903	267.66790388377876	9.259041303357334
51.70637376635932	267.8394034217469	9.172597005874083
52.90637376636005	268.0752152864532	9.45272595101397
54.13637376635961	268.2895897089134	9.450229457784353
55.38637376635961	268.4825266891276	9.359799032726476
56.67637376635867	268.71833855383363	9.35201404704596
57.98637376635816	268.95415041854	9.53722089774987
59.3263737663583	269.211399725492	9.537916494644849
60.70637376635932	269.4472115901984	9.53084078946988
62.10637376635714	269.6401485704126	9.520752599482158
63.55637376635787	269.8759604351188	9.335344301165463
65.02637376635903	270.09033485757874	9.237299127429898
66.52637376635903	270.3261467222851	8.863991929079491
68.07637376636012	270.5405211447453	8.769696738824058
69.65637376636005	270.73345812495944	9.028741537151326
71.27637376635903	270.92639510517347	8.84843601035072
72.92637376635685	271.1407695276338	8.931874438153004
74.6263737663594	271.312269065602	8.924697860688218
76.35637376635714	271.52664348806195	8.927391368359856
78.12637376635757	271.7838927950144	8.833843469662519
79.93637376635888	271.97682977522845	8.834862737495149
81.78637376635925	272.21264163993465	8.559634713458998
83.67637376635867	272.4484535046408	8.558556890900608
85.60637376635896	272.66282792710086	8.376267422790654
87.58637376635852	272.8343274650692	8.008114298374577
89.60637376635896	273.0272644452834	7.737076760583109
91.67637376635685	273.1773265410055	7.4580328740278174
93.80637376635968	273.34882607897356	7.268125416697122
95.97637376635976	273.5203256169417	7.256109032879143
98.20637376635932	273.6918251549098	7.425246242911011
100.4763737663598	273.820449808386	7.502483086359435
102.8063737663597	273.99194934635415	7.8551635172519765
105.1863737663589	274.1848863265683	8.032323996184777
107.6263737663594	274.39926074902843	8.11931358154952
110.1263737663594	274.61363517148857	8.202966834371905
112.6763737663569	274.82800959394876	8.46500369684695
115.276373766359	275.06382145865507	8.372319145921969
117.9363737663589	275.2781958811153	8.191349613591322
120.6563737663601	275.47113286132935	7.922946129969066
123.4563737663593	275.6640698415435	7.583982474013069
126.3063737663597	275.85700682175775	7.0934010078982555
129.2263737663598	276.00706891747984	6.678669515279988
132.2063737663593	276.1571310132019	6.39332626361233
135.2563737663586	276.30719310892414	5.814676992918441