0.2999999999992724	0.4341810844436728	82.19013070666675
0.7999999999992724	1.1578162251831274	27.71776564714064
1.299999999999272	0.4341810844436728	48.61286677399444
1.799999999999272	3.03926759110571	68.52664864196014
2.299999999999272	1.8814513659225824	87.3966015112063
3.299999999999272	1.4472702814783769	126.198231023712
3.799999999999272	1.3025432533310184	146.65187023083607
4.799999999999272	2.315632450365723	190.33335542849403
5.799999999999272	1.0130891970352365	241.35539142108493
6.100000000000364	0.5789081125915637	258.3417025534745
7.600000000000364	2.026178394070473	355.0238372491081
8.100000000000364	2.4603594785146776	394.10516408866573
8.600000000000364	278.1653481002464	75.17259172136953
9.600000000000364	318.2547348972125	21.20232968492598
10.10000000000036	312.8998348557401	30.979024200444133
10.60000000000036	311.45256457426115	35.37307745112008
11.10000000000036	311.01838348981806	38.699620150846414
11.60000000000036	311.45256457426115	40.694611405528654
12.10000000000036	316.9521916438813	27.469190618307923
12.60000000000036	315.79437541869834	34.14894365902851
13.10000000000036	318.68891598165567	25.964476753656626
14.10000000000036	315.36019433425355	55.81293489198225
14.60000000000036	321.0045484320219	23.869338268901462
15.10000000000036	315.9391024468456	87.80419858823204
15.60000000000036	313.6234699964802	173.38127543682634
16.10000000000036	308.4132969831556	537.6684205823645