0.07623164253709547	6.713245733351185	2.2351017399770083
0.1762316425392783	9.328658503284558	4.0090561421229935
0.2762316425396421	11.342867528082554	5.350813835306428
0.3762316425400059	13.178244910491912	6.910868645011754
0.4762316425385507	14.978326574008815	8.928664824179357
0.5762316425389145	16.874883202498488	11.370432086493295
0.6762316425392783	18.8796800355918	14.05969491990045
0.7762316425378231	20.99389359725185	16.71994464653851
0.8762316425400059	23.159874213287523	19.29616106810369
0.9762316425385507	25.372915787846537	21.83936940327906
1.076231642538915	27.608311317704118	24.190075119302147
1.176231642539278	29.85194251530326	26.304795793640608
1.276231642539642	32.0708667096777	28.282745556136852
1.376231642540006	34.26037780497499	30.03188351629447
1.476231642538551	36.42518189704763	31.335621769026783
1.576231642537096	38.539395458707666	32.683175475911874
1.676231642539278	40.53830967198557	33.77754554354058
1.776231642539642	42.53722388526347	34.55920220633671
1.876231642540006	44.458487516977875	35.781636408455334
1.976231642538551	46.300924043165786	36.254429302043754
2.076231642538915	48.14571361727983	36.91200328396729
2.176231642539278	49.87167427112246	36.98655528828279
2.276231642537823	51.557633110220316	37.19724666032456
2.376231642540006	53.16829441568083	37.030944926118366
2.476231642538551	54.663656372759235	37.18612518872621
2.576231642538915	56.123722610945165	37.03118899321151
2.676231642539278	57.513197411346106	36.775778042596016
2.776231642539642	58.886200876263864	36.75373085889376
2.876231642540006	60.180377235655136	36.42209333841046
2.976231642538551	61.40631520518755	36.020187399253835
3.076231642537096	62.60636964753213	35.67261349528845
3.176231642539278	63.724067412460954	35.19660334135797
3.276231642539642	64.8088225064234	34.64368131712022
3.376231642540006	65.8053383031546	34.132143154757216
3.476231642538551	66.83362024688908	33.50162875539575
3.576231642538915	67.78072203717092	32.96478827346492
3.676231642539278	68.66899762929853	32.490531977528676
3.776231642537823	69.51491835875512	31.97838290787181
3.876231642540006	70.34201470480237	31.241314019392167
3.976231642538551	71.12440314025257	30.642002456058723
4.076231642538915	71.89737938399807	30.183827061045964
4.176231642539278	72.59858766599551	29.53914642984326
4.276231642539642	73.31038466366067	28.92962424718566
4.376231642540006	73.95982589128239	28.294743988243514
4.576231642537096	75.21282391196577	27.230443703772092
4.776231642539642	76.32228600915293	26.056382223289223
4.976231642538551	77.35056795288747	25.137668589974492
5.176231642539278	78.34708374961868	24.090070329967578
5.376231642540006	79.22594715004168	23.322166472308794
5.576231642538915	80.06127916383052	22.381645243586462
5.776231642539642	80.83543193153909	21.29507335391905
5.976231642538551	81.55899416883511	20.445169229637585
6.176231642539278	82.20019972871532	19.366286840886975
6.376231642540006	82.79434433007219	18.32296998765746
6.576231642538915	83.36142888027814	17.430241128591668
6.776231642537823	83.86851070836688	16.333694273033704
6.976231642538551	84.31558981433844	17.56532726628915
7.176231642539278	84.73325582123283	16.620241219648573
7.376231642540006	85.14503920831193	15.767913614016765
7.576231642537096	85.48034853779049	14.69617608031291
195.4762316425386	173.34592293213734	0.9244609074650159
201.4762316425386	173.44811580357057	0.31384787297048916
231.4762316425386	172.91457395155214	0.8499034207049907
243.4762316425386	172.55214574472456	0.18847330270906484
255.4762316425386	172.93121000039008	0.3062890143368281
288.4762316425386	171.98533179502994	8.420948500647588
297.4762316425386	172.70543505187456	5.0477940636756635