0.2103590275073657	0.7736459771094448	0.9614033973055898
0.3803590275074384	1.5472919542188897	0.4861543361560402
0.5403590275072929	1.5472919542188897	0.6633309286830379
0.7103590275073657	2.3209379313283374	1.7288387745814586
0.8803590275074384	2.3209379313283374	2.09721631125055
1.040359027507293	3.0945839084377824	1.028305883314269
1.210359027507366	3.0945839084377824	1.2656580096815904
1.38035902750562	2.3209379313283374	1.484136353445331
1.880359027507438	3.0945839084377824	1.234900140421206
2.040359027507293	3.0945839084377824	2.1214381597079575
2.210359027507366	3.0945839084377824	1.2899852336823554
2.380359027507438	3.0945839084377824	1.0713193808868378
2.540359027507293	3.0945839084377824	1.1093406405422297
2.710359027507366	3.0945839084377824	1.3266743616038927
2.88035902750562	3.8682298855472275	2.2672073549168146
3.040359027505474	3.8682298855472275	2.403983443432303
3.210359027507366	3.8682298855472275	2.3026753660248187
3.380359027507438	3.8682298855472275	2.272995423791117
3.540359027507293	3.8682298855472275	2.3738169729419267
3.710359027507366	3.8682298855472275	2.4977304031751615
3.880359027507438	3.8682298855472275	3.5101239207843453
4.040359027507293	4.641875862656673	2.374120097979555
4.210359027507366	4.641875862656673	2.4634904818769368
4.38035902750562	4.641875862656673	2.452666391769153
4.540359027505474	4.641875862656673	2.3604465227241804
4.710359027507366	4.641875862656673	2.449127236573508
4.880359027507438	4.641875862656673	2.4236189835625135
5.040359027507293	4.641875862656673	3.7456677432628926
5.210359027507366	4.641875862656673	3.8024617240172964
5.380359027507438	5.415521839766118	3.5773014707257302
5.540359027507293	5.415521839766118	2.484942917719968
5.710359027507366	5.415521839766118	2.4766447929797493
5.88035902750562	5.415521839766118	2.4013899071028804
6.040359027505474	5.415521839766118	2.4700989136868228
6.210359027507366	5.415521839766118	2.4541554679990853
6.380359027507438	5.415521839766118	3.7528311581121874
6.540359027507293	5.415521839766118	3.764272512221657
6.710359027507366	5.415521839766118	3.6697140803160684
6.880359027507438	6.189167816875563	3.7388459092299082
7.040359027507293	6.189167816875563	3.856924134611018
7.210359027507366	6.189167816875563	4.849342133652871
7.38035902750562	6.189167816875563	3.764133022417167
7.540359027505474	6.189167816875563	3.8279532828846405
7.710359027507366	6.189167816875563	3.691022628674803
7.880359027507438	6.189167816875563	3.764636916437058
8.040359027507293	6.189167816875563	3.826950071426671
8.210359027507366	6.189167816875563	3.7460212290927966
8.380359027507438	6.189167816875563	3.7662059614946437
8.540359027507293	6.189167816875563	5.1596172525922
8.710359027507366	6.962813793985007	4.99154029558591
8.88035902750562	6.962813793985007	5.084998823548087
9.040359027505474	6.962813793985007	4.86541794717022
9.210359027507366	6.962813793985007	4.964951343287503
9.380359027507438	6.962813793985007	3.819944021447944
9.540359027507293	6.962813793985007	4.969056584665662
9.710359027507366	7.736459771094456	4.936930821012019
9.880359027507438	7.736459771094456	5.024467709681967
10.04035902750729	7.736459771094456	5.012717973679374
10.21035902750737	7.736459771094456	5.08798280887443
10.38035902750562	7.736459771094456	5.002239666615852
10.54035902750547	7.736459771094456	4.981353293839036
10.71035902750737	7.736459771094456	6.342044962488475
10.88035902750744	7.736459771094456	6.430445204195007
11.04035902750729	7.736459771094456	6.232692917180431
11.21035902750737	7.736459771094456	6.3241509801299705
11.38035902750744	7.736459771094456	6.265835793188696
11.54035902750729	8.5101057482039	6.400741347049213
11.71035902750737	8.5101057482039	6.217160623606958
11.88035902750562	8.5101057482039	5.000636410828303
12.04035902750547	8.5101057482039	5.073823074811842
12.21035902750737	8.5101057482039	6.311917983456195
12.38035902750744	8.5101057482039	6.238132217732901
12.54035902750729	8.5101057482039	6.321645141816516
12.71035902750737	8.5101057482039	6.403634443010556
12.88035902750744	8.5101057482039	6.241949373866196
13.04035902750729	9.283751725313344	6.252320273441655
13.21035902750737	9.283751725313344	5.090529016142081
13.38035902750562	9.283751725313344	5.082890867607405
13.54035902750547	9.283751725313344	5.008901978232711
13.71035902750737	9.283751725313344	5.069742788555397
13.88035902750744	9.283751725313344	5.055958242266224
14.04035902750729	9.283751725313344	5.123649907219676
14.21035902750737	9.283751725313344	4.97892831318699
14.38035902750744	9.283751725313344	5.0363115875698306
14.54035902750729	10.057397702422792	5.0807561299852075
14.71035902750737	10.057397702422792	6.394033579928782
14.88035902750562	10.057397702422792	6.247597147259436
15.04035902750547	10.057397702422792	6.316932126093372
15.21035902750737	10.057397702422792	6.345123564437578
15.38035902750744	10.057397702422792	6.208724329801559
15.54035902750729	10.057397702422792	6.290413420677289
15.71035902750737	10.057397702422792	5.043195014699056
15.88035902750744	10.057397702422792	5.102757465419342
16.04035902750729	10.057397702422792	5.041958646743757
16.21035902750737	10.057397702422792	5.033184376747204
16.38035902750562	10.057397702422792	5.080216758104084
16.54035902750547	10.831043679532238	5.1202342650830985
16.71035902750737	10.831043679532238	4.954158648377479
16.88035902750744	10.831043679532238	5.013435600308368
17.04035902750729	10.831043679532238	5.068881098935367
17.21035902750737	10.831043679532238	5.128380436205519
17.38035902750744	10.831043679532238	4.968644426107556
17.54035902750729	10.831043679532238	5.0338790678992735
17.71035902750737	10.831043679532238	3.8110271607786887
17.88035902750562	10.831043679532238	3.8521259018839733
18.04035902750547	10.831043679532238	3.751001109579364
18.21035902750737	10.831043679532238	3.7907326255607994
18.38035902750744	10.831043679532238	3.822817191735208
18.54035902750729	10.831043679532238	3.8538711442408826
18.71035902750737	10.831043679532238	3.7646246348964723
18.88035902750744	10.831043679532238	3.8039062816090774
19.04035902750729	10.831043679532238	3.8250586496247516
19.21035902750737	10.831043679532238	3.7413205657752497
19.38035902750562	10.831043679532238	5.032442092047614
19.54035902750547	10.831043679532238	5.080567864593622
19.71035902750737	10.831043679532238	3.843558607894213
19.88035902750744	11.604689656641682	3.74133888131869
20.04035902750729	11.604689656641682	3.7812390330894408
20.21035902750737	11.604689656641682	3.817287040769647
20.38035902750744	11.604689656641682	3.834184379255669
20.54035902750729	11.604689656641682	3.757891771815528
20.71035902750737	11.604689656641682	3.793632050036333
20.88035902750562	11.604689656641682	3.8156170840378043
21.04035902750547	11.604689656641682	3.848513475919655
21.21035902750737	11.604689656641682	3.7708193476065652
21.38035902750744	11.604689656641682	3.7924444883758
21.54035902750729	11.604689656641682	3.8301978922449
21.71035902750737	11.604689656641682	3.8575484872226675
21.88035902750744	11.604689656641682	3.7701105795962526
22.04035902750729	11.604689656641682	3.8066726759801073
22.21035902750737	11.604689656641682	3.828534870381136
22.38035902750562	11.604689656641682	2.5626991626868643
22.54035902750547	11.604689656641682	2.5412577813610744
22.71035902750737	11.604689656641682	2.5373906936347574
22.88035902750744	11.604689656641682	2.5581581689764334
23.04035902750729	11.604689656641682	2.5363892828081678
23.21035902750737	11.604689656641682	2.531309617642217
23.38035902750744	11.604689656641682	2.5502453029304855
23.54035902750729	11.604689656641682	2.569159148415867
23.71035902750737	11.604689656641682	3.809975523846375
23.88035902750562	11.604689656641682	3.833917722641645
24.04035902750547	11.604689656641682	3.858628921980086
24.21035902750737	11.604689656641682	3.8288579986030755
24.38035902750744	11.604689656641682	3.8374155638038654
24.54035902750729	11.604689656641682	3.803479237361773
24.71035902750737	11.604689656641682	3.8308159476471406
24.88035902750744	11.604689656641682	3.855068884877162
25.04035902750729	11.604689656641682	3.8072073721572672
25.21035902750737	11.604689656641682	3.8298641666247506
25.38035902750562	11.604689656641682	3.853602705191866
25.54035902750547	11.604689656641682	3.82555507226406
25.71035902750737	11.604689656641682	3.8301587641843264
25.88035902750744	11.604689656641682	3.8554268702164967
26.04035902750729	11.604689656641682	3.8244714399369224
26.21035902750737	11.604689656641682	3.832554839215246
26.38035902750744	12.378335633751117	3.8029624090965477
26.54035902750729	12.378335633751117	3.818558585304493
26.71035902750737	12.378335633751117	3.846101287979719
26.88035902750562	12.378335633751117	3.775146670794684
27.04035902750547	12.378335633751117	2.5439423626032633
27.21035902750737	12.378335633751117	2.5582274109238394
27.38035902750744	12.378335633751117	2.5564673585962945
27.54035902750729	12.378335633751117	2.537795197583052
27.71035902750737	12.378335633751117	2.554940706170304
27.88035902750744	12.378335633751117	2.549864320293789
28.04035902750729	12.378335633751117	2.5669043494010495
28.21035902750737	12.378335633751117	3.8499448854937195
28.38035902750562	12.378335633751117	3.827005886286155
28.54035902750547	12.378335633751117	3.8441446945114297
28.71035902750737	12.378335633751117	3.865238271595981
28.88035902750744	12.378335633751117	3.8264625424410306
29.04035902750729	12.378335633751117	3.844213763970864
29.21035902750737	12.378335633751117	3.8216245454130617
29.38035902750744	12.378335633751117	3.8421363095339904
29.54035902750729	12.378335633751117	3.846116131221644
29.71035902750737	12.378335633751117	3.821971080305794
29.88035902750562	12.378335633751117	3.8437467127228695
30.04035902750547	12.378335633751117	3.8454875896747187
30.21035902750737	12.378335633751117	3.8240229215742305
30.38035902750744	12.378335633751117	3.843833703267137
30.54035902750729	12.378335633751117	3.859921619522631
30.71035902750737	12.378335633751117	3.823652083919818
30.88035902750744	12.378335633751117	3.843120795361834
31.04035902750729	12.378335633751117	3.862340878705334
31.21035902750737	12.378335633751117	3.838418666582067
31.38035902750562	12.378335633751117	3.8450548531836297
31.54035902750547	12.378335633751117	3.8195859850344607
31.71035902750737	12.378335633751117	3.840990092736101
31.88035902750744	12.378335633751117	3.859077796088422
32.04035902750729	13.151981610860561	3.8011243342421257
32.21035902750737	13.151981610860561	3.823866996578575
32.38035902750744	13.151981610860561	3.846614858770341
32.54035902750729	13.151981610860561	3.859990017582723
32.71035902750737	13.151981610860561	3.808517101970732
32.88035902750562	13.151981610860561	3.831314658634751
33.04035902750547	13.151981610860561	3.848090857481031
33.21035902750737	13.151981610860561	3.7984723897084773
33.38035902750744	13.151981610860561	3.8080851269402287
33.54035902750729	13.151981610860561	3.8329038319806985
33.71035902750737	13.151981610860561	5.140468399154333
33.88035902750744	13.151981610860561	5.0808298093784545
34.04035902750729	13.151981610860561	5.103579081602813
34.21035902750737	13.151981610860561	5.129690426024134
34.38035902750562	13.151981610860561	5.126963781370606
34.54035902750547	13.151981610860561	5.096960005146004
34.71035902750737	13.151981610860561	5.121246952256984
34.88035902750744	13.151981610860561	5.116470653374051
35.04035902750729	13.151981610860561	5.143845312634755
35.21035902750737	13.151981610860561	5.1145845363841484
35.38035902750744	13.151981610860561	5.108223230480393
35.54035902750729	13.151981610860561	5.133359251238088
35.71035902750737	13.151981610860561	3.834956530353167
35.88035902750562	13.151981610860561	3.8382320065406734
36.04035902750547	13.151981610860561	3.8518463710936
36.21035902750737	13.151981610860561	3.834405553032821
36.38035902750744	13.151981610860561	3.8379388919933555
36.54035902750729	13.151981610860561	3.8542302335178995
36.71035902750737	13.151981610860561	3.8339697926311147
36.88035902750744	13.151981610860561	3.852459980149857
37.04035902750729	13.151981610860561	3.8537838096680397
37.21035902750737	13.151981610860561	3.8364548467493442
37.38035902750562	13.151981610860561	3.851878118315072
37.54035902750547	13.151981610860561	3.865773931236076
37.71035902750737	13.151981610860561	3.836178521562543
37.88035902750744	13.151981610860561	3.852126271356272
38.04035902750729	13.151981610860561	3.8325551291829654
38.21035902750737	13.925627587970006	3.8600046915856754
38.38035902750744	13.925627587970006	3.816733044590638
38.54035902750729	13.925627587970006	3.8309577125141696
38.71035902750737	13.925627587970006	3.8467549206112945
38.88035902750562	13.925627587970006	3.8658304660753733
39.04035902750547	13.925627587970006	3.818445416511333
39.21035902750737	13.925627587970006	3.837225612367872
39.38035902750744	13.925627587970006	3.8523836959507474
39.54035902750729	13.925627587970006	3.8060126317833642
39.71035902750737	13.925627587970006	3.824492498016674
39.88035902750744	13.925627587970006	5.11373061327257
40.04035902750729	13.925627587970006	5.133274837458944
40.21035902750737	13.925627587970006	5.109342788227232
40.38035902750562	13.925627587970006	5.105187341097644
40.54035902750547	13.925627587970006	5.128764880645699
40.71035902750737	13.925627587970006	5.148031345360471
40.88035902750744	13.925627587970006	5.09851413926491
41.04035902750729	13.925627587970006	5.120214472163019
41.21035902750737	13.925627587970006	5.141986392410557
41.38035902750744	13.925627587970006	5.136973566047432
41.54035902750729	13.925627587970006	5.112013506330832
41.71035902750737	13.925627587970006	5.10969763311928
41.88035902750562	13.925627587970006	5.13109968005113
42.04035902750547	13.925627587970006	5.151247028472891
42.21035902750737	13.925627587970006	5.101674083155763
42.38035902750744	13.925627587970006	5.124239247464447
42.54035902750729	13.925627587970006	5.145334978800646
42.71035902750737	13.925627587970006	5.098021325835452
42.88035902750744	13.925627587970006	5.116240626872491
43.04035902750729	13.925627587970006	5.1370122712679995
43.21035902750737	13.925627587970006	5.13488279995455
43.38035902750562	13.925627587970006	5.111112227171425
43.54035902750547	13.925627587970006	3.831655920070076
43.71035902750737	13.925627587970006	3.845491676337606
43.88035902750744	13.925627587970006	3.861095493676007
44.04035902750729	13.925627587970006	3.832220319837111
44.21035902750737	13.925627587970006	3.8470078814480866
44.38035902750744	13.925627587970006	3.860686733793271
44.54035902750729	13.925627587970006	3.844731013066119
44.71035902750737	13.925627587970006	3.847449650164937
44.88035902750562	13.925627587970006	3.860353668934592
45.04035902750547	13.925627587970006	3.8444415004225374
45.21035902750737	13.925627587970006	3.847326693211123
45.38035902750744	13.925627587970006	3.833410512018082
45.54035902750729	13.925627587970006	3.844225248218325
45.71035902750737	14.699273565079448	3.8567632996208885
45.88035902750744	14.699273565079448	3.8145579854164953
46.04035902750729	14.699273565079448	3.83267342368411
46.21035902750737	14.699273565079448	3.8456065777169526
46.38035902750562	14.699273565079448	3.8562730620746084
46.54035902750547	14.699273565079448	3.822027832015684
46.71035902750737	14.699273565079448	5.131369512194787
46.88035902750744	14.699273565079448	5.12692414535489
47.04035902750729	14.699273565079448	5.146068260087244
47.21035902750737	14.699273565079448	5.103188454912344
47.38035902750744	14.699273565079448	5.122089789629535
47.54035902750729	14.699273565079448	5.13988277634508
47.71035902750737	14.699273565079448	5.136892012005221
47.88035902750562	14.699273565079448	5.1163757854210585
48.04035902750547	14.699273565079448	5.135011664057197
48.21035902750737	14.699273565079448	5.130811740423093
48.38035902750744	14.699273565079448	5.109611130070683
48.54035902750729	14.699273565079448	5.127994957361265
48.71035902750737	14.699273565079448	5.126059720942161
48.88035902750744	14.699273565079448	5.1421291032108565
49.04035902750729	14.699273565079448	5.122507323855553
49.21035902750737	14.699273565079448	5.119174978606554
49.38035902750562	14.699273565079448	5.138628859555061
49.54035902750547	14.699273565079448	5.133409507305741
49.71035902750737	14.699273565079448	5.113777762874856
49.88035902750744	14.699273565079448	5.13176474147047
50.04035902750729	14.699273565079448	5.129962840662317
50.21035902750737	14.699273565079448	5.145617911306916
50.38035902750744	14.699273565079448	5.125136107611539
50.54035902750729	14.699273565079448	5.123198457096098
50.71035902750737	14.699273565079448	5.14094449459993
50.88035902750562	14.699273565079448	4.860126498451916
51.04035902750547	14.699273565079448	4.83268620535406
51.21035902750737	14.699273565079448	4.854923666318787
51.38035902750744	14.699273565079448	4.877251280406076
51.54035902750729	14.699273565079448	4.8512442132207845
51.71035902750737	14.699273565079448	4.87076776442667
51.88035902750744	14.699273565079448	3.2749836748898242
52.04035902750729	14.699273565079448	3.292696334245984
52.21035902750737	14.699273565079448	3.29389621065197
52.38035902750562	14.699273565079448	3.3109657637714847
52.54035902750547	14.699273565079448	3.329014832748733
52.71035902750737	14.699273565079448	3.347312795472826
52.88035902750744	14.699273565079448	3.349889435094387
53.04035902750729	14.699273565079448	3.36739533122804
53.21035902750737	14.699273565079448	3.3861413731116414
53.38035902750744	14.699273565079448	3.405040568356792
53.54035902750729	14.699273565079448	3.4087886665319855
53.71035902750737	14.699273565079448	3.427151668854699
53.88035902750562	14.699273565079448	3.4465427997786424
54.04035902750547	14.699273565079448	3.451510959511858
54.21035902750737	15.4729195421889	4.392321414220366
54.38035902750744	15.4729195421889	4.408125212251246
54.54035902750729	15.4729195421889	4.428716513793153
54.71035902750737	15.4729195421889	4.398633906048849
54.88035902750744	15.4729195421889	4.417489112628859
55.04035902750729	15.4729195421889	4.435305975683736
55.21035902750737	15.4729195421889	4.454313373544403
55.38035902750562	15.4729195421889	4.425682630654454
55.54035902750547	15.4729195421889	4.446434360831992
55.71035902750737	15.4729195421889	4.462854209019022
55.88035902750744	15.4729195421889	4.482132852980374
56.04035902750729	15.4729195421889	4.456555717054642
56.21035902750737	15.4729195421889	4.475962326860263
56.38035902750744	15.4729195421889	4.492763845734441
56.54035902750729	15.4729195421889	4.468589240064615
56.71035902750737	15.4729195421889	4.488242136187963
56.88035902750562	15.4729195421889	4.508000889269223
57.04035902750547	15.4729195421889	4.526696361199687
57.21035902750737	15.4729195421889	4.502549757165225
57.38035902750744	15.4729195421889	4.522599427351585
57.54035902750729	15.4729195421889	4.5441395657036665
57.71035902750737	15.4729195421889	4.5618596448398545
57.88035902750744	15.4729195421889	4.5393535564871215
58.04035902750729	15.4729195421889	4.561140579635076
58.21035902750737	15.4729195421889	4.581773661074275
58.38035902750562	15.4729195421889	4.6000498101510985
58.54035902750547	15.4729195421889	4.580436985220922
58.71035902750737	15.4729195421889	4.601461515355036
58.88035902750744	15.4729195421889	4.622633269932312
59.04035902750729	15.4729195421889	4.604491715805743
59.21035902750737	15.4729195421889	4.623600964022748
59.38035902750744	15.4729195421889	4.645222274478584
59.54035902750729	15.4729195421889	4.6680742306987
59.71035902750737	15.4729195421889	4.6505976695678415
59.88035902750562	15.4729195421889	4.670436065375294
60.04035902750547	15.4729195421889	4.693699480268384
60.21035902750737	15.4729195421889	4.716170802811412
60.38035902750744	15.4729195421889	4.700624243499023
60.54035902750729	15.4729195421889	4.722139360237444
60.71035902750737	15.4729195421889	4.745192995592152
60.88035902750744	15.4729195421889	4.768451321953723
61.04035902750729	15.4729195421889	4.755692421618672
61.21035902750737	15.4729195421889	4.7772433242920975
61.38035902750562	15.4729195421889	4.801161631558052
61.54035902750547	15.4729195421889	4.790168251058002
61.71035902750737	15.4729195421889	4.814567125608337
61.88035902750744	15.4729195421889	4.837137968708337
62.04035902750729	15.4729195421889	3.49562204486335
62.21035902750737	15.4729195421889	3.5089217688770904
62.38035902750744	15.4729195421889	3.5329981815051186
62.54035902750729	15.4729195421889	3.555954941602671
62.71035902750737	15.4729195421889	3.5806691063529485
62.88035902750562	15.4729195421889	3.5961177619811595
63.04035902750547	15.4729195421889	3.6206428983650847
63.21035902750737	15.4729195421889	3.6459195107318183
63.38035902750744	16.246565519298343	3.8289951550002836
63.54035902750729	16.246565519298343	3.805750187172026
63.71035902750737	16.246565519298343	3.8205766515068134
63.88035902750744	16.246565519298343	3.8332296715383767
64.0403590275073	16.246565519298343	3.8113187952552265
64.21035902750737	16.246565519298343	3.8265047613244714
64.38035902750562	16.246565519298343	3.84181749913107
64.54035902750547	16.246565519298343	3.8563492000082285
64.71035902750737	16.246565519298343	3.8266996200055856
64.88035902750744	16.246565519298343	3.842171109943375
65.0403590275073	16.246565519298343	3.8510967271423415
65.21035902750737	16.246565519298343	3.856438794585448
65.38035902750744	16.246565519298343	3.8347802004555347
65.5403590275073	16.246565519298343	3.843564022649242
65.71035902750737	16.246565519298343	3.8512208912707653
65.88035902750562	16.246565519298343	3.864297359293456
66.04035902750547	16.246565519298343	3.8362026384029466
66.21035902750737	16.246565519298343	3.843742716707009
66.38035902750744	16.246565519298343	3.8513941542208077
66.5403590275073	16.246565519298343	3.8655445525729166
66.71035902750737	16.246565519298343	3.8364333131876833
66.88035902750744	16.246565519298343	5.115992559289273
67.0403590275073	16.246565519298343	5.144824361626535
67.21035902750737	16.246565519298343	3.831610986189263
67.38035902750562	16.246565519298343	5.111348436939889
67.54035902750547	16.246565519298343	5.139996578157685
67.71035902750737	16.246565519298343	5.138954942551149
67.88035902750744	16.246565519298343	5.1093828614626675
68.0403590275073	16.246565519298343	5.136202787594726
68.21035902750737	16.246565519298343	5.134191823713633
68.38035902750744	16.246565519298343	5.133301954493832
68.5403590275073	16.246565519298343	5.1332647765182395
68.71035902750737	16.246565519298343	5.130442535276631
68.88035902750562	16.246565519298343	5.128600952920234
69.04035902750547	16.246565519298343	5.12878451330044
87.88035902750744	17.020211496407782	5.155006806082374
88.21035902750737	17.020211496407782	5.1252503692814555
88.54035902750547	17.020211496407782	5.142157525806447
88.88035902750744	17.020211496407782	5.114785400919273
89.21035902750737	17.020211496407782	5.131479365216606
89.5403590275073	17.020211496407782	5.148248013603373
89.88035902750562	17.020211496407782	5.121048763457666
90.21035902750737	17.020211496407782	5.137665160593474
90.5403590275073	17.020211496407782	5.152914474609047
90.88035902750744	17.020211496407782	5.127272352259572
91.21035902750737	17.793857473517228	5.142058538953293
91.54035902750547	17.020211496407782	5.11531887586468
91.88035902750744	17.793857473517228	5.138259209901472
92.21035902750737	17.793857473517228	5.1376656461620405
92.5403590275073	17.793857473517228	5.134589464375527
92.88035902750562	17.793857473517228	5.133913143720947
93.21035902750737	17.793857473517228	5.152888136393216
93.5403590275073	17.793857473517228	5.130274082992985
93.88035902750744	17.793857473517228	5.149105853901734
94.21035902750737	17.793857473517228	5.106358648819412
94.54035902750547	17.793857473517228	5.086437524437576
94.88035902750744	17.793857473517228	5.067181748603123
95.21035902750737	17.793857473517228	5.02784179563932
95.5403590275073	17.793857473517228	5.0104248749368985
95.88035902750562	17.793857473517228	4.9949472790592475
96.21035902750737	17.793857473517228	4.9573412136352015
96.5403590275073	17.793857473517228	4.943352187965444
96.88035902750744	17.793857473517228	4.90752467396682
97.21035902750737	17.793857473517228	4.89509639550507
97.54035902750547	17.793857473517228	4.883547916180588
97.88035902750744	17.793857473517228	6.208096964499226
98.21035902750737	17.793857473517228	6.209987848608064
98.5403590275073	17.793857473517228	6.2114365732387204
98.88035902750562	17.793857473517228	6.176990035243804
99.21035902750737	17.793857473517228	6.179448303014396
105.8803590275074	18.56750345062667	5.888560332738025
106.2103590275074	18.56750345062667	5.910176349488903
106.5403590275055	18.56750345062667	5.891250813929103
106.8803590275074	18.56750345062667	5.873429370802087
107.2103590275074	18.56750345062667	5.855302549185344
107.5403590275073	18.56750345062667	5.837552251501288
107.8803590275056	18.56750345062667	5.820902281057767
108.2103590275074	18.56750345062667	5.803881560062581
108.5403590275073	18.56750345062667	5.787205333767294
108.8803590275074	18.56750345062667	6.5333242292145055
109.2103590275074	18.56750345062667	5.75561764116997
109.5403590275055	18.56750345062667	5.739925271812417
109.8803590275074	18.56750345062667	6.490432528966951
110.2103590275074	18.56750345062667	6.529507408575872
110.5403590275073	18.56750345062667	6.515565845608693
110.8803590275056	18.56750345062667	6.50311019599803
111.2103590275074	18.56750345062667	6.489699246975553
111.5403590275073	18.56750345062667	6.476540867594652
111.8803590275074	18.56750345062667	6.464859936353295
112.2103590275074	18.56750345062667	6.452190102646851
112.5403590275055	18.56750345062667	6.4397532376909625
112.8803590275074	18.56750345062667	6.428785404320201
113.2103590275074	18.56750345062667	6.416799234219424
113.5403590275073	18.56750345062667	6.405028372350622
113.8803590275056	18.56750345062667	6.377915059455841
114.2103590275074	18.56750345062667	6.419498378082777
114.5403590275073	18.56750345062667	6.408249446009205
114.8803590275074	18.56750345062667	6.398480790768975
115.2103590275074	18.56750345062667	6.38761683743987
115.7103590275074	18.56750345062667	6.399041173120295
116.0403590275073	18.56750345062667	7.033799276850975
116.3803590275074	18.56750345062667	6.379561355230465
116.7103590275074	18.56750345062667	7.015977864400981
117.0403590275055	18.56750345062667	6.985502504677314
117.3803590275074	18.56750345062667	6.977830000446336
117.7103590275074	18.56750345062667	6.968727063668658
118.0403590275073	18.56750345062667	7.021596791881763
118.3803590275056	19.341149427736127	5.91188031327889
118.7103590275074	19.341149427736127	5.897739014103496
119.0403590275073	19.341149427736127	5.8838143897913735
119.3803590275074	19.341149427736127	5.87080972686358
119.7103590275074	19.341149427736127	6.820337153462928
120.0403590275055	19.341149427736127	6.77208561469163
120.3803590275074	19.341149427736127	6.783747881800031
120.7103590275074	19.341149427736127	6.81988915887179
121.0403590275073	19.341149427736127	6.780492537991198
121.3803590275056	19.341149427736127	6.793389959759492
121.7103590275074	19.341149427736127	6.8052650305873135
122.0403590275073	19.341149427736127	6.817216140639972
122.3803590275074	19.341149427736127	6.777653392092351
122.7103590275074	19.341149427736127	6.790971385326291
123.0403590275055	19.341149427736127	7.43295685799982
123.3803590275074	19.341149427736127	7.443012990034701
123.7103590275074	19.341149427736127	7.438652015355217
124.0403590275073	19.341149427736127	7.449836937602096
124.3803590275056	19.341149427736127	6.1745597613542005
124.7103590275074	19.341149427736127	6.153987253436626
125.0403590275073	19.341149427736127	7.433021850742524
125.3803590275074	19.341149427736127	6.161552434833707
125.7103590275074	19.341149427736127	6.164818226012258
126.0403590275055	19.341149427736127	6.131636675640369
126.3803590275074	19.341149427736127	6.173081406889111
126.7103590275074	19.341149427736127	6.17687899955535
127.0403590275073	19.341149427736127	6.1800452935864865
127.3803590275056	19.341149427736127	6.160332823297345
127.7103590275074	19.341149427736127	6.1634346920125305
128.0403590275073	19.341149427736127	6.167319817032649
128.3803590275074	19.341149427736127	6.147869891310533
128.7103590275074	19.341149427736127	6.150986887915685
129.0403590275055	19.341149427736127	6.141784945124364
129.3803590275074	19.341149427736127	6.182855710108163
129.7103590275074	19.341149427736127	6.80954691421861
130.0403590275073	19.341149427736127	6.8108368607655825
130.3803590275056	19.341149427736127	6.813031891595774
130.7103590275074	19.341149427736127	6.815060730824241
131.0403590275073	19.341149427736127	6.79726612509515
131.3803590275074	19.341149427736127	6.799489434764889
131.7103590275074	19.341149427736127	6.800964005709657
132.0403590275055	19.341149427736127	6.769320881296134
132.3803590275074	19.341149427736127	6.816422004252134
132.7103590275074	19.341149427736127	6.817725011385693
133.0403590275073	19.341149427736127	6.819105595461469
133.3803590275056	20.114795404845577	6.784485149979037
133.7103590275074	20.114795404845577	6.796767450064514
134.0403590275073	20.114795404845577	6.807711927891326
134.3803590275074	20.114795404845577	6.818275720597799
134.7103590275074	20.114795404845577	6.782757601519213
135.0403590275055	20.114795404845577	6.787837040781039
135.3803590275074	20.114795404845577	6.819577200987603
135.7603590275066	20.114795404845577	6.782593815605383
136.0903590275066	20.114795404845577	6.74846223948272
136.4303590275049	20.114795404845577	6.714738082921371
136.7603590275066	20.114795404845577	6.682092825860274
137.0903590275066	20.114795404845577	7.174172119835373
137.4303590275067	20.114795404845577	7.144215578390991
137.7603590275066	20.114795404845577	7.11494397752547
138.0903590275048	20.114795404845577	7.076477840775584
138.4303590275067	20.114795404845577	7.077673150373
138.7603590275066	20.114795404845577	7.050275105186941
139.0903590275066	20.114795404845577	7.02344413453808
139.4303590275049	20.114795404845577	6.997280535425376
139.7603590275066	20.114795404845577	6.971554074385197
140.0903590275066	20.114795404845577	6.946347973035262
140.4303590275067	20.114795404845577	6.921816864695797
140.7603590275066	20.114795404845577	6.897625163570401
141.0903590275048	20.114795404845577	6.864313704703785
141.4303590275067	20.424253795689353	6.742824809716815
141.7603590275066	20.424253795689353	6.7149258450852765
142.0903590275066	20.424253795689353	6.687550351393521
142.4303590275049	20.424253795689353	6.660560958808122
142.7603590275066	20.424253795689353	6.634208972526426
143.0903590275066	20.424253795689353	6.608340686828981
143.5903590275066	20.424253795689353	6.5818408096503305
143.9303590275049	20.424253795689353	6.557123819490746
144.4303590275067	20.424253795689353	6.524670638242703
144.9303590275067	20.424253795689353	6.683188181988646
145.4303590275049	20.424253795689353	6.692179879283385
145.9303590275067	20.424253795689353	6.67175004805599
146.4303590275067	20.424253795689353	6.680686302589215
146.9303590275049	20.424253795689353	6.6897041887693875
147.4303590275067	20.424253795689353	6.689277522468708
147.9303590275067	20.424253795689353	6.668202669087088
148.4303590275049	20.424253795689353	6.677173207515444
148.9303590275067	20.81107678424407	6.656675384464364
149.4303590275067	20.424253795689353	6.666122777221662
149.9303590275049	20.424253795689353	6.675114179546854
150.4303590275067	20.81107678424407	6.702762911136969
150.9303590275067	20.81107678424407	6.686901030307938
151.4303590275049	20.81107678424407	6.691775837229936
151.9303590275067	20.81107678424407	6.676128001450469
152.4303590275067	20.81107678424407	6.679805151530951
152.9303590275049	20.81107678424407	6.684744202109421
153.4303590275067	20.81107678424407	7.327825323464112
153.9303590275067	20.81107678424407	7.308257483123828
154.4303590275049	20.81107678424407	7.316200030371791
154.9303590275067	20.81107678424407	7.29688555250749
155.4303590275067	20.81107678424407	7.303729436702
156.0903590275048	20.81107678424407	7.311247772169723
156.5903590275066	20.81107678424407	7.3178846732090905
157.0903590275066	20.81107678424407	7.325659352892633
157.5903590275048	20.81107678424407	7.306679046248374
158.0903590275066	20.81107678424407	7.33125457672549
158.5903590275066	21.12053517508784	7.335770528196961
159.0903590275048	20.81107678424407	7.3373773677674095
159.5903590275066	21.12053517508784	7.306848907118145
160.2603590275066	21.12053517508784	7.296172912325121
160.7603590275066	21.12053517508784	7.808537086216799
161.2603590275066	21.12053517508784	7.8468091319583895
161.7603590275066	21.12053517508784	6.556278748804645
162.2603590275066	21.12053517508784	6.555426480445576
162.7603590275066	21.12053517508784	6.5545931941631075
163.2603590275066	21.12053517508784	6.555034937847272
163.7603590275066	21.12053517508784	6.554233740151793
164.4303590275067	21.12053517508784	6.52191341513679
164.9303590275049	21.12053517508784	6.536067832259154
165.4303590275067	21.12053517508784	6.5712210337697545
165.9303590275067	21.12053517508784	6.535732111019028
166.4303590275049	21.12053517508784	6.534970018296648
166.9303590275067	21.12053517508784	6.53475263686635
167.4303590275067	21.12053517508784	6.5347181705961
167.9303590275049	21.12053517508784	6.525624584703863
168.5903590275066	21.507358163642564	6.525565621680527
169.0903590275066	21.507358163642564	6.557954958547681
169.5903590275048	21.507358163642564	6.556020419491815
170.0903590275066	21.507358163642564	7.067236538479418
170.5903590275066	21.507358163642564	7.065488373748608
171.0903590275048	21.507358163642564	7.056564335639962
171.5903590275066	21.507358163642564	7.055808928464178
172.0903590275066	21.507358163642564	7.054583180989615
172.7603590275066	21.507358163642564	7.083781652844945
173.2603590275066	21.507358163642564	7.082037947738417
173.7603590275066	21.507358163642564	7.08076606899652
174.2603590275066	21.507358163642564	7.072413504916562
174.7603590275066	21.507358163642564	7.071186953176118
175.2603590275066	21.507358163642564	7.069539288659947
175.7603590275066	21.507358163642564	7.068823942403671
176.2603590275066	21.507358163642564	7.067659105533208
176.9303590275049	21.507358163642564	7.060052384686212
177.4303590275067	21.894181152197287	7.067163541901883
177.9303590275067	21.894181152197287	7.701904021263174
178.4303590275049	21.894181152197287	7.700981822753116
178.9303590275067	21.894181152197287	7.698553804225091
179.4303590275067	21.894181152197287	7.6961540278018035
179.9303590275049	21.894181152197287	7.688766880817991
180.4303590275067	21.894181152197287	7.686421438350636
181.0903590275066	21.894181152197287	7.718235760224195
181.5903590275048	21.894181152197287	7.715816271825706
182.0903590275066	21.894181152197287	7.7134244560490695
182.5903590275066	21.894181152197287	6.426337438154812
183.0903590275048	21.894181152197287	6.417829002495623
183.5903590275066	21.894181152197287	6.417617897418842
184.0903590275066	21.894181152197287	6.417603224711416
184.5903590275048	21.894181152197287	6.416959087137175
185.2603590275066	21.894181152197287	6.44148700284815
185.7603590275066	21.894181152197287	6.443977380967418
186.2603590275066	21.894181152197287	6.4359920613119375
186.7603590275066	21.894181152197287	6.435946645675935
187.2603590275066	21.894181152197287	7.079578456955317
187.7603590275066	22.20363954304107	7.077495972974839
188.2603590275066	22.20363954304107	7.077119115608255
188.7603590275066	22.20363954304107	7.075967292910855
189.4303590275067	22.20363954304107	7.0661168876985005
189.9303590275067	22.20363954304107	7.0653732513239005
190.4303590275049	22.20363954304107	7.06421699351302
190.9303590275067	22.20363954304107	7.06386368815066
191.4303590275067	22.20363954304107	7.063167444305142
191.9303590275049	22.20363954304107	7.054798132856982
192.4303590275067	22.20363954304107	7.054914996166733
192.9303590275067	22.20363954304107	7.053843376113795
193.5903590275048	22.20363954304107	6.563259026286281
194.0903590275066	22.20363954304107	6.56320985522306
194.5903590275066	22.20363954304107	6.56271738266415
195.0903590275048	22.20363954304107	6.555580681228332
195.5903590275066	22.20363954304107	7.068903160244993
196.0903590275066	22.20363954304107	7.068889286725573
196.5903590275048	22.20363954304107	7.078443947500189
197.0903590275066	22.20363954304107	7.0789338751089215
197.7603590275066	22.20363954304107	7.050049579708043
198.2603590275066	22.20363954304107	7.068368971735391
198.7603590275066	22.590462531595783	7.071004709845672
199.2603590275066	22.590462531595783	7.08374832550901
199.7603590275066	22.590462531595783	7.030430167526849
200.2603590275066	22.590462531595783	7.043126296084037
200.7603590275066	22.590462531595783	7.049062707061622
201.2603590275066	22.590462531595783	7.08681102557728
201.9303590275067	22.590462531595783	7.073300194916959
202.4303590275049	22.590462531595783	7.045989179109466
202.9303590275067	22.590462531595783	7.058524935140105
203.4303590275067	22.590462531595783	7.070705883157406
203.9303590275049	22.590462531595783	7.037755302485159
204.4303590275067	22.590462531595783	6.410269667089691
204.9303590275067	22.590462531595783	7.0618917514666855
205.4303590275049	22.590462531595783	7.715493318791863
206.0903590275066	22.590462531595783	7.084727920124666
206.5903590275066	22.590462531595783	7.068276175486756
207.0903590275048	22.590462531595783	7.068596601911202
207.5903590275066	22.590462531595783	7.077159853647378
208.0903590275066	22.590462531595783	7.06144169027592
208.5903590275048	22.590462531595783	7.069886890815902
209.0903590275066	22.590462531595783	7.078353058023796
209.5903590275066	22.590462531595783	7.078779972630168
210.2603590275066	22.977285520150506	7.061764064828236
210.7603590275066	22.977285520150506	7.059820605979186
211.2603590275066	22.977285520150506	7.071491030625792
211.7603590275066	22.977285520150506	7.077381050031816
212.2603590275066	22.977285520150506	7.045806931136882
212.7603590275066	22.977285520150506	7.05130561701248
213.2603590275066	22.977285520150506	7.057270501503905
213.7603590275066	22.977285520150506	7.026046336624558
214.4303590275049	22.977285520150506	7.042846772783343
214.9303590275067	22.977285520150506	7.687658043132827
215.4303590275067	22.977285520150506	7.7290043258493535
215.9303590275049	22.977285520150506	7.699017493177673
216.4303590275067	22.977285520150506	7.702106669438084
216.9303590275067	22.977285520150506	7.705770644163832
217.4303590275049	22.977285520150506	7.192725278089458
218.0903590275066	22.977285520150506	7.715123848074855
218.7603590275066	22.977285520150506	7.688037033933785
219.4303590275067	22.977285520150506	7.184959764544956
220.0903590275066	22.977285520150506	7.198930123005561
220.7603590275066	23.2867439109943	7.200562841949994
221.4303590275067	23.2867439109943	7.175464093548189
222.0903590275048	23.2867439109943	7.1808217747843575
222.7603590275066	23.2867439109943	7.186157258980421
223.4303590275049	23.2867439109943	7.1911201484913425
224.0903590275066	23.2867439109943	7.7099518326561896
224.7603590275066	23.2867439109943	7.201716103445292
225.4303590275067	23.2867439109943	7.689665481839279
226.0903590275066	23.2867439109943	7.706350646737463
226.9303590275067	23.2867439109943	7.7107629202875625
227.5903590275066	23.2867439109943	7.684660405625104
228.2603590275066	23.2867439109943	7.690711947699434
228.9303590275067	23.2867439109943	7.696318606141328
229.5903590275048	23.2867439109943	7.702182740877148
230.2603590275066	23.2867439109943	7.708182676823084
231.0903590275048	23.2867439109943	7.680980242490058
231.7603590275066	23.2867439109943	7.056803318599921
232.4303590275049	23.2867439109943	7.062283952458487
233.0903590275066	23.2867439109943	7.067882300407872
233.7603590275066	23.59620230183807	7.07001188922082
234.4303590275067	23.59620230183807	7.720679379319139
235.2603590275066	23.59620230183807	7.693652347571917
235.9303590275067	23.59620230183807	7.699272677562114
236.5903590275066	23.59620230183807	7.705103909461249
237.2603590275066	23.59620230183807	7.720729740882217
237.9303590275067	23.59620230183807	7.726271873546546
238.5903590275048	23.59620230183807	7.732027009292597
239.4303590275067	23.59620230183807	7.704419081334392
240.0903590275048	23.59620230183807	7.786040891415287
240.7603590275066	23.59620230183807	7.8157264031064715
241.4303590275049	23.59620230183807	7.8458558378746925
242.0903590275066	23.59620230183807	7.876436391424759
242.7603590275066	23.59620230183807	7.877420634926482
243.5903590275066	23.59620230183807	7.919848161697919
244.2603590275066	23.59620230183807	7.23728525520856
244.9303590275067	23.9830252903928	7.535723094656956
245.5903590275066	23.9830252903928	7.564444731044241
246.2603590275066	23.9830252903928	7.5935752521714805
246.9303590275067	23.9830252903928	7.623161538204037
247.7603590275066	23.9830252903928	7.653357687075367
248.4303590275067	23.9830252903928	7.68406540700414
249.0903590275048	23.9830252903928	7.724570937988465
249.7603590275066	23.9830252903928	7.75615669040117
250.4303590275049	23.9830252903928	7.788247632568389
251.0903590275066	23.9830252903928	7.82078837280666
251.9303590275049	23.9830252903928	7.855286459923314
252.5903590275066	23.9830252903928	7.889057321608262
253.2603590275066	23.9830252903928	7.92346260266293
253.9303590275067	23.9830252903928	7.958429276626543
254.5903590275066	23.9830252903928	8.002985567203043
255.2603590275066	23.9830252903928	8.038996967726597
256.0903590275066	23.9830252903928	8.078158108220924
256.7603590275066	23.9830252903928	8.115592807415895
257.4303590275067	24.36984827894752	8.284243193295456
258.0903590275048	24.36984827894752	7.773836783697342
258.7603590275066	24.36984827894752	7.80664073056948
259.4303590275049	24.36984827894752	7.840016539485198
260.2603590275066	24.36984827894752	7.847355365788815
260.9303590275049	24.36984827894752	7.891774769643443
261.5903590275066	24.36984827894752	7.927225915340456
262.2603590275066	24.36984827894752	7.9634180970742
262.9303590275067	24.36984827894752	8.000251330124426
263.5903590275066	24.36984827894752	8.037570646619901
264.4303590275067	24.36984827894752	8.078894845782552
265.0903590275066	24.36984827894752	8.117769178515115
265.7603590275066	24.36984827894752	8.157537920405217
266.4303590275067	24.36984827894752	8.206083728232038
267.0903590275048	24.36984827894752	8.20058925387565
267.7603590275066	24.36984827894752	8.24144452522637
268.5903590275048	24.36984827894752	8.202089479502483
269.2603590275066	24.679306669791295	8.20554459487053
269.9303590275049	24.679306669791295	8.238584551415341
270.5903590275066	24.679306669791295	8.238166527026571
271.2603590275066	24.679306669791295	8.237766703859165
271.9303590275067	24.679306669791295	8.20485392937669
272.7603590275066	24.679306669791295	8.248171451462674
273.4303590275067	24.679306669791295	7.6033008167467235
274.0903590275066	24.679306669791295	7.6023123628412295
274.7603590275066	24.679306669791295	7.5766994920531126
275.4303590275067	24.679306669791295	7.575910539126488
276.0903590275048	24.679306669791295	7.5749842299161205
276.9303590275067	24.679306669791295	7.6013302901509805
277.5903590275048	24.679306669791295	8.221600638062556
278.2603590275066	24.679306669791295	8.227740911344904
278.9303590275049	24.679306669791295	8.226482577769765
279.5903590275066	24.679306669791295	8.218200415792463
280.2603590275066	24.679306669791295	8.217005520749783
281.0903590275066	24.679306669791295	8.220354218165555
281.7603590275066	24.679306669791295	8.21915887916055
282.4303590275067	24.679306669791295	8.210905020092643
283.0903590275066	25.066129658346018	8.211750388661274
283.7603590275066	25.066129658346018	8.221659426925333
284.4303590275067	25.066129658346018	8.221465295624906
285.2603590275066	25.066129658346018	8.215851798615489
285.9303590275067	25.066129658346018	8.21568052500699
286.5903590275048	25.066129658346018	8.215529454472488
287.2603590275066	25.066129658346018	8.246473440453183
287.9303590275049	25.066129658346018	8.246204228905496
288.7603590275066	25.066129658346018	8.885995173724648
289.4303590275049	25.066129658346018	8.857171347875234
290.2603590275066	25.066129658346018	8.212217540634606
290.9303590275049	25.066129658346018	8.204444849971875
291.7603590275066	25.066129658346018	8.207613680707322
292.5903590275048	25.066129658346018	8.210829187785885
293.4303590275067	25.066129658346018	8.214360269240272
294.2603590275066	25.066129658346018	8.217670388407253
295.0903590275066	25.066129658346018	8.221024670575765
295.9303590275067	25.066129658346018	8.231613679420393
296.7603590275066	25.452952646900744	8.223931490122473
297.5903590275066	25.452952646900744	8.223696439502072
298.4303590275049	25.452952646900744	8.223523117705689
299.2603590275066	25.452952646900744	8.223417829959144
300.0903590275048	25.452952646900744	8.223373704153556
300.9303590275067	25.452952646900744	8.714609344580623
301.7603590275066	25.452952646900744	8.725246117125348
302.5903590275066	25.452952646900744	8.729940118947775
303.4303590275067	25.452952646900744	8.740066395467764
304.2603590275066	25.452952646900744	8.234526348752416
305.0903590275066	25.452952646900744	8.215361472838971
305.9303590275049	25.452952646900744	8.219686546370625
306.7603590275066	25.452952646900744	8.229229951354485
307.5903590275048	25.452952646900744	8.20281455619844
308.4303590275067	25.452952646900744	7.567745719256274
309.2603590275066	25.762411037744506	7.576775999614119
310.0903590275066	25.452952646900744	7.585317835796282
310.9303590275067	25.762411037744506	7.594343137916296
311.7603590275066	25.762411037744506	8.891562413224209
312.5903590275066	25.762411037744506	7.5485245756953
313.4303590275049	25.762411037744506	7.563847092604377
314.2603590275066	25.762411037744506	7.568562084096883
315.0903590275048	25.762411037744506	7.573660920887295
315.9303590275067	25.762411037744506	7.578621007878101
316.7603590275066	25.762411037744506	7.583303997639245
317.5903590275066	25.762411037744506	7.5883727369345415
318.4303590275067	25.762411037744506	8.838007914335382
319.2603590275066	25.762411037744506	8.851003096321598
320.0903590275066	25.762411037744506	8.855502582437351
320.9303590275049	25.762411037744506	8.860116571621706
321.7603590275066	25.762411037744506	8.86443035582892
322.5903590275048	25.762411037744506	8.352989733810581
323.4303590275067	26.149234026299233	8.362047513634462
324.2603590275066	26.149234026299233	8.328854003372046
325.0903590275066	26.149234026299233	8.342858164389186
325.9303590275067	26.149234026299233	8.347744454340088
326.7603590275066	26.149234026299233	8.352342604370577
327.5903590275066	26.149234026299233	8.357235235383564
328.4303590275049	26.149234026299233	8.362092174385875
329.2603590275066	26.149234026299233	8.366662529630567
330.0903590275048	26.149234026299233	8.333848312468376
330.9503590275053	26.149234026299233	8.348120772774639
369.3303590275082	27.154973796541512	8.338300201281307
370.4303590275049	27.154973796541512	8.375185077706654
371.4303590275067	27.154973796541512	8.335761822937235
372.4303590275067	27.154973796541512	9.600006968717317
373.4303590275049	27.154973796541512	9.118132645747217
374.4303590275067	27.154973796541512	9.119277415949206
375.4303590275067	27.154973796541512	9.120551684670875
376.4303590275049	27.154973796541512	9.122140153330312
377.4303590275067	27.154973796541512	9.130455827385813
378.4303590275067	27.154973796541512	9.131724303357304
379.4303590275049	27.154973796541512	9.132888555369657
380.4303590275067	27.154973796541512	9.134479775138255
381.4303590275067	27.154973796541512	9.135774933103708
382.4303590275049	27.154973796541512	9.136970642605734
383.4303590275067	27.154973796541512	9.145563264895042
384.4303590275067	27.54179678509623	9.145025818736666
385.4303590275049	27.54179678509623	9.114974848671709
386.4303590275067	27.54179678509623	9.115117609671927
387.5903590275066	27.54179678509623	9.113942950987825
388.5903590275048	27.54179678509623	9.114365358933894
389.5903590275066	27.54179678509623	9.123277217007951
390.5903590275066	27.54179678509623	9.123688968778486
391.7603590275066	27.54179678509623	9.123164551080007
392.7603590275066	27.54179678509623	8.483491334068496
393.7603590275066	27.54179678509623	8.480376907856614
394.7603590275066	27.54179678509623	8.481414417363961
395.9303590275049	27.54179678509623	8.45782400135006
396.9303590275067	27.54179678509623	9.742525689461434
397.9303590275067	27.54179678509623	9.76870540130942
398.9303590275049	27.54179678509623	9.77066801512739
400.0903590275066	27.92861977365096	9.785007132420883
401.0903590275066	27.92861977365096	9.786083672268086
402.0903590275048	27.92861977365096	9.75406737708337
403.0903590275066	27.92861977365096	9.763052028320105
404.2603590275066	27.92861977365096	9.729033328739442
405.2603590275066	27.92861977365096	9.73803400918044
406.2603590275066	27.92861977365096	9.747015140486763
407.2603590275066	27.92861977365096	9.756197623789022
408.2603590275066	27.92861977365096	9.76514066937818
409.2603590275066	27.92861977365096	9.774064398412499
410.2603590275066	27.92861977365096	9.783192252434887
411.2603590275066	27.92861977365096	9.752179640999431
412.2603590275066	27.92861977365096	9.122127861674244
413.2603590275066	27.92861977365096	9.12960464136667
414.2603590275066	27.92861977365096	9.132987830385153
415.2603590275066	27.92861977365096	9.136010650339104
416.2603590275066	27.92861977365096	9.139049094312966
417.2603590275066	28.238078164494745	9.104735491857928
418.2603590275066	28.238078164494745	9.1098650246954
419.2603590275066	28.238078164494745	9.114529974043345
420.4303590275067	28.238078164494745	9.118947013835921
421.4303590275049	28.238078164494745	9.124070097253112
422.4303590275067	28.238078164494745	9.128728724487805
423.4303590275067	28.238078164494745	9.133396384974018
424.5903590275048	28.238078164494745	10.424655494663131
425.5903590275066	28.238078164494745	10.427931726190938
426.5903590275066	28.238078164494745	10.39757064485322
427.5903590275048	28.238078164494745	10.400825187166847
428.7103590275074	27.851255175940015	10.410592858075228
429.7103590275074	27.851255175940015	9.898749764312267
430.7103590275074	27.851255175940015	10.413165678671167
431.7103590275074	27.851255175940015	9.899488731428558
432.7103590275074	28.624901153049457	9.907630068383442
433.7103590275074	27.851255175940015	9.883825145173244
434.7103590275074	27.851255175940015	9.884127561511484
435.8803590275074	27.851255175940015	9.891597561768256
437.0403590275073	27.851255175940015	9.89844795874907
438.2103590275074	27.851255175940015	9.905693301100316
439.3803590275056	27.851255175940015	9.913113924139168
440.5403590275073	27.851255175940015	10.35913897857544
441.7103590275074	27.851255175940015	10.422038486098469
442.8803590275074	28.624901153049457	10.66603645896275
444.0403590275055	28.624901153049457	10.713437491687124
445.2103590275074	28.624901153049457	10.761804628611392
446.3803590275074	28.624901153049457	10.811448211488884
447.5403590275073	28.624901153049457	10.8614289312952
448.7103590275074	28.624901153049457	10.912462629150273
449.8803590275056	28.624901153049457	10.313646153818656
451.0403590275073	28.624901153049457	10.368641921616529
452.2103590275074	28.624901153049457	10.424880769998506
453.3803590275074	28.624901153049457	10.482405038891384
454.5403590275055	28.624901153049457	10.540363663217859
455.7103590275074	28.624901153049457	10.5472215144774
456.8803590275074	28.624901153049457	10.038506792947212
458.0403590275073	28.624901153049457	10.689968622681942
459.2103590275074	28.624901153049457	10.64434634013414
460.3803590275056	28.624901153049457	10.652134820572783
461.5403590275073	28.624901153049457	10.636832223129257
462.7103590275074	28.624901153049457	10.622580325127014
463.8803590275074	28.624901153049457	10.60904158617678
465.0403590275055	28.624901153049457	10.595846533186002
466.2103590275074	28.624901153049457	10.577628080454748
467.3803590275074	28.624901153049457	10.554341419711694
468.5403590275073	28.624901153049457	10.932787330086963
469.7103590275074	28.624901153049457	10.918117304693691
470.8803590275056	28.624901153049457	10.903604696393034
472.0403590275073	28.624901153049457	10.889184195665832
473.2103590275074	28.624901153049457	10.876076247730227
474.3803590275074	28.624901153049457	10.863074609304551
475.5403590275055	28.624901153049457	10.850102912057734
476.7103590275074	28.624901153049457	10.838415354700002
477.8803590275074	28.624901153049457	10.826788403830976
479.0403590275073	28.624901153049457	10.815135583237076
480.2103590275074	28.624901153049457	10.804741600056575
481.3803590275056	28.624901153049457	10.794367274868213
482.5403590275073	29.398547130158917	10.46296720114673
483.7103590275074	29.398547130158917	10.439181193492988
484.8803590275074	29.398547130158917	10.406506176458807
486.0403590275055	29.398547130158917	10.383367102065328
487.2103590275074	29.398547130158917	10.360979475073405
488.3803590275074	29.398547130158917	10.339410094654063
489.5403590275073	29.398547130158917	10.317865019353713
490.7103590275074	29.398547130158917	10.29704521853906
491.8803590275056	29.398547130158917	10.277003927624133
493.0403590275073	29.398547130158917	10.256929942191798
494.2103590275074	29.398547130158917	10.94327109748967
495.3803590275074	29.398547130158917	10.926648447840588
496.5403590275055	29.398547130158917	10.909805688064752
497.7103590275074	29.398547130158917	10.893705552008004
498.8803590275074	29.398547130158917	10.878342299529102
500.0403590275073	29.398547130158917	10.147399605166882
501.2103590275074	29.398547130158917	10.847806843349876
502.3803590275056	29.398547130158917	11.121255738595634
503.5403590275073	29.398547130158917	11.107462274144794
504.7103590275074	29.398547130158917	11.094400118033446
505.8803590275074	29.398547130158917	11.082029973871483
507.2103590275074	29.398547130158917	11.01841883715349
508.3803590275056	29.398547130158917	11.006707654425298
509.7103590275074	29.398547130158917	11.001208225352217
511.0403590275073	29.398547130158917	10.996148651506795
512.3803590275074	29.398547130158917	10.992261465093481
513.7103590275074	29.398547130158917	11.428727648891249
515.0403590275073	29.398547130158917	10.693225751376136
516.3803590275074	29.398547130158917	10.700098242647101
517.7103590275074	29.398547130158917	10.643157841146618
519.0403590275055	30.172193107268356	10.627280694473422
520.3803590275056	30.172193107268356	10.760902191418952
521.7103590275074	30.172193107268356	11.150853296758772
523.0403590275073	30.172193107268356	11.156295021522029
524.3803590275074	30.172193107268356	11.16185385892069
525.7103590275074	30.172193107268356	11.167007382290592
527.0403590275073	30.172193107268356	11.172407776309885
528.3803590275074	30.172193107268356	11.177924318182484
529.7103590275074	30.172193107268356	11.18303856235677
531.0403590275055	30.172193107268356	11.18401722829699
532.3803590275056	30.172193107268356	11.189500104526282
533.7103590275074	30.172193107268356	11.194841493496725
535.0403590275073	30.172193107268356	12.030141546300642
536.3803590275074	30.172193107268356	11.427608451496877
537.7103590275074	30.172193107268356	11.463785539690619
539.0403590275073	30.172193107268356	11.525254861027168
540.3803590275074	30.172193107268356	11.587948256458775
541.7103590275074	30.172193107268356	11.654937904936212
543.0403590275055	30.172193107268356	11.71919392760154
544.3803590275056	30.172193107268356	11.784759816134901
545.7103590275074	30.172193107268356	11.85101017842949
547.0403590275073	30.172193107268356	11.802612437892325
548.3803590275074	30.172193107268356	11.809622966898747
549.8803590275074	30.172193107268356	11.821504689877871
551.2103590275074	30.172193107268356	11.82781982154856
552.5403590275073	30.172193107268356	11.8125265260641
553.8803590275074	30.172193107268356	12.337717936975597
555.2103590275074	30.945839084377802	12.335543158921624
556.5403590275055	30.945839084377802	12.34167527849532
557.8803590275056	30.945839084377802	12.348166413755445
559.2103590275074	30.945839084377802	11.717874924006923
560.5403590275073	30.945839084377802	11.723555291431513
561.8803590275074	30.945839084377802	11.679944245060385
563.2103590275074	30.945839084377802	11.685151618942193
564.5403590275073	30.945839084377802	11.658781631598435
565.8803590275074	30.945839084377802	11.669178336624281
567.2103590275074	30.945839084377802	11.67411926021987
568.5403590275055	30.945839084377802	11.67904951894202
569.8803590275056	30.945839084377802	11.683877021066523
571.2103590275074	30.945839084377802	12.330372388523504
572.5403590275073	30.945839084377802	12.334829724432222
573.8803590275074	30.945839084377802	12.339218869548635
575.2103590275074	30.945839084377802	12.343660067657133
576.5403590275073	30.945839084377802	12.34779861719551
577.8803590275074	30.945839084377802	12.352164167317959
579.3803590275074	30.945839084377802	12.359970855075586
580.8803590275074	30.945839084377802	12.367484628943147
582.3803590275074	30.945839084377802	12.319617337896664
583.8803590275074	30.945839084377802	11.811867463220258
585.3803590275074	30.945839084377802	12.461269015947765
586.8803590275074	30.945839084377802	12.469676204606746
588.3803590275074	30.945839084377802	12.697007487266228
589.8803590275074	30.945839084377802	12.765502090356337
591.3803590275074	30.945839084377802	12.835122885791696
592.8803590275074	30.945839084377802	12.905890504429294
594.3803590275074	31.71948506148725	13.103722445296603
595.8803590275074	31.71948506148725	13.158683439710925
597.3803590275074	31.71948506148725	13.214664089864877
598.8803590275074	31.71948506148725	13.271683566503432
600.3803590275074	31.71948506148725	13.98362067466368
601.8803590275074	31.71948506148725	14.040137729058936
603.3803590275074	31.71948506148725	14.09774735568469
604.8803590275074	31.71948506148725	14.156470625617542
606.3803590275074	31.71948506148725	12.289830926926756
607.8803590275074	31.71948506148725	13.665582167232188
609.3803590275074	31.71948506148725	13.715102371191813
610.8803590275074	31.71948506148725	13.772688355497623
612.3803590275074	31.71948506148725	13.830663979878313
613.8803590275074	31.71948506148725	13.889884044231056
615.3803590275074	31.71948506148725	13.949945029612739
616.8803590275074	31.71948506148725	13.963740947316017
637.7603590275066	32.49313103859671	13.585516023114959
639.2603590275066	32.49313103859671	13.63805466498099
640.7603590275066	32.18367264775291	13.634284913770761
642.2603590275066	32.570495636307626	13.757667500978409
643.7603590275066	32.570495636307626	13.762487329277969
645.2603590275066	32.570495636307626	13.816800666201857
646.7603590275066	32.570495636307626	13.871835830201038
648.2603590275066	32.570495636307626	13.927206275949878
649.7603590275066	32.570495636307626	13.983731273445837
651.2603590275066	32.570495636307626	14.04102197007873
652.7603590275066	32.570495636307626	14.098701888816345
654.4303590275067	32.570495636307626	13.63358615729129
656.2603590275066	32.570495636307626	13.684317909984298
657.9303590275067	32.80258942944047	13.773210800588275
659.5903590275066	32.80258942944047	13.820565956231656
661.2603590275066	32.80258942944047	13.868744646563442
662.9303590275049	32.80258942944047	13.917358529300069
664.5903590275047	32.80258942944047	13.967328081152777
666.2603590275066	32.80258942944047	14.018198106764542
667.9303590275067	32.80258942944047	14.069569696552932
669.5903590275066	32.80258942944047	14.122313866341235
671.2603590275066	32.80258942944047	14.884198199851324
672.9303590275067	32.80258942944047	14.940696061092286
674.5903590275066	32.80258942944047	14.998501267512916
676.2603590275066	32.80258942944047	15.05733393583719
677.9303590275049	32.80258942944047	13.806656195310769
679.5903590275047	32.80258942944047	13.871523703305815
681.5903590275066	32.80258942944047	13.944569414867066
683.2603590275066	32.80258942944047	14.011776277621715
684.9303590275067	32.80258942944047	14.080346463245673
686.5903590275066	32.80258942944047	13.538092692739768
688.2603590275066	32.80258942944047	13.59711421742637
689.9303590275049	32.80258942944047	13.657340524959977
691.5903590275047	32.80258942944047	13.71832636368357
693.2603590275066	32.80258942944047	13.780158277646741
694.9303590275067	33.189412417995186	13.881599079782708
696.5903590275066	33.189412417995186	13.93726729771699
698.2603590275066	33.189412417995186	13.993596788699556
699.9303590275067	33.189412417995186	14.051200751124915
701.5903590275066	33.189412417995186	14.10963287397228
703.2603590275066	32.80258942944047	13.573533763825875
704.9303590275049	33.189412417995186	13.699877321543568
706.5903590275047	33.344141613417065	13.775336209652483
708.2603590275066	33.344141613417065	13.823990447875625
709.9303590275067	33.344141613417065	13.873818131100025
711.5903590275066	33.344141613417065	13.924407152004575
713.2603590275066	33.344141613417065	13.933483924027076
714.9303590275067	33.344141613417065	13.991872022729908
716.5903590275066	33.344141613417065	14.045290916553354
718.2603590275066	33.344141613417065	14.105245541135252
719.9303590275049	33.344141613417065	14.869554041251995
721.5903590275047	33.344141613417065	14.933342952125908
723.2603590275066	33.5762354065499	15.030987551820656
724.9303590275067	33.5762354065499	15.092212107809756
726.7603590275066	33.5762354065499	15.155810449011733
728.5903590275066	33.5762354065499	15.17168052609616
730.4303590275049	33.5762354065499	15.237532559676138
732.2603590275066	33.5762354065499	14.020271445958347
734.0903590275066	33.65360000426087	14.091626606756869
735.9303590275067	33.885693797393685	13.641999218621326
737.7603590275066	33.885693797393685	13.69886157313467
739.5903590275047	33.885693797393685	13.756902463562534
741.4303590275067	33.885693797393685	13.815608131784037
743.2603590275066	33.885693797393685	13.87512312093713
745.0903590275066	33.885693797393685	13.935858999938942
746.9303590275049	33.885693797393685	13.997343743736197
748.9303590275067	33.885693797393685	14.061846113634756
750.7603590275066	33.885693797393685	14.125568615305097
752.5903590275066	33.885693797393685	14.876311156774827
769.5303590275071	34.659339774503145	15.511307539110188
771.3103590275059	34.659339774503145	15.520918685861279
773.0903590275066	34.659339774503145	15.582577539280635
774.8803590275074	34.659339774503145	15.645596472140166
776.6803590275067	34.659339774503145	15.71554032334048
778.4803590275078	34.659339774503145	15.780139155863704
780.2803590275071	34.659339774503145	15.845737629894968
782.0903590275066	34.96879816534692	15.850800874124326
783.9103590275081	34.96879816534692	14.66671387465191
785.7303590275078	34.96879816534692	14.732070361284256
787.5403590275055	34.96879816534692	14.79863755837525
789.3603590275052	34.96879816534692	14.866107540575122
791.1803590275049	34.96879816534692	14.934672766144919
793.0103590275066	34.96879816534692	14.96568707375363
794.8403590275066	34.96879816534692	15.037406962048367
796.6803590275067	34.96879816534692	15.1102166497598
798.5303590275071	34.96879816534692	15.184457328133018
800.3803590275074	34.96879816534692	15.260245972485759
802.2303590275078	34.96879816534692	15.337054099929462
804.0803590275082	34.96879816534692	15.415189078805223
805.9403590275069	34.96879816534692	15.49518781896733
807.8103590275077	35.35562115390162	15.34999928432765
809.6803590275067	35.35562115390162	15.421456126587813
811.5603590275077	35.35562115390162	15.494733624620673
813.4303590275067	35.35562115390162	15.568896446641102
815.3103590275077	35.35562115390162	15.644639141351387
817.1903590275069	35.35562115390162	15.722140751993848
819.0803590275082	35.35562115390162	15.806243284149685
820.9803590275078	35.35562115390162	15.891983211548894
822.8803590275074	35.35562115390162	15.93440919381853
824.7803590275071	35.35562115390162	16.02359732926623
826.6803590275067	35.35562115390162	16.11434093499628
828.5903590275066	35.74244414245635	15.840762410703668
830.5103590275066	35.74244414245635	15.92253387175061
856.3103590275077	36.36136092414393	15.134857404424215
880.3103590275077	36.36136092414393	16.194489079170644
904.3103590275077	37.118760335734066	15.108091149980725
928.3103590275077	37.118760335734066	16.246698416505122
952.3103590275077	37.118760335734066	18.314825483660606
976.3103590275077	37.892406312843505	16.285760473733056
1000.310359027508	37.892406312843505	19.439832259841406
1024.310359027508	37.892406312843505	25.61133691331734
1048.310359027508	38.666052289952944	20.476229076172938
1072.310359027508	38.666052289952944	40.91207791050591