0.009999999999990905	0.4580751516655038	0.36252863470889857
0.01999999999998181	0.9130235104867354	0.9502116717059775
0.02999999999997272	1.3679718693079668	1.387672644841438
0.03999999999996362	1.8213568317072413	1.8288973624581095
0.05000000000006821	2.273178397684318	2.269809045722601
0.06000000000005912	2.7234365672394376	2.7089586976350377
0.07000000000005002	3.172131340372483	3.1520291179733833
0.08000000000004093	3.6208261135055273	3.5853957611898686
0.09000000000003183	4.066394093794298	4.026908781259463
0.1009816608872143	4.557300570323174	4.5228654211169745
0.1133032870615125	5.107616110890492	5.0459006205845425
0.1271283790160851	5.718904111918383	5.616518313277576
0.1426403873215349	6.400544951939251	6.2686870242228565
0.1600451469035988	7.161919009485495	7.00921554343206
0.1795736083472548	8.013970059511598	7.838124178380317
0.2014849024711793	8.966078480549951	8.748645594395217
0.2260697788359494	10.027624651132966	9.73401542777736
0.2536544638138594	11.206425553370899	10.835028320822152
0.2846049894152429	12.521241944328608	12.065313674848829
0.3193320503103223	13.98301759896053	13.390961766158627
0.3582964534982693	15.60269629222118	14.879984864600866
0.4020152329360371	17.40685576328563	16.505280802096447
0.4510685102646903	19.40018620142013	18.23978093164311
0.5061071926714931	21.603011760111478	20.192338402180784
0.5678616100324234	24.045036971378938	22.28833548493019
0.6371512059459974	26.729388628066705	24.51437478304684
0.7148954112522006	29.6826444693498	26.972631464318802
0.8021258443206989	32.931382234403465	29.56816969426895
0.9000000000003183	36.48029211249387	32.32171665053606
1.009816608872143	40.36064203206228	35.27440533657353
1.133032870615239	44.58650256090734	38.31099907007307
1.271283790160965	49.16256388829525	41.5000291554412
1.426403873215577	54.11853054624524	44.80794220091373
1.600451469035647	59.45127574191326	48.08555220945747
1.795736083472775	65.15610928603301	51.44247684142432
2.014849024712362	71.2549187285134	54.7566507057514
2.260697788359494	77.71487274449119	57.865243537253704
2.536544638139048	84.52033736974556	60.86431926462981
2.846049894152657	91.6603688293221	63.57701040882088
3.19332050310345	99.07868485202644	65.88100395848865
3.582964534982921	106.73620052730698	67.79697407853168
4.020152329360258	114.58132377323537	69.18826606385771
4.510685102647244	122.54370175081868	69.97252756375222
5.061071926715158	130.55298162106416	70.12849732369381
5.678616100324007	138.53412035571236	69.64830138105329
6.37151205945986	146.41520171934837	68.47537525693579
7.148954112521437	154.10867551233633	66.6766482249915
8.021258443206989	161.55825946348187	64.39425399917512
9.000000000003638	168.70923469801278	61.584219887084124
10.09816608872177	175.49593856620234	58.458449539443166
11.33032870615205	181.9121174823624	55.2287608743002
12.71283790160987	187.9405740858498	51.90064384055451
14.26403873215577	193.57661818739865	48.71669059792521
16.00451469035681	198.8577713011383	45.78101190108358
17.95736083472718	203.80279418413394	43.116320659220854
20.14849024712316	208.45389853978116	40.86509293797484
22.60697788359539	212.8611130535862	38.98824278095532
25.36544638139037	217.05726905041172	37.46209055725824
28.46049894152691	221.08614163007653	36.305345788814805
31.93320503103473	224.98368891028747	35.408556493969364
35.82964534982921	228.76867164810986	34.7413704488138
40.20152329360292	232.4692309791407	34.279183571539114
45.10685102647267	236.09787407475648	33.92481054475874
50.61071926715181	239.66085452064544	33.67532313261537
56.7861610032403	243.16911609176222	33.5120251735737
63.71512059459815	246.62422218452826	33.394148169918886
71.48954112521415	250.0277361953668	33.32139218930642
79.36954112521425	253.07479582197362	33.2771987846509
87.24954112521414	255.79510559636924	33.25045946477617
95.12954112521425	258.24651118616924	33.23202251266064
103.0095411252141	260.4759144840353	33.22090224464837
110.8895411252142	262.51458341840976	33.20693214247305
118.7695411252141	264.39065912488957	33.19662459113618
126.6495411252142	266.122902360539	33.18217287723346
134.5295411252141	267.7332006752668	33.16618983134554
142.4095411252142	269.2324978440287	33.144993610563475
150.2895411252141	270.63486443462205	33.12063957505768
158.1695411252142	271.9496808255799	33.079978562787076
166.0495411252141	273.18476399901215	33.03855719935544
173.9295411252142	274.3479309370291	32.984589962498085
181.8095411252141	275.4454352253196	32.924166095395506
189.6895411252142	276.48353044957196	32.85019651933892
197.5695411252141	277.46690679905146	32.757387204860784
205.4495411252142	278.4002544630252	32.6787853914843
213.3295411252141	279.28670023433625	32.558585724631826
221.2095411252142	280.1278075094085	32.45631109368993
229.0895411252141	280.9282664775059	32.31288304367358
236.9695411252142	281.6943307243186	32.17457473579093
244.8495411252141	282.4213100605794	32.009751520257744
252.7295411252142	283.11545807197666	31.825762367030688
260.609541125214	283.78146494777695	31.637457850358974
268.4895411252142	284.4115137058698	31.4586388489781
276.369541125214	285.0181115176316	31.227163452176924
284.2495411252141	285.5981315902183	30.987167478303885
292.129541125214	286.1500105272075	30.728394521229166
300.0095411252141	286.6831287071318	30.443507065734476
307.889541125214	287.18810575145943	30.186129828181308
315.7695411252141	287.675885435144	29.88648857048013
323.649541125214	288.1386507760757	29.543556870221046
331.5295411252141	288.5857821527867	29.21319102329377
339.409541125214	289.00946258316645	28.840328435667377
347.2895411252141	289.4190724457479	28.47745710628595
363.0495411252141	290.1820098997161	27.70485460480094
378.8095411252141	290.88084810038	26.80316343721768
394.5695411252141	291.51871384058296	25.909918912309795
410.3295411252141	292.1018607060139	24.775682105083966
426.0895411252141	292.63654228236004	23.66775088849275
441.8495411252141	293.1165049839344	22.539217237351725
457.609541125214	293.54956579284726	21.24082430318996
473.369541125214	293.94354169120754	19.919276969323878
489.129541125214	294.2968692825944	18.428141409915213
504.889541125214	294.6017315848975	16.819907341167053
520.649541125214	294.8800161480251	15.25469527629468
536.409541125214	295.11765240417964	13.68271607685614
552.169541125214	295.319330542626	11.617176883161338
567.929541125214	295.50068452758546	9.735021206788048
583.689541125214	295.6320098270393	7.749554982791622
599.449541125214	295.7523913515381	5.752813985305792
615.209541125214	295.82743437979747	3.2985211439539874
630.9695411252139	295.8884068402579	1.0993846767037705