0.1934294872389728	13.800765039970582	1.7079221905155766
0.6934294872389728	18.416102856616494	5.478983662110581
1.193429487238973	21.87760621910091	6.120031208791076
1.693429487238973	24.026905692538953	7.094306469357936
2.193429487238973	26.130956756009883	9.650873881622138
2.693429487238973	28.48387407429995	9.603868621561118
3.193429487238973	29.977071603214814	9.76415515971752
3.693429487238973	31.651262771998127	10.84752514854772
4.193429487238973	33.09921189094585	10.846530165415139
4.693429487238973	34.41141577999221	9.665015443968088
5.193429487238973	35.33900818431811	9.85929842802807
5.693429487238973	36.74170889329874	9.362585157805315
6.193429487238973	37.669301297624635	7.415810029147191
6.693429487238973	38.12178539729579	7.94864123129419
7.193429487238973	38.212282217230026	11.577946095422774
7.693429487238973	39.36611667139151	13.498301651696137
8.193429487238973	40.949811020240595	17.45632182959924
8.693429487238973	41.87740342456649	18.979400831370118
9.193429487238973	43.053862083711536	18.150642742449957
9.693429487238973	44.29819335780722	17.50913315724071
10.19342948723897	45.40677940200157	17.05481664234812
10.69342948723897	46.06288134652476	17.10720576976453
11.19342948723897	46.967849545867125	15.505384539806775
11.69342948723897	47.98593877012724	17.50420922034453
12.19342948723897	48.619416509666884	17.567366327787205
12.69342948723897	49.47913629904209	18.565953324692114
13.19342948723897	50.29360767845018	20.9719058041619
13.69342948723897	51.15332746782539	28.993000417679525
14.19342948723897	52.148792487101964	35.06346750222055
14.69342948723897	53.574117401066154	39.49042944070047
15.19342948723897	56.017531539290445	42.33075118473058
15.69342948723897	58.12158260276138	43.03756919876137
16.19342948723897	59.81839797652825	40.484509222227686
16.69342948723897	61.31159550544308	41.18385725549128
17.19342948723897	62.37493313967035	39.87147786000987
17.69342948723897	63.05365928917709	38.73394710002681
18.19342948723897	65.29345558254938	20.13546156924755
18.69342948723897	66.78665311146422	17.295559730713716
19.19342948723897	67.94048756562566	17.041482456758427
19.69342948723897	68.05360859054348	1.917931385570836
25.94037448723975	58.325200447613376	19.775493992602314
26.94037448723975	57.10349337850123	15.657135094284472
27.94037448723975	59.25279285193928	11.660041613809696
28.94037448723975	59.36591387685709	13.204938456619677
29.94037448723975	61.08535345560752	47.14881744357824
30.94037448723975	61.44734073534443	73.77432250600805
31.94037448723975	62.03557006491699	96.1269331961865
32.94037448723975	70.08978703906372	108.7348575801401
33.94037448723975	78.59648811288167	130.1702302352728
34.94037448723975	84.0262973089356	148.65924124690125
35.94037448723975	89.16199184020343	138.43796385269155
36.94037448723975	95.15740616084635	126.64097821861154
37.94037448723975	100.06685864227853	109.71815450432602
38.94037448723975	104.68219645892438	82.35705034845098
39.94037448723975	109.56902473537298	42.09291224454365
40.94037448723975	110.56448975464956	30.116814014710766
41.94037448723975	109.0939164307183	100.69077626909166
42.94037448723975	105.81340670810226	22.883147411270517
43.94037448723975	107.5780946968199	42.80892970289741
46.94037448723975	119.1390634434182	16.834681911495476
74.18370748723828	86.10772416742303	4.1756481309760085
76.18370748723828	86.42446303719275	5.955130618876613
78.18370748723828	86.718577701979	6.274495739130296
80.18370748723828	87.03531657174896	6.638814434831276
82.18370748723828	87.32943123653517	7.317492827747822
84.18370748723828	87.6914185162721	8.32669570721647
86.18370748723828	88.05340579600902	9.425954114017607
88.18370748723828	88.52851410066381	7.316852162227892
90.68370748723828	89.20724025017054	8.399393603087987
93.1653744872383	89.25248866013756	7.8450013588289025
95.6653744872383	89.81809378472653	6.938957774320124
98.1653744872383	90.27057788439785	8.752979066715929
100.6653744872383	90.72306198406895	7.6072826258725765
103.1653744872383	91.15292187875652	8.389834498919523
105.6653744872383	91.44703654354281	9.113525132401433
108.1653744872383	92.03526587311532	10.118294654541296
110.6653744872383	92.60087099770426	11.068813108112911
113.6653744872383	93.34746976216171	10.106943985079539
116.6653744872383	93.8904506817671	10.571456741517608