6.534011392389516e-05	204.41955369107734	86.47770482530005
0.001454229002812779	472.72021791069153	475.9079407383421
0.002843117891701441	848.1445905550306	1131.410831566001
0.004232006780590325	1432.9024484696795	3387.450772399723
0.005620895669479431	2524.778045348905	7586.426255598957
0.007009784558368093	4368.485173832412	11328.868705574709
0.008398673447257199	6782.20836549334	11513.029909968762
0.009787562336146083	9363.988017159867	10856.179270401832
0.01117645122503475	11247.006598276483	6803.878728815659
0.01256534011392363	11783.826605898466	6122.856622920842
0.01395422900281274	11661.74242355375	3599.2935188350375
0.0153431178917014	11692.208799344195	1163.8473351022806
0.0167320067805905	11845.970182135039	998.4431104014127
0.01812089566947939	11929.864010054289	450.2752846064442
0.01950978455836805	11954.72144054894	734.2217091808046
0.02089867344725693	11978.543144772832	762.9360345658205
0.02228756233614604	12009.614932891025	668.2200634671325
0.0236764512250347	12046.901078633104	528.9525170883002
0.02506534011392381	12090.401581998516	500.9552890624403
0.02645422900281269	12139.080716717146	529.629233252074
0.02784311789170135	12172.223957376415	504.0202737833184
0.02923200678059024	12174.295409917797	486.6418850269828
0.03062089566947934	12172.223957376415	473.78006733814277
0.03200978455836845	12192.938482788719	537.6756919096475
0.03339867344725733	12226.081723448191	532.2967080703562
0.03478756233614599	12256.117785295868	468.4791661155979
0.03617645122503488	12279.93948951974	394.2786877562424
0.03756534011392398	12299.61828866139	387.3920402782901
0.03895422900281265	12306.868372555586	378.61383859136873
0.04034311789170175	12300.654014932068	418.1265367490662
0.04173200678059064	12306.868372555586	467.5621654041042
0.0431208956694793	12347.261697109327	456.84003736688163
0.04450978455836818	12388.690747933691	378.6003034713496
0.04589867344725729	12398.012284369257	422.3713736915501
0.04728756233614595	12388.690747933691	395.10275721930714
0.04867645122503506	12383.512116580632	369.28181686973727
0.05006534011392394	12388.690747933691	373.50706778385137
0.0514542290028126	12401.119463181001	379.6730548719777
0.05284311789170149	12415.619630969502	393.9887343427533
0.05423200678059059	12428.04834621684	414.33690148153414
0.05562089566947925	12442.548514005352	383.7708423402246
0.05700978455836836	12462.2273131468	391.4931752273727
0.05839867344725724	12470.513123311684	411.7091596355625
0.05978756233614591	12452.905776711312	349.42429211160106
0.06117645122503479	12442.548514005352	304.94511880723695
0.06395422900281256	12496.406280076932	304.40516977224746
0.06673200678059055	12496.406280076932	349.6339164245756
0.06950978455836809	12523.335163112666	381.05291340106015
0.07228756233614586	12550.264046148484	464.77801148199165
0.07506534011392385	12577.192929184332	357.55751517591983
0.0778431178917014	12550.264046148484	319.7378245737023
0.08062089566947916	12604.12181222007	249.75013282493566
0.08339867344725715	12577.192929184332	435.1326232586761
0.0861764512250347	12577.192929184332	422.1073119491264
0.08895422900281247	12577.192929184332	335.880064371289
0.09173200678059046	12604.12181222007	366.44280655525796
0.09450978455836845	12631.050695255914	301.5131594026704
0.09728756233614622	12657.979578291828	383.2586365025249
0.1000653401139238	12711.837344363408	290.23847629808193
0.1028431178917018	12657.979578291828	266.1089683247587
0.1056208956694795	12657.979578291828	326.75406413250687
0.1083986734472571	12684.90846132757	378.60970551470376
0.1111764512250351	12631.050695255914	277.2735226162373
0.1139542290028128	12711.837344363408	345.7507246553733
0.1167320067805904	12711.837344363408	367.46919987010114
0.1195097845583684	12711.837344363408	420.31221299644875
0.1222875623361461	12710.80161809273	319.4268826316952
0.1264542290028126	12729.444690963754	385.53080205746505
0.1306208956694794	12710.80161809273	290.17901282281
0.1347875623361459	12776.052373141041	295.46059623996445
0.1389542290028127	12737.730501128552	215.54470789864325
0.1431208956694792	12748.087763834717	325.61785938774375
0.147287562336146	12791.588267200212	306.0555258927589
0.1514542290028125	12772.94519432927	445.7415596977729
0.1556208956694793	12791.588267200212	280.12187501237014
0.1597875623361462	12800.909803635781	270.826247568642
0.1639542290028129	12845.446033271885	263.66996298120506
0.1681208956694795	12779.159551952973	341.65784411249945
0.1722875623361462	12845.446033271885	265.27046411248926
0.1764542290028128	12848.553212083656	326.6864522082483
0.1806208956694795	12817.481423965377	332.70850609052786
0.1847875623361461	12847.517485813067	281.90057431255616
0.1903431178917014	12845.446033271885	341.53071951838797
0.1958986734472572	12857.874748519112	283.0894977684754
0.2014542290028127	12872.374916307626	305.74145362884303
0.2070097845583681	12905.51815696707	320.88912698910633
0.2125653401139238	12884.80363155495	335.82004728876365
0.2181208956694793	12879.625000201839	277.04240892525894
0.2236764512250349	12877.553547660664	219.36526830658735
0.2292320067805906	12921.054051026265	359.5186997048256
0.234787562336146	12892.053715449154	270.7296919914312
0.2403431178917015	12938.66139762662	283.39642142043004
0.2458986734472572	12918.982598484981	328.77525151822874
0.2528431178917017	12951.090112873859	261.8046232169447
0.2597875623361459	12949.018660332586	310.20825664569793
0.2667320067805905	12923.125503567424	314.87150716924634
0.2736764512250347	12978.018995909692	300.41100349030904
0.2806208956694791	12950.054386603251	313.0690862509077
0.2875653401139238	12972.840364556649	235.01873016616616
0.2945097845583684	13003.912152674842	284.51226865444886
0.3014542290028128	12974.911817097753	319.4534703233797
0.3097875623361461	12986.304806074497	353.5838605085593
0.3181208956694794	13001.840700133673	302.20030683549277
0.3264542290028127	13020.483773004627	259.3480325744252
0.334787562336146	13017.376594192749	362.29320422438747
0.3431208956694793	13028.769583169413	345.55905207073295
0.3514542290028129	13011.16223656915	303.9803937980752
0.3597875623361462	13039.12684587555	298.10314549243463
0.3681208956694795	13055.698466205245	363.64981849999674
0.3778431178917012	13056.734192475933	253.02416397257207
0.3875653401139241	13072.270086534936	277.2714227667205
0.397287562336146	13055.698466205245	350.0896270531143
0.4070097845583685	13067.091455181975	299.9920156183664
0.4167320067805904	13082.62734924107	389.0716853829895
0.4264542290028128	13101.270422112026	238.3208548699484
0.4375653401139239	13111.62768481818	258.0862483307575
0.448676451225035	13097.127517029674	320.01009284823544
0.459787562336146	13141.663746665785	298.3544129838056
0.4708986734472571	13138.556567853919	260.3416858062548
0.4820097845583682	13139.592294124399	354.5609946913018
0.4945097845583684	13136.48511531264	334.62196639307
0.5070097845583685	13152.021009371734	295.77958860179154
0.5195097845583683	13136.48511531264	252.7125414505326
0.532009784558368	13125.092126336083	310.9679847540212
0.5445097845583682	13189.307155113722	304.7740758738197
0.5583986734472566	13189.307155113722	332.6883585596258
0.5722875623361459	13217.271764420135	305.26531630519185
0.5861764512250351	13135.449389042064	264.4058581361337
0.600065340113924	13162.378272077905	291.9727547938681
0.6139542290028128	13216.23603814947	324.4914744451026
0.6292320067805903	13201.735870360972	268.7390148605915
0.6445097845583683	13189.307155113722	295.3223122552957
0.6597875623361462	13228.664753396804	273.43694528937425
0.6750653401139237	13243.1649211853	291.96889789923335
0.6917320067805908	13243.1649211853	263.92698656854265
0.7083986734472574	13243.1649211853	273.1586310214158
0.725065340113924	13216.23603814947	298.0105831728056
0.7431208956694793	13272.165256762222	325.9724241701745
0.761176451225035	13243.1649211853	268.13268780372044
0.7792320067805907	13274.236709303566	220.09506290662043
0.797287562336146	13271.12953049173	230.36214887562062
0.8167320067805903	13270.093804221224	388.2392271904123
0.8361764512250351	13297.022687256978	366.71550847775933
0.8556208956694795	13297.022687256978	244.19674602711365
0.876454229002813	13310.487128774894	279.8983427900597
0.897287562336146	13324.987296563308	349.74843265715714
0.9181208956694795	13308.415676233531	280.0870861180064
0.9403431178917012	13314.630033857331	243.31097911633822
0.9625653401139238	13306.344223692435	310.04053108682416
0.984787562336146	13326.02302283399	311.8815701640993
1.008398673447257	13324.987296563308	358.42377268547244
1.032009784558368	13334.30883299878	294.09749997016814
1.057009784558368	13357.094810952178	325.5828973453938
1.082009784558368	13329.130201645821	221.96417963567526
1.107009784558368	13361.237716034611	292.125651962654
1.133398673447257	13379.880788905542	320.849751464037
1.159787562336146	13393.345230423565	275.57238634466836
1.187565340113924	13369.52352619941	255.2244359788498
1.215343117891702	13377.809336364373	275.40420418159044
1.244509784558368	13408.881124482663	269.12503727766745
1.273676451225035	13402.666766859038	297.7130808120893
1.304232006780591	13394.38095669405	287.36381131272583
1.334787562336146	13433.73855497723	304.87004169382703
1.366732006780591	13435.810007518301	349.53834462267656
1.398676451225035	13437.881460059656	318.51708373560956
1.432009784558368	13452.38162784815	298.4846707829626
1.465343117891702	13444.095817683283	359.5256306970698
1.500065340113924	13409.916850753134	312.6104695008466
1.534787562336146	13450.310175306884	307.36430882117276
1.570898673447257	13466.881795636578	275.2272481260381
1.608398673447257	13465.846069366093	258.007562874488
1.645898673447257	13452.38162784815	297.67800693886505
1.684787562336146	13477.239058342719	283.3577967037679
1.723676451225034	13488.632047319574	338.5679175607816
1.763954229002812	13493.810678672418	318.8961247822592
1.805620895669479	13494.846404943091	329.13053703176394
1.847287562336146	13494.846404943091	346.26117027466546
1.890343117891701	13493.810678672418	255.34086363735668
1.934787562336146	13543.525539661621	323.0059735907403
1.980620895669479	13521.775287978839	323.52139643390973
2.026454229002813	13517.632382896478	307.6847417402336
2.073676451225035	13580.811685403603	286.73966211524305
2.122287562336146	13522.811014249515	419.33188979507173
2.172287562336146	13550.775623555928	323.2074785968445
2.223676451225035	13548.704171014671	272.9936757020414
2.275065340113923	13551.811349826521	319.62503141394035
2.327843117891702	13551.811349826521	324.5805996341176
2.382009784558369	13549.739897285332	330.86267058300086
2.437565340113924	13591.168948109595	343.15479802031473
2.494509784558368	13607.74056843937	239.26057654395953
2.552843117891702	13607.74056843937	327.7912682208645
2.612565340113924	13609.81202098054	373.63185680681113
2.673676451225035	13591.168948109595	349.26380486658223
2.736176451225035	13636.740904016366	341.9849108949287
2.800065340113924	13636.740904016366	335.53267384095733
2.865343117891702	13639.84808282812	299.3818233069707
2.932009784558368	13624.312188769036	244.39907159308123
3.000065340113924	13665.741239593484	383.92350492188194
3.069509784558369	13665.741239593484	321.3868152310017
3.140343117891701	13654.34825061664	320.8664747428929
3.213954229002813	13638.812356557635	284.60750934943326
3.288954229002813	13666.776965863979	352.9506366282541
3.365343117891701	13655.38397688733	369.53498479300004
3.443120895669479	13684.384312464339	358.6155025265003
3.523676451225035	13701.991659064579	310.38619037369284
3.605620895669478	13640.883809098801	292.4564511949647
3.688954229002813	13696.81302771175	286.7105054073702
3.775065340113924	13724.777637018078	266.48166316879934
3.862565340113924	13708.206016688404	317.28945229993803
3.952843117891701	13752.742246324498	294.565745985365
4.044509784558368	13725.813363288675	292.16456082175483
4.138954229002813	13698.884480252922	279.14249904389237
4.234787562336146	13728.92054210044	267.93617636717886
4.333398673447257	13753.777972595171	233.02039258425867
4.433398673447258	13726.849089559348	246.05605104339705
4.536176451225035	13754.813698865746	239.75799602785918
4.64173200678059	13754.813698865746	304.857142350791
4.750065340113924	13728.92054210044	333.66013236808743
4.859787562336146	13774.492498007292	310.7639351581273
4.972287562336145	13783.814034442781	325.6007578339929
5.087565340113923	13774.492498007292	346.52598573758087
5.20562089566948	13784.849760713454	270.9772386693867
5.326454229002813	13787.956939525116	425.1238502994744
5.450065340113924	13784.849760713454	332.7505776728118
5.576454229002812	13774.492498007292	288.89236664712615
5.70562089566948	13785.885486983936	273.98413647605565
5.837565340113923	13816.957275102239	277.3998322113634
5.972287562336146	13813.850096290267	294.6887432047698
6.111176451225034	13814.885822560951	326.0949657675304
6.252843117891701	13814.885822560951	377.3424628201883
6.397287562336146	13787.956939525116	284.77741172936163
6.545898673447255	13807.635738666757	246.2033664713186
6.697287562336147	13816.957275102239	335.0584399374355
6.852843117891702	13816.957275102239	294.4756103071575
7.011176451225035	13844.921884408555	332.2286634022308
7.173676451225035	13844.921884408555	357.603098024436
7.340343117891703	13859.422052197142	350.3280027026245
7.509787562336147	13857.350599655887	261.3343870343774
7.683398673447258	13873.922219985652	323.0340962681686
7.861176451225035	13901.886829291998	311.29085605859206
8.04312089566948	13870.81504117379	340.03218019522666
8.22923200678059	13903.958281833246	328.0431693780794
8.419509784558368	13901.886829291998	335.63617572585383
8.613954229002813	13901.886829291998	399.9972335445448
8.813954229002812	13874.957946256158	386.89132145665
9.01812089566948	13920.52990216292	282.74985935899497
9.226454229002812	13902.922555562647	262.2871044716574
9.4403431178917	13882.208030150456	288.2807238194533
9.658398673447257	13930.887164869082	357.1596858900311
9.882009784558367	13935.030069951526	378.7233835638061
10.11117645122504	13904.99400810393	436.7838581674443
10.34450978455837	13904.99400810393	421.65705423352887
10.58339867344726	13931.922891139766	412.3323367379765
10.8278431178917	13932.958617410264	427.0644583030977
11.0778431178917	13932.958617410264	436.994960071417
11.33339867344726	13960.923226716668	384.25065731257575
11.59589867344726	13948.494511469447	419.87375582766884
11.86395422900281	13988.88783602319	350.5985953554761
12.13756534011392	13942.280153845724	467.4487084817145
12.41812089566948	13982.67347839948	378.4869499649377
12.70562089566948	13989.923562293778	372.7548078821502
12.99867645122503	13970.24476315216	441.5811621443084
13.29867645122503	13996.137919917297	401.9599599530674
13.60562089566948	13990.959288564285	429.84721243717604
13.91950978455837	13990.959288564285	478.4896202530715
14.24173200678059	14017.8881716001	342.6534465704243
14.57089867344726	13987.852109752514	647.0814714208107
14.90700978455837	14025.138255494401	366.68811464193493
15.25145422900281	13988.88783602319	906.8380037379925
15.60423200678059	13972.31621569333	1472.9807057755784
15.9653431178917	13989.923562293778	1577.325717794995
16.33478756233615	14005.45945635279	1805.8989130717282
16.71256534011392	14037.566970741738	982.7060692043124
17.09867645122504	14048.959959718391	304.08440860325675