0.0009999999999763531	0.28196175306599613	0.2246581905343878
0.001999999999952706	0.562427687813358	0.5845985334593867
0.003000000000042746	0.8421457134013888	0.8535769327081894
0.004000000000019099	1.121115829830116	1.123903999334155
0.004999999999995453	1.3985901279401531	1.3922062393659338
0.005999999999971806	1.6745686077315547	1.6636107084850393
0.006999999999948159	1.9505470875229862	1.9324835486828353
0.008000000000038199	2.2250297489957265	2.1948984494730372
0.009000000000014552	2.4980165921498316	2.4630501071609165
0.01009816608871006	2.7979281650396652	2.760983593106059
0.01133032870609441	3.1337393775771742	3.076070637254707
0.01271283790163125	3.5061981389216603	3.4268918434414184
0.01426403873210802	3.9227835406664093	3.816696265721006
0.01600451469039399	4.384991401130085	4.2584784921268035
0.01795736083477095	4.9032924485432074	4.75548814874504
0.02014849024715204	5.479930410383775	5.294734394121437
0.02260697788358357	6.12238437824507	5.882715878817435
0.02536544638132909	6.834393897923695	6.529180717322478
0.02846049894151292	7.6256817884909225	7.250374088290632
0.03193320503100949	8.50372714153999	8.02031334267636
0.03582964534984967	9.472269502867537	8.877985226495595
0.04020152329360371	10.547762873978765	9.813650045256173
0.04510685102650314	11.731703073192305	10.794831651108067
0.05061071926718341	13.033065010420078	11.886509526856324
0.05678616100317413	14.468302687167235	13.049711262643118
0.06371512059456563	16.03741610343382	14.264959661771737
0.07148954112517458	17.752371805769005	15.58099905984691
0.08021258443204715	19.624388431562718	16.94586702097254
0.09000000000003183	21.65346598081498	18.356336226983657
0.1009816608872143	23.850075181756317	19.828672216708018
0.1133032870615125	26.217955580183382	21.294670863498002
0.1271283790160851	28.751871811980887	22.76735707973055
0.1426403873215349	31.458555059582764	24.220761247767882
0.1600451469034852	34.32678668559911	25.573679272588276
0.1795736083472548	37.34460014348074	26.845633440959972
0.2014849024711793	40.50526425079365	27.968398081658357
0.2260697788358357	43.78110636864285	28.870494530886067
0.2536544638137457	47.14894131308914	29.542169762761734
0.2846049894151292	50.57885271775957	29.918404823580815
0.3193320503102086	54.03269721552841	29.950406883630954
0.3582964534981556	57.469339802632746	29.60885529250082
0.4020152329358098	60.84390592951301	28.883908568756308
0.4510685102645766	64.11301686492826	27.75267847568976
0.5061071926712657	67.22656269520364	26.231274709852983
0.567861610032196	70.14490423489487	24.400825827225574
0.63715120594577	72.83662929931022	22.25135431685125
0.7148954112518595	75.2598549755274	19.89003403054482
0.8021258443203578	77.40785008111257	17.482606105430108
0.8999999999999773	79.27687507026899	15.012612287393148
1.009816608871802	80.85645921476612	12.649260573468261
1.133032870614784	82.18175424509232	10.522705631012254
1.27128379016051	83.27220579939006	8.600433031604526
1.426403873215008	84.15548651655442	6.993349623057915
1.600451469035079	84.876470946145	5.708127738879079
1.795736083471979	85.46432754537548	4.692868207467328
2.014849024711452	85.95196431725618	3.9478317774427385
2.260697788358584	86.36854971900095	3.414538546247293
2.536544638138025	86.73352938875216	3.0410125500508807
2.84604989415152	87.06410523717443	2.788251917260365
3.1933205031022	87.37074799249814	2.6139387128975216
3.582964534981443	87.66093674631674	2.492030887374295
4.020152329358666	87.93915895358619	2.4029880797914434
4.510685102645425	88.2084062509436	2.3370658862878857
5.061071926713112	88.47092236586711	2.2844817756770706
5.678616100321733	88.72745520751604	2.2420258173126832
6.371512059457245	88.97950059420906	2.209758382131061
7.148954112518482	89.22780643510539	2.1778256367767246
8.021258443203692	89.47162482104572	2.15293837832081
9.0	89.71319947950815	2.1351233902534643
10.09816608871768	89.95178250133326	2.1178605687864014
11.3303287061475	90.18812179568037	2.107883018979977
12.71283790160476	90.42296527170882	2.098584657708592
14.26403873214997	90.65556502025933	2.093476566873565
16.00451469035022	90.88741685965039	2.09261009384226
17.95736083471979	91.1177728807229	2.0893862043862446
20.14849024711498	91.34663308347675	2.0907167398572892
22.60697788358607	91.57474537707132	2.0898226976303222
25.36544638137991	91.80061394318786	2.0903989259917686
28.4604989415152	92.02573460014503	2.099453398361994
31.93320503102154	92.25010734794293	2.10322688733935
35.82964534981454	92.47223636826287	2.1054425290564973
40.20152329358643	92.69286957026412	2.1132669140667946
45.10685102645425	92.91200695394669	2.1271254911605664
50.61071926713112	93.13039642846996	2.139872086029955
56.78616100321699	93.34654217551528	2.1564066731628504
63.715120594572	93.56194001340123	2.182511883493198
71.48954112518481	93.77658994212794	2.209187690663636
80.21258443203658	93.9897440525359	2.2442702629407005
89.99999999999932	94.20140234462525	2.282286707135803
100.981660887176	94.41380854587388	2.3315303833757848
113.3032870614743	94.62471892880396	2.3914173108627867
127.128379016047	94.83637722089333	2.4608051336464185
142.6403873214993	95.04803551298261	2.5445517490232294
160.0451469035019	95.26118962339065	2.6385225898320046
177.9251469035019	95.4578897322934	2.744255042043072
195.8051469035019	95.63664002137241	2.8487906550586404
213.6851469035019	95.80192794558356	2.965605160991182
231.5651469035018	95.95450141408605	3.082177839206561
249.4451469035018	96.09735206351738	3.2077130117529435
267.325146903502	96.23197571219616	3.32846072154111
285.2051469035018	96.3591202692816	3.4641641474919416
303.0851469035019	96.47953364393318	3.593620013496587
320.9651469035018	96.59471165446938	3.7242613571781504
338.8451469035019	96.7046543008904	3.8754048038789106
356.7251469035018	96.8108574015147	4.011493849007503
374.6051469035019	96.9125730471831	4.153566101986818
392.4851469035018	97.01054914705482	4.3062853694301655
410.3651469035019	97.10478570112998	4.467833318251955
428.2451469035018	97.19677852772705	4.617511114339808
446.1251469035019	97.28577971768685	4.7755595159435185
464.0051469035018	97.37253718016873	4.931274457270273
481.8851469035019	97.45705091517269	5.119311160743956
499.7651469035018	97.5393209226985	5.278430230586017
517.6451469035019	97.62009511190573	5.4607236531472285
535.525146903502	97.69862557363501	5.6261120543279155
553.4051469035019	97.77566021704564	5.830776372381402
571.2851469035018	97.85045113297829	6.005909636531089
589.1651469035019	97.92449413975156	6.199989083807811
607.045146903502	97.99704132820624	6.420868636730344
624.9251469035019	98.06884060750154	6.62323266160936
642.8051469035017	98.13839615931893	6.829112372212272
660.6851469035018	98.20795171113627	7.032381998909895
678.565146903502	98.27601144463496	7.244611136790267
696.4451469035018	98.34257535981502	7.463646904212262
714.3251469035017	98.40913927499498	7.712450649547251
732.2051469035018	98.4742073718564	7.900097018009582
750.0851469035019	98.53852755955845	8.094993528299392
767.9651469035018	98.60284774726051	8.31526393163105
785.8451469035017	98.66567211664392	8.513567521262692
821.6051469035019	98.78982503709207	8.941529674051173
857.3651469035017	98.91173423006225	9.375004418102723
893.1251469035019	99.03139969555446	9.808525432008096
928.8851469035017	99.14882143356871	10.28218559871862
964.6451469035019	99.2647473532643	10.799622696036202
991.2625734517508	99.35075690658684	10.293075800211133