0.01000000000021828	1.3999535158244722	1.1602111016644807
0.02000000000043656	2.672091485241659	2.510541708726044
0.03000000000065484	3.8500853316695163	3.443820401349309
0.04000000000087312	4.950591115187997	4.281459374366083
0.05000000000109139	5.984720488414357	5.030785302695431
0.06000000000130967	6.960772728982407	5.702929879042465
0.07000000000152795	7.885172870025508	6.307388975522785
0.08000000000174623	8.763052273163302	6.8543338500027575
0.09000000000196451	9.599148688413058	7.349004638150788
0.1009816608893743	10.473018732847958	7.840639112036438
0.1133032870638999	11.404047395754565	8.334814065709697
0.1271283790192683	12.39161475318066	8.827163515965042
0.1426403873247182	13.435905655678061	9.312297615548326
0.1600451469075779	14.535057525574663	9.784912835767772
0.1795736083513475	15.688032143199498	10.239929784608272
0.2014849024762953	16.89179564346059	10.671767123008427
0.2260697788424295	18.144022732338314	11.076615949146607
0.2536544638205669	19.44080068014549	11.449522013931952
0.2846049894233147	20.778661558465384	11.788883685640938
0.3193320503196446	22.15332179922386	12.091524454172145
0.3582964535089559	23.56058017590542	12.358382384094678
0.4020152329485427	24.99636665987845	12.588498282483021
0.4510685102795833	26.456257144871707	12.785805417158194
0.5061071926884324	27.9370839269494	12.95282819387133
0.5678616100522049	29.435001324374213	13.094757841055241
0.6371512059686211	30.948032520586402	13.21555942422903
0.7148954112781212	32.47324102760025	13.322299015137615
0.8021258443495753	34.01027057886759	13.422034832803435
0.900000000032378	35.55780357282315	13.520229341310033
1.009816608908295	37.11673350001658	13.622784982990732
1.13303287065537	38.68709373958674	13.734721442777365
1.271283790205416	40.27092333162113	13.861804126694972
1.426403873265372	41.86957244587586	14.007516872751314
1.60045146909215	43.485870302202194	14.176846547352104
1.795736083535303	45.12230213647378	14.370411846957175
2.014849024782961	46.781827969784565	14.589875460455179
2.260697788438847	48.46730359423146	14.83529908544302
2.536544638227497	50.181692269521406	15.107526760783628
2.846049894251337	51.92803319644402	15.40542696727021
3.193320503214636	53.70902199154164	15.728953222817967
3.582964535107749	55.52768063761633	16.075080709582277
4.020152329499979	57.38601021165549	16.44092814400846
4.510685102803109	59.28637488209632	16.824620979084013
5.061071926889781	61.230355507536764	17.224905220558693
5.67861610052023	63.22004326880044	17.6378011904434
6.371512059680754	65.2561331164514	18.059238353401398
7.148954112768479	67.3398172392821	18.48674593673563
8.02125844348484	69.47126858530848	18.91750809938277
9.000000000314685	71.65108716910396	19.3491747216335
10.09816608907022	73.87897146262759	19.779691102363607
11.33032870654279	76.1551227350312	20.205645855755566
12.71283790204871	78.4785420140607	20.623180577644742
14.26403873264826	80.84863827700728	21.030623374940475
16.00451469090876	83.26412489691506	21.425848160740742
17.95736083534575	85.72402316810484	21.80751359284599
20.14849024781688	88.22683884427936	22.17387619771773
22.60697788437392	90.77129266322274	22.524103554720902
25.36544638226405	93.35579255650075	22.857638538875353
28.46049894250791	95.97901699657382	23.17236225040112
31.93320503213545	98.63896406367192	23.46482332845422
35.82964535106476	101.33358384009446	23.73766222884442
40.20152329498887	104.06151730619646	23.993871457407124
45.10685102802745	106.82141774026827	24.231886350532456
50.61071926889599	109.61156462023474	24.449942739646627
56.78616100519685	112.43017505671132	24.649336743461863
63.71512059679299	115.27576177987639	24.83112701313356
71.48954112767751	118.14668656999505	24.995913333046666
80.21258443483384	121.04146705154587	25.143588490698125
90.00000000313776	123.9582670882837	25.276548929021892
100.9816608906967	126.89594926757242	25.397751341330174
113.3032870654242	129.85311296435825	25.50722955996348
127.1283790204798	132.8283459356753	25.60540335130653
142.6403873264735	135.82002543103405	25.692612098288585
160.045146909084	138.8264671880508	25.76843507684503
179.5736083534612	141.8455710197098	25.835289316908238