0.002777777554001659	11629.274542693465	8789.336547860323
0.005555555631872267	17671.93680507369	8646.524395766792
0.008333333360496908	21160.71916788211	8017.011637990811
0.01111111108912155	23235.74658628426	6227.235071419631
0.01388888899236918	24877.526521723757	7057.472011101675
0.01666666654637083	25333.576503790162	6327.469626229005
0.01944444444961846	27203.381430262343	6071.399959545958
0.02222222200362012	27659.431412328766	6318.3782728134875
0.02500000008149073	28366.308884531612	7850.925414585973
0.02777777781011537	29050.3838576313	6071.800906362462
0.03055555553874001	29757.261329834644	7795.743466593668
0.03333333344198763	30920.188784103964	6957.293099527531
0.03611111099598929	31376.23876617042	7264.384712694714
0.03888888889923692	31376.23876617042	6891.620943176699
0.04166666645323858	32539.166220439696	7334.434912418718
0.04444444453110918	32311.141229406498	7855.9275659984
0.04722222225973383	33018.01870160932	6475.4557301977675
0.04999999998835847	33474.068683675774	6418.373093751963
0.05277777789160609	33474.068683675774	6782.323525940117
0.05555555544560775	33930.11866574222	6686.275728244911
0.05833333334885538	34408.9711469124	5282.712697092003
0.06111111090285704	35093.04612001152	6994.260812989544
0.06388888898072764	35093.04612001152	6622.392961401328
0.06666666670935228	35093.04612001152	6316.440441447854
0.06944444443797693	35571.898601181696	6614.363886187281
0.07222222234122455	35571.898601181696	6572.527149142497
0.07499999989522621	36027.94858324753	6185.887438358559
0.07777777779847383	36027.94858324753	5787.3924065937745
0.0805555553524755	36027.94858324753	6129.446181564518
0.0833333334303461	36734.82605545095	5240.99987532761
0.08611111115897074	37190.87603751741	5743.091626738625
0.08888888888759539	37190.87603751741	5746.120702474112
0.09166666679084301	37190.87603751741	6794.6840533228415
0.09444444434484467	37669.72851868707	6467.053818949404
0.0972222222480923	37669.72851868707	6038.699109346141
0.09999999980209395	37669.72851868707	7111.782558828628
0.1027777778799646	37669.72851868707	6887.956792421961
0.1055555556085892	37669.72851868707	5632.674594003731
0.1083333333372138	38353.80349178666	6380.863955830143
0.1111111110658385	38353.80349178666	6086.488239184814
0.1138888887944631	38353.80349178666	5228.046604366155
0.1166666666977108	38832.65597295635	5563.493403646097
0.1194444442517124	39516.73094605599	6371.58148450499
0.122222222329583	38832.65597295635	6720.597342876318
0.1277777777868323	39516.73094605599	5900.584712295157
0.1333333332440816	39516.73094605599	5864.373366019373
0.1388888887013309	40223.608418258824	6895.809890442589
0.1444444445078261	39516.73094605599	6512.2963127380735
0.1499999999650754	40223.608418258824	6583.3190354751805
0.1555555555969477	39995.583427226185	7215.127744338171
0.1611111112288199	40679.65840032529	6841.14022286976
0.1666666666860692	41386.53587252864	6356.198517935916
0.1722222221433185	40679.65840032529	6997.464651410031
0.1777777776005678	41386.53587252864	6886.266412624932
0.183333333407063	41386.53587252864	5817.696222489437
0.1888888888643123	41842.58585459513	5878.6793091886375
0.1944444444961846	41842.58585459513	5656.526324463957
0.1999999999534339	41842.58585459513	7499.1794003497225
0.2055555555853061	42549.46332679795	6786.364629701446
0.2111111110425554	42777.488317831165	7255.253493350498
0.2166666664998047	42549.46332679795	7309.697326871632
0.2222222223063	43233.538299897074	7043.031348766216
0.2277777777635492	42777.488317831165	6399.214931981763
0.2333333333954215	43233.538299897074	7633.256014014451
0.2388888888526708	43233.538299897074	7284.4909605165485
0.2444444444845431	43950.478570401414	7036.429567637365
0.25277777784504	43233.538299897074	6352.0413540967875
0.2611111112055369	43950.478570401414	6840.632901726374
0.2694444443914108	43950.478570401414	6641.345021965456
0.2777777777519077	44416.61703066102	5785.09991904539
0.2861111111124046	44416.61703066102	6475.42506030061
0.2944444442982785	44672.99318380283	6859.638504035635
0.3027777778333984	45139.13164406238	5739.844591940141
0.3111111111938953	45372.20087419194	6451.699747654155
0.3194444445543923	45372.20087419194	5693.1758635039405
0.3277777777402662	45372.20087419194	6465.855570802084
0.3361111111007631	45861.64625746438	5675.509377342569
0.34444444446126	45372.20087419194	6933.305385282879
0.3527777776471339	46094.71548759337	5891.825734125316
0.3611111111822538	45861.64625746438	6410.002359026632
0.3694444445427507	46094.71548759337	6419.187119964399
0.3805555556318723	46094.71548759337	6130.65540014551
0.3916666665463708	46793.92317798254	5706.722437207232
0.4027777778101154	46793.92317798254	6901.567138193428
0.4138888888992369	46793.92317798254	5808.636577951759
0.4249999999883585	46793.92317798254	5861.832020037957
0.436111110902857	46793.92317798254	5591.841757018981
0.4472222223412246	47283.36856125442	6379.051339913612
0.4583333334303461	47516.437791383956	5864.273891546163
0.4694444443448447	47516.437791383956	7012.3435227670125
0.4805555556085892	47516.437791383956	5823.748545009022
0.4916666666977108	47982.576251643564	7309.763574388098
0.505555555515457	47982.576251643564	6935.907515250282
0.5194444445078261	48238.952404785916	5799.188961824139
0.5333333331509493	47982.576251643564	6342.5992882687815
0.5472222221433185	48938.16009517455	5752.963939893479
0.5611111111356877	48705.09086504556	6828.721135090477
0.5749999999534339	48938.16009517455	6894.963821197533
0.588888888945803	48938.16009517455	6624.488914059083
0.6027777777635492	48938.16009517455	7008.726403959542
0.619444444484543	49427.60547844688	6510.149023154912
0.6361111112055369	49660.67470857642	6886.093027751843
0.6527777777519077	49660.67470857642	6864.711799645185
0.6694444442982785	50359.88239896561	6136.7613937531805
0.6861111111938953	50359.88239896561	6191.1356985023795
0.7027777777402662	49660.67470857642	6836.396219304517
0.71944444446126	50359.88239896561	6656.897786708685
0.7361111111822538	50849.327782237466	7055.585083025881
0.7555555556318723	50359.88239896561	5605.252904348162
0.7750000000814907	51082.39701236703	5936.595789416472
0.7944444445311092	51082.39701236703	6750.98668493459
0.8138888889807276	51082.39701236703	6737.455899213738
0.8333333334303461	51315.46624249713	7082.001727158406
0.8527777778799646	51548.535472626616	5982.892108462852
0.8750000000582077	51781.60470275568	5636.815680490124
0.8972222222364508	51781.60470275568	6790.022292296982
0.9194444444146939	51781.60470275568	5697.563913290838
0.941666666592937	51781.60470275568	5700.6370259197765
0.963888888945803	52504.11931615764	6792.857718190543
0.9888888888526708	52504.11931615764	6856.733845951329
1.013888888934162	52504.11931615764	6087.001814950119
1.038888888841029	52504.11931615764	7635.700688552129
1.063888888747897	52504.11931615764	5759.8306452468705
1.088888889004011	53226.633929559	6475.254395960969
1.116666666639503	53226.633929559	6859.412148520488
1.144444444449619	53459.70315968906	6090.983955334381
1.172222222259734	53226.633929559	6143.465590711547
1.199999999895226	53226.633929559	6982.911000718545
1.227777777879965	53925.84161994815	6940.37525775142
1.258333333244082	53925.84161994815	6958.87034556168
1.288888888957445	53925.84161994815	6958.174015374403
1.319444444496185	53925.84161994815	6586.637346942641
1.350000000034925	54648.35623335008	6563.7466463779
1.383333333302289	54648.35623335008	6576.270886504289
1.416666666744277	55114.49469360924	6992.083883954732
1.450000000011642	54648.35623335008	6599.8765329682665
1.486111111182254	55114.49469360924	6611.779145752713
1.52222222200362	55347.56392373869	7009.908166456176
1.558333333348855	55114.49469360924	6262.528779024328
1.594444444344845	55347.56392373869	7840.040544811496
1.633333333244082	56070.078537140726	7815.7800547553625
1.672222222143319	56070.078537140726	6675.322238642698
1.711111111042555	56070.078537140726	6695.418544107068
1.75277777784504	56070.078537140726	6700.112278070386
1.794444444298279	56536.21699739973	7630.673165036557
1.836111111100763	56536.21699739973	6670.933546015717
1.880555555631872	56536.21699739973	6417.574981015576
1.924999999988359	56792.59315054265	6770.5135994575685
1.969444444344845	56536.21699739973	7899.935654880053
2.016666666779202	57258.73161080167	6529.303305206934
2.063888888864312	57491.80084093123	7235.743883588939
2.113888888852671	57258.73161080167	7592.491111233302
2.163888888841029	57981.246224203715	8424.91783760677
2.213888889004011	57981.246224203715	7204.116798634124
2.266666666546371	57981.246224203715	7210.147215837654
2.319444444437977	57981.246224203715	7204.49888439623
2.375000000058208	57981.246224203715	7218.808196057593
2.430555555678438	58680.45391459224	8104.982590640606
2.488888888852671	58680.45391459224	7629.299471576475
2.547222222201526	58680.45391459224	7399.554303504737
2.608333333453629	58680.45391459224	8178.91852782083
2.669444444531109	59402.96852799369	8535.121015561659
2.733333333337214	59869.10698825274	8139.352959258244
2.797222222143319	59169.89929786415	7069.466869078356
2.863888888852671	59869.10698825274	7787.577767153697
2.930555555562023	59869.10698825274	8567.76893202029
3.0	60591.6216016548	7022.653340397392
3.069444444437977	60591.6216016548	7022.527431968013
3.141666666779202	60591.6216016548	8175.062519100965
3.216666666499805	60591.6216016548	8174.144089159064
3.291666666744277	60591.6216016548	9336.910706927454
3.369444444542751	61290.82929204387	7822.173028391177
3.447222222341225	61290.82929204387	8243.26382761392
3.5277777776937	61290.82929204387	8991.115043481948
3.611111110949423	61780.27467531576	8983.700643487025
3.694444444554392	61780.27467531576	7863.74062696829
3.78055555553874	61780.27467531576	8294.473022220645
3.869444444251712	61780.27467531576	9393.143581274662
3.961111111042555	62479.48236570488	9405.105328902056
4.052777777833398	62735.858518847235	8283.607910869288
4.14722222200362	62479.48236570488	8282.99131159234
4.244444444251712	62479.48236570488	9072.392060328537
4.344444444403052	63201.99697910634	9059.358310925221
4.447222222283017	63201.99697910634	9075.175950539047
4.549999999988359	63924.51159250833	10179.792094725739
4.655555555596948	63668.13543936596	9096.905350718871
4.763888888934162	63924.51159250833	9090.686041813882
4.875	64390.650052767305	9832.06060309811
4.988888888794463	64390.650052767305	9074.129064791934
5.105555555492174	64390.650052767305	9076.195259361659
5.225000000093132	65113.16466616936	10220.894074087244
5.347222222248092	65113.16466616936	10610.89837632052
5.4722222223063	65812.37235655783	10283.442944102604
5.600000000093132	65113.16466616936	9917.408836189186
5.730555555608589	65812.37235655783	10295.192294775363
5.863888888852671	66301.81773982976	11041.618480114845
6.0	66301.81773982976	10288.983844148612
6.138888888701331	66301.81773982976	11099.311907574283
6.280555555655155	67001.02543021836	9929.989802902532
6.427777777891606	67001.02543021836	10346.572665219126
6.577777777856682	67001.02543021836	11090.423025232592
6.730555555550382	67467.16389047857	11518.550650832183
6.886111111147329	67467.16389047857	11525.825932577447
7.047222222201526	67467.16389047857	11541.968573818283
7.211111111158971	68189.67850387939	11135.464257838239
7.37777777784504	68422.74773400952	11137.255641811893
7.549999999988359	68912.19311728196	10010.403706085457
7.725000000034925	68912.19311728196	12328.376058037915
7.90555555553874	68912.19311728196	11221.43813535569
8.088888888945803	69378.33157754043	11195.291857337092
8.277777777810115	69611.40080767056	12390.050538216423
8.469444444403052	70100.84619094292	11992.07006406103
8.666666666453239	70100.84619094292	11268.635740926953
8.866666666755918	70100.84619094292	12439.952695521795
9.072222222341225	70800.05388133152	12419.246851110911
9.28333333338378	71522.568494733	11645.148971415967
9.500000000058208	71522.568494733	12468.507642926443
9.71944444446126	71522.568494733	12486.729010329393
9.944444444496185	71988.7069549921	12475.267987918587
10.17499999998836	71988.7069549921	12930.266380720022
10.41111111111241	71988.7069549921	12155.344209068797
10.6527777776937	72711.22156839404	13728.477109419782
10.90000000008149	72711.22156839404	13749.77814510428
11.15277777775191	73177.36002865314	12983.451546802893
11.41111111122882	73899.87464205505	12981.773906887647
11.67499999998836	73666.80541192545	12844.478683371759
11.94444444455439	73899.87464205505	14000.555138377658
12.2222222223063	74599.08233244429	14841.617360229664
12.50555555551546	74599.08233244429	13678.669750857232
12.79444444453111	74599.08233244429	12475.590752677559
13.09166666673264	75088.52771571609	13682.102502307309
13.39444444439141	75088.52771571609	14806.93849055308
13.70555555558531	75787.73540610468	14149.127162121205
14.02222222223645	76277.18078937706	15322.259680919073
14.34722222224809	76277.18078937706	15342.993201057792
14.68055555544561	77232.7646329087	15043.12744073549
15.01944444444962	77232.7646329087	16148.559645040217
15.3666666666395	77232.7646329087	14293.397058537892
15.72222222218989	77698.90309316764	16147.625315509064
16.08611111110076	77698.90309316764	15059.872702084269
16.45833333319752	78165.04155342672	16160.191320608095
16.83888888900401	78887.55616682871	16939.417526393016
17.22777777764713	79353.6946270878	4245.202196773172
17.627777777554	79353.6946270878	3673.6835766906092
18.03611111099599	79353.6946270878	3028.784450567752
18.45277777779847	80076.20924048917	1236.4450170758855