0.001388888864312321	0.17478633354227285	9.244493530777946
0.005555555457249284	2.0061020298073955	0.4406571497570269
0.006944444496184588	2.0802819061118005	0.4416336268850734
0.008333333360496908	2.1590980246852434	0.5337076478718822
0.00972222222480923	2.284276565948945	0.7978188620509785
0.01111111126374453	2.344547715446276	0.8783719904039116
0.01249999995343387	2.5207249216692484	0.726045672567224
0.01388888899236918	2.5809960711665796	1.0355896315095556
0.0152777778566815	2.6319947361258684	0.8091083393208328
0.01666666672099382	2.789626973272728	0.9231962568285911
0.01805555541068316	2.8452618805010377	0.9809861355866174
0.01944444427499548	2.900896787729348	1.2014379299514573
0.02083333348855376	2.9936216331098553	1.1369953585425563
0.02222222235286608	3.0446202980691437	1.1683857447089767
0.0236111112171784	3.1837075661399186	1.1205240067961804
0.02499999990686774	3.225433746561137	1.2542648679155204
0.02638888877118006	3.318158591941654	1.271385886449223
0.02777777781011537	3.355248530093852	1.2986534131121361
0.02916666667442769	3.396974710515088	1.122788539067745
0.03055555571336299	3.471154586819493	1.133956284928632
0.03194444440305233	3.5453344631239143	1.1895130215504885
0.03333333326736465	3.5916968858141725	1.071570094265237
0.03472222230629996	3.6241505816973483	1.1622364477360503
0.03611111117061228	3.661240519849556	1.2554019556996145
0.03749999986030161	3.6844217311946794	1.1573219377832626
0.03888888889923692	3.7678740920371445	1.0770438156667779
0.04027777776354924	3.7956915456513	0.9650974709188415
0.04166666680248454	3.8096002724583724	1.0088483909362145
0.04305555566679686	3.865235179686682	1.0130280099317992
0.0444444443564862	3.925506329184014	1.019899139299273
0.04583333339542151	3.9394150559910948	1.07082350622745
0.04722222225973383	3.9579600250671905	1.0140656934719527
0.04861111112404615	3.9765049941432933	0.9056395301909002
0.04999999981373549	3.9811412364123244	0.8922722518524192
0.05138888885267079	4.027503659102582	0.9054736778747728
0.05277777789160609	4.050684870447697	0.8379909789671248
0.05416666675591841	4.073866081792831	0.8186054818814624
0.05555555562023073	4.092411050868935	0.7376899285176736
0.05694444430992007	4.124864746752119	0.7539232212979655
0.05833333317423239	4.1387734735592	0.7541174778514714
0.0597222222131677	4.1573184426352965	0.7707016081825564
0.061111111252103	4.166590927173339	0.8030240794437536
0.06388888880610466	4.194408380787494	0.6666513406954833
0.06666666670935228	4.226862076670687	0.48189807849612737
0.06944444426335394	4.254679530284843	0.302102213307835
0.07222222216660157	4.277860741629958	0.21916207726755466
0.0750000000698492	4.305678195244113	0.09106254190640783
0.252777777670417	3.35988477236289	0.03381868655445205
0.2597222221666016	3.3645210146319124	0.10299537707371595
0.2666666666627862	3.35988477236289	0.10310850531532478
0.2736111111589707	3.3691572569009334	0.1266097323484059
0.2805555556551553	3.373793499169963	0.14985642835684845
0.2875000001513399	3.3784297414389854	0.17311697498925388
0.2944444444729015	3.383065983708007	0.18398859492881686
0.3013888889690861	3.387702225977045	0.18873215655479136
0.30972222215496	3.387702225977045	0.1900663009809861
0.3180555556900799	3.396974710515088	0.2132903509257257
0.3263888890505768	3.4016109527841185	0.2486622124436221
0.3347222220618278	3.4108834373221617	0.22975358611455987
0.3430555555969477	3.4155196795912	0.2309238135811373
0.3513888889574446	3.424792164129243	0.24215698834373936
0.3597222223179415	3.4201559218602213	0.24715393965516963
0.3680555555038154	3.4340646486672948	0.2500652824424959
0.3777777779032476	3.4433371332053553	0.2604327746977141
0.3874999999534339	3.4433371332053553	0.28435515410378304
0.3972222223528661	3.4572458600124194	0.2628458645809784
0.4069444444030523	3.466518344550472	0.29514375332658777
0.4166666668024845	3.466518344550472	0.3059451079505016
0.4263888888526708	3.471154586819493	0.29560996936730866
0.4375000001164153	3.4804270713575534	0.2650357428915154
0.4486111112055369	3.4896995558956045	0.2847895659979809
0.4597222222946584	3.494335798164626	0.26283374885594746
0.470833333209157	3.5036082827026864	0.26417233029439313
0.4819444444729015	3.512880767240729	0.2868115197056521
0.4944444446009584	3.512880767240729	0.2775437593332864
0.5069444445543922	3.5314257363168413	0.2550077347412782
0.5194444445078261	3.5453344631239143	0.2749386790069165
0.53194444446126	3.5453344631239143	0.2858520689791185
0.5444444445893168	3.5406982208548836	0.26752483925431614
0.558333333407063	3.5453344631239143	0.2793649446897432
0.5722222222248092	3.549970705392936	0.29093449620755746
0.5861111112171784	3.559243189930996	0.2693594843760171
0.5999999998603016	3.568515674469039	0.26848493551620495
0.6138888888526708	3.5777881590070906	0.30144717167462187
0.6291666667093523	3.5777881590070906	0.2706840069346314
0.6444444445660338	3.5870606435451338	0.26111355597086494
0.6597222220734693	3.596333128083194	0.28207922769940547
0.6750000001047738	3.596333128083194	0.3033397072241228
0.6916666666511446	3.610241854890267	0.31568719770933207
0.7083333333721384	3.6195143394283273	0.30503711606619593
0.7250000000931323	3.6195143394283273	0.3163089828964353
0.7430555555038154	3.62878682396637	0.317125148288672
0.7611111112637445	3.642695550773443	0.30512440003483954
0.7791666666744277	3.6473317930424822	0.3278519956354805
0.7972222222597338	3.6566042775805245	0.32875479205319413
0.8166666667093523	3.6658767621185766	0.32858308198753583
0.8361111111589707	3.670513004387599	0.3503230904103288
0.8555555556085892	3.679785488925658	0.3287536795469121
0.87638888892252	3.679785488925658	0.3185050754888389
0.8972222220618278	3.693694215732732	0.34029387586641646
0.9180555553757586	3.702966700270775	0.3412327467778775
0.9402777779032476	3.7076029425398134	0.3312591371305537
0.9624999999068677	3.7168754270778566	0.3309149854896058
0.9847222222597338	3.726147911615908	0.3418392247543985
1.008333333302289	3.7354203961539687	0.34214497942247524
1.031944444519468	3.7446928806920114	0.33137031675768497
1.056944444600958	3.7493291229610417	0.3419457270524359
1.081944444507826	3.753965365230063	0.3758745541676232
1.106944444589317	3.7632378497681236	0.3535060976232266
1.133333333360497	3.772510334306166	0.36458484254783335
1.1597222223063	3.7817828188442175	0.3648036810747483
1.187500000116415	3.786419061113239	0.3541126428960171
1.215277777751908	3.8003277879203208	0.37574011760392323
1.244444444600958	3.8096002724583724	0.36546691308775703
1.273611111100763	3.8096002724583724	0.3655639166483024
1.304166666814126	3.823508999265454	0.36571681424841784
1.334722222352866	3.837417726072528	0.39926773350471695
1.366666666755918	3.842053968341549	0.37666916459730115
1.398611111158971	3.855962695148631	0.388379430936034
1.431944444600958	3.860598937417653	0.38856858736775
1.465277777868323	3.865235179686682	0.4000198269546438
1.5	3.883780148762786	0.3889558727804903
1.5347222223063	3.8884163910318077	0.37859758493704865
1.570833333302289	3.8976888755698584	0.4006696319936399
1.608333333162591	3.9023251178388807	0.40133272895944033
1.645833333372138	3.920870086914983	0.3902251805456999
1.684722222271375	3.920870086914983	0.4135466040198701
1.723611111170612	3.9347788137220565	0.40218470002805495
1.763888888759539	3.9440512982601166	0.41356349473248527
1.805555555562023	3.9533237827981687	0.4355942007251171
1.847222222364508	3.9625962673362114	0.4138474655538666
1.890277777856682	3.9672325096052505	0.4138869258186827
1.934722222213168	3.9765049941432933	0.4366744184809178
1.980555555608589	3.990413720950367	0.42591550411117507
2.026388889004011	3.9996862054884263	0.4372386517768743
2.073611111263745	4.0135949322955	0.4598613016489905
2.122222222213168	4.02286741683356	0.437029933939975
2.172222222201526	4.032139901371603	0.43719825773688564
2.223611111054197	4.046048628178676	0.45638978848859557
2.274999999906868	4.0553211127167375	0.45677822751471553
2.327777777798474	4.059957354985759	0.4579945945953751
2.381944444554392	4.078502324061853	0.49607152885219113
2.4375	4.078502324061853	0.4410307463073877
2.49444444430992	4.101683535406986	0.49660393745252035
2.552777777658775	4.110956019945046	0.4779165263138238
8.040277777821757	4.6951225458422705	0.6054022419965573
8.226388888957445	4.71366751491837	0.5282565513760534
8.416666666511446	4.72293999945643	0.5479599151567397
8.61111111100763	4.741484968532523	0.5293525853153389
8.809722222271375	4.755393695339605	0.5297476071713545
9.01388888899237	4.760029937608626	0.5889553132340792
9.2222222223063	4.773938664415699	0.5697867405557401
9.436111111252103	4.78321114895376	0.5899528992390467
9.654166666790843	4.797119875760831	0.5905792599518837
9.87777777761221	4.820301087105962	0.5766558494862525
10.10694444458932	4.820301087105962	0.5542716197769719
10.34027777781012	4.834209813913046	0.5776044242270943
10.57916666666279	4.848118540720113	0.5432176692015818
10.82361111097271	4.862027267527185	0.5660540944044591
11.07361111126375	4.880572236603296	0.5630844787690168
11.32916666666279	4.889844721141339	0.5810492395147934
11.59166666655801	4.903753447948421	0.5836543961790978
11.85972222225973	4.9176621747554945	0.5740681581141521
12.13333333341871	4.926934659293554	0.557982436864325
12.41388888889924	4.936207143831603	0.5727518553574346
12.70138888905058	4.9547521129077134	0.5751939167473226
12.99444444430992	4.959388355176732	0.5511867241490453
13.29444444458932	4.9779333242528265	0.5650220919345211
13.60138888901565	4.996478293328938	0.5441928631812274
13.91527777776355	4.996478293328938	0.5134459796978875
14.23749999987194	5.019659504674062	0.5133348598274194
14.56666666665115	5.028931989212112	0.5138738073705316
14.90277777775191	5.038204473750174	0.4827247518539797
15.24722222221317	5.0567494428262725	0.46158460304209353
15.5999999998603	5.061385685095292	0.48322480471535184
15.96111111121718	5.075294411902373	0.4625664991180598
16.33055555541068	5.079930654171394	0.45219595444481
16.70833333348855	5.098475623247505	0.43123007135473146
17.09444444440305	5.103111865516527	0.4214488194784903
17.48888888885267	5.107748107785548	0.4215802777275761
17.89305555570172	5.117020592323601	0.3905706534733924
18.30694444460096	5.130929319130681	0.380010480060801
18.72916666651145	5.130929319130681	0.37004159304970996
19.16111111117061	5.130929319130681	0.339098113818937
19.60416666656965	5.149474288206775	0.34953003179157144
20.05694444436813	5.158746772744834	0.317938201099886
20.52083333325572	5.158746772744834	0.3399294100395965
20.99444444436813	5.168019257282885	0.2977009461965268
21.47916666656965	5.181927984089967	0.29757807179917833
21.9749999998603	5.181927984089967	0.3088130382758175
22.48194444458932	5.191200468628016	0.28757184782063955
23.00138888892252	5.195836710897038	0.27752965589732276
23.53194444451947	5.200472953166067	0.29918540463762355
24.07500000006985	5.205109195435087	0.29925224422630026
24.63055555557367	5.214381679973146	0.24589111210354506
25.19861111120554	5.214381679973146	0.24661716969989544
25.78055555565516	5.22829040678022	0.2787835290137802
26.37638888892252	5.22829040678022	0.29042735225227045
26.98472222231794	5.232926649049241	0.26945723996220505
27.60833333339542	5.2421991335873015	0.3019936194079924
28.24583333346527	5.2421991335873015	0.3028729436070621
28.89722222235287	5.251471618125343	0.324829701369465
29.56388888892252	5.260744102663395	0.357804173496698
30.24583333317423	5.260744102663395	0.3585175728790288
30.94444444449619	5.2561078603943745	0.3598427560236281
31.65833333332557	5.2653803449324155	0.3707465420107812
32.38888888905058	5.2792890717394965	0.3712427014792953
33.13611111097271	5.293197798546576	0.39295488542382206
33.90138888900401	5.297834040815608	0.42662223688554374
34.68333333340706	5.311742767622677	0.404795438402902
35.48333333339542	5.321015252160728	0.4490775729829805
36.30277777765878	5.33492397896781	0.4494062458599319
37.14027777785668	5.353468948043904	0.44942223726223496
37.99722222215496	5.358105190312944	0.49428097819407074
38.8736111112521	5.367377674850986	0.516379157338504
39.77083333348855	5.3720139171200145	0.5286490993738587
40.68888888886431	5.385922643927097	0.5182736367848529
41.62777777790325	5.395195128465138	0.5194219576069288
42.58888888877118	5.4137400975412495	0.5416853516009832
43.5722222221666	5.4137400975412495	0.5098436879147169
44.57777777791489	5.432285066617348	0.5325035933033715
45.60694444435649	5.44155755115539	0.5111921647768689
46.65972222236451	5.450830035693452	0.5128130996576766
47.73611111106584	5.469375004769544	0.5011775781648434
48.83750000002328	5.474011247038584	0.5251724426841976
49.96388888871297	5.487919973845656	0.5367013557170631
51.11666666669771	5.497192458383699	0.5380784646495693
52.29583333345363	5.511101185190779	0.5500836714486025
53.50277777767042	5.5250099119978575	0.5286306254260222
54.73749999987194	5.5250099119978575	0.5756249449413519
56.00000000005821	5.54355488107396	0.5422106489504713
57.29166666656965	5.5481911233429875	0.5437542237794103
58.61388888896909	5.566736092419093	0.5671047276521581
59.96666666655801	5.566736092419093	0.5469315186020608
61.3499999998603	5.585281061495186	0.5582927458334211
62.76527777791489	5.5945535460332465	0.5716103486900799
64.21388888871297	5.608462272840318	0.572352887982724
65.69583333330229	5.622370999647398	0.5618904583854437
67.21111111115897	5.631643484185451	0.5661902167958214
68.7611111109727	5.650188453261558	0.6044142314614326
70.3472222223063	5.654824695530579	0.580607047681181
71.96944444446126	5.664097180068631	0.5937975896366257
73.62916666665114	5.682642149144732	0.574627540086565
75.32777777791489	5.691914633682783	0.6101218123489945
77.06527777790325	5.701187118220825	0.5981677452556903
78.84305555565516	5.719732087296937	0.613143637776358
80.6624999998603	5.729004571834979	0.61318332356683
82.52361111121718	5.73827705637304	0.5923479833514671
84.4277777778916	5.74754954091109	0.6110763393288169
86.37500000005821	5.766094509987199	0.600417912734657
88.36805555562023	5.780003236794272	0.5915998454995158
90.40694444440305	5.789275721332313	0.6148291942856302
92.49305555562023	5.7985482058703735	0.6053926996463359
94.62638888892252	5.807820690408426	0.5973050911419313
96.80972222221317	5.821729417215508	0.6095978239227491
99.0430555556668	5.83563814402258	0.6107013996509262
101.3277777777985	5.849546870829661	0.5906435312427032
103.6652777778218	5.863455597636732	0.6030767560774482
106.056944444601	5.868091839905759	0.6171383467392431
108.5027777776122	5.886636808981861	0.6061231341182612
111.0055555554573	5.891273051250883	0.6104491656340272
113.5666666666511	5.905181778057955	0.6068851379211665
116.1861111111939	5.919090504865037	0.611077135506581
118.8666666668141	5.923726747134065	0.6297586364075987
121.6083333331626	5.937635473941149	0.6332905159827796
124.4138888890157	5.951544200748218	0.6239723561805528
127.2833333333256	5.960816685286261	0.6362843715893568
130.2194444445195	5.9700891698243215	0.6621667743654028
133.2236111111124	5.983997896631401	0.6528611689715882
136.2958333334536	5.997906623438483	0.6306573691732731
139.4388888889225	6.002542865707501	0.9749795650797253
142.655555555597	6.0210878347835965	0.6537462855037353