0.01666666654637083	0.7700931583009878	1.5221034884732985
0.03333333326736465	1.8247859620609452	4.8106483788981835
0.04999999998835847	4.553594327344655	6.532046772328044
0.06666666636010632	6.390099098336218	8.496621604721312
0.08333333325572312	8.648480990831727	9.058570717609147
0.09999999980209395	10.138443840587911	8.54011650519667
0.1166666665230878	11.499499792106725	8.687059684266357
0.1333333332440816	12.639572489504395	8.578583940690308
0.1499999999650754	13.650738288664696	8.633779627477415
0.1666666665114462	14.561457154133663	8.723058872474915
0.1833333330578171	15.396840819334006	8.836924109362275
0.1999999999534339	16.166933977634997	8.954920482008918
0.2166666664998047	16.88512955352859	9.077537073211753
0.2333333332207985	17.559798124822724	9.208112877530603
0.2499999999417923	18.197636153763206	9.341287880855276
0.2666666666627862	18.801991871473373	9.476857524891729
0.283333333209157	19.377887624637527	9.606249107524167
0.2999999997555278	19.928671644378785	9.764735913082388
0.3166666666511446	20.45601804625884	9.894221689211149
0.3333333331975155	20.96829740808512	10.047868314883589
0.3499999999185093	21.457139152050008	10.19313222621449
0.3666666666395031	21.930913855961222	10.3483804128793
0.3833333330112509	22.391295635380217	10.47869751125806
0.3999999999068677	22.83828449030705	10.62959039644752
0.4166666664532386	23.273554536303337	10.783025850550352
0.4333333331742324	23.695431657807216	10.929414343140476
0.4499999998952262	24.107264085942152	11.067024715157645
0.46666666661622	24.51072593626932	11.206243762954792
0.4833333333372138	24.904143093227425	11.34854037329644
0.4999999997089617	25.287515556816327	11.484017851970517
0.5166666666045785	25.664191558159207	11.617567748342868
0.5333333331509493	26.030822866132887	11.755708710851104
0.5499999998719431	26.39243182742208	11.884055201964083
0.566666666592937	26.745670210903484	12.020193510766939
0.5833333333139308	27.093886247700464	12.149516704607116
0.5999999998603016	27.43540582225137	12.27940363476452
0.6166666664066724	27.77022893455606	12.39887239770324
0.6333333333022892	28.100029700176286	12.532150379934428
0.6499999998486601	28.424808119111894	12.650186025473335
0.6666666665696539	28.742890075801387	12.770251435095537
0.6833333332906477	29.055949685806365	12.889754834174576
0.7000000000116415	29.367335180249768	13.008316726600604
0.7166666665580124	29.67035009688551	13.120705187699816
0.7333333331043832	29.970016782398336	13.223819509279197
0.7666666665463708	30.55763134449318	13.45322628383881
0.7999999999883585	31.12850475097277	13.656913152195962
0.8333333332557231	31.682637001837087	13.863681161408703
0.8666666665230878	32.225050443770805	14.05167104417595
0.8999999999650754	32.752396845650786	14.243432343585031
0.9333333330578171	33.268024438600065	14.430120713273451
0.9666666664998047	33.770259107057235	14.6015002948152
0.9999999999417923	34.26244908214517	14.772836450584245
1.033333333209157	34.74292024830258	14.93452546694585
1.066666666651145	35.211672605529166	15.105145481683646
1.099999999918509	35.67372850050971	15.254291799025582
1.133333333011251	36.124065586559624	15.401620549930835
1.166666666453239	36.56603209480189	15.559848542940133
1.199999999895226	37.00130214079805	15.704201438879693
1.233333333337214	37.42485337786353	15.836908588517145
1.266666666604579	37.841708152683	15.977759175791531
1.299999999871943	38.25354058081781	16.122115941168538
1.333333333313931	38.65532831558355	16.251125300638922
1.366666666406672	39.0504195881031	16.393178687661198
1.39999999984866	39.43881439837666	16.544064884864117
1.433333333290648	39.822186861965626	16.687276126372055
1.466666666558012	40.20053697886996	16.821069118078793
1.516666666546371	40.756343345295825	17.03011731757015
1.566666666360106	41.302105018352584	17.246273162827986
1.616666666523088	41.83614788247865	17.44805830861132
1.666666666511446	42.36014605323557	17.64364086842281
1.716666666499805	42.87242541506188	17.833612174877064
1.766666666662786	43.376334199080546	18.010028761962193
1.816666666651145	43.87019828973004	18.182167532311418
1.866666666639503	44.35569180257185	18.345135752532997
1.916666666453239	44.83114062204459	18.508106637653253
1.96666666661622	45.29821886370983	18.667089468059064
2.016666666604579	45.75692652756732	18.81682997637671
2.066666666592937	46.20726361361714	18.96868235052175
2.116666666406672	46.65090423742101	19.11126664176494
2.166666666569654	47.086174283417165	19.25582030177066
2.216666666558012	47.51642198272878	19.389333427499007
2.283333333267365	48.07725069583919	19.567549395503452
2.349999999802094	48.62803471558055	19.74758490172299
2.416666666511446	49.167099926391195	19.929372416903472
2.483333333220799	49.694446328271106	20.08719088509009
2.549999999755528	50.211748036782076	20.240918096134287
2.616666666639503	50.72067916748528	20.402752509864854
2.683333333174232	51.22123972038077	20.55862853641247
2.749999999708962	51.708407348784206	20.716658602089254
2.816666666592937	52.192226746064605	20.86392276942739
2.883333333302289	52.662653218852824	21.01527966941794
2.950000000011642	53.12973146051793	21.149775756557794
3.033333333267365	53.70060486699746	21.314994848674594
3.116666666523088	54.26143358010803	21.493745168308973
3.199999999953434	54.80886936872627	21.659896624648944
3.283333333209157	55.346260463975355	21.807044875400315
3.366666666639503	55.873606865855265	21.960724461419154
3.449999999895226	56.39090857436614	22.109372412888263
3.533333333150949	56.899839705069354	22.24553818249594
3.616666666406672	57.39872614240341	22.390189988452967
3.716666666558012	57.98634070449828	22.56322251300579
3.816666666360106	58.56223645766251	22.72342861787986
3.916666666511446	59.126413401896016	22.88470992977013
4.016666666662786	59.678871537198866	23.035863299132867
4.116666666639503	60.23132967250164	23.174033641455107
4.21666666661622	60.755327843258584	23.323049274601217
4.316666666592937	61.27765189845399	23.46612124582883
4.416666666569654	61.79160537584182	23.594172309607128
4.533333333267365	62.37921993793668	23.74993299137037
4.649999999965075	62.95344157553933	23.853422559230676
4.766666666662786	63.517618519772796	24.01826981577016
4.883333333011251	64.0717507706372	24.151029988348927
4.999999999708962	64.61249009700931	24.280844995585973
5.116666666406672	65.14485884557384	24.39725477173441
5.25	65.74084398547635	24.52897049754923
5.383333333244082	66.32176208532508	24.66121711267167
5.516666666662786	66.89263549180468	24.772296908237806
5.649999999906868	67.45346420491518	24.898335284407757
5.783333333150949	68.0008999935334	25.010480833180857
5.933333333290648	68.60358159568202	25.131523614332576
6.083333333255723	69.19621850446136	25.256848572557914
6.233333333220799	69.77378837318703	25.37295991105768
6.383333333011251	70.34131354854355	25.47931969108387
6.533333333150949	70.89711991496958	25.583167762444813
6.700000000011642	71.5014756326796	25.700169542027023
6.866666666523088	72.09243842589744	25.682789677142367
7.033333333209157	72.67168241018472	25.912698910373138
7.199999999895226	73.23920758554128	26.00830653143047
7.366666666406672	73.7933398364056	26.103699881650176
7.549999999988359	74.39099909186955	26.19594650540571
7.733333333220799	74.95015368941854	26.29237727744169
7.916666666453239	75.54948706044404	26.362932893883723
8.099999999860302	76.11031577355442	26.44764024959255
8.299999999988358	76.70964914457994	26.541576545182014
8.499999999941792	77.29391547555181	26.608129290615146
8.699999999895226	77.86646299759285	26.803061177691916
8.916666666569654	78.47081871530305	26.710835314016002
9.133333333244082	79.06512973964384	26.66027964639023
9.34999999991851	79.6460478394927	26.456021655522004
9.566666666592937	80.21022478372616	26.387233076025836
9.799999999988358	80.80788403919009	26.302873927232994
10.03333333320916	81.3821056767928	26.231324351498703
10.26666666660458	81.92786734984955	26.109137667078414
10.51666666654637	82.46860667622168	26.05009967038892
10.76666666666279	83.02273892708608	26.019523093571657
11.01666666660458	83.56515236901973	25.953389792312585
11.28333333326737	84.12932931325328	25.965060741128624
11.54999999975553	84.67341687074848	26.04141969724154
11.81666666659294	85.2208526593668	26.265253634022834
12.09999999980209	85.79005195028473	26.368445392741222
12.38333333301125	86.34418420114919	26.455359619311785
12.68333333329065	86.92342818543642	26.56208465767705
12.9833333332208	87.48760512966992	26.69010402929158
13.28333333315095	88.04173738053429	26.743740257595253
13.59999999980209	88.61261078701388	26.80260464839958
13.91666666645324	89.16841715343975	26.862388599564024
14.25	89.74263879104248	26.89426505103641
14.58333333319752	90.30179338859129	26.9312760198718
14.93333333329065	90.87601502619394	26.938254212659416
15.28333333320916	91.43851785486599	26.951080927156934
15.64999999984866	92.01273949246867	26.963278967631798
16.01666666666279	92.57356820557906	26.95552559544178
16.39999999984866	93.1461157276202	26.968893677679162
16.78333333320916	93.70192209404597	26.9605136982421
17.18333333329065	94.26944726940263	26.936927109470556
17.58333333319752	94.82190540470549	26.90986573838207
18.0	95.38273411781587	26.879395391153786
18.41666666645324	95.93351813755721	26.845821886240415
18.84999999980209	96.48932450398316	26.82047882708253
19.29999999987194	97.05182733265507	26.78548634944497
19.74999999994179	97.59926312127335	26.748004125068885
20.21666666655801	98.15339537213765	26.706405071614824
20.68333333317423	98.69413469850994	26.645041825499312
21.16666666651145	99.23989637156662	26.589726793018478
21.66666666656965	99.79068039130792	26.53463718995644
22.16666666645324	100.3263973709955	26.4803473084729
22.68333333305782	100.8654625818062	26.420176417397855
23.21666666655801	101.40787602373993	26.349240313878948
23.76666666660458	101.95196358123506	26.265899326196138
24.31666666665115	102.48265821423814	26.181425592618613
24.88333333324408	103.01502696280274	26.097989571684952
25.46666666655801	103.5490698269288	26.014938069760806
26.06666666659294	104.08311269105494	25.939230922596053
26.68333333317423	104.6154814396194	25.836479361451016
27.29999999975553	105.1344572636918	25.745241735020475
27.93333333305782	105.6534330877641	25.644980006672707
28.58333333325572	106.17240891183647	25.5426810141114
29.25	106.69305885147044	25.4453729766493
29.93333333329065	107.2070123288582	25.33535991864711
30.63333333330229	107.7226399218075	25.250438976591624
31.3499999998603	108.23491928363389	25.137844579443318
32.08333333331393	108.74552452989853	25.03767195295387
32.83333333331393	109.25445566060174	24.92417356595295
33.5999999998603	109.75669032905891	24.829380426156117
34.38333333330229	110.26227322863895	24.714749051626427
35.18333333329065	110.75948555041167	24.611375106965717
36.0	111.25669787218422	24.50138672254808
36.83333333325572	111.75056196283357	24.375792559925873
37.68333333305782	112.23940370679854	24.275855466508357
38.56666666665115	112.73326779744806	24.15010850787782
39.46666666661622	113.22378365697458	24.041743070980047
40.38333333330229	113.70927716981652	23.912381456113263
41.31666666636011	114.1880742204122	23.78417537355332
42.28333333320916	114.67189361769255	23.668534680872384
43.26666666660458	115.15236478384995	23.55040673145783
44.26666666654637	115.62613948776122	23.430230430408027
45.29999999975553	116.1015883072339	23.29955303405428
46.3499999998603	116.5720147800221	23.185774697459305
47.43333333305782	117.04578948393336	23.061393700494225
48.53333333315095	117.51286772559838	22.92093510368604
49.66666666651145	117.98162008282512	22.822082936906792
50.81666666659294	118.44200186224415	22.70706537924191
51.99999999994179	118.90405775722472	22.580616825386723
53.20000000001164	119.35941718995915	22.460519983675358
54.43333333317423	119.81310250713209	22.342587340534642
55.69999999995343	120.27348428655101	22.21301351091789
57.0	120.72884371928549	22.095322404013526
58.31666666659294	121.17583257421242	21.975014689394264
59.66666666645324	121.62449554470076	21.85192624235116
61.04999999975553	122.07148439962761	21.74079513388159
62.46666666649981	122.51512502343142	21.591441371804002
63.91666666651145	122.95709153167368	21.468602593611635
65.39999999996508	123.39738392435441	21.3397853625065
66.91666666651145	123.83432808591213	21.213688867897723
68.4666666664998	124.26959813190828	21.081582685000264
70.04999999975553	124.70151994678136	20.96420982539986
71.66666666645324	125.13176764609294	20.84030839902652
73.33333333331393	125.56034122984313	20.713999191997907
75.03333333326736	125.98891481359317	20.589047184174284
76.76666666666279	126.41246605065875	20.471566869398846
78.54999999987194	126.83769140328573	20.36140071298627
80.36666666652309	127.25789440922826	20.23591353601097
82.23333333333721	127.67809741517065	20.130638050011108
84.13333333324408	128.0932780744285	20.001441351407617
86.08333333331393	128.51013284924798	19.88049232940837
88.08333333319752	128.9269876240674	19.746900981702016
90.11666666652309	129.33714593664064	19.63844484920433
92.20000000001164	129.74730424921393	19.524653735382266
94.33333333331393	130.15411433066427	19.40630329638879
96.51666666660458	130.55925029655302	19.27458978455132
98.74999999970896	130.9610380313188	19.152435847601673
101.033333333151	131.364499881646	19.028006936647778
103.3666666664067	131.76461350085017	18.9131379187302
105.7666666665464	132.16305300449287	18.77952331780271
108.2166666664998	132.55814427701245	18.667549434530542
110.7166666666162	132.95323554953208	18.55687940102488
113.2833333332674	133.3449785909285	18.435063371163395
115.8999999999069	133.73672163232513	18.327393017877707
118.5833333332557	134.1217682114755	18.245546982614844
121.3333333333139	134.51016302174915	18.192536300786443
124.1333333330113	134.89353548533808	18.12785291510415
126.9999999999418	135.27690794892692	18.07316905766841
129.9333333330578	135.6602804125159	17.992936553361677
132.9333333330578	136.04532699166643	17.952482272431773
135.9999999999418	136.4337218019399	17.881541720862348
139.1499999999069	136.82211661221345	17.81638794742151
142.3666666664067	137.20716319136392	17.759296851366
145.6499999999651	137.5871874238297	17.69487357079596
149.0166666666046	137.96888577185712	17.61518470020875
152.4666666664998	138.3472358887615	17.489569741642363
155.9833333331044	138.72223777454283	17.374500879031213
159.5833333333139	139.09891377588562	17.25232639476049
163.2666666666046	139.47391566166698	17.146994580114495
167.033333333151	139.8472434318869	17.036627464674684
170.8999999998487	140.21554885542207	16.93582261665971
174.8499999998021	140.58385427895726	16.806812211813703
178.8833333330113	140.94713735580788	16.67265407407427
183.0166666665464	141.31042043265853	16.548391199183904
187.249999999709	141.67370350950924	16.426311182069167
191.5833333331975	142.03531247079826	16.338589990416818
196.0166666666628	142.38855085427997	16.216591813369487
200.5499999997555	142.74178923776137	16.122093007462034
205.1833333331742	143.09502762124288	16.00869609502343
209.9166666665697	143.44659188916296	15.913853476690397
214.7666666666628	143.79983027264439	15.814592516574871
219.7333333331044	144.14637219387978	15.728710481541944
224.8166666665929	144.4945882306768	15.653236721210874
230.0166666666046	144.8377819207891	15.575861756009116
235.3333333333139	145.18432384202447	15.504780679825897
240.7666666665464	145.527517532137	15.392510013040146
246.3333333331975	145.8656888755647	15.324983139982097
252.0166666665464	146.20553433455402	15.234865290418384
257.8333333333139	146.54537979354345	15.193388313903839
263.783333333151	146.88522525253265	15.091501746609554
269.8666666664067	147.21670013371445	15.015512535523543
276.0999999998021	147.55152324601917	14.951634972546936
282.4833333333372	147.88299812720084	14.883760127621558
288.9999999999418	148.2194953550672	14.802283571809925
295.6666666665115	148.54594788956427	14.713841074055791
302.4999999999418	148.8757486551845	14.686104958721144
309.4833333333372	149.20220118968155	14.607807407983875
316.6333333332441	149.5303278397402	14.563921143740886
323.9500000000116	149.85510625867576	14.484782011423961
331.4333333332907	150.17821056204986	14.414953724200036
339.0833333332557	150.50633721210852	14.325259197759538
346.9166666664532	150.8260932843596	14.244170100291118
354.9166666665115	151.14919758773365	14.133160085366596
363.1166666665231	151.47062777554626	14.024055965553755
371.4999999999418	151.78368738555116	13.929304350065385
380.0833333333139	152.09507287999458	13.833924138870596
388.8499999999185	152.40478425887645	13.734085108161157
397.8333333331975	152.70947329107383	13.60904746880895
407.0166666666046	153.01081409214814	13.482022795329662
416.4166666665115	153.31382900878387	13.397664119590658
426.0333333332674	153.62186627210426	13.301338511294912
435.8666666665231	153.91985884205545	13.19575185774657
445.9333333331742	154.21617729644527	13.115680891594254
456.2166666664998	154.50914751971186	13.034566257591052
466.7499999999418	154.80379185853997	12.962037135863865
477.5166666666046	155.09341385068362	12.861113316572986
488.5333333332092	155.37968761170416	12.804185895720314
499.7999999997555	155.66596137272475	12.659611530821499
511.3333333333139	155.94888690262235	12.669180724003207
523.1333333330113	156.23516066364286	12.5856177622631
535.1999999998952	156.51976030910183	12.54516707091814
547.5499999999884	156.80435995456097	12.491680371062726
560.1833333332906	157.06719609772023	12.445156108812506
573.1166666665231	157.36184043654822	12.37765066588941
586.3333333333139	157.6363953886383	12.319064496456257
599.8666666664067	157.91597268741268	12.274675352351661
613.6999999999534	158.18885352394105	12.231781211270011
627.8666666665231	158.463408476031	12.241683578493253
642.3499999999185	158.7295928503133	12.149578727660975
657.1666666665114	159.00079957128008	12.132068704482277
672.3333333331975	159.2736804078084	12.08564108743479
687.8499999998021	159.54656124433686	12.026139305368272
703.7166666664998	159.80939738749612	12.15524915662608