0.002777778077870607	0.1924647984872568	0.021046623948167437
0.005555555806495249	0.21988585848678344	0.05807018611273612
0.008333333535119891	0.2478242969768706	0.11695491342205416
0.01111111126374453	0.2912840901836785	0.1847908576739915
0.01388888899236918	0.3383655328243813	0.24944299390011926
0.0166666668956168	0.38958600338953964	0.2832385283198851
0.01944444444961846	0.43356317508689823	0.34825885637673076
0.02222222252748907	0.4873705381048499	0.40347319055775965
0.02500000025611371	0.5349693592361037	0.40323784892880027
0.02777777798473835	0.57739439546179	0.4421216580093851
0.03055555571336299	0.6280974875363976	0.4861434042331929
0.03333333344198763	0.6705225237620841	0.5393392870402618
0.03611111134523526	0.7124301814972203	0.563730524681631
0.03888888889923692	0.7574421101756903	0.5998656246573353
0.04166666697710753	0.800384524891937	0.6458746331917468
0.04444444470573217	0.8417748041365124	0.6947391607786069
0.04722222243435681	0.8847172188527597	0.7476338962053679
0.05000000016298145	0.9302465260217906	0.7663463118273937
0.05277777789160609	0.9752584547002605	0.7850743149850492
0.05555555579485372	1.0125097060203803	0.8249385708454625
0.05833333334885538	1.0513130928121717	0.8305186574532449
0.061111111252103	1.0968423999812025	0.9088843431509553
0.06388888915535063	1.136163165263545	0.9432725046512441
0.06666666688397527	1.1749665520553267	0.9817270985859379
0.06944444461259991	1.2220479946960294	0.9942869013122829
0.07222222234122455	1.258264489035028	1.0371583058185445
0.07500000024447218	1.2965504973362687	1.0981643220475694
0.07777777779847383	1.336388641109162	1.1405145475824796
0.08055555570172146	1.3757094063915045	1.1448793145412044
0.08333333360496908	1.4186518211077517	1.191095581089307
0.08611111133359373	1.4646985067673428	1.2347221377484046
0.08888888906221837	1.496775973181886	1.2688290501138886
0.09166666679084301	1.5345446029925662	1.2763038910599371
0.09444444469409063	1.5728306112937869	1.2949216254028646
0.0972222222480923	1.6111166195950282	1.3052575038511327
0.1000000001513399	1.6535416558207143	1.3319476283909464
0.1027777780545875	1.6856191222352574	1.379966276996489
0.1055555557832122	1.7233877520459282	1.4149240061074246
0.1083333335118368	1.7621911388377198	1.4460263968981908
0.1111111112404615	1.7942686052522525	1.4391688656418558
0.1138888891437091	1.8330719920440546	1.5034326917938539
0.1166666666977108	1.870840621854715	1.5256553301773172
0.1194444446009584	1.9060223592126115	1.5522030404131606
0.122222222504206	1.943790989023282	1.5564281636286688
0.1277777779614553	2.015189220720177	1.6272358878172224
0.1333333335933276	2.08451793845483	1.6532752166679756
0.1388888890505768	2.150225006755597	1.7072360441639904
0.1444444446824491	2.2211058599619316	1.7406549827813962
0.1500000001396984	2.2837086573193353	1.7908082708369577
0.1555555555969477	2.353554753544568	1.8472905421116255
0.1611111114034429	2.417709686373654	1.8710589404597502
0.1666666668606922	2.4823819976932997	1.9233160173178059
0.1722222224925645	2.547054309012947	1.9402817746916088
0.1777777779498138	2.6024138075025602	1.9991024973984888
0.183333333581686	2.6712251467466714	2.0133899692561075
0.1888888890389353	2.72968891617963	2.033746068133177
0.1944444444961846	2.789187442593699	2.073323078715934
0.2000000003026798	2.8528249969322337	2.1369921332832353
0.2055555557599291	2.907667116931297	2.141330469298547
0.2111111113918014	2.96250923693035	2.1700118911792345
0.2166666668490507	3.0220077633444293	2.191636327071517
0.2222222224809229	3.0799541542868267	2.201291986146964
0.2277777779381722	3.1353136527764502	2.2406853321856217
0.2333333333954215	3.1875688803227202	2.297257539334411
0.2388888888526708	3.2387893508878784	2.305287345829484
0.244444444659166	3.2931140923963906	2.3212029417104905
0.25277777784504	3.3722730014516262	2.3589574797306323
0.2611111113801599	3.453501424469096	2.388668024459655
0.2694444447406568	3.5259344131471115	2.4172641373631136
0.2777777777519077	3.601471672768452	2.4402084719210073
0.2861111112870276	3.6785610678614646	2.455902564700997
0.2944444446475245	3.745302893143353	2.4783323340998473
0.3027777780080214	3.8130794754063446	2.5138122769555262
0.3111111111938953	3.8824081931409973	2.5088852237834036
0.3194444447290152	3.9491500184228756	2.5089580125782236
0.3277777780895121	4.0174439791764165	2.559368105580162
0.3361111111007631	4.082116290496063	2.585030439847915
0.344444444635883	4.142132195400703	2.595323412988533
0.3527777779963799	4.2078392637014606	2.6162426239424588
0.3611111113568768	4.266303033134428	2.6343499737821645
0.3694444445427507	4.328905830491832	2.6356891813154704
0.3805555558064953	4.407029982565966	2.6855532874719104
0.3916666668956168	4.485671513130652	2.6601280729683694
0.4027777779847384	4.560691394261451	2.673395445537765
0.4138888888992369	4.634159139920569	2.660152356292481
0.4250000001629815	4.7096963995419205	2.673064017617233
0.436111111252103	4.774368710861566	2.6869248456158883
0.4472222223412246	4.840593157652874	2.6700006377833425
0.4583333336049691	4.90526546897252	2.665564086712168
0.4694444446940906	4.972007294254389	2.670063733258919
0.4805555557832122	5.032023199159029	2.6682565398472087
0.4916666666977108	5.0997997814220195	2.658190668704167
0.5055555556900799	5.170680634628354	2.6768447666789354
0.5194444446824491	5.243631001796912	2.6844184953350827
0.5333333335001953	5.31658136896548	2.677132651865458
0.5472222224925645	5.381771058775676	2.643977744891497
0.5611111113103107	5.451099776510339	2.644141476825871
0.5750000003026798	5.519393737263889	2.632192743518141
0.588888888945803	5.574753235753505	2.622205271661296
0.6027777779381722	5.640460304054262	2.5547654527956887
0.619444444659166	5.714962806694492	2.5524813328344838
0.6361111113801599	5.780152496504701	2.5098661276596985
0.6527777777519077	5.846376943296007	2.5303634295019024
0.6694444446475245	5.903288577257301	2.4553192567348456
0.6861111111938953	5.967443510086385	2.402062537323983
0.7027777780895121	6.026424658009905	2.3945394900403456
0.719444444635883	6.083336291971201	2.3681035309076006
0.7361111113568768	6.139730547441927	2.3320874285765925
0.7555555558064952	6.197676938384321	2.299999529665282
0.7750000002561137	6.254588572345617	2.265329798175908
0.7944444447057322	6.313052341778578	2.2272222727106032
0.8138888891553506	6.367894461777644	2.1978022851062136
0.8333333336049691	6.424288717248374	2.1425300910652623
0.8527777780545875	6.464126861021281	2.1267394447862444
0.8750000002328306	6.522590630454234	2.091212846850861
0.8972222224110737	6.574845858000504	2.0509570747575143
0.9194444445893168	6.62968797799957	2.0278666816347686
0.9416666669421829	6.672113014225255	2.011629872920074
0.963888888945803	6.715055428941492	1.9778324054630632
0.9888888888526708	6.768345413468892	1.9396315288176225
1.013888889108785	6.81749637007182	1.8945837757242083
1.038888889190275	6.867164705165303	1.8577965616039138
1.063888889097143	6.90958974139099	1.8437396933168282
1.088888889178634	6.952014777616683	1.8080064010560073
1.116666666814126	7.000130977238504	1.7747939284616847
1.144444444449619	7.0404864995019665	1.7371643726130508
1.172222222434357	7.085498428180438	1.6568720234242131
1.200000000244472	7.123784436481669	1.6478846000943819
1.227777778054588	7.157414038367882	1.5964386199245544
1.258333333593328	7.200873831574692	1.5383845466330002
1.288888889132068	7.2391598398759145	1.5313212235469122
1.319444444496185	7.268133035347126	1.4637245074959357
1.350000000209548	7.306936422138905	1.4188181382010427
1.383333333302289	7.338496510062893	1.399848596681663
1.416666666744277	7.370573976477446	1.3208262540678517
1.450000000186265	7.407307849306995	1.2849001945503267
1.486111111356877	7.436798423268754	1.2730473807650204
1.522222222527489	7.464736861758842	1.1841546243723235
1.558333333348855	7.495262192701715	1.1826501825776174
1.594444444694091	7.517509467795676	1.159459362504389
1.633333333593328	7.5470000417574346	1.1145359779242285
1.672222222492565	7.573903723266413	1.1093616146099603
1.711111111391801	7.592011970435912	1.1335133417204373
1.75277777784504	7.6225373013787845	1.110922052826748
1.794444444647525	7.648406225906631	1.0541119089993158
1.836111111100763	7.674275150434495	1.054182124067846
1.880555555806495	7.701696210434032	0.9953494940071981
1.925000000162982	7.734808433829686	0.9750795701181013
1.969444444694091	7.759125222885868	0.9407816623603649
2.016666666953825	7.768955414206461	0.9088893826724868
2.063888889038935	7.797411231187107	0.8514507839342743
2.113888888852671	7.810863071941594	0.7907936091373183
2.163888889190275	7.8248322911866355	0.732715976039168
2.213888889178634	7.845527430808908	0.703825734818182
2.266666666895617	7.864153056468974	0.7356293807618963
2.3194444446126	7.876570140242343	0.6663605815613345
2.375000000232831	7.889504602506284	0.6770224059171578
2.430555555853061	7.908647606656899	0.670021676580232
2.488888888852671	7.926755853826398	0.6599153703839794
2.547222222201526	7.943829344014772	0.6447030039678114
2.608333333628252	7.95624642778815	0.6442398367175783
2.669444444705732	7.97176778250486	0.6470489538763659
2.733333333511837	7.984184866278237	0.6147207765417861
2.797222222492565	8.002810491938291	0.6048887728564208
2.863888888852671	8.01781446816445	0.5883102671539817
2.930555555736646	8.030231551937828	0.5856171201869225
3.0	8.043683392692314	0.5718011194502451
3.0694444446126	8.055065719484574	0.5585975197622319
3.141666666953825	8.070587074201281	0.5386898929915765
3.216666666849051	8.08403891495578	0.5301881633294755
3.291666666744277	8.095421241748031	0.5150821258993905
3.369444444542751	8.1078383255214	0.5091368201394697
3.447222222341225	8.116633759860873	0.512742153187578
3.527777778042946	8.130602979105921	0.492628856905631
3.611111111298669	8.143537441369858	0.47426799602641284
3.694444444729015	8.15233287570932	0.46763219204101714
3.780555555713363	8.164232580992135	0.4635173663131882
3.869444444600958	8.176649664765511	0.4559687040773405
3.961111111391801	8.187514613067208	0.4441899110278628
4.052777778008021	8.196310047406682	0.4319307637393818
4.147222222527489	8.20614023872726	0.4338003586559342
4.244444444600958	8.217522565519525	0.42711349462077963
4.344444444752298	8.22476586438733	0.3901976245749548
4.44722222245764	8.236148191179591	0.3905311190663927
4.550000000162982	8.245978382500164	0.3899953172004639
4.655277777928859	8.255291195330196	0.38761096096167563
4.76361111109145	8.265638765141341	0.3723857950563175
4.874722222331911	8.269260414575246	0.35727821065733545
4.988611111300997	8.280125362876944	0.33814627540286457
5.105277777998708	8.288920797216411	0.3440703646636673
5.224722222425044	8.298233610046433	0.293742429464712
5.346944444580004	8.305994287404804	0.2826579549812225
5.471944444638211	8.30961593683871	0.3175352306686585
5.599722222425044	8.316341857215937	0.2850970041077477
5.730277777940501	8.327724184008206	0.2914116481520851
5.863611111184582	8.325137291555418	0.2611032089017285
5.999722222331911	8.332897968913771	0.2371742921797955
6.138611111382488	8.344797674196585	0.25698424631595773
6.280277777987067	8.347901945139933	0.2460203776992495
6.427500000223517	8.358249514951074	0.21770852118823328
6.577500000188593	8.360319028913299	0.23074753314671761
6.730277777882293	8.36238854287554	0.23047292394693775
6.885833333479241	8.370666598724451	0.1761124829874104
7.046944444533438	8.374805626648897	0.2082241362099764
7.210833333490882	8.379462033063925	0.17363009622838746
7.377500000176951	8.379979411554476	0.20370688877172713
7.549722222494893	8.387740088912834	0.21038638297792975
7.724722222192213	8.386705331931722	0.18831087800669186
7.905277778045274	8.397570280233415	0.18863679176871656
8.088611111277714	8.39963979419564	0.17126165542971755
8.277500000142027	8.408952607025672	0.19698072305369363
8.469166666734964	8.412574256459578	0.17753331327404454
8.666388889134396	8.415678527402918	0.20339677528935066
8.86638888908783	8.419817555327374	0.18620978408059244
9.071944444673136	8.420334933817937	0.1882563999797431
9.283055555541068	8.427060854195183	0.17959221354383764
9.499722222390119	8.430165125138528	0.18170066397098042
9.719166666967794	8.435338910044093	0.2032051696870238
9.944166666828096	8.442064830421337	0.22462570350388011
10.17472222249489	8.444651722874116	0.25475626128813106
10.41083333361894	8.451895021741917	0.23324076014227277
10.65250000020023	8.456034049666377	0.25713804821679215
10.89972222223878	8.464312105515289	0.2417987056262123
11.15250000008382	8.47362491834532	0.2567555297590378
11.41083333338611	8.481385595703676	0.2653636184686552
11.67472222249489	8.482937731175353	0.260870890548445
11.9441666668863	8.491733165514832	0.26956595755143653
12.22194444463821	8.493285300986496	0.2477463724316305
12.50527777802199	8.50363287079765	0.24773864020577113
12.7941666666884	8.508289277212658	0.2389319791195925
13.09138888888992	8.514497819099342	0.28172466257600975
13.39416666689795	8.520706360986022	0.2643874457277394
13.70527777774259	8.523810631929361	0.29880314871530067
14.02194444474299	8.533123444759395	0.2729135170922722
14.34694444458	8.538814608155525	0.2834905711027467
14.68027777795214	8.550714313438341	0.29423777487945196
15.01916666678153	8.555370719853356	0.31553471164490715
15.36638888914604	8.565200911173951	0.30277925323163934
15.72194444469642	8.569339939098395	0.30882725100527975
16.08583333343267	8.576583237966194	0.306585486227431
16.45805555570405	8.585378672305673	0.2894327884168289
16.83861111133592	8.596760999097924	0.3149733220621234
17.22750000015367	8.596760999097924	0.32523763239413644
17.62750000023516	8.607625947399628	0.3487527520358879
18.03583333350252	8.612799732305202	0.363411962783595
18.45250000013039	8.620560409663568	0.3825057642800509
18.88027777802199	8.631425357965256	0.36540322410229964
19.31638888909947	8.64384244173864	0.39308127301506574
19.76361111109145	8.65367263305922	0.3802989417012064
20.22194444469642	8.664537581360912	0.38240138055099426
20.68861111113802	8.677989422115397	0.3992665494834483
21.1663888891926	8.685232720983208	0.37790663877322533
21.65527777798707	8.69195864136044	0.3521379948967715
22.15527777804527	8.699719318718811	0.34138933742127914
22.6663888891926	8.70541048211494	0.3284515424431628
23.19138888898306	8.717310187397745	0.30275501399087157
23.72750000003725	8.723001350793872	0.2919704894198787
24.27472222252982	8.72920989268056	0.3131207151187383
24.83583333349088	8.736453191548366	0.28961942823154585
25.41083333361894	8.744213868906728	0.2957792615256441
25.99694444448687	8.75145716777452	0.28505677267146856
26.59694444469642	8.756113574189541	0.2934713670509999
27.21083333354909	8.768013279472349	0.2891546867682811
27.83861111139413	8.770082793434582	0.2444342128769193
28.48305555578554	8.777326092302381	0.19774339994138687
29.14138888916932	8.786638905132415	0.19763426232310624
29.81361111137085	8.794399582490767	0.21034182354451386
30.50250000029337	8.799573367396345	0.21216467967524513
31.20805555558763	8.79595171796245	0.2309906488091462
31.93027777795214	8.792330068528543	0.21389235523522693
32.6691666666884	8.799573367396345	0.20324598730304655
33.42472222249489	8.807334044754697	0.21374813694382883
34.19694444467314	8.819751128528068	0.224259947236223
34.98583333357237	8.826477048905323	0.2686546499613297
35.79416666692123	8.829581319848664	0.30041091441901147
36.6219444447197	8.836307240225903	0.31300888032579294
37.46916666696779	8.846654810037036	0.306694448850115
38.33583333349088	8.854415487395402	0.2664554641044108
39.22194444463821	8.861658786263195	0.2875108911083928
40.12750000023516	8.865797814187662	0.30863896211239683
41.05527777783573	8.876145383998807	0.32128138855303146
42.00250000023516	8.882353925885491	0.291648134988814
42.97194444463821	8.884940818338277	0.3064303908662541
43.96361111139413	8.896840523621089	0.3001157094947384
44.97750000015367	8.905118579470003	0.3106219882450761
46.01638888916932	8.914948770790582	0.30006440935501233
47.08027777774259	8.918053041733934	0.2915110457281449
48.1663888891926	8.929435368526184	0.2746356624273778
49.27750000020023	8.935126531922327	0.24501563294999776
50.4163888891926	8.941852452299553	0.25968475153234155
51.58027777774259	8.949613129657925	0.24067152164866742
52.77194444462657	8.953752157582372	0.2575940285260953
53.99138888914604	8.952200022110706	0.2533195480371559
55.238611111301	8.956856428525716	0.25966791158208585
56.51361111109145	8.968756133808542	0.26604001426641516
57.81916666694451	8.973929918714108	0.27245877975897265
59.15250000008382	8.981173217581913	0.2788189143996454
60.51916666683974	8.991520787393052	0.3633508488023551
61.9163888891344	8.998764086260847	0.4056533424711755
63.34416666696779	9.007042142109762	0.3697295232568316
64.80527777806856	9.016354954939793	0.37400342965898425
66.29972222243669	9.022046118335918	0.38033499994715975
67.83027777797543	9.041189122486532	0.3846859887044429
69.39694444468478	9.05619309871269	0.3720269956680848
70.99972222239012	9.059297369656038	0.34455961882266967
72.63861111109145	9.065505911542724	0.31498987915164073
74.31638888904126	9.074301345882187	0.3276710904078241
76.03027777798707	9.085683672674461	0.2812785716526156
77.78583333338611	9.089822700598909	0.24126310979129084
79.58027777803363	9.091374836070583	0.26900026341935535
81.4163888891344	9.093444350032813	0.24794752957823624
83.2941666666884	9.102239784372275	0.29479702831644594
85.21638888912275	9.110000461730648	0.28008923335581637
87.18305555573897	9.115174246636217	0.29726079375993586
89.1941666668863	9.125004437956795	0.3099992829585157
91.25250000029337	9.126039194937917	0.2995603130712432
93.35805555578554	9.14621695606964	0.23338862019874132
95.51361111109145	9.153977633427994	0.23987781537184744
97.71638888918096	9.162255689276915	0.26983967482575166
99.97194444463821	9.166912095691924	0.24447588626146602
102.2775000000838	9.166394717201376	0.27034392331446166
104.6386111113243	9.15915141833357	0.23713443472705367
107.0525000002817	9.168464231163604	0.25870028086455354
109.5219444446848	9.18088131493698	0.2801974426990368
112.0497222224367	9.184502964370878	0.25902570188851526
114.6358333335375	9.191746263238675	0.265446230022107
117.2802777779871	9.203645968521485	0.32305261686082526
119.9858333333395	9.216580430785418	0.3188921102341491
122.755277778022	9.230032271539903	0.2889436813146735
125.5886111113359	9.229514893049346	0.38219040384210745
128.4858333336306	9.230549650030465	0.393686038034538
131.4497222222854	9.237275570407697	0.3770511907886056
134.4830555557273	9.245553626256628	0.32788264465329287
137.5858333334327	9.250727411162197	0.2874768217594762
140.7608333334792	9.276596335690058	0.3082363275103271
144.008055555867	9.286426527010631	0.35599944725844357
147.3302777779754	9.294187204368995	0.3716280540702677
150.7302777778823	9.295221961350116	0.38125695286809497
154.2080555555876	9.298843610783997	0.3731223329346157
157.7663888891693	9.303500017199028	0.31231770911326084
161.4052777779289	9.3159171009724	0.30192149788806977
165.1275000002934	9.326264670783548	0.2796953500587943
168.9358333336422	9.33661224059468	0.16710682758786083