0.008333333185873926	22.618232216448998	2.0496556242516166
0.01666666672099382	51.70748982263914	81.896219667516
0.02500000008149073	94.37122836759055	107.10145141733297
0.03333333344198763	125.55003522003811	106.0401361602773
0.04166666662786156	148.7905787132174	103.00051587073287
0.04999999998835847	167.38149567537866	97.94871026237723
0.05833333334885538	181.94003794197792	88.98042365907023
0.0666666665347293	193.1745272914073	79.02350789372684
0.0750000000698492	201.9374795783751	69.3573578491157
0.0833333334303461	208.75760641603836	60.082797345696385
0.09166666679084301	214.08013863652909	51.46729829181096
0.09999999997671694	218.21623187821274	43.70129378345462
0.1083333333372138	221.40367988097827	36.582914868691745
0.1166666666977108	223.87268722280277	30.16778926601322
0.1249999998835847	225.73709133235695	24.68679756137478
0.1333333334187046	227.13602684468174	19.974688245242508
0.1416666667792015	228.20609867418165	16.148089546129825
0.1500000001396984	229.01813899869575	12.9915667527425
0.1583333333255723	229.64297999606316	10.79681072505598
0.1666666666860692	230.1008594313811	8.980742805288124
0.1750000000465661	230.4828472475854	8.02005514541679
0.1833333332324401	230.80918120977344	7.007894173094447
0.19166666676756	231.11021796559004	6.411695714365873
0.2000000001280569	231.37836835312442	6.0557304207822815
0.2083333334885538	231.5959243279164	5.816983856186519
0.2166666666744277	231.80589114079692	5.5665579962642004
0.2250000000349246	232.0209173949517	5.2891312656175185
0.2333333333954215	232.21823560464662	5.362572360215314
0.2416666665812954	232.40037549051902	5.269918995335072
0.2500000001164153	232.5597478906572	5.1102740350888745
0.2583333334769122	232.74947693844106	4.916553277193544
0.2666666664881632	232.90884933857907	4.6406269090647925
0.2750000000232831	233.05051369425775	4.252616715057898
0.28333333338378	233.19470777057327	3.8926517197689217
0.2916666667442769	233.2984263166951	3.3913610032532358
0.2999999999301508	233.3970854215425	3.006506705765975
0.3083333334652707	233.45526899619608	3.034590518428504
0.3166666668257676	233.50839312957558	3.426181168671327
0.3249999998370186	233.5539281010437	3.6886715475613325
0.3333333333721384	233.60452251378612	3.7520624105443514
0.3416666667326354	233.71835994245595	4.388975208998988
0.3500000000931323	233.87520262195733	4.866115259604577
0.3583333332790062	234.0118075363615	5.433063645466305
0.3666666668141261	234.173709657137	5.896996450273664
0.3833333331858739	234.45450864785664	6.706416490149818
0.4000000000814907	234.73783735921361	6.909040270048496
0.4166666666278616	235.02369579120776	6.991908903975321
0.4333333333488554	235.30955422320173	7.21780311811546
0.4500000000698492	235.58276405201025	7.3028402377352695
0.466666666790843	235.84332527763323	7.376589567624786
0.4833333333372138	236.1140053858044	7.468335875012365
0.4999999998835847	236.3568585669675	7.551777098928738
0.5166666667792015	236.59971174813052	7.575685584857263
0.5333333333255723	236.83750548801942	7.7359778921826985
0.5500000000465661	237.08288838981954	7.709317842352364
0.56666666676756	237.32068212970853	7.779702269279357
0.5833333334885538	237.52811922195187	7.847130786567016
0.6000000000349246	237.76844268247783	7.84041925591517
0.6166666665812954	237.9758797747213	7.889525328634267
0.6333333334769122	238.1833168669648	7.850670794101252
0.6500000000232831	238.38569451793416	7.934250777045331
0.6666666667442769	238.5779532863549	7.890010944687202
0.6833333334652707	238.78286065796115	7.962905906392478
0.6999999998370185	238.98270858829318	8.063938720349558
0.7166666667326353	239.15219987098004	8.052404734781721
0.7333333332790062	239.3292803155781	8.048913486882894
0.7583333331858739	239.6100793062978	8.124363822723073
0.7833333334419876	239.88834857638074	8.179894867325473
0.8083333333488554	240.13120175754355	8.273731684481074
0.8333333334303461	240.3715252180699	8.369363008191089
0.8583333333372138	240.62449728178123	8.331988492100031
0.8833333334187046	240.86988018358136	8.220223132624096
0.9083333333255723	241.09502532028472	8.266964698106241
0.93333333323244	241.32522989826222	8.30903805876492
0.9583333334885538	241.54025615241696	8.281739315178246
0.9833333333954215	241.74010408274918	8.284782252145133
1.008333333476912	241.94248173371818	8.266772802486063
1.03333333338378	242.14485938468755	8.241189974615532
1.058333333465271	242.35229647693106	8.269025571742702
1.083333333372138	242.52937692152918	8.309022250873593
1.108333333279006	242.7317545724984	8.327790100758707
1.141666666720994	242.96701859175027	8.275851099646005
1.174999999988359	243.20734205227606	8.205274893548443
1.208333333430346	243.44007635089056	8.222644661336068
1.241666666697711	243.6601620463196	8.18247112771517
1.275000000139698	243.86253969728878	8.251069563082707
1.30833333323244	244.06997678953252	8.144410644915398
1.341666666674428	244.26729499922746	8.219155787438185
1.375000000116415	244.47473209147103	8.166727550160855
1.40833333338378	244.66446113925446	8.25169365698312
1.441666666825768	244.8668387902238	8.316896431484297
1.475000000093132	245.03380035227323	8.326875051747466
1.516666666720994	245.28930213662204	8.24854116348818
1.558333333348855	245.4916797875912	8.217228048195988
1.599999999976717	245.7218843655688	8.236544974775386
1.641666666779202	245.92679173717505	8.34242720983047
1.68333333323244	246.11652078495885	8.152987466638097
1.725000000034925	246.3163687152909	8.213050257717052
1.766666666488163	246.50103832180022	8.308024676401017
1.808333333465271	246.69835653149534	8.168927536830374
1.858333333279006	246.92350166819853	8.334081744322328
1.908333333441988	247.13346848107915	8.365664159195367
1.958333333430346	247.35102445587123	8.368420515207715
2.008333333418705	247.54328322429194	8.26605794361863
2.05833333323244	247.77095808163224	8.296488313017623
2.108333333395422	247.95562768814167	8.369562520266289
2.15833333338378	248.15547561847387	8.274627473041733
2.208333333372138	248.33002634243468	8.353731665413456
2.266666666720994	248.52987427276676	8.422035815807579
2.325000000069849	248.7373113650103	8.174075181267751
2.383333333418705	248.96245650171366	8.288680707264042
2.44166666676756	249.1294180637633	8.20780566445676
2.500000000116415	249.34697403855506	8.269746855237498
2.558333333465271	249.5367030863389	8.359991654969187
2.625	249.71378353093687	8.334243694359127
2.691666666534729	249.93386922636597	8.1942374102179
2.758333333418705	250.12106855351243	8.309403361166167
2.825000000128057	250.31838676320749	8.20160426102885
2.891666666488163	250.51570497290243	8.16784797528217
2.966666666732635	250.71808262387168	8.28510605436121
3.041666666627862	250.9103413922925	8.233725834128844
3.116666666697711	251.10512988135042	8.210337889140263
3.19166666676756	251.29738864977114	8.143622804525005
3.266666666488163	251.47952853564348	8.175982635874297
3.350000000093132	251.67937646597576	8.16086479803888
3.433333333348855	251.8817541169448	8.152479157678357
3.516666666779202	252.05883456154297	8.125179875476617
3.600000000034925	252.23591500614114	8.073338698481564
3.683333333465271	252.43576293647322	8.058176792669663
3.775000000081491	252.6254919842568	8.077151182615022
3.866666666697711	252.807631870129	8.095253907259114
3.958333333488554	252.98724203536426	8.122586125811388
4.049999999930151	253.1592630386882	8.096492839788445
4.150000000081491	253.34646236583473	8.027579547557858
4.249999999883585	253.5387211342554	8.066993931644394
4.350000000034925	253.73350962331335	8.002512769409096
4.458333333372138	253.9207089504599	8.012642940129542
4.566666666534729	254.09525967442084	7.990673139634822
4.675000000046566	254.2824590015675	7.962255245500404
4.78333333338378	254.46712860807656	7.812863222605298
4.900000000081491	254.63409017012626	7.794170948204897
5.016666666779202	254.81623005599857	7.7436820371872175
5.133333333476912	254.98319161804832	7.8613204746786876
5.258333333185874	255.1602720626462	7.79718017535416
5.383333333418705	255.31458502151037	7.666420893565213
5.508333333476912	255.501784348657	7.699563677643638
5.641666666720994	255.67127563134386	7.601250839382576
5.775000000139698	255.8660641204015	7.6367900861124
5.90833333338378	256.03302568245107	7.604331857456607
6.049999999988359	256.19239808258965	7.686129163241578
6.19166666676756	256.3593596446389	7.598438968135942
6.341666666732635	256.5212617654146	7.520552993472265
6.491666666697711	256.6983422100124	7.454261128400333
6.641666666488163	256.8577146101507	7.4878841855015725
6.799999999988359	257.02973561347466	7.589680662733242
6.958333333488554	257.19669717552426	7.428842846228388
7.125	257.3459506931141	7.481393396232264
7.291666666686069	257.5230311377122	7.477680473482054
7.466666666732635	257.7026413029474	7.46239809208087
7.641666666779202	257.87972174754543	7.468698418826508
7.824999999837019	258.0137969413126	7.475493368773698
8.008333333418705	258.1807585033622	7.64769470981276
8.199999999837019	258.3578389479603	7.56971803219823
8.391666666779201	258.5146816274613	7.521673528815624
8.591666666732635	258.68670263078536	7.444820939949209
8.79166666668607	258.853664192835	7.618673773503908
9.0	259.03833379934434	7.593083382126486
9.208333333488554	259.1951764788456	7.603890817144218
9.424999999988358	259.35960832025796	7.585683905194692
9.650000000023283	259.5215104410334	7.67998573651015
9.874999999883585	259.68847200308295	7.7037551700239
10.10833333327901	259.8503741238584	7.63044302193466
10.34166666667443	260.0223951271821	7.610149554715415
10.58333333343035	260.17417836540915	7.680521249173188
10.83333333337214	260.3639074131928	7.720281105730449
11.08333333348855	260.53339869587967	7.690925885396779
11.34166666679084	260.697830537292	7.679421465946256
11.60833333327901	260.8521434961562	7.7039713012100055
11.88333333347691	261.0317536613914	7.816136631067944
12.15833333332557	261.1961855028036	7.63978967546947
12.44166666653473	261.35555790294194	7.676389264519876
12.73333333327901	261.5124005824433	7.683511217257119
13.03333333338378	261.6920107476785	7.75250098195688
13.34166666667443	261.8690911922766	7.828244686129183
13.6500000001397	262.01581498922906	7.719807874368434
13.96666666679084	262.19289543382735	7.803401872173167
14.29166666662786	262.35732727523975	7.809951707280846
14.625	262.52428883728925	7.821350708517614
14.96666666673264	262.7165476057101	7.719095421758284
15.31666666682577	262.85821196138846	7.835064500173124
15.67499999993015	263.0352924059867	7.766808877368145
16.04166666674428	263.1921350854878	7.690830622011478
16.41666666674428	263.37174525072305	7.7958508814583904
16.79999999993015	263.52352848895	7.670459663574229
17.19166666682577	263.6955494922739	7.730546981592608
17.59166666673264	263.85745161304925	7.654875095876079
18.0	264.004175410002	7.641778662799627
18.41666666662786	264.19137473714835	7.595088462730556
18.84166666679084	264.3532768579237	7.670433256130929
19.28333333332557	264.50758981678786	7.677023347215374
19.73333333339542	264.6669622169261	7.591194366994946
20.19166666682577	264.8187454551531	7.77116096685182
20.65833333344199	264.9857070172027	7.655594764421099
21.1416666667792	265.15266857925235	7.5789987077845655
21.63333333347691	265.32468958257624	7.566980640422656
22.13333333318587	265.4663539382545	7.66745770479417
22.6500000001397	265.651023544764	7.637912009131261
23.17499999993015	265.8129256655393	7.5171006313234505
23.71666666679084	265.9596494624921	7.459873222696517
24.26666666648816	266.10890298008195	7.503916723170704
24.83333333343035	266.2885131453171	7.489116756270912
25.40833333338378	266.43270722163265	7.363527660327493
25.99999999988359	266.5743715773111	7.311153213591482
26.60000000009313	266.72615481553817	7.3341754440439475
27.21666666667443	266.90576498077314	7.27749018049182
27.84999999997672	267.04489961581464	7.190893142177448
28.5	267.2017422953158	7.265687109643272
29.15833333338378	267.3509958129056	7.236129381514457
29.83333333348855	267.5002493304953	7.237118319005886
30.5250000001397	267.63685424489967	7.061656113641173
31.23333333333721	267.7962266450379	7.154757976332573
31.95833333343035	267.9555990451762	7.106244989805331
32.70000000006985	268.08967423894325	6.9482317561297755
33.45833333343035	268.24145747717023	6.975907981344291
34.23333333333721	268.3831218328487	6.958150919687055
35.0250000001397	268.5399645123499	6.901277072112554
35.83333333348855	268.6841585886655	6.762653937352435
36.66666666674428	268.8005257379726	6.827912936310764
37.51666666672099	268.9548386968367	6.675943808150443
38.38333333341871	269.08638416996666	6.656027448281825
39.27500000002328	269.2331079669195	6.5354046926941525
40.18333333334886	269.36212371941224	6.46674505798881
41.1166666665813	269.508847516365	6.596414658851162
42.06666666653473	269.6277443863094	6.358346251217027
43.04166666674428	269.7643493007136	6.398271500438935
44.04166666668607	269.89589477384357	6.295335669835323
45.05833333334886	270.0249105263365	6.263265922173307
46.10000000009313	270.166574882015	6.173240382795674
47.16666666674428	270.2702934281368	6.200369194053395
48.25833333347691	270.40942806317815	6.13152028761195
49.37500000011642	270.53338437439663	6.041427295372632
50.51666666648816	270.6548109649784	6.044110129995478
51.68333333346527	270.78129699683404	5.9883522685528074
52.88333333318587	270.9052533080527	5.917942167570757
54.10833333333721	271.02667989863426	5.798786925472853
55.35833333339542	271.13798760666725	5.84330456258959
56.64166666672099	271.2670033591604	5.774243361480309
57.95000000012806	271.39601911165306	5.742041104632365
59.29166666662786	271.48455933395206	5.677997352480354
60.66666666674428	271.5983967626224	5.473850287296819
62.06666666676756	271.72994223575245	5.551737970741351
63.49999999988359	271.83619050251104	5.560524787380358
64.96666666679084	271.95508737245575	5.45506180422135
66.46666666679084	272.06386535985155	5.548512755092809
67.99999999988358	272.14228669960204	5.456941196792614
69.57500000012806	272.26877273145794	5.3633145966244085
71.18333333346527	272.3977884839508	5.3936935243410185
72.82500000006985	272.50403675070964	5.275242074673177
74.50833333347691	272.6102850174684	5.37066054729233
76.23333333333721	272.70388468104187	5.52633197386054
77.99166666681413	272.815192389075	5.2317589764955805
79.79166666674428	272.92650009710803	5.253699776957716
81.63333333347691	273.02009976068126	5.177007055885694
83.51666666648816	273.1465857925369	5.264771753899125
85.44999999983702	273.2553637799329	5.335562104472787
87.42499999998836	273.321136516498	5.269075123848152
89.44166666676756	273.452681989628	5.289866316943682
91.50833333318587	273.54628165320116	5.337166042799949
93.62500000011642	273.64747047868593	5.355591872455453
95.79166666668607	273.7663673486304	5.246194101798961
98.0083333334187	273.870085894752	5.223658002100383
100.2750000001397	273.9813936027852	5.400692654543234
102.5916666666744	274.0876418695438	5.347132671523603
104.9583333333721	274.201479298214	5.398689848304929
107.3833333334187	274.2976086824245	5.474664557403872
109.8666666668141	274.396267787272	5.42360814258664
112.4083333333838	274.49745661275676	5.446925132072575
115.0083333334769	274.6037048795154	5.372405889574293
117.6666666667443	274.7200720288228	5.438280052268021
120.3833333331859	274.8237905749446	5.406889685756051
123.1666666666861	274.94015772425195	5.471259176981466
126.0083333331859	275.04387627037363	5.406946412010799
128.9166666667443	275.15012453713234	5.564316724307458
131.8916666664882	275.24119448006854	5.600723609995095
134.9333333334653	275.36009135001296	5.555727155876513
138.0499999999884	275.4638098961348	5.607390706354516
141.2416666665813	275.5725878835306	5.597273763234243
144.4999999998836	275.6535389439185	6.79367082485866