0.002777777903247625	2006.6985064063508	932.6336743307044
0.005555555631872267	3840.4057622601913	4361.062420404126
0.008333333360496908	6013.17586919656	7748.76541696571
0.01111111108912155	8725.678677856065	11692.05898662436
0.01388888899236918	11719.435869231822	15805.957628967366
0.01666666672099382	14947.507152110513	19696.114573883264
0.01944444444961846	18230.877300649034	23593.629979437348
0.02222222235286608	21631.75753871428	27200.720657787733
0.02500000008149073	24998.0759857421	30979.367058830878
0.02777777781011537	28468.07980588189	35686.14436440119
0.03055555553874001	32083.243148377827	39258.50851771929
0.03333333344198763	35578.918565954766	42257.33913814733
0.03611111117061228	39086.71373068716	46394.64963651062
0.03888888889923692	42670.46508993149	50311.59980571405
0.04166666680248454	46233.50112339989	53662.21975892925
0.04444444453110918	49782.72693968449	56678.45049018936
0.04722222225973383	53276.711887233	60420.58791143436
0.04999999998835847	56839.747920701186	64887.96655961822
0.05277777789160609	60434.73228678318	68720.8061557366
0.05555555562023073	64021.63978724322	71115.00973518845
0.05833333334885538	67498.18090307366	74350.17481173415
0.061111111252103	71043.70100929779	79524.06938048001
0.06388888898072764	74665.09800495434	83421.02576156557
0.06666666670935228	78238.20970733582	85647.4970894123
0.06944444443797693	81742.34241932366	89998.67453894924
0.07222222234122455	85367.36181279965	93642.5831291358
0.0750000000698492	88881.63593991067	97287.54278978956
0.07777777779847383	92499.27107076022	100514.59664042763
0.08055555570172146	95992.87299712352	103537.18155627404
0.0833333334303461	99562.27299289522	108037.29730376219
0.08611111115897074	103117.89152150168	110461.32023634079
0.08888888888759539	106611.3169669188	115331.30032091343
0.09166666679084301	110238.97972809555	118659.18187831876
0.09444444451946765	113722.08666766949	123179.28441024871
0.0972222222480923	117391.05109216161	126527.16209322706
0.09999999997671694	120867.27442118297	128193.87571744881
0.1027777778799646	124419.21746628224	132251.96916092598
0.1055555556085892	127922.975237514	135906.58180179767
0.1083333333372138	131474.058308605	139548.55803981764
0.1111111112404615	134981.08779317644	143736.39559754284
0.1138888889690861	138556.88256175938	147602.53492604618
0.1166666666977108	142077.66510313342	151312.52493199107
0.1194444444263354	145653.4598717161	153835.96555866717
0.122222222329583	149126.1067142826	155275.09332757373
0.1277777777868323	156076.98085092814	163744.37455176102
0.1333333334187046	163125.07511776968	170627.7016193656
0.1388888888759539	170056.38809558956	175433.7568342569
0.1444444445078261	176912.13670992464	183059.2257506914
0.1500000001396984	183872.78811393637	190803.2695274297
0.1555555555969477	190776.45220075408	197019.08802487497
0.1611111112288199	197666.39130926805	203556.55978346217
0.1666666666860692	204527.41668059022	210205.80212954103
0.1722222223179415	211382.9482081385	217165.69226137607
0.1777777777751908	218231.62420415893	222711.30119625438
0.183333333407063	224991.17829032172	230199.95650949617
0.1888888888643123	231855.70279473456	238702.32060770015
0.1944444444961846	238697.468072418	242840.47241390284
0.2000000001280569	245395.41245837833	248396.43969833164
0.2055555555853061	252147.2536618925	256618.92712227328
0.2111111112171784	258906.88804921386	261141.12797863607
0.2166666666744277	265529.6877323381	269751.98846946366
0.2222222223063	272357.739471757	279735.508124471
0.2277777777635492	279127.23697607056	281370.7079831215
0.2333333333954215	285695.5690436913	287370.42853316164
0.2388888890272938	292407.43386200856	295036.6639859012
0.2444444444845431	299009.94039408024	300433.9373090692
0.25277777784504	308972.4494504433	310320.77646381507
0.2611111112055369	318825.38246916194	319761.53172017075
0.2694444445660338	328713.95319748437	331393.0553460397
0.2777777777519077	338632.1544607949	338826.78463838546
0.2861111111124046	348344.7052171699	344894.81052469485
0.2944444444729015	358007.80184439215	354552.77152192936
0.3027777778333984	367677.71306726115	364705.23991716385
0.3111111111938953	377328.05112428224	373327.9999931666
0.3194444445543923	386906.77928666817	382165.3042752586
0.3277777779148892	396477.4578170881	391202.41084695375
0.3361111111007631	405992.41326812346	400563.04262026324
0.34444444446126	415514.1699739497	408973.94564040075
0.3527777778217569	424941.8375408451	414412.97301360377
0.3611111111822538	434243.6960877225	424361.66603819735
0.3694444445427507	443653.63762045046	434203.2847797453
0.3805555556318723	456014.68742099835	442381.88811001374
0.3916666667209938	468279.3392361415	453336.4939328391
0.4027777778101154	480499.62034331926	465036.6371617321
0.4138888888992369	492670.54141956987	476004.3693935101
0.4249999999883585	504763.9154010078	485208.6639333152
0.436111111252103	516726.4541791985	494718.8065341804
0.4472222223412246	528632.2873428223	502647.90114687424
0.4583333334303461	540346.6665641867	512154.0652623173
0.4694444445194677	552078.882036719	524073.0976659285
0.4805555556085892	563741.906005185	532244.1752734237
0.4916666666977108	575260.3359412365	540370.668686822
0.5055555556900799	589565.3383208142	549172.670515275
0.5194444445078261	603597.145191453	558367.2395916685
0.5333333333255723	617553.9466638805	572350.8053265216
0.5472222223179415	631491.6632942606	582776.5974670838
0.5611111111356877	645195.6931138021	589963.9908324738
0.5750000001280569	658734.7180420612	597140.2220530955
0.588888888945803	672060.8894098729	605696.0153471868
0.6027777777635492	685295.2132749181	616738.1366810396
0.619444444484543	701056.6182960193	624632.6121026791
0.6361111112055369	716436.9262436319	628936.5379091324
0.6527777777519077	731528.7622958182	636842.2816181249
0.6694444444729015	746442.3050495533	645740.571780178
0.6861111111938953	761138.9088389735	651484.0816134913
0.7027777779148892	775535.413171886	656067.050643016
0.71944444446126	789684.7713571537	661640.0066333048
0.7361111111822538	803601.7800395051	668904.4672194839
0.7555555556318723	819639.2238425761	673011.8282891369
0.7750000000814907	835189.5956128754	678954.3045323897
0.7944444445311092	850626.2217722583	685735.8168242128
0.8138888889807276	865659.2594734471	684953.3096532837
0.8333333334303461	880268.0325174279	683226.9917923006
0.8527777778799646	894471.4959395066	687198.0225489058
0.8750000000582077	910511.3990521508	690467.2214456985
0.8972222222364508	926015.5156967074	688528.4619962911
0.9194444445893168	941106.7872342488	686100.4416780696
0.94166666676756	955693.5082747579	683235.5955902513
0.963888888945803	969887.8686991484	683632.547280052
0.9888888890272938	985466.1251622888	680378.2371192728
1.013888888934162	1000433.2332978044	675167.5028227132
1.038888889015652	1014943.0657323158	670250.6643702436
1.06388888892252	1028913.6839873842	665191.972780129
1.088888889004011	1042464.303699521	660662.2303896864
1.116666666639503	1056972.7616761902	651402.2917503328
1.144444444449619	1070832.9183206377	646956.8018505529
1.172222222259734	1084370.7376232403	640891.4454483937
1.200000000069849	1097258.6097113881	629033.503640418
1.227777777879965	1109590.969720162	620545.2087796698
1.258333333418705	1122666.255057718	606823.6262302174
1.288888888957445	1134992.7924345774	592654.3170642307
1.319444444496185	1146800.7017540324	580868.421649681
1.350000000034925	1158045.8061381276	566517.0661655094
1.383333333476912	1169645.4524452845	550159.0107188046
1.416666666744277	1180590.8937102256	535399.4872460569
1.450000000011642	1191131.249817825	519443.4563371807
1.486111111182254	1201679.7815005614	501554.9897555982
1.522222222352866	1211630.8835573732	487419.82072092255
1.558333333348855	1221085.5852907323	473108.88621473603
1.594444444519468	1229980.641808828	459392.4970592642
1.633333333418705	1238974.5322882377	448158.2935697141
1.672222222317942	1247476.3174773634	436598.8745906907
1.711111111217178	1255784.5514932654	426716.90135175746
1.75277777784504	1264059.868575666	416457.3084592767
1.794444444472902	1271908.2605849963	403791.7497827454
1.836111111100763	1279321.5185606356	392268.1904759502
1.880555555631872	1286833.4445661206	379851.12803623226
1.924999999988359	1293840.8808709388	369423.08966786816
1.969444444519468	1300446.1191639456	357205.93437752593
2.016666666779202	1307169.6602323519	345814.51022314973
2.063888888864312	1313392.1042067714	333595.1923839033
2.113888889027294	1319591.267017127	320047.3844340227
2.163888889015652	1325317.612325	309119.8557781922
2.213888889004011	1330728.7459645453	296584.63705433713
2.266666666720994	1336132.0084596525	284460.51112740283
2.319444444437977	1341066.2327634732	273161.23663160903
2.375000000058208	1345875.789165999	259783.30395386147
2.430555555678438	1350429.4482974473	248057.14756807714
2.488888889027294	1354799.386311202	235441.1792803081
2.547222222201526	1358827.1349496082	224491.997686578
2.608333333453629	1362649.3135027064	213533.12050673927
2.669444444531109	1366340.371007669	202635.848744164
2.733333333337214	1369834.7469404337	194532.76286214084
2.797222222317942	1373007.8763052677	183073.83992576264
2.863888889027294	1376161.3375128831	173870.571811127
2.930555555562023	1378960.7718905366	166635.93770888294
3.0	1381720.007390981	157158.4155571177
3.069444444437977	1384300.9679475173	151014.94133041846
3.141666666779202	1386711.6113099665	143496.33851293236
3.216666666674428	1389089.5013658602	137575.78667693512
3.291666666744277	1391244.668937178	131440.2106371656
3.369444444542751	1393426.0391537426	125104.36253198198
3.447222222341225	1395332.2815952466	119998.09365513809
3.527777777868323	1397199.2200688822	113842.06520108765
3.611111111124046	1398987.5506067837	109645.40520412546
3.694444444554392	1400677.6212250222	105758.89257710954
3.78055555553874	1402289.0839075295	101690.62765929863
3.869444444426335	1403867.655638139	98391.2559124454
3.961111111217178	1405353.4376046371	94724.60999313135
4.052777777833398	1406799.9478010943	90495.8874566923
4.147222222352866	1408141.7332774473	88374.70367264166
4.244444444426335	1409411.520508725	83829.05854479171
4.344444444577675	1410714.034215039	81996.35570912187
4.447222222283017	1411872.5514312068	79781.38772328282
4.549999999988359	1413057.2498274	76905.7170229699
4.655555555596948	1414143.7687984938	75933.00241537852
4.763888888934162	1415223.7424745844	72613.22612332941
4.875	1416270.9896756387	71715.19382212324
4.988888888969086	1417239.6933366146	70780.08857877707
5.105555555666797	1418247.6687676313	69133.49216150554
5.225000000093132	1419242.5536086338	69606.00789044885
5.347222222248092	1420165.4402045633	69116.76021049781
5.4722222223063	1421127.5985705322	67398.62988376206
5.600000000093132	1422070.1210514833	67483.41788829552
5.730555555608589	1422934.0999923542	67071.3337191781
5.863888889027294	1423824.2601132512	64487.422692060914
6.0	1424720.965529155	67549.80990840496
6.138888888875954	1425486.7650449253	67380.89594030166
6.280555555655155	1426468.5592959146	64682.15956309785
6.427777777891606	1427318.9493789938	66741.60872927088
6.577777777856682	1428051.4242987344	64429.727920547084
6.730555555550382	1428895.078447362	63497.81021234046
6.886111111147329	1429719.1127320682	66701.22535878237
7.047222222201526	1430490.8273796525	64266.95980264318
7.211111111158971	1431347.5614375623	65035.12259541835
7.37777777784504	1432034.256674816	65542.75084752055
7.549999999988359	1432871.3708688056	63943.751082722694
7.725000000034925	1433623.4656524658	66957.83196753539
7.90555555553874	1434375.560436126	65911.00707347943
8.088888888945803	1435173.434902272	67064.24053842928
8.277777777810115	1435925.529685933	66711.90135843585
8.469444444577675	1436697.2443335166	67590.80052427843
8.666666666802485	1437397.0194800517	69331.12212673039
8.866666666755918	1438194.893946198	70165.70354553059
9.072222222341225	1438979.6885030598	73504.16753958241
9.28333333338378	1439757.9431052832	74559.59807232949
9.500000000058208	1440568.8974807113	72272.38723726386
9.71944444446126	1441373.3119014944	74815.20504440858
9.944444444496185	1442027.307365547	73745.48938556996
10.17499999998836	1442870.9615141763	73054.3916215357
10.41111111111241	1443590.3565246337	75666.20106446171
10.65277777786832	1444335.9113536547	73728.0369328641
10.90000000008149	1445068.3862733939	72796.15496315836
11.15277777775191	1445761.62146529	72667.33068971486
11.41111111122882	1446507.1762943107	71809.219259238
11.67499999998836	1447135.0119398022	71231.7190797968
11.94444444455439	1447789.0074038566	70814.35317459893
12.2222222223063	1448436.462913269	68021.09248391874
12.50555555569008	1449077.3784680408	70051.56819223022
12.79444444453111	1449692.1342042491	71880.97027682433
13.09166666673264	1450234.5135700232	72733.14133044201
13.39444444456603	1450920.649090252	72744.26145606647
13.70555555558531	1451619.853858484	70757.8906707306
14.02222222223645	1452247.1777626935	71834.82577609216
14.34722222224809	1452841.8285468929	69585.89433538842
14.68055555562023	1453318.85609905	66853.04454896948
15.01944444444962	1453867.7645152328	64695.33199150748
15.3666666666395	1454390.5344354073	63642.87471231748
15.72222222236451	1454893.7004835764	66046.81798212767
16.08611111110076	1455370.7280357333	63760.43163111353
16.45833333337214	1455867.3594598987	64575.27180385861
16.83888888900401	1456409.7332520816	63176.446124106915
17.22777777782176	1456808.345316213	61685.74851542475
17.62777777790325	1457324.5806123856	62416.473144709205
18.03611111117061	1457729.7273005203	61293.4585781578
18.45277777779847	1458095.6662446426	61646.6051453138
18.88055555569008	1458585.7630448064	59882.025556256616
19.31666666676756	1459030.1174769532	62261.289205379035
19.76388888893416	1459402.591045078	62417.49697521345
20.22222222236451	1459807.7377332144	58608.8777989478
20.68888888898073	1460141.003557324	58388.37233689194
21.16666666668607	1460670.3081015013	55404.46245795858
21.65555555565516	1460983.9700536064	57588.25840851217
22.15555555553874	1461245.3550136946	61215.5223862897
22.66666666668607	1461611.2939578162	62557.73577685456
23.19166666665115	1461879.2135419035	60510.762369854216
23.72777777787997	1462303.9641020456	63016.28354094471
24.27500000002328	1462813.6647742162	66534.52968013487
24.83611111115897	1463166.534470333	63471.994887995665
25.41111111111241	1463525.9387904543	65762.19171805459
25.99722222232958	1463918.0162305834	63774.288604130474
26.59722222236451	1464316.628294718	56968.56413333124
28.98888888896909	1465316.425767052	29929.303950685564
29.65833333344199	1465440.583623092	31303.8553637362