0.04487589750044663	0.18248741136896549	0.320559490322825
0.2115425641865159	0.6794340990761537	0.8252786199229595
0.3948758975935789	1.320981538352523	1.6526173575062162
0.478209230849302	1.8501318868895298	1.4942540273812723
0.5615425641050251	2.0263048549585325	2.4521734077635386
0.6448758975353712	2.3028774714969664	1.41902595256955
0.7282092307910943	2.748677168474444	2.063776020520808
0.8115425640468175	2.611653748865219	2.4235522795200475
0.8948758973025406	3.0561905571827044	2.622853573835444
0.9782092309075097	3.523459361380059	2.5978217339996212
1.061542564163233	3.59923268097963	3.9424602172444487
1.144875897593579	4.033034935687174	3.9854492210138277
1.228209230849302	4.10817681095675	3.4814440920314107
1.311542564105025	4.474414522354679	4.255230143799848
1.394875897535371	4.603860610003944	4.243647344536824
1.428209230802736	4.915162664692184	3.9692182494214903
1.478209230791094	5.14563984514088	3.8650790135248507
1.644875897302541	5.461993454469088	3.816767624497243
1.811542564163233	5.849068828756897	3.2340832764029095
1.978209230849302	6.224146760774775	3.0618975167083864
2.144875897535371	6.2999200803743465	3.314449713062145
2.311542564046818	6.566389587632838	2.9310491965288983
2.47820923090751	6.798761101071525	2.7663756415504803
2.644875897593579	7.015977950590296	3.2136962518818697
2.811542564105025	7.245192242378999	3.4066470528000483
2.978209230791094	7.300127899088688	3.2967748015515297
3.144875897302541	7.506610194997518	3.3570377765020747
3.311542564163233	7.6827831630665235	3.1701807147447125
3.428209230860944	7.893685569285328	3.239202756226594
3.97820923090751	8.376740481732595	3.3101465303480495
4.478209230791094	8.70951164364071	3.034066228911457
4.978209230849302	9.025865252968924	2.9208012952275015
5.47820923090751	9.292966204557406	2.761584084409239
5.978209230791094	9.56638159944586	2.782595069057332
6.478209230849302	9.7892814479346	2.650489357489783
6.97820923090751	9.931987866513792	2.726586061114909
7.478209230791094	10.146678938712578	2.6602775254122855
7.978209230849302	10.290016801621764	2.4539847166405817
8.47820923090751	10.501550652170568	2.400029227339595
9.478209230849302	10.778123268709003	2.5112844459069885
10.47820923079109	10.956190569767994	2.4046475343351688
11.47820923090751	11.218239966716514	2.271313719425801
12.4782092308493	11.3969387121055	2.2001309727600327
13.47820923079109	11.615418450284269	2.4088857188370554
14.47820923090751	11.711397988443725	2.3075572963194504
15.4782092308493	11.845264186402966	2.289270000523919
16.47820923079109	12.018911377151984	2.4491334056515726
17.47820923090751	12.1578291297512	2.396338815470311
18.4782092308493	12.293589660700427	2.782489201529208
19.47820923079109	12.39462075349986	2.6784462789861734
20.47820923090751	12.561322056618915	2.7377744044760988
21.4782092308493	12.607417492708654	2.8414343473314343
22.47820923079109	12.801270902017558	2.793231344197108
23.47820923090751	13.012173308236353	2.8721476829390147
24.42820923086094	13.026696527826278	2.964431401696196
27.39487589759358	13.38914557324423	3.0706613141363994
30.39487589759358	13.660666635142693	2.9514347664245406
33.39487589759358	13.932187697041156	2.910825500812761
36.39487589759358	14.132986993980019	2.868132929435504
39.39487589759358	14.360938397108729	3.097911727997332
42.39487589759358	14.564894915697575	3.0665578819972485
45.39487589759358	14.744225105416561	2.9764359662309463
48.39487589759358	15.02458638793497	3.1182901142876833
51.39487589759358	15.187499025074054	3.1902759602617627
54.39487589759358	15.331468332313236	3.226896460180263
57.39487589759358	15.392718432322887	3.341077734622461
60.39487589759358	15.622564168441592	3.1605340251977205
63.39487589759358	15.770322141660758	3.3824421472582316
66.39487589759358	15.89850534065003	3.2403524581174667
69.39487589759358	16.024162762319314	3.2891302225891637
72.39487589759358	16.162449070588536	3.6562176254099676
75.39487589759358	16.30073537885775	3.6949168755643154
78.39487589759358	16.42070980155707	3.573747137818921
81.39487589759358	16.598777102616054	3.59831340896132
84.39487589759358	16.627192097465908	3.632188959800416
87.39487589759358	16.724434524285357	3.7006941009542307
90.39487589759358	16.924602376894224	3.621212894806961
93.39487589759358	16.977643700613914	3.6577424402901446
96.39487589759358	17.095723790323248	3.6083574049665734
99.39487589759358	17.18980899549272	3.6079300352438994
102.3948758975936	17.172759998582816	4.269912369149479
105.3948758975936	17.378610850161646	3.405941133851011
108.3948758975936	17.4581728357412	3.481549339172797
111.3948758975936	17.552889485240662	2.8070850553281352
114.3948758975936	17.612876696590327	3.2162262835012547