0.0001808129364349043	7.587577426058365	19.250437101547224
0.001014146289946893	39.23379258924102	17.455210907893772
0.001847479643458883	49.5154743089248	19.19268704027528
0.002680812996970872	57.13421953868679	23.289863870032875
0.003514146350482861	63.993760812153006	24.10874383016346
0.00434747970399485	68.91714124230215	23.478204166428775
0.005180813057506839	73.08322526378444	24.155996749839606
0.006014146236395845	76.73617897309691	25.507565601143728
0.006847479415284852	80.16022696694336	26.28742449975743
0.007680812943419824	83.16842957769319	26.330144361663294
0.00851414612230883	85.89240759173934	28.367145603791382
0.009347479650443802	88.93303851218009	30.297937580516585
0.01018081282933281	91.55782404952426	31.29633447354861
0.01101414635746778	94.03191332418659	30.750755488096534
0.01184747953635679	96.25039121657845	30.720321115845344
0.01268081306449176	98.3238954891752	30.53417360726073
0.01351414624338077	100.26577897537899	30.445958801029036
0.01434747959689275	102.10083979436507	30.556421339401258
0.01518081295040474	103.79855718407178	30.52259615941419
0.01601414630391673	105.45430852594289	30.577189979711896
0.01684747965742872	106.98988436719443	30.64484777632973
0.01768081301094071	108.46823377957939	30.57415879509344
0.0185141463644527	109.8988945012423	30.533569757256796
0.01934747971796469	111.2284551985742	30.556539708126348
0.02018081307147668	112.5026970146686	30.48533565038089
0.0210141460757427	113.75214071158747	30.346676051888377
0.02184747960387767	114.93100514623772	30.252219786952963
0.02268081278276668	116.05836579490801	30.17067156170184
0.02351414631090165	117.15329813388743	30.085094104581035
0.02434747948979066	118.1852814011136	29.884079758703123
0.02518081301792563	119.18483635864871	29.881674321062835
0.02601414619681464	120.17485357803932	29.665839831438216
0.02684747972494961	121.10573682093471	29.584714315723392
0.02768081290383861	121.99274646836561	29.512975791078038
0.0285141462573506	122.89310894919879	29.352833994691473
0.02934747961086259	123.71335442961887	29.1472986814026
0.03018081296437458	124.54123010055443	29.04283803261827
0.03101414631788657	125.32904727128341	29.050700312405525
0.03184747967139856	126.08825122757919	28.61735702924151
0.03268081302491055	126.82647215995725	28.606136463629884
0.03351414637842254	127.5513402589331	28.470134544492517
0.03434747973193453	128.26476307213565	28.358428968422622
0.03518081273620055	128.94003493276048	28.233614322487085
0.03601414626433552	129.5638030074054	28.144880494834325
0.03684747944322453	130.2104616535971	28.05113707480949
0.03851414615024851	131.45609025525835	27.638787826360424
0.04018081285727249	132.6292320470217	27.60034050911867
0.04184747956429646	133.7546851480633	27.22947802570326
0.04351414627132044	134.794298605805	26.921236334079357
0.04518081297834442	135.81102149199998	26.664762146899562
0.0468474796853684	136.76098021118418	26.420906506709446
0.04851414639239238	137.67660307304843	26.33495180320964
0.05018081292479337	138.56170517285048	26.13524123239558
0.05184747963181735	139.4162865105905	25.91124591051883
0.05351414633884133	140.27277539595931	25.64705466696001
0.05518081304586531	141.03579444751284	25.45935884839482
0.0568474795782663	141.8045361419531	25.11926657743127
0.05851414628529028	142.5046061217534	24.781296887806466
0.06018081299231426	143.2008610062959	24.36706339410187
0.06184747969933824	143.87041022403423	24.107198290654104
0.06351414640636222	144.49799339393692	23.791177463102564
0.06518081276414023	145.10077844466423	23.613235038763417
0.0668474794711642	145.7016559477627	23.387885658346057
0.06851414617818818	146.2643824982833	23.12779224876575
0.07018081288521216	146.8423694298353	22.875028578792303
0.07184747959223614	147.3554997420049	22.781698242973956
0.07351414629926012	147.8743526970613	22.674945161093806
0.07601414635979609	148.63355665335712	22.396569990577596
0.07851414624570907	149.33934927604417	22.019810466313587
0.08101414613162206	150.03751170821548	21.745306696325912
0.083514146366781	150.70706092595375	21.52108074718289
0.08601414625269399	151.33273654822756	21.182900429781522
0.08851414631322996	151.94124424184173	20.882276050051765
0.09101414637376593	152.49443305421792	20.626467646176923
0.09351414608505593	153.06478979525426	20.235971455874818
0.09601414632021488	153.59127294082612	19.969267130916453
0.09851414620612786	154.09105041959364	19.683734269084173
0.1010141462666638	154.59273544599006	19.54939956772617
0.1035141463271998	155.05817706743778	19.183026103461135
0.1060141463877358	155.5236186888854	19.054312652094737
0.1085141462736488	155.94900181012653	18.89349285860713
0.1118474796876967	156.51935855116267	18.68020650925834
0.1151808129271217	157.04965679199253	18.473841176813558
0.1185141463411696	157.58567767570892	18.229443252587828
0.1218474794059716	158.08927024973417	18.030359455663948
0.1251808128200196	158.58523263324395	17.815762351914167
0.1285141462340675	159.04495161180492	17.847650754644036
0.1318474796481155	159.49322530459256	17.603412410263843
0.1351808130621635	159.91288578294714	17.430548042933957
0.1385141463015884	160.3325462613016	17.256809041055433
0.1418474797156364	160.75602183491384	17.15403781377805
0.1451808129550614	161.16042193223728	17.05663020157073
0.1493474797226213	161.63349374420036	16.795430412044066
0.1535141461409353	162.09702781801906	16.799488517687504
0.1576808129084952	162.54339396317798	16.513099812588138
0.1618474796760552	162.97640727493453	16.313885235187755
0.1660141460943692	163.36745453885578	16.151071517567765
0.1701808130365521	163.78139237432345	16.04539325429518
0.174347479629489	164.15717925721376	15.75700939687681
0.178514146397049	164.52342840195934	15.595699542862604
0.182680812989986	164.88586245144725	15.268692798007665
0.1876808129364349	165.3017078345439	15.242434519368555
0.1926808130575068	165.7156456700116	14.886585151311094
0.1976808128293328	166.07426462424183	14.744935025080862
0.2026808129504047	166.417623197441	14.506309248048458
0.2076808130714767	166.79150253270222	14.256744019756306
0.2126808130179256	167.11960072487022	14.03092389030348
0.2176808129643746	167.4362536312649	14.008209989101475
0.2235141462643355	167.80250277601067	13.967164711143374
0.2293474795642965	168.16112173024086	13.91951339869412
0.2351808130388804	168.4796821842644	13.61841219947548
0.2410141463388413	168.84402378138125	13.57669765594073
0.2468474796388023	169.17975216406467	13.472486894738015
0.2526808127641402	169.48877487994383	13.317549123701697
0.2585141462387242	169.79207495293647	13.090563029111161
0.2651808130668201	170.11254295458903	13.091710543009555
0.27184747954567	170.42728831335467	12.58616150978753
0.2785141463737659	170.74584876737828	12.106156850495292
0.2851808130272389	171.03388845933972	11.570186847350971
0.2918474796807118	171.29903757975472	11.034265907114811
0.2993474796876967	171.62141312903597	10.502637537130576
0.3068474796946816	171.86748677316206	9.52927796947706
0.3143474795270436	172.09066984574136	9.140149617272652
0.3218474797086515	172.27379441811436	8.759900560848966
0.3293474797156364	172.45119634760044	8.583039794969194
0.3376808127268873	172.64004356286011	8.227794487926014
0.3460141462620072	172.71825301564425	8.158887483650714
0.3543474796225041	172.93952854059478	8.177673262599427
0.362680812983001	173.132190851112	8.354447727873639
0.3718474796970099	173.36491166183575	8.668988294961174
0.3810141462363959	173.5938173773019	8.994476590206185
0.3901808129504047	173.8150929022524	9.668472936837144
0.3993474794897907	174.03446087957406	9.75306253290947
0.4093474797319345	174.27290433318456	10.130334428888823
0.4193474796248324	174.5285157154551	10.128596665262963
0.4293474795177303	174.78221955009656	10.20176216905238
0.4393474795852512	175.0092177179337	10.359496205656232
0.4501808130062841	175.25719890968853	10.426331851531447
0.461014146252694	175.54142350639228	10.508017571721842
0.4718474794991039	175.75697638845602	10.333357813895436
0.4835141462736488	176.00495758021106	10.331394102810052
0.4951808130481936	176.26438405773925	10.304964378099367
0.5068474796481155	176.49901241609186	10.341976127844333
0.5193474796015494	176.75271625073356	9.98883500328937
0.5318474795549832	176.96254648991072	10.018150744921728
0.5443474795084171	177.2124352292945	9.885915549517744
0.557680812989986	177.4451560400182	9.74597066322562
0.5710141461223088	177.69313723177322	9.63063151122369
0.5843474796038777	177.8877070899194	9.412632980960606
0.5985141462643355	178.1166128053854	9.37771858483727
0.6126808129247934	178.3226279493049	9.249902980005569
0.6268474795852512	178.54008837899764	9.039165004774732
0.6418474794245981	178.75182616580372	8.705008555800507
0.6568474796131909	178.94067338106328	8.773355642745493
0.6726808129806727	179.14287342972506	8.588558902809801
0.6885141463481546	179.36224140704647	8.53385296979289
0.7051808128945254	179.54155088416172	8.238317365314312
0.7218474796155192	179.70941507550336	8.164404091938492
0.738514146336513	179.91733776705175	8.247694699331074
0.7560141462363958	180.09855479179572	7.873445100145311
0.7735141463109017	180.28740200705528	7.678019899820419
0.7918474795642965	180.44191336499472	7.765201263422248
0.8101808129923143	180.6288530326254	7.693599135056807
0.8293474794245981	180.83868327180267	7.522210235249812
0.8485141462061279	180.94741348664905	7.37955225285463
0.8685141463411696	181.12100032087756	7.226250762198576
0.8893474794804774	181.31747772665258	7.18175344234736
0.9101808129690312	181.4662664417054	6.89402400157953
0.931847479461851	181.63985327593377	6.705148796233981
0.9535141463039167	181.78482689572897	6.705876213570332
0.9760141461502485	181.94124580129755	6.597061200453536
0.9993474796993382	182.08621942109275	6.412126106431823
1.022680812899182	182.20830246934125	6.273602531188864
1.046847479452538	182.37425911305397	6.055356854463121
1.07101414635514	182.4829893279005	5.989688627829169
1.096014146262007	182.62987049532455	5.809359369736255
1.12184747969701	182.78056675800624	5.734731046844549
1.148514146310902	182.89883471099725	5.764556655477225
1.175180812924793	183.01901021161683	5.516445963053045
1.20268081306682	183.14872345038097	5.544950335528927
1.231014146387736	183.26317630811394	5.351391221229087
1.260180813062164	183.3890744516202	5.169820276008663
1.289347479736591	183.5168801427556	5.127698105116177
1.319347479415285	183.62370280997317	5.0975580295088925
1.35018081297136	183.74006321533497	4.936350443839226
1.381847479706323	183.84307078729483	4.855573664122063
1.414347479620176	183.95180100214114	4.760025479093187
1.447680813062164	184.05862366935855	4.6269438656377515
1.481847479508417	184.1730765270917	4.553549696858814
1.516847479657429	184.26654636090691	4.512950219274101
1.551847479631817	184.3600161947221	4.438544598395261
1.587680812959718	184.46111621905305	4.375031010575578
1.624347479641131	184.55840114812628	4.322401613415826
1.661847479676055	184.64805588668364	4.143342441102363
1.700180813064492	184.7529710062724	4.154777661103809
1.740180812810706	184.83881064957205	4.103250364725995
1.781014146085056	184.93228048338733	4.004681001432585
1.822680813062164	185.02575031720255	3.9854983281822127
1.865180813043537	185.09823712710033	3.926257640986787
1.908514146378423	185.19170696091555	3.765241009003147
1.95268081306682	185.27373150895755	3.7373338454878215
1.998514146112996	185.3538485093706	3.58922441469826
2.045180813036552	185.4473183431861	3.643777255499903
2.092680812964375	185.52362024834127	3.734280510314114
2.141014146245709	185.59229196298114	3.507250171354298
2.191014146234068	185.6705014157655	3.4305011392520663
2.241847479575938	185.72963539226083	3.4963276183114615
2.294347479624832	185.83455051184941	3.353659367050045
2.347680813027239	185.92611279803572	3.2590575215961133
2.401847479433911	185.96807884587145	3.3416420738296977
2.457680813071477	186.03293546525322	3.199494170549855
2.51518081306682	186.1264052990685	3.1990265818486283
2.57351414606643	186.18744682319277	3.0753075361659525
2.633514146122309	186.24276570443064	3.0122321285988574
2.694347479706323	186.32860534773036	3.0467747964433527
2.756847479648116	186.37438649082353	2.95560901871108
2.821014146122309	186.433520467319	2.9020526836932063
2.886847479652772	186.50982237247436	2.957303592871127
2.953514146187501	186.5861242776297	2.9080252038415426
3.021847479603878	186.63572051598072	2.824691529973426
3.091847479727278	186.67959411144489	2.9529646104928515
3.163514146383079	186.75971111185794	2.9486049471660136
3.236847479396658	186.8321979217556	2.8292505828884753
3.311847479641131	186.87607151722005	2.780109729051055
3.388514146243381	186.94283568423086	2.676008604766733
3.466847479727278	187.01532249412847	2.766100193311253
3.546847479568953	187.07254892299503	2.753610689119263
3.629347479471164	187.12214516134597	2.686081686596379
3.713514146255022	187.1870017807281	2.858647786332772
3.799347479396658	187.2137074475323	2.6850173597456735
3.887680812773454	187.2766565192856	2.6006975851384517
3.977680812857273	187.35295842444086	2.656392389571189
4.070180813001628	187.41018485330744	2.66972220100599
4.164347479678384	187.49030185372055	2.600317130372152
4.26101414606643	187.51891506815383	2.630006729244898
4.359347479685368	187.57232640176258	2.644857828253519
4.460180813015597	187.64099811640227	2.4954674041786546
4.563514146406362	187.69250190238213	2.645883184302334
4.669347479508417	187.74209814073316	2.443633641857587
4.777680813020254	187.77452645042433	2.5765134987517864
4.888514146243381	187.8393830698064	2.505831044379873
5.001847479527044	187.88325666527075	2.4763906104139846
5.117680813045865	187.97100385619913	2.4124884154019384
5.236014146275977	188.00724726114805	2.3916907946869244
5.356847479566625	188.06256614238563	2.3671680418369587
5.48101414627132	188.10071709496344	2.3927727502086182
5.607680813036552	188.16175861908775	2.3590599984445597
5.737680812866586	188.19990957166536	2.1280149139550004
5.870180812931778	188.24378316712975	2.1495564697846317
6.006014146236396	188.270488833934	2.090562187669541
6.145180812955061	188.33916054857394	2.138913669926794
6.287680812913152	188.3754039535225	2.0057138610735636
6.432680812931778	188.41355490610025	2.0850316068348476
6.581847479717965	188.45361340630686	1.930224852630797
6.734347479568953	188.4955794541424	2.0644074261101757
6.890180813008612	188.54326814486447	1.8173663947908263
7.049347479687697	188.57569645455536	1.79443028125777
7.212680812959718	188.62910778816416	1.8150090071726
7.379347479471164	188.64055307393753	1.814509631543129
7.550180812924793	188.69396440754633	1.6745401201471697
7.724347479443225	188.7111323362062	1.6542139309260524
7.902680812903839	188.74165309826833	1.6385793864266553
8.085180812782767	188.78361914610372	1.574688981141785
8.271847479603878	188.82177009868144	1.6418947363478928
8.462680813017926	188.83512293208375	1.4819263009597619
8.658514146378423	188.87708897991917	1.6566309226113662
8.858514146331856	188.89807200383692	1.5122410524377417
9.063514146406362	188.93813050404322	1.5392816388420012
9.272680812899182	188.97818900424988	1.5193312345153498
9.486847479687697	188.99535693290997	1.4608760476732114
9.706014146248037	189.02206259971436	1.5039895287997218
9.930180812754827	189.07356638569414	1.4162443096632429
10.15934747973194	189.07165883806513	1.4237789919002029
10.39434747965976	189.10790224301402	1.40396646752672
10.63434747970865	189.1441456479628	1.3004993769372875
10.88018081305751	189.16703621950938	1.3957308136775368
11.13184747970632	189.18992679105602	1.1990311976076105
11.38934747948048	189.21090981497372	1.1658692610267507
11.65268081290384	189.23189283889144	1.1993480777403625
11.92184747945254	189.26622869621136	1.288990780026544
12.19684747965044	189.28148907724244	1.160687538407898
12.4785141463272	189.31964002982002	1.1704288766894244
12.76684747965743	189.30056455353122	1.1051099027554587
13.06184747964113	189.34253060136683	1.1310748582971923
13.36351414610368	189.34825324425344	1.0862707739615294
13.67184747956895	189.403572125491	1.094884707631918
13.98768081286659	189.40929476837755	1.0571297089317089
14.31101414634583	189.43409288755296	0.9674633927955645
14.64184747965743	189.43981553043983	1.2301950588913535
14.98018081280139	189.46652119724433	1.141102758609805
15.32601414630159	189.4760589353886	1.1981177608094662
15.68018081298766	189.51230234033733	0.9840316525988302
16.04184747968071	189.51802498322402	0.979137515075426
16.41184747973426	189.53519291188397	1.0749766239088179
16.7910141463272	189.5733438644616	1.0902232435463661
17.17851414628063	189.59432688837927	0.9691256049538511
17.57518081277345	189.6114948170393	1.1173898702534981
17.98101414632953	189.6191250075548	0.9826512951624606
18.39601414607574	189.6229401028127	1.0888135309379186
18.82101414623872	189.6668136982769	1.086795337914927
19.25518081294109	189.67635143642127	0.9410404077156578
19.69934747953636	189.67635143642127	0.9603602383702649
20.15434747972728	189.71640993662794	0.9680903638865107
20.61934747946185	189.72213257951458	1.020469529049411
21.09518081279208	189.74883824631894	1.1424045659662798
21.58184747971797	189.76600617497888	0.9455666754661953
22.08018081289453	189.77172881786552	0.9513157915563032
22.58934747966674	189.7946193894123	0.7853282886239246
23.11101414639239	189.8136948657009	0.8948994860431594
23.64434747971797	189.83086279436102	1.0284885620536683
24.19018081299697	189.85947600879425	0.5989567894122294
24.74851414640403	189.86138355642308	0.8986999482352461
25.31934747941529	189.87092129456752	1.0103328896216193
25.90351414625735	189.8384929848766	0.3427259901053131
26.50101414640636	189.895719413743	0.21923340678978107
27.11268081286659	189.91097979477405	0.005224804350149483
28.37851414629228	189.86519865168083	0.014652779466867823
30.38851414624338	189.86519865168083	0.1298372652292218