0.00876000000005206	0.7827669699724575	0.058709618463044615
0.01752000000010412	1.0081672815965061	0.5916725751971235
0.02628000000015618	1.31126200588656	0.4119892007067503
0.03504000000020824	1.361289391533361	0.7682851243489258
0.0438000000002603	1.635583875514106	1.3312950727870687
0.05256000000031236	1.8934777615129428	0.6503236301958086
0.07008000000041648	1.8078344064623806	0.2482899226747451
0.07884000000046854	1.9299933364111725	1.2840853890895894
0.08845993493764581	2.105576554095471	1.1995063330367512
0.09925367946641472	2.206148410051397	1.074326242459093
0.1401995486882015	2.2450660242812384	1.6713188728197166
0.1573064809130074	2.4533244608760487	0.2888116640742676
0.1980371262613971	2.2618662201727635	1.4773385295252106
0.2222013103022391	2.6515943757442924	1.7832834766334227
0.3138676932662747	2.5425327416284564	0.6740392829948937
0.3521653440539012	2.5334529548286002	0.8488016338866831
0.3951360149940228	2.737840875559093	1.7873864480967587
0.443349900782664	2.9447289471515035	0.43639226228747025
0.5581444564116964	2.7472976928905206	1.425477853696932
0.6262483802602219	3.16612432117593	1.08918387110816
0.7884000000045717	2.849315556721378	0.15289445097455373
0.8845993493767992	3.032994624231545	2.558131836002547
1.249529792943577	3.158659325739054	1.6061920964817333
1.401995486882811	3.362740474488228	1.3849924349015144
1.573064809130528	3.4768094955905697	1.3986665283512099
2.222013103021823	3.5897682008558656	1.42289066622817
2.797348760733712	3.5701733006426255	1.1179049828580843
3.138676932661952	3.977033607997977	0.5186664397285942
4.433499007826299	3.683874905814816	2.1947700777500114
4.974467703910591	4.154184834901702	1.5089251105246329
5.58144456411685	4.028907372151202	0.12417242981447418
6.262483802602446	4.182189452419296	0.40577270638026697
7.026622396287053	4.121592834854908	1.225516815184009
7.884000000045603	4.460384616239087	0.8974106176220596
11.13644600187024	4.172124138097952	1.5916131437857348
12.49529792943577	4.728598603335396	0.8910589859858404
15.73064809130563	4.652681322101627	0.7343098508677918
17.65007745657488	4.540890444518528	0.29679588018844394
19.80371262613608	4.717974750531503	0.5139696711006536
22.22013103021743	4.656188614340278	1.0015034695429224
24.93139707291164	4.938455667408101	0.19548810422656998
31.38676932661917	4.7596706816934615	2.360743385278909
35.21653440538557	5.214681179692809	1.3898392254458678
48.27360149940262	5.1186494661882564	0.941134941574861
52.65360149940261	5.08243834771454	0.7617054729423173
61.4136014994026	5.4811147120493615	1.070839860182
65.7936014994026	5.158480870640744	0.8030031656419543
74.55360149940259	5.463440914206608	1.9926363442684145
78.93360149940258	5.342731091218123	0.09821472337221052
83.31360149940258	5.294841201428649	1.1412777022242506
87.69360149940258	5.6113494217067785	0.9287141422609767
92.07360149940257	5.5133821045293345	0.7824907611672707
96.45360149940257	5.652964400827801	1.8889964280009715
100.8336014994026	5.711456628469602	0.3942131542709154
109.5936014994026	5.770475443582206	0.2594634056741801
122.7336014994025	5.4328952653943166	0.8421079931039971
127.1136014994025	5.687062546560061	0.5052902602246927
131.4936014994025	5.396509264660934	0.30685234098068614
140.2536014994025	5.688624696853678	0.19402874788837227
149.0136014994025	5.684051985171139	0.8324290583042006
153.3936014994025	5.66491776096413	2.229076991485139
157.7736014994025	5.497992131849703	2.3420227396556115
170.9136014994025	5.54121908674864	0.2586175456701206
175.2936014994025	5.90084857567916	0.6862735732320095
179.6736014994025	5.949676584758722	2.3594483402417397
184.0536014994025	5.910286788449687	1.7845721480652885
188.4336014994025	5.6380892251427515	2.0252050285328096
192.8136014994025	5.801330909023888	1.6162320775929846
210.3336014994025	5.932718831352555	0.009241960093285763