0.01091699519383838	10.376329666273518	1.2195524106865219
0.03091699519063695	14.462734314595524	4.63466732320736
0.04091699519267422	16.525265764806054	3.7693045237313543
0.06091699519311078	17.919236855190668	4.284701459277744
0.08091699519354734	19.042600180884037	4.9247782224788565
0.09091699519194663	19.949932097790356	4.581380302568455
0.1109169951923832	20.775399480840424	5.242355026532808
0.1309169951928197	21.45760392964209	4.700796374088122
0.140916995191219	22.03747771112352	5.059818689881043
0.1609169951934746	22.615077477775536	5.074671525015569
0.1809169951939111	23.1403749033529	5.445460069209818
0.1909169951904914	23.636110136148822	5.192678670095385
0.210916995192747	24.08181704269914	5.440202031693754
0.2309169951931835	24.493413726809397	5.464497502725713
0.2409169951934018	24.907284425749214	5.404590513988095
0.2609169951938384	25.234742561173956	5.5202008407194585
0.2809169951924559	25.587214859721637	5.509788351250196
0.2909169951926742	25.926043069292916	5.742308817541917
0.3109169951931108	26.280789382669848	5.74195404529926
0.3309169951935473	26.553671162190522	5.638499071519479
0.3409169951937656	26.831100971369985	5.675864161731356
0.3609169951923832	27.16083312162397	6.085092234726569
0.3809169951928197	27.37459051558192	6.155771669408117
0.390916995193038	27.677034487884036	6.170072489547828
0.4109169951916556	27.911258015305968	6.1317002353713566
0.4309169951939111	28.1750437355092	6.205451556170856
0.4409169951923104	28.40471923327249	6.244079452506099
0.460916995190928	28.577544360302326	6.2981460471152415
0.4809169951931835	28.843604095334776	6.43533027602866
0.5109169951938384	29.330243268813387	6.533830391674616
0.5309169951924559	29.521260514477806	6.478864910106999
0.5609169951931108	29.926035154100166	6.746743924248898
0.5809169951935473	30.142066562887358	6.813054037180267
0.6109169951923832	30.489990831776268	6.8118558274231535
0.6309169951928197	30.71966632953938	7.106186062978233
0.6609169951934746	31.060768553940378	7.195348691712714
0.6809169951920921	31.21540156233531	7.358568492628745
0.710916995192747	31.57924393502969	7.17263403840117
0.7309169951913645	31.742973002742055	7.359133937232404
0.7609169951938384	32.06360909367874	7.4426308658855165
0.780916995190637	32.20459801309774	7.413248644081866
0.8109169951931108	32.53205614852263	7.585287156591927
0.8309169951935473	32.70488127555245	7.670597770253354
0.8609169951923832	33.014147292342464	7.692304763413665
0.8809169951928197	33.14831416727355	7.769798001642339
0.9109169951934746	33.43938806542879	7.8337683133826745
0.9409169951904914	33.75547612670698	7.8637020775353195
0.9809169951931835	34.00106972827564	7.93939181845293
1.010916995193838	34.262581433649615	8.133254696063686
1.040916995192674	34.533189198340885	8.162481778016062
1.080916995193547	34.78105681473874	8.259263392515146
1.110916995192383	35.042568520112724	8.318460144792956
1.140916995193038	35.28816212168138	8.371294107804404
1.180916995193911	35.54285178256728	8.44380105323162
1.210916995190928	35.767979250671935	8.574235946048052
1.240916995193402	35.984010659458974	8.505354965501766
1.280916995192456	36.181849949611596	8.554190747895095
1.310916995193111	36.40242938805743	8.664581488381387
1.360916995192383	36.73670956797022	8.852919429644984
1.410916995193475	37.096003911005795	8.875558378120601
1.460916995192747	37.35978963120902	9.040656805145217
1.510916995193838	37.70089185561002	9.059224500110973
1.560916995193111	37.97832166478934	9.130126519765971
1.610916995192383	38.29668374089679	9.23630253058361
1.660916995193475	38.580935594564146	9.325734232828461
1.710916995192747	38.80378904783923	9.421227190866789
1.760916995193838	39.1266991536055	9.606258122260199
1.810916995193111	39.41322502210226	9.616358908521509
1.860916995192383	39.6519965791827	9.698903830628781
1.910916995191656	39.92033032904486	9.6937435748196
1.960916995190928	40.140909767490555	9.755113751840213
2.010916995193838	40.40696950252336	9.930966232269467
2.060916995193111	40.63891901511587	9.948512622331855
2.110916995192383	40.889060646343154	10.06960619752854
2.160916995193475	41.14602432205847	10.120525106418771
2.210916995192747	41.33476755289349	10.170178428444128
2.280916995190637	41.66904773280627	10.243611036110105
2.340916995191947	41.94875155681516	10.428460421149365
2.410916995193475	42.24892151428785	10.391717539198
2.480916995193184	42.526351323467175	10.4579423738985
2.540916995192674	42.78558901401174	10.553640562639407
2.610916995192383	43.06301882319106	10.634380464341474
2.680916995193911	43.3359006027117	10.760740753150793
2.760916995193838	43.672454797453916	10.776807815898799
2.830916995193547	43.94761059180399	10.926502002898136
2.910916995193475	44.263698653082045	10.927081069937273
2.980916995191365	44.516114299138735	11.053020981272223
3.060916995193111	44.827654330758136	11.199932587035203
3.140916995191219	45.10281012510822	11.19988732952187
3.230916995193184	45.43254227536236	11.284014617478508
3.310916995193111	45.682683906589624	11.432871362762755
3.390916995193038	45.962387730598344	11.515008316361241
3.480916995193184	46.255735643583	11.571651706007387
3.580916995193547	46.59456385315459	11.673754791635094
3.680916995192092	46.912925929261874	11.75137171717498
3.780916995190637	47.19945179775865	11.862938193887361
3.88091699519282	47.54282803698872	11.913335330665058
3.980916995193184	47.80433974236288	11.951453800351677
4.080916995193547	48.154538026080985	12.0622888684649
4.180916995193911	48.447885939065806	12.118694219829685
4.280916995192456	48.700301585122325	12.211373917295136
4.38091699519282	48.99364949810699	12.245696844899694
4.490916995193402	49.33475172250783	12.380134746949908
4.610916995192383	49.64629175412738	12.494668519023394
4.730916995193184	49.95783178574678	12.543777383460466
4.840916995193766	50.244357654243395	12.598571027095367
4.960916995190928	50.57636381932695	12.700383079803892
5.080916995193547	50.84014953953015	12.731022504765335
5.210916995192747	51.20171789739515	12.907877236252302
5.340916995191947	51.4996138400386	12.855374314118896
5.480916995193184	51.82024993097528	13.063490676567692
5.610916995192383	52.134063977424105	12.999816465113799
5.740916995193402	52.438781964555446	13.131712770282254
5.88091699519282	52.7548700258335	13.260107090889958
6.030916995190637	53.07550611677035	13.280551027077687
6.180916995193911	53.405238267024494	13.378142576987594
6.330916995193547	53.75543655074263	13.486291043917433
6.480916995193184	54.04196241923939	13.48957697107996
6.63091699519282	54.351228436029395	13.569512518084546
6.790916995192674	54.6923306604304	13.641115587750337
6.960916995192747	54.99704864756172	13.768505569616172
7.13091699519282	55.36316503508535	13.751184908897232
7.310916995193111	55.65878696289942	13.87701790611508
7.480916995191365	56.01580729110558	13.992316915947606
7.660916995193475	56.313703233748896	14.060633039449792
7.840916995193766	56.67754560644331	14.130943612621117
8.030916995192456	57.014099801185495	14.184073187487297
8.230916995191365	57.33700990695158	14.303123059594476
8.430916995193911	57.72586644276843	14.404050947128788
8.63091699519282	58.06924268199868	14.417263820906747
8.830916995193547	58.34667249117799	14.647470542854581
9.040916995192674	58.69004873040805	14.691117781749865
9.260916995193838	59.06071314759033	14.71321843964842
9.480916995193184	59.394993327503144	14.835900012195612
9.710916995192747	59.729273507416096	14.878030132003444
9.940916995190491	60.084019820792875	15.035700387015801
10.18091699519391	60.4524102231459	15.141256140273066
10.43091699519209	60.818526610669515	15.187900920040432
10.68091699519391	61.177820953704945	15.264066907080565
10.93091699519391	61.512101133617726	15.395151003403791
11.19091699519231	61.88049153597078	15.484082465658112
11.46091699519275	62.26252602729958	15.525742837646666
11.73091699519318	62.61045029618846	15.564419010537334
12.01091699519384	63.04023909893344	15.753695790108385
12.29091699519267	63.37679329367581	15.852523085490848
12.58091699519355	63.72244354773531	15.956706063910126
12.88091699519282	64.08628592042933	16.083037148232044
13.18091699519391	64.45922435244103	16.186817215139566
13.4909169951934	64.82761475479388	16.263548953121575
13.81091699519311	65.25285552788027	16.42674029307348
14.13091699519282	65.56439555949984	16.475182158713626
14.46091699519275	65.969170199122	16.50184197297196
14.81091699519311	66.38531491289108	16.685193780107507
15.16091699519348	66.74460925592666	16.768488271283594
15.51091699519384	67.13801382140231	16.930965267420362
15.88091699519282	67.5064042237552	16.966884539038304
16.26091699519384	67.91117886337754	17.012274344920392
16.64091699519122	68.30685744368245	17.086828338985736
17.03091699519246	68.72527617228073	17.321333042774953
17.43091699519391	69.13005081190309	17.417534373665255
17.84091699519377	69.51663333289072	17.50187501986422
18.26091699519384	69.91458592802519	17.514448718497935
18.69091699519231	70.37166290872221	17.642131423114947
19.13091699519282	70.75142338522178	17.887152427321894
19.58091699519355	71.11981378757464	17.855735057978684
20.04091699519267	71.56324667929577	17.95145249293169
20.51091699519384	71.97484336340601	18.12395926387805
20.9909169951934	72.44329041824987	18.209544546101736
21.48091699519318	72.77757059816267	18.306053790335106
21.98091699519318	73.22782553437197	18.440991243375084
22.4909169951934	73.67808047058092	18.52924233874734
23.01091699519384	74.05101890259246	18.602379045961722
23.56091699519311	74.54675413538848	18.784012144011008
24.11091699519238	74.95835081949882	18.782305220396758
24.68091699519209	75.39041363707317	18.934984543393504
25.26091699519384	75.76107805425542	19.02619655387147
25.86091699519238	76.2659093463686	19.085785020294256
26.46091699519275	76.72980837155373	19.26024013005119
27.08091699519355	77.11866490737069	19.424482789063735
27.71091699519275	77.57574188806782	19.4666384090105
28.36091699519238	78.03736689842377	19.624525139195473
29.03091699519246	78.48534781980334	19.6281996174746
29.71091699519093	78.93787677084192	19.92660224139042
30.41091699519166	79.38813170705103	20.021477422354753
31.13091699519282	79.84520868774804	20.030482617399343
31.86091699519238	80.28864157946914	20.268853283188697
32.61091699519238	80.82303506436386	20.27879767952171
33.38091699519282	81.22780970398617	20.44608112483412
34.16091699519166	81.70762683297671	20.614431906461036
34.96091699519093	82.16015578401519	20.8754460983472
35.78091699519246	82.65134298715238	20.842428785980363
36.61091699519238	83.13570814580153	20.89598647089938
37.46091699519275	83.6018811858159	21.11396923080011
38.33091699519355	84.0657802110011	21.26976172403178
39.23091699519318	84.57743354760241	21.43755478321393
40.14091699519304	85.04133257278755	21.568392024996765
41.08091699519355	85.56662999836483	21.682695518028044
42.03091699519064	86.07146129047803	21.856565075406003
43.01091699519384	86.52626425634581	22.0333673758417
44.01091699519384	87.0515616819232	22.246009309965217
45.03091699519064	87.53820085540174	22.266056604047673
46.08091699519355	88.05212820683232	22.524091087662704
47.16091699519348	88.58652169172692	22.702149583531245
48.26091699519384	89.11864116179225	22.886679159883762
49.38091699519282	89.5893622314654	23.017947440479844
50.53091699519246	90.08737147909063	23.209549260630997
51.71091699519275	90.61266890466794	23.320321057709286
52.91091699519166	91.16525450819724	23.570924635760452
54.14091699519122	91.726936171044	23.68738388646794
55.39091699519304	92.24541155213326	23.823961240250796
56.68091699519391	92.76616094805179	23.977696752990667
57.9909169951934	93.31647253675192	24.134713372737725
59.33091699519355	93.87133215511052	24.41730923139006
60.71091699519275	94.444383892104	24.575045402197937
62.11091699519238	94.97877737699865	24.745111172158786
63.56091699519311	95.54045903984523	24.916146025372413
65.03091699519246	96.12488085098538	25.10327644346492
66.53091699519246	96.68428849900283	25.24521304546562
68.08091699519355	97.25279220633756	25.50878506782308
69.66091699519347	97.85540613611239	25.71009779969065
71.28091699519064	98.389799621007	25.882187980583858
72.93091699519391	99.00833165458718	26.020237309661315
74.63091699519282	99.58820543606859	26.2056340232894
76.36091699519238	100.13624300993924	26.360656945129808
78.13091699519282	100.75022701386088	26.60335338868193
79.94091699519231	101.35284094363568	26.708324925444963
81.79091699519267	101.98046903653321	26.9900040737558
83.68091699519391	102.59900107011337	27.078165803348472
85.61091699519238	103.18797091091218	27.336271625387678
87.59091699519377	103.80195491483364	27.4576785828318
89.61091699519238	104.44322709670723	27.70170404719121
91.68091699519391	105.0572111006286	27.887766513784
93.81091699519311	105.69166123801433	28.082349622039768
95.98091699519136	106.31019327159446	28.236177710475218
98.21091699519275	106.93782136449191	28.471686058613788
100.4809169951914	107.57227150187762	28.58707442158513
102.8109169951931	108.24537989136192	28.811371687399784
105.1909169951905	108.85936389528338	29.123048258533878
107.6309169951928	109.52792425510901	29.27031794944615
110.1309169951928	110.14418227385987	29.493712095641953
112.6809169951939	110.87414103407765	29.56081966236014
115.2809169951925	111.49494708248712	29.755277015061267
117.9409169951905	112.18852160543544	30.03173499888003
120.6609169951935	112.81614969833306	30.22268852257851
123.4609169951909	113.55293050303902	30.37792344690037
126.3109169951931	114.2260388925232	30.573611701308202
129.2309169951932	114.90824334132499	30.757678411956114
132.2309169951932	115.60409187910261	31.00176933138736
135.2809169951925	116.27720026858691	31.170124005603896
138.4109169951917	116.96395274704733	31.380739449804807
141.6109169951924	117.67571938863033	31.605781447530642
144.8809169951928	118.41250019333617	31.8026714734791
148.2309169951932	119.11289676077259	31.997440645275578
151.6609169951935	119.84967756547852	32.14777009672105
155.1609169951935	120.51368989564546	32.34855860590809
158.7409169951934	121.24819668552179	32.61674736942613
162.4109169951917	122.00771763852102	32.68584311858907
166.1609169951917	122.73540238390943	32.914206188614
170.0109169951938	123.4721831886152	33.1054772194722
173.9409169951923	124.20441596366246	33.30388725591694
177.9609169951928	124.94574479802701	33.50297625521556
182.0809169951936	125.71208779551418	33.64642833225976
186.2809169951925	126.43522451124377	33.88970145062919
190.5809169951936	127.194745464243	34.12772720651141
194.9809169951914	127.99974671382901	34.241264398142334
199.4809169951914	128.72970547404688	34.38685751907244
204.0809169951936	129.5096925605101	34.57895332916673
208.7909169951927	130.21008912794645	34.76359314773249
213.6109169951924	131.05602264446065	35.178964027994034
218.5409169951927	131.83828374575313	35.430147590783584
223.5809169951936	132.56824250597083	35.572647118637164
228.7409169951934	133.33231148862873	35.63749453617415
234.0309169951906	134.17824500514297	35.83577380792156
239.4309169951939	134.96732815092358	35.99894763015132
244.9609169951909	135.76550735602137	36.23704003722351
250.6109169951924	136.53867239799672	36.429699318071876
256.390916995193	137.35504372172937	36.718739047584386
262.3109169951931	138.1805111047794	37.02581390393724
268.3609169951924	138.9536761467546	37.263108309839716
274.5609169951931	139.77232148531652	37.71057247791634
280.9109169951917	140.58414477939067	37.98476129026919
287.3909169951912	141.42325625141666	38.52360882233288
294.0309169951906	142.33741021281088	38.85906604671967
300.8309169951936	143.21972796659455	39.28434193965844
307.7809169951925	144.0565654237912	39.80730663206793
314.8809169951928	144.81381236196097	40.36010289201043
322.1609169951917	145.66201989330452	40.77680079589273
329.5909169951938	146.48293924669582	41.208892942122695
337.2109169951909	147.36070897082044	41.609113156450796
344.9909169951934	148.23165665045755	41.89342622415535
352.9609169951909	149.1230704635583	41.86041240550624
361.1109169951924	150.0599645732459	41.40929115766086
369.4409169951923	150.99685868293346	40.731796252072364
377.9609169951928	151.98832914852537	39.63415403585472
386.6809169951939	152.92294924338356	38.37258183198919
395.6109169951924	153.94170788692733	36.62916231338105
404.7409169951934	154.97865864910605	34.59351424259171
414.0809169951936	156.00651335196716	32.42182300631472
423.6309169951928	157.0411900993163	30.23822889037371
433.4109169951935	158.12589517291104	28.08830080630037
443.4109169951935	159.20605221684704	25.711291789787488
453.640916995193	160.24072896419622	23.37684642180448
464.1109169951924	161.26403563739876	20.792167137305086
474.8309169951936	162.1941077025984	18.219582847792925
485.7809169951925	162.9718207742323	16.639560565786496
496.9909169951934	163.5062142591268	14.97069494054495
508.4609169951928	163.85413852801582	15.978018566581584
520.1909169951923	163.99285343260544	17.210507594262403
532.1909169951923	164.02468964021628	18.67829720002304
544.4809169951914	163.79956217211165	16.405525002328122
557.0409169951927	163.47210403668694	14.325127988147077
569.890916995193	163.03321917462438	12.615933786776953
583.0409169951927	162.5465800011458	11.376724122926024
596.4909169951934	162.00991250142187	10.731483244019472
610.2609169951938	161.4254906902816	11.013124603364906
624.3409169951938	160.84561690880042	12.510626352120717
638.7409169951934	160.17250851931618	15.957985660649129
653.4809169951932	159.50622217431973	22.05126442421669
668.5609169951931	158.99229482288914	32.97227936649254
683.9809169951914	158.5511359459973	47.89448896793538
699.7609169951938	158.42833914521304	70.45649753329504
715.9109169951917	160.09064398545982	79.87333302188878
732.4309169951939	161.98035030864054	88.12024548029109