1.499999500058038	19.191885342307277	10.545175077791804
1.999999500058038	25.511339868019533	15.780696326169195
2.499999500058038	32.18659042503183	9.732963714826075
2.999999500058038	38.61287187559741	12.123516151566976
3.499999500058038	38.99975598957037	13.758318562944645
3.999999500058038	38.49682686947979	14.40516319991063
4.499999500058038	37.182308943751664	12.492078852612929
4.999999500058038	39.03844982801107	4.695786767728403
5.499999500058038	41.76901778264639	5.1593323956251576
5.999999500058038	41.565498691307816	4.947691602064541
6.499999500058038	43.80579043273127	4.1477702194255395
6.999999500058038	45.41784556359236	5.099218398757619
7.499999500058038	46.33149437580047	7.742200847581239
7.999999500058038	46.91497464617778	9.603655051276919
8.499999500058038	44.23290670549373	9.426945918004265
8.999999500058038	44.698996062789945	3.9940952662100266
9.499999500058038	47.69331540554853	4.09468234421866
9.999999500058038	44.669861716030326	6.355299361221854
10.49999950005804	44.68928461387032	10.070772179309335
10.99999950005804	44.631015920351096	8.4902133338509
11.49999950005804	44.96123774588935	7.1859626942645605
11.99999950005804	45.320682724364666	9.796370457141766
12.49999950005804	45.49558057130474	8.506587956008175
12.99999950005804	49.34867341548393	7.141261177257142
13.49999950005804	49.9236213856354	7.490038686246591
16.99999950005804	53.202229038523136	2.183899337402994
17.49999950005804	53.12408058871598	1.2473937828445676
17.99999950005804	53.04593707258558	4.62947872215218
18.49999950005804	53.50509066738903	4.283218400632894
18.6158335000564	55.871520730414744	3.7165284795310405
19.1158335000564	56.155357115771274	4.208998311728128
19.6158335000564	55.42140859125597	6.028187487916902
20.1158335000564	56.04768850569864	3.933089210461351
20.6158335000564	55.05946322550524	2.534024568713399
21.1158335000564	55.39205814946439	2.5312898902111147
21.6158335000564	42.612474191850986	4.542266055060511
22.1158335000564	41.6333357571265	4.296756606442023
22.6158335000564	41.778710483595454	7.22018694383665
23.1158335000564	40.77108204026858	6.446466349698496
23.6158335000564	39.81255255922655	6.192376456446928
24.1158335000564	45.01952025370234	5.283614602681976
24.6158335000564	44.53390636482942	5.229804964514118
25.1158335000564	42.62217281321205	1.5779639309224396
25.6158335000564	42.72885172776842	2.655109081438673
26.1158335000564	47.60573080597322	0.2965690790041534
27.1158335000564	45.34983088541875	0.8182194899239625
27.6158335000564	49.63124677964317	2.0607664749676426
31.1158335000564	52.391649663107685	3.2092425567475695
31.6158335000564	52.82129789867535	0.5715814586524756
32.1158335000564	54.90297391250632	9.542757382009606
32.6158335000564	54.55093339579576	7.856308941891311
33.1158335000564	54.247854685161975	9.875192235470678
33.6158335000564	53.82756070033224	11.073322605750015
34.1158335000564	54.394498353238795	12.495619239951852
34.6158335000564	53.544174266277885	11.710365820997232
35.1158335000564	53.8177870870882	13.21887075498583
35.6158335000564	52.55763531672951	7.909820086344509
36.1158335000564	54.16965196491356	9.175599526638853
36.6158335000564	55.22575180686676	8.412519862561535
37.1158335000564	52.137825818936726	10.744187669244596
37.6158335000564	52.362360398905324	14.217742323260655
38.1158335000564	53.21199771809039	7.022800121576511
38.6158335000564	53.35853679222559	6.21786286490378
39.1158335000564	50.079578848303406	8.14974560559497
39.6158335000564	53.37807612483124	8.407205505216533
40.1158335000564	55.02033917046889	4.296494445265173
40.6158335000564	54.61937927730097	3.6632832558504376
41.1158335000564	53.700518529186255	2.5608806635744212
41.6158335000564	52.3135456163896	3.3822826865160183
42.1158335000564	53.24130375679359	2.533407841623954
42.6158335000564	52.342833893857474	0.9887349263297162
43.1158335000564	54.09145220487006	2.5091045420052143
43.6158335000564	55.64644739296725	4.236556467164101
44.1158335000564	55.675802768436355	4.818869137579075
44.6158335000564	58.34959989375374	4.740477533559573
45.1158335000564	57.967331727560136	5.249357926873232
45.6158335000564	56.077051775049476	5.002365279015685
46.1158335000564	52.8505970302306	3.518868680217536
46.6158335000564	51.85476698100463	3.850657516700955
47.1158335000564	52.899429573981664	2.8565440607842802
47.6158335000564	52.49904988117609	3.6031012490591348
48.1158335000564	53.92529288583491	4.440425803797639
48.6158335000564	54.25763125861241	2.6989809874989863
49.1158335000564	54.17942656489355	5.625053219487224
49.6158335000564	55.54860074617007	1.257514898741322
50.6158335000564	53.71029016895986	0.4032422373843025
52.6158335000564	54.590044623274316	0.3259499457945061
53.6158335000564	55.24531580785576	0.9870158692555978
54.1158335000564	54.64871393132837	0.7877088628750252
55.1158335000564	55.34314271994788	1.3769765615419027
58.1158335000564	53.27061176896796	1.8477170481114686
58.6158335000564	53.055704765418355	1.6488103906024059
59.1158335000564	53.260842102664775	0.5896406510470925
59.6158335000564	54.54115583561083	2.960309316632723
60.1158335000564	54.990996622559045	2.5251623496653046
60.6158335000564	55.78344374992004	0.7016602276231388
61.1158335000564	56.077051775049476	0.10249879800676938
62.6158335000564	59.134051504898075	0.3058339250132406
63.1158335000564	58.36920632436061	1.579542759680656
63.6158335000564	58.722162531438265	5.088953074191783
64.1158335000564	58.722162531438265	5.65358517002708
64.6158335000564	57.340233809545495	4.302113460361464
65.1158335000564	57.389216337063225	4.47395645102985
65.6158335000564	58.16335459074938	4.502433620421483
66.1158335000564	58.68294078960603	1.4928340237155953
66.6158335000564	57.330437501389284	1.3487807837959105
73.6158335000564	51.64006817860525	0.15487881468581324
75.1158335000564	51.43515877721557	0.7788074480031173
75.6158335000564	51.064443308030846	1.5354275380938345
76.1158335000564	52.96779849013205	0.10522276330855079
76.6158335000564	51.32783651123649	2.1184661963112905
77.1158335000564	51.259545547175485	2.567850348641704
77.6158335000564	50.713326375570546	3.9546404428317943
79.6158335000564	52.96779849013205	1.0024329983030558