0.009999999999990905	1.616052074358808	1.3810972633873984
0.01999999999998181	3.0552451776722047	2.7693214692190824
0.02999999999997272	4.343975373327225	3.684990416525957
0.03999999999996362	5.5096079840680865	4.439296827441678
0.04999999999995453	6.56995297236801	5.038801713004551
0.05999999999994543	7.534515899179727	5.525134419775616
0.06999999999993634	8.420325807468837	5.904575715727868
0.07999999999992724	9.230895476111627	6.210809004655829
0.08999999999991815	9.981108127072275	6.452294416116406
0.1009816608871006	10.73816962134952	6.644871328354637
0.1133032870613988	11.516856405753481	6.774497330328444
0.1271283790159714	12.30457657406954	6.867341859382131
0.1426403873214213	13.105534243908586	6.9069025477647035
0.1600451469033715	13.903299318268878	6.872508121404439
0.1795736083470274	14.697300424808272	6.812610706613972
0.201484902470952	15.482304066423552	6.676785619359035
0.2260697788356083	16.246037206346376	6.4722900706952355
0.2536544638135183	16.98492870361896	6.214471059105014
0.2846049894147882	17.69022008696794	5.951350717543856
0.3193320503097539	18.36949674424373	5.670849852519478
0.3582964534975872	19.011138618950515	5.358684506765928
0.4020152329352413	19.619419809479584	5.0729281184866295
0.4510685102638945	20.19622203672798	4.78960318374605
0.5061071926705836	20.740221911351806	4.510529259419114
0.5678616100314002	21.25372776378253	4.272845682254702
0.6371512059448605	21.744136424829417	4.05640806230325
0.7148954112508363	22.20902632916585	3.8887233751142
0.802125844319221	22.662375989650098	3.749009849885513
0.8999999999987267	23.096824565131175	3.6439566717172873
1.009816608870324	23.528124456361883	3.5987802168406176
1.133032870613079	23.954882952283327	3.574547013000483
1.271283790158577	24.383788176163634	3.597074821746786
1.426403873212848	24.819701954780303	3.651714629229629
1.600451469032578	25.26595865831265	3.7412184460741815
1.795736083469251	25.728271164009456	3.8645337078146427
2.014849024708383	26.20989280098031	4.00515278541885
2.260697788355174	26.712710612564354	4.161504904218366
2.53654463813416	27.239782356196088	4.348657640490338
2.8460498941472	27.7969538287965	4.556058378427249
3.193320503097311	28.384866855145084	4.772476531444746
3.582964534975986	29.006842797778223	5.012749402063536
4.020152329352527	29.667513976593636	5.243753577154137
4.510685102638604	30.361857915049455	5.5015956433739195
5.061071926705495	31.104300414939704	5.799799570623538
5.678616100313207	31.893384550327667	6.099776393751933
6.371512059447696	32.73396699862633	6.407627944183276
7.148954112507795	33.62625146362215	6.733086571706253
8.021258443191641	34.57807728780516	7.072247650855859
8.999999999986471	35.588592969055924	7.4205011443535875
10.09816608870244	36.66470756214473	7.774577712021542
11.33032870613045	37.8044630191624	8.138615734300707
12.71283790158566	39.01616451502366	8.54184696327333
14.2640387321286	40.30616334912797	8.93069942233331
16.00451469032623	41.66689757679107	9.300003986503894
17.95736083469285	43.10298895639482	9.705238903417508
20.14849024708474	44.62299354338094	10.124109337411166
22.60697788355219	46.22438753623647	10.533101717224493
25.36544638134194	47.90817101419377	10.942629289224755
28.46049894147257	49.67434551281496	11.363067181043533
31.93320503097368	51.526648477313095	11.812661505682913
35.82964534976077	53.47038538905489	12.247358896261142
40.20152329352607	55.49448533595382	12.673681177018356
45.10685102638649	57.60591898223049	13.117842692467699
50.61071926705506	59.80134777847538	13.544714475789592
56.78616100313172	62.07572387593019	13.980678715691745
63.71512059447628	64.43381491157749	14.42334130995437
71.4895411250775	66.86909970546034	14.830430703077393
79.36954112507749	69.13924790162638	15.186781136844616
87.24954112507749	71.2421859959265	15.525276632195737
95.12954112507748	73.20362176488302	15.789234437674104
103.0095411250775	75.02970122339048	16.047562660937402
110.8895411250775	76.75105370252481	16.283885062437918
118.7695411250775	78.36423772816855	16.46576459094988
126.6495411250775	79.889259639732	16.613469450190383
134.5295411250775	81.33402614970903	16.772947039481284
142.4095411250775	82.69652071305033	16.91033183907185
150.2895411250775	83.99572158532241	17.012423330608943
158.1695411250774	85.23102330691933	17.125449261487887
166.0495411250774	86.40582072028904	17.20467875972087
173.9295411250774	87.5276875102623	17.275725963778275
181.8095411250774	88.59820255834889	17.354622934128862
189.6895411250774	89.62284064943029	17.404182054499376
197.5695411250774	90.60618071886645	17.454594947367912
205.4495411250774	91.54546977867682	17.488506792833032
213.3295411250774	92.44804691309338	17.508791583535576
221.2095411250774	93.3132261316538	17.528118039752766
229.0895411250774	94.1442542654052	17.550634175475686
236.9695411250774	94.94644481179897	17.54958858612923
244.8495411250774	95.71479282758462	17.566451211849838
252.7295411250774	96.45891325416767	17.568635683208075
260.6095411250774	97.17207884831762	17.55157103474417
268.4895411250774	97.8634165083067	17.546624989658298
276.3695411250774	98.52879876101964	17.51442594544524
284.2495411250774	99.16965408806955	17.481737059891874
292.1295411250774	99.78995363081415	17.45682419507499
300.0095411250774	100.38776420224688	17.42204593096731
307.8895411250774	100.96306495180019	17.38686986184678
315.7695411250774	101.5248562318858	17.34349800578569
323.6495411250774	102.06605986246616	17.30572514560416
331.5295411250773	102.59014955126254	17.269008923216077
339.4095411250773	103.09762084610594	17.21519668091505
347.2895411250773	103.58701981085005	17.15416972080871
363.0495411250773	104.52672494877396	17.040833845510445
378.8095411250773	105.40299684940581	16.907598367964997
394.5695411250773	106.23177932578308	16.73698023527789
410.3295411250773	107.00839792099342	16.57096214366782
426.0895411250773	107.74291995522927	16.410249537819915
441.8495411250773	108.42957409420637	16.228511434922662
457.6095411250774	109.0803235044855	16.028994540537813
473.3695411250776	109.6943288618353	15.827719198070703
489.1295411250778	110.27386647196414	15.630841108894407
504.889541125078	110.8179164173723	15.400230111052462
520.6495411250783	111.33583702719841	15.157362652848365
536.4095411250785	111.82352499346156	14.92838664877394
552.1695411250787	112.28025022714877	14.639440184551598
567.9295411250789	112.71914350214402	14.396497502904431
583.6895411250791	113.12627943482494	14.103201600595455
599.4495411250793	113.51728889406226	13.837670848912625
615.2095411250796	113.87635345376971	13.562635762147329
630.9695411250798	114.22424992826892	13.22682768154788
646.72954112508	114.54549458634465	12.949204851298106
662.4895411250802	114.85604058368338	12.589369768313155
678.2495411250804	115.13982340919596	12.277523623257146
694.0095411250807	115.41878038209826	11.94723830115448
717.649541125081	115.79329236518144	11.453632669919589
741.2895411250813	116.13281996832549	10.893320067545803
764.9295411250816	116.4511757011907	10.336506992486813
788.569541125082	116.73060626476145	9.724512203460923
812.2095411250823	116.98588905847168	9.16499360709899
835.8495411250826	117.21485715716877	8.589120283829505
859.489541125083	117.41541276586756	7.962556014026536
883.1295411250833	117.60436989638795	7.339361122185281
906.7695411250836	117.76036675210979	6.7761098985782215
930.4095411250839	117.90182590403774	6.164416902880519
954.0495411250843	118.02245042676974	5.609056927170081