0.02120934483355086	0.44689670017449257	0.7177129860286959
0.04120934483398742	1.0094439841001432	1.4547092147966305
0.05120934483420569	1.5305855034729292	1.5449108601917156
0.07120934483464225	2.0788549375528564	2.300772021396266
0.09120934483325982	2.6114187368022224	2.823841886525257
0.1012093448334781	3.126849116236718	3.0440028701078186
0.1212093448339147	3.640851710686589	3.8531778948724638
0.1412093448325322	4.1605654450747505	4.102587440525084
0.1512093448345695	4.661717974663417	4.56554750615269
0.1712093448350061	5.177148354097809	5.148746479138188
0.1912093448318046	5.6797286686711015	5.966262358426918
0.2012093448338419	6.179453413275038	6.152476900687071
0.2212093448342785	6.666328093017874	6.657599835613579
0.241209344834715	7.180330687467746	7.017284207209627
0.2512093448331143	7.6543553023492725	7.174845088794429
0.2712093448335509	8.149796691999546	8.079415353732728
0.2912093448339874	8.628104661834948	8.550756770531436
0.3012093448323867	9.069290222071045	8.761463623382793
0.3212093448346423	9.549025976890967	9.115613259061648
0.3412093448350788	10.02590616174164	9.559904658207378
0.3512093448316591	10.501358561607793	9.730957318609539
0.3712093448339147	10.971099821535548	10.533703146412122
0.3912093448343512	11.439413296478783	10.959282893622213
0.4012093448345695	11.903443416468253	11.478448155005745
0.4212093448350061	12.363190181503954	11.702276384552288
0.4412093448336236	12.817225806601357	12.27150238449342
0.4712093448342785	13.729580411749842	12.999586228508495
0.491209344834715	14.180760466878105	13.328445778333975
0.5212093448335509	15.113104061810802	14.084345428741065
0.5412093448339874	15.565711901923597	14.516138125054962
0.5712093448328233	16.44808302239589	15.106706622423344
0.5912093448350788	16.879274087739933	15.558177106767365
0.6212093448320957	17.74451178839726	16.131656669105315
0.6412093448343512	18.182841778664205	16.528082756433687
0.671209344835006	19.028090489537306	17.240365859157613
0.6912093448336236	19.452142629958423	17.589927421154005
0.7212093448342785	20.27169121110901	18.232343388913904
0.741209344834715	20.680037716699786	18.746560390924383
0.7712093448335509	21.48530844800464	18.884797356583277
0.7912093448339874	21.90079387851823	19.41591287104901
0.8212093448346423	22.704636824838474	19.950129313003043
0.8412093448332598	23.100133265567926	20.13955652770494
0.8712093448339147	23.881131652134904	21.01201637292254
0.9012093448345695	24.69211352337795	21.30154699337814
0.9412093448318046	25.4845341898215	22.092953153573063
0.9712093448342785	26.254110296511687	22.472451673359394
1.001209344833114	27.030825328124887	22.998198900514865
1.041209344833987	27.786123584969342	23.445599425326975
1.071209344834642	28.53856627184454	24.04397007186517
1.101209344831659	29.27244775392016	24.415778352781107
1.141209344834351	30.002045881042005	25.05524106487082
1.171209344835006	30.74163850305611	25.448141451048677
1.201209344833842	31.44553650045542	25.768398749628098
1.241209344834715	32.16656791766982	26.17048312192281
1.271209344833551	32.87189370005377	26.791655484145345
1.301209344834206	33.56579720256125	27.179119082439883
1.341209344835079	34.26541184500681	27.555082657879293
1.391209344834351	35.2720002591378	28.042839414069796
1.441209344833624	36.27287753333052	28.81929113085593
1.491209344834715	37.26376031263105	29.1398814254093
1.541209344833987	38.24893195199331	29.94250547181517
1.59120934483326	39.20983124661769	30.303743862093246
1.641209344832532	40.16073604634997	30.882678319971667
1.691209344831805	41.1059297061438	31.517939277219092
1.741209344834715	42.02970659116907	31.817292363415465
1.791209344833987	42.954911261178836	32.346676641449314
1.841209344835079	43.847276876543205	32.91026449540688
1.891209344834351	44.73964249190756	33.29036945967317
1.941209344833624	45.60345240758026	33.89345976470727
1.991209344834715	46.461551183314555	34.269092245633665
2.041209344833987	47.31679438907983	34.63193457222909
2.091209344835079	48.160615314968304	35.12561868538174
2.141209344834351	48.98730282104192	35.495465557295724
2.191209344833624	49.798284692285065	35.983520872150606
2.251209344834933	50.867695645737676	36.38221226721816
2.321209344834642	51.93567881420575	36.96618268595747
2.391209344832532	52.98938413282801	37.54186144574479
2.451209344833842	54.015961536743156	37.826461210295356
2.521209344833551	55.02397773585877	38.414544142124925
2.591209344835079	56.01628830014392	38.965049748188555
2.65120934483457	57.0085988644291	39.19705068808322
2.721209344834279	57.995198288775875	39.65895780695103
2.791209344833987	58.968947648261455	40.09201296849894
2.871209344832096	60.16685925032661	40.57252014494132
2.941209344833624	61.12490297498173	40.93820577411693
3.021209344833551	62.28854773741686	41.40922968439492
3.09120934483326	63.200902342565456	41.662678948291735
3.171209344835006	64.32028577047845	42.135738965243775
3.251209344833114	65.41396906866906	42.6167483078512
3.341209344835079	66.5176468617516	42.9494289171453
3.421209344835006	67.59705231009639	43.44310764810833
3.501209344834933	68.65218541370317	43.84976322288619
3.591209344835079	69.6744794626646	44.13940862207067
3.691209344833624	70.89951897943683	44.476847371808766
3.791209344833987	72.10171393645567	44.95437313754047
3.891209344832532	73.28677547365955	45.26006123493336
3.991209344834715	74.41615339646472	45.54442932512853
4.091209344835079	75.565520309054	45.791866323971504
4.191209344833624	76.69347044687457	46.194136734844
4.291209344833987	77.78144260512678	46.28578634712551
4.391209344834351	78.86370362344068	46.48443365887818
4.501209344834933	80.10873212999702	46.709849877508795
4.621209344833915	81.32663272184632	47.02776563816791
4.741209344834715	82.51740539898847	47.174792418966554
4.851209344831659	83.66534452659327	47.54146663864857
4.971209344834279	84.81185586921345	47.76127845010517
5.091209344835079	85.93123929712642	47.89595092218325
5.221209344834279	87.18055115863652	48.002737802313874
5.351209344833478	88.4084462453779	48.18591126531868
5.491209344834715	89.61635234233513	48.320720745737624
5.621209344833915	90.77999710477025	48.448451050956955
5.751209344834933	91.92650844739042	48.530246551181655
5.891209344834351	93.04018073536504	48.544048587222086
6.041209344833987	94.28092588696771	48.59599872605127
6.191209344831805	95.48026527401741	48.4943051020224
6.341209344835079	96.66104345626748	48.53919917800386
6.491209344834715	97.80755479888767	48.560147054809484
6.641209344834351	98.9312215817543	48.50486017324252
6.801209344834206	100.14769438861907	48.4556730010746
6.971209344834279	101.33703928077666	48.39151296255693
7.141209344834351	102.48497840838135	48.28160466974998
7.321209344832823	103.73571805487612	48.10818136690018
7.491209344834715	104.82940135306657	48.026611135908446
7.671209344835006	106.0144628902705	47.8103984428384
7.851209344831659	107.15097973799865	47.570878732699
8.041209344833987	108.26322424098866	47.456562091447594
8.241209344834715	109.45256913314634	47.249395199712254
8.441209344831805	110.5962249057973	46.99373734070083
8.641209344834351	111.70561383881822	46.700684389243044
8.841209344835079	112.77788036224013	46.457011051124255
9.051209344834206	113.91725277993734	46.15402437337111
9.27120934483355	115.01521943308165	45.7214391499675
9.491209344834715	116.07891924659604	45.434710395985135
9.721209344834278	117.19687488952441	45.12072550976888
9.951209344833842	118.2634302730079	44.71573979518899
10.19120934483362	119.31999116159933	44.35014248354108
10.44120934483362	120.39082990003655	43.87265886157156
10.69120934483181	121.42740179884379	43.427736402858976
10.94120934483362	122.42827907303655	43.05363212118979
11.20120934483384	123.46485097184365	42.57678283777223
11.47120934483428	124.47286717095923	42.084233392120936
11.74120934483472	125.4409053905064	41.595735663682866
12.02120934483355	126.44178266469922	41.12662091505486
12.30120934483239	127.39268746443149	40.568176174854905
12.59120934483508	128.32360327437954	40.0827089310605
12.89120934483253	129.27879142906556	39.583672025882635
13.19120934483362	130.18971824922951	39.042038912809275
13.50120934483493	131.1106395642856	38.48069382042189
13.82120934483464	132.00871631958825	37.97862950063463
14.14120934483435	132.8739540202455	37.43880749644318
14.47120934483428	133.73919172090274	36.87816863496656
14.82120934483282	134.61442391645215	36.32372957713398
15.17120934483501	135.4553892723715	35.71531673546022
15.52120934483355	136.254948863738	35.18310657285919
15.89120934483253	137.0702140899349	34.57084662274951
16.27120934483355	137.89261824105463	33.94450380958919
16.65120934483457	138.67218884263696	33.344364682139506
17.04120934483399	139.43605380938885	32.79973307621188
17.44120934483181	140.18992428124875	32.19592443084092
17.85120934483348	140.94236696812402	31.610550915395187
18.27120934483355	141.6619706003537	30.98315406194917
18.70120934483384	142.3901409424911	30.389552250185496
19.14120934483435	143.08404444499843	29.84307668342516
19.59120934483326	143.75938674270617	29.32234592553146
20.05120934483421	144.43901239536768	28.743396350972883
20.52120934483355	145.09579348827577	28.149950319950882
21.00120934483493	145.74686344124567	27.585567197648913
21.49120934483472	146.34367756480134	27.188579754663564
21.99120934483472	146.9519139682337	26.578101314670675
22.50120934483493	147.5387335968973	26.201142941346895
23.02120934483355	148.12698101054542	25.685893267155453
23.57120934483464	148.71380063920904	25.308394283466995
24.3612093448337	149.51050466060641	24.63058683519823
25.3612093448337	150.43428154563148	23.819371636700126
26.3612093448337	151.31808045108838	23.018132787848984
27.3612093448337	152.16618473193077	22.359527686790322
28.3612093448337	152.894355074068	21.716539486273792
29.3612093448337	153.68392017054245	21.182200688293825
30.3612093448337	154.31214556375897	20.632036185006417
31.3612093448337	155.04317147586534	19.772126230439245
32.3612093448337	155.73136383843433	18.166730932542336
33.3612093448337	156.31818346709798	16.68901289949815
34.3612093448337	156.87930296603903	15.757115091872851
35.3612093448337	157.3847388505814	14.584322742266956
36.3612093448337	157.83877447567883	13.638863657667844
37.3612093448337	158.34421036022118	13.81787778379014
38.3612093448337	158.81680719011814	13.16546170106561
39.3612093448337	159.23943154555474	12.063856735308525
40.3612093448337	159.65634476105305	11.087241739173576
41.3612093448337	160.03470778196754	10.697732318391155
42.3612093448337	160.22031982996324	9.874875778494335
43.3612093448337	160.2631533795008	9.475802733560645
44.3612093448337	160.20604198011745	9.17139960481694
45.8612093448337	160.02328550209089	8.207710020453899
47.3612093448337	160.07611354652042	6.786680746101672
48.8612093448337	160.10466924621207	7.099687787034457
50.3612093448337	160.0861080414124	6.84535558224734
54.56120934480168	160.8000005337039	4.3477818656177325
56.11120934480096	160.94277903216218	4.390773888739323
57.61120934480096	160.94277903216218	4.5320927422784125
59.11120934480096	161.22833602907892	4.490357909322528
60.61120934480096	161.51389302599551	4.142067688801189
62.11120934480096	161.51389302599551	4.740443916179564
63.61120934480096	161.799450022912	4.758009384129937
65.11120934480095	161.22833602907892	5.852691297312607
67.11120934480095	161.94222852137028	5.845889715748224
69.11120934480095	162.227785518287	5.899745677821297
71.11120934480095	162.08500701982857	5.901856875073971
73.11120934480095	162.51334251520348	6.257234551582979
75.11120934480095	162.37056401674516	5.753490356983021
77.11120934480095	162.79889951212004	6.713210365571352
79.11120934480095	163.08445650903667	5.733256300861396
81.11120934480095	163.08445650903667	5.791595187331561
83.11120934480095	162.79889951212004	5.622242246149227
85.11120934480095	162.9416780105784	5.814649356542427
87.11120934480095	163.08445650903667	6.0325892733421735
89.61120934480095	163.79834900132826	8.066231502249316
92.11120934480095	163.79834900132826	7.365363360943773
94.61120934480095	163.79834900132826	7.203926031729745
97.11120934479004	163.9411274997866	7.89864518854389
99.61120934479004	164.36946299516134	7.470232558597125
102.11120934479	164.36946299516134	7.941928976735796
104.61120934479	165.08335548745288	7.786244497633418
107.11120934479	164.51224149361968	7.431174967129804
109.61120934479	165.22613398591122	8.006436250235202
112.61120934479	164.9405769889946	9.164147013725861
115.61120934479	165.08335548745288	8.940883593279732
118.61120934479	165.5116909828278	9.411484456190738
121.4112093447784	166.22558347511924	8.338982030475789
124.4112093447784	166.36836197357763	8.750036373615648
127.4112093447784	166.6539189704942	9.242493534619964
130.4112093447784	166.79669746895252	9.482954202644704
133.9112093447784	167.0822544658691	9.730574534524006
137.4112093447784	167.2250329643274	9.545729400970073
140.9112093447784	167.3678114627856	9.79372019403312
144.4112093447784	167.65336845970228	9.162063852533683
147.9112093447784	167.79614695816062	10.478554174864803
151.4112093447784	168.2244824535354	9.514925791794212
154.9112093447784	168.51003945045204	10.467658899605905
158.9112093447784	168.51003945045204	10.052246996374635
162.9112093447784	168.93837494582695	9.377295146292571
166.9112093447784	168.93837494582695	8.237067510772341
170.9112093447784	169.36671044120186	8.938306965698747
174.9112093447784	169.6522674381184	8.258746109966369
179.4112093447784	169.7950459365767	12.286081436372358
183.9112093447784	170.08060293349337	9.26264605845773
188.4112093447784	170.36615993040994	9.321536864322091
192.9112093447784	170.5089384288681	7.589677896644079
197.4112093447784	170.7944954257848	8.278820673166432
202.4112093447784	171.08005242270147	9.173465174160071
207.9112093447784	171.2228309211596	8.705100591169895
212.9112093447784	171.50838791807635	8.449096387190563
218.1012093448389	171.36560941961793	8.943600719056677
223.6012093448389	171.36560941961793	8.916555684084319
229.1012093448389	171.36560941961793	9.675746296689187
234.6012093448389	171.93672341345118	8.753001421161962
240.1012093448389	171.79394491499295	9.8406099825862
255.6012093448389	172.9361729026592	6.834994211129117
261.6012093448389	173.07895140111754	6.606502660765668
268.1012093448971	172.07950191190955	28.079036606880802
274.6012093448971	172.79339440420102	30.102968623305937