0.9997222220990807	3.7344032777468565	2.2607406506707393
1.999444444372784	5.298723450867	6.429230119428829
2.751666666590609	7.957300921556972	19.838577572651833
3.251666666648816	12.25764775040882	11.325699573726336
3.751388888689689	12.101215733096806	1.1617188541038126
4.251388888747897	12.492295776376837	5.221784286675402
4.75111111078877	13.274455862936906	7.04323679873369
5.250833333353512	13.89941710857069	6.935307169681224
5.750833333237097	14.603361186474752	6.296466343769182
6.064444444316905	14.916225221098774	6.483258981235677
6.230833333334886	15.072657238410802	5.9693988000290625
6.397499999846332	15.229089255722817	5.85126870752108
6.564166666357778	15.385521273034822	5.986584465665728
6.73083333321847	15.541953290346841	6.001701554123773
6.897499999904539	15.620169299002844	5.79504530537864
7.064166666590609	15.776601316314853	5.4009210266401615
7.230555555433966	15.933033333626884	4.748300437787241
7.480555555550382	16.167681359594894	4.957349407006013
7.730555555492174	16.324113376906908	4.458293299433221
7.980555555433966	16.40232938556291	3.8938725886436
8.230277777533047	16.40232938556291	3.1685463574216866
8.480277777649462	16.63621058791667	3.2679989781831504
8.730277777765878	16.63621058791667	2.3716591761148087
8.980277777533047	16.714426596572675	2.0463073257379643
9.229999999981374	16.714426596572675	2.5097882826326705
9.479999999923166	16.9490746225407	2.092328312479619
9.729999999864958	16.870858613884685	2.076182609580167
9.979999999981374	16.870858613884685	1.6742905139610162
10.22972222208045	16.9490746225407	2.3595764399902297
10.47972222219687	17.02729063119669	2.352651487726715
10.72972222196404	17.105506639852706	1.7374619806099703
10.97944444441237	17.105506639852706	2.367820866532065
11.3127777777845	17.105506639852706	2.7650142073173476
11.6461111108074	17.26193865716471	2.5748520423402095
11.97916666668607	17.34015466582074	3.3457098959459297
12.31249999988359	17.41837067447674	2.9230872026350907
12.64583333325572	17.496586683132747	4.284245732856238
12.97888888878515	17.574802691788747	4.011428552112461
13.31222222198267	17.809450717756775	4.190922833888596
13.64555555552943	17.731234709100757	3.9469546741805095
13.97861111105885	17.9658827350688	4.091162554216478
14.31194444443099	18.12231475238079	4.789696595297293
14.64527777762851	18.200530761036813	4.406141834146772
15.06166666641366	18.278746769692823	3.801195639297202
15.47833333321614	18.356962778348827	3.8731090691700936
15.89500000001863	18.591610804316847	3.9189222748976995
16.31138888880378	18.591610804316847	3.4908076080743644
16.72805555525702	18.669826812972847	3.524940227670632
17.14444444439141	18.748042821628847	4.149088095064595
17.56111111084465	18.826258830284868	3.7806003181245784
17.97777777764713	18.982690847596867	3.16111820688041
18.39416666643228	18.982690847596867	3.580991250428477
18.89416666666511	19.060140032638614	3.215529988983466
19.39388888888061	19.29478805860664	3.54230595686666
19.8938888887642	19.29478805860664	2.587376127747625
20.39361111097969	19.373004067262634	2.9638760861238715
20.89361111086328	19.451220075918656	2.808986047951989
21.3933333332534	19.451220075918656	2.868482008571595
21.8933333333116	19.60765209323066	2.2631053600616813
22.47638888878282	19.52943608457465	2.598930229315712
23.05972222209675	19.60765209323066	1.6148977706106058
23.64277777774259	19.685868101886673	1.9323142918123175
24.2261111108819	19.76408411054268	2.241493190293946
24.80916666652774	19.842300119198683	1.917998804187137
25.39222222217359	19.92051612785469	2.273279061873903
26.05888888856862	19.76408411054268	2.6380852784573094
26.72527777764481	19.92051612785469	2.6270084536692755
27.39166666654637	19.998732136510696	2.6271448923962835
28.05833333329065	20.076948145166703	2.292869070419861
28.72472222219221	20.076948145166703	2.3101532164761167
29.39111111091916	20.233380162478706	2.969189984555045
30.14111111091916	20.311596171134735	2.976168184791267
30.89083333325107	20.389812179790734	2.9809454853444306
31.64055555540836	20.389812179790734	2.992580836891685
32.39027777774027	20.468028188446734	3.6638718503547123
33.14027777774027	20.468028188446734	2.6385051436797746
33.9733333333279	20.62446020575875	2.9832696417947995
34.80638888874091	20.70267621441476	2.6631084510428646
35.63944444432855	20.780892223070758	3.0069042062111246
36.47249999991618	20.937324240382793	3.006567109952702
37.38888888875954	20.859108231726772	3.3110196983378426
38.30527777777752	21.015540249038803	2.9940381106048193
39.22166666662088	21.015540249038803	3.6972338485144447
40.13833333330695	21.093756257694782	3.007209796652922
41.13805555540603	21.1719722663508	3.0203458296851995
42.13777777750511	21.250188275006817	4.041509285139105
43.13749999995343	21.32840428366282	4.0344195438830495
44.13722222222714	21.56305230963084	4.031136930591868
45.21999999991385	21.484836300974827	4.032771328148768
46.30305555544328	21.641268318286844	3.6963366971166676
47.38611111079808	21.796933511984587	4.048227188891922
48.55249999993248	21.9533655292966	4.040251610534228
49.71888888871763	21.9533655292966	3.0156059435252414
50.8852777776774	22.03158153795261	3.370590012483204
52.13472222222481	22.03158153795261	3.3746459089231755
53.38444444444031	22.18801355526461	3.0265993233849677
54.6341666666558	22.266229563920636	2.706368059876613
55.96694444445893	22.266229563920636	2.702874540796983
57.29999999993015	22.266229563920636	3.0459779979639063
58.63305555557599	22.422661581232656	3.0545171898345567
60.04916666646022	22.50087758988866	3.0546778348136994
61.46555555553641	22.57909359854466	3.056103826042658
62.96499999985099	22.57909359854466	3.4034878159532527
64.4647222221829	22.735525615856673	3.398269382748576
65.96416666649748	22.735525615856673	3.053743620822338
67.54722222208511	22.891957633168687	3.4016382332163118
69.13000000000466	22.97017364182469	3.733283059818285
70.79638888884801	23.048389650480697	3.7488511854156563
72.46250000002328	23.048389650480697	3.737663823844437
74.21194444445428	23.126605659136715	3.74474440215128
75.96138888888527	23.283037676448735	3.4044379450431514
77.79416666657198	23.439469693760735	3.743363480538588
79.62722222192679	23.439469693760735	3.411176789170711
81.54305555555038	23.59590171107275	4.089901854930459
83.45916666666744	23.59590171107275	4.4545682431742355
85.45861111104023	23.674117719728752	3.7825657907414083
87.45805555523839	23.830549737040766	3.443711501390882
89.54083333321614	23.830549737040766	3.7915464423882423
91.62361111084465	23.9869817543528	3.8041765723998813
93.78972222207813	24.1434137716648	4.141037556254221
95.9558333333116	24.1434137716648	3.8082346697152216
98.20499999995809	24.221629780320807	3.4659201897046428
100.537777777703	24.29984578897682	3.8192378410792513
102.8705555554479	24.45627780628883	3.812944801862463
105.2863888886059	24.534493814944824	3.4755327525724447
107.7855555553688	24.534493814944824	3.474717751478144
110.2847222221317	24.61270982360085	4.177234377753085
112.8674999998184	24.690925832256852	3.830278902163641
115.5333333330927	24.846591025954588	3.8255975006962286
118.1991666663671	24.92480703461059	3.4823561392019884
120.9486111110891	24.92480703461059	4.538489685294202
123.7811111110495	25.159455060578612	4.539077324291396
126.6969444444403	25.159455060578612	3.841733671718107
129.6961111110868	25.315887077890626	4.205201650001687
132.6952777777333	25.315887077890626	4.551017331400371
135.7777777776355	25.55053510385866	4.892719003424018
138.9436111109681	25.628751112514664	5.2406734534823745
142.1924999998882	25.55053510385866	4.895032543500072
145.5249999999069	25.785949953440955	4.550309652387512
148.9405555555131	25.941615147138684	5.252766454186023
152.4397222222178	26.01983115579469	4.200999376729825
156.0219444443355	26.331928366804448	4.546268161174956
159.6874999998836	26.25447918176273	5.25174827505547
163.436388888862	26.331928366804448	4.908534382572369
167.2688888887642	26.48912720773074	3.857794756867092
171.184166666586	26.48912720773074	4.58901302333158
175.1830555553315	26.64555922504276	3.8984860091466578
179.2652777776821	26.723775233698756	4.598745111665104
183.4305555554456	26.879440427396503	5.318491986727103
187.6794444443076	26.801991242354767	4.979947773681787
192.0116666665999	27.036639268322784	4.970479014411092
196.510277777561	27.1930712856348	5.692169775494383
201.092222222127	27.27128729429082	5.335654423794684
205.7574999999488	27.505935320258825	5.343864442508254
210.5061111110263	27.58338450530058	6.054430760121225
215.4213888886152	27.58338450530058	5.703294454209957
220.4199999998091	27.896248539924592	5.351129404273077
225.5852777775144	27.896248539924592	5.359091962086134
236.1655555555481	28.130896565892623	9.951458000663493
241.6641666664509	28.287328583204616	9.428389276496521
247.2458333332907	28.365544591860647	7.357320669505349
252.9944444443099	28.44376060051665	7.100143502310591
260.3716666664695	27.114088453364523	7.615927592598839
267.3727777776076	29.929097941366514	6.571762582872813
273.570000000007	29.773432747668764	6.066780453699878
279.9016666664975	29.61623390674248	6.238518808626888
286.4000000000233	29.538784721700733	6.737685761670045
293.0647222222178	29.694449915398494	13.550266169818366
299.8963888887665	29.773432747668764	1.112041100418176
306.8944444443332	29.773432747668764	2.5691701992837594
313.9758333333302	29.851648756324778	4.381943687114203
321.2238888888387	30.008080773636777	5.4588199926079515
328.6386111110332	30.16374596733452	5.486279378233066
336.2199999999139	30.16374596733452	6.677129634393503
344.0511111110682	30.32094480826081	7.964026107829365
352.0488888889086	30.55559283422883	7.158229572552373