0.01000000000021828	0.07705616332075714	0.06360655610825094
0.02000000000043656	0.15076041772233512	0.14905971582583608
0.03000000000065484	0.22133245300774773	0.2097295281179692
0.04000000000087312	0.2889493348129517	0.2662859910213158
0.05000000000109139	0.3537763867710145	0.31831343466104317
0.06000000000130967	0.41595120371895417	0.3659980956843388
0.07000000000152795	0.4756243165906793	0.40951355528330524
0.08000000000174623	0.5328970138759831	0.44908164419541674
0.09000000000196451	0.5878851271029812	0.48504613473410374
0.1009816608893743	0.6457723437155674	0.5205676752267856
0.1133032870638999	0.70774729809454	0.5558428674233808
0.1271283790192683	0.7737563416064374	0.5901312576942997
0.1426403873247182	0.8436258119238792	0.6225567894765504
0.1600451469075779	0.9171003351472131	0.6521611962987662
0.1795736083513475	0.9937855970489102	0.6778348988739231
0.2014849024762953	1.073170735028061	0.6985185247850726
0.2260697788424295	1.1546175112549846	0.7130473340622416
0.2536544638205669	1.2373468855416616	0.7205111487932921
0.2846049894233147	1.3205110625452423	0.7200312152728899
0.3193320503196446	1.4031286907880822	0.7111884233490718
0.3582964535089559	1.4842555032012106	0.6938154886034608
0.4020152329485427	1.5628716710119201	0.6682819977659298
0.4510685102795833	1.6381180663399804	0.6354250081955995
0.5061071926884324	1.7091676401470997	0.5964661044432698
0.5678616100522049	1.7754425756322962	0.5531658231489559
0.6371512059686211	1.8365212201345187	0.5073076584919297
0.7148954112781212	1.8922364264334457	0.46103376382656447
0.8021258443495753	1.9426597683544384	0.41613487608495275
0.900000000032378	1.9880363977784645	0.37440225490591356
1.009816608908295	2.0288502751680966	0.33708723227468596
1.13303287065537	2.0656346125879743	0.305089423790266
1.271283790205416	2.0990804217137606	0.2788610449384346
1.426403873265372	2.1298249505546933	0.2583676222924824
1.60045146909215	2.1585511774948767	0.24336918224954993
1.795736083535303	2.185841001949838	0.23323262400768263
2.014849024782961	2.2122315441272145	0.22735499305106724
2.260697788438847	2.2381657828878025	0.22496262638053763
2.536544638227497	2.264002625055023	0.22541894517059027
2.846049894251337	2.290038388383705	0.2281025903661609
3.193320503214636	2.3164888280972487	0.23253210210845973
3.582964535107749	2.3435393024222337	0.23833461777373174
4.020152329499979	2.371319600691376	0.24522252127995153
4.510685102803109	2.3999487176518675	0.25301161929125054
5.061071926889781	2.429513867584317	0.26156974318884185
5.67861610052023	2.4601034131104136	0.27085723555911106
6.371512059680754	2.4917951917636896	0.28082575482507643
7.148954112768479	2.524666152911738	0.29144607210218654
8.02125844348484	2.558787075829831	0.3027078747699982
9.000000000314685	2.5942321468941594	0.3146351043663243
10.09816608907022	2.631077194737224	0.32722878562554897
11.33032870654279	2.6693961153404655	0.3404756820729753
12.71283790204871	2.709261089209325	0.3543755576408734
14.26403873264826	2.7507452580919107	0.36894614011518895
16.00451469090876	2.793924064756355	0.38417721530236665
17.95736083534575	2.83886738053991	0.40003223006749966
20.14849024781688	2.8856412024759037	0.41649050537969984
22.60697788437392	2.9343094558110607	0.43353944259241495
25.36544638226405	2.9849338821926725	0.4511593630540414
28.46049894250791	3.0375723487928545	0.469341203258028
31.93320503213545	3.092282764465358	0.4880398681509626
35.82964535106476	3.1491107138542525	0.5071570859383916
40.20152329498887	3.2080894517361234	0.5266510208109405
45.10685102802745	3.2692525792734535	0.5465471793502396
50.61071926889599	3.3326364702098714	0.5667873253685244
56.78616100519685	3.398258474409655	0.5872232025772065
63.71512059679299	3.4661179601703016	0.6077942629306148
71.48954112767751	3.536214993324302	0.6285319956148283
80.21258443483384	3.6085522694708954	0.6493609265805672
90.00000000313776	3.6831086250737943	0.6701037847417535
100.9816608906967	3.7598422471088666	0.6906781181986655
113.3032870654242	3.838708746052514	0.7110706310083696
127.1283790204798	3.9196584805601256	0.7312262537130776
142.6403873264735	4.0026295661341935	0.7510851215747655
160.045146909084	4.087553549752209	0.7705528221108318
179.5736083534612	4.174341910315718	0.7894639192217068
201.4849024781761	4.262883705338346	0.8077546397116986
226.0697788437446	4.353070543057163	0.8254629788571255
253.6544638226442	4.444794082614281	0.8425411267932622
284.6049894250773	4.537929373429194	0.858910822997471