0.08316699999977573	0.07624519722484287	2.635285922161277
0.1167780000005223	1.1573629937720176	5.01253286717645
0.1501109999999244	2.678356928154845	8.329595979452753
0.183167000001049	4.504331651437078	9.383515706340994
0.2165000000004511	6.619647123162313	13.084413457005095
0.2498329999998532	7.8337052635887	12.383824383020578
0.2828890000009778	10.216856428129411	10.469592934831102
0.3165000000008149	12.502257339817774	10.332339705228652
0.3498330000011265	12.607827612898319	9.619807630199231
0.5176110000011249	14.296951982187222	5.627407159662093
0.7167779999999766	16.484602641023198	5.204126680403393
0.8834440000000541	18.001686565291948	4.9932944957895335
1.05011100000047	17.792501024187867	4.108477924878933
1.55011100000138	19.66344086378219	6.410127815342539
2.05011100000047	21.522650673034217	7.902963585188092
2.55011100000047	23.87452175666218	6.06303945314796
3.05011100000138	25.20979021062552	8.500703575605558
3.55011100000047	25.352505579789973	6.949515293183381
4.05011100000047	27.907697189350827	7.589115989784692
4.55011100000138	28.29283318558917	6.722226532284766
5.05011100000047	28.730754318367765	7.791135022447219
5.55011100000047	30.05429274198885	5.309846921040274
6.05011100000138	30.257613267921744	5.418542682209277
7.05011100000047	30.760049567582925	6.848618046625181
8.05011100000047	31.36610113526758	6.708037916808461
9.05011100000138	32.259538446338226	8.129359674816167
10.05011100000047	33.47164158170759	7.615006519567411
11.04983300000095	34.34357383715068	9.304284659395957
12.04983300000004	35.10211579928505	7.92649510303784
13.04983300000095	36.27707383857051	8.959306626802496
14.04983300000095	36.00532813564092	8.340907797430882
15.04983300000004	37.18028617492643	8.162578659951595
16.04983300000095	37.81761782352386	9.704956747675583
17.04983300000095	37.44616686268482	9.889749431116687
18.04983300000004	38.59375483117162	8.24628775566081
19.04983300000095	38.750155235735406	9.521543593717912
20.04983300000095	39.60058243555098	10.576641488340416
21.04983300000004	39.53606726866845	9.286912379613124
22.04983300000095	40.99450104122577	10.047226420014699
23.04983300000095	41.23496666324261	11.537525263140944
24.04983300000004	41.48325230548762	10.914593685895055
25.04983300000095	41.647472730279596	10.272516760031843
26.04983300000095	41.87620832195412	10.69614926724805
27.04983300000004	42.82634077967913	10.80649653467597
28.04983300000095	43.27990195291412	10.302994641289052
29.04983300000095	43.20952177086041	10.893203225438926
30.04983300000004	44.09904907181697	9.37962384947451
31.04983300000095	44.394254835431134	9.237850850968222
32.04983300000095	44.64254047767614	10.451581071120609
33.04983300000004	44.68946059904527	10.782580708575363
34.04983300000095	45.05309153965604	10.481634830440273
35.04983300000095	44.646450487790226	10.498005658858995
36.04983300000004	45.563347859545416	11.596372539315814
39.04983300000004	46.44896515038787	10.22516757035212
42.04983300000004	46.98659154107587	10.994378523327784
45.04983300000004	48.20846970173048	12.855161261031895
48.04983300000004	48.390285172035874	14.366620286986418
51.05011100000138	49.647353423717306	13.96858873990382
54.04983300000004	49.942559187331454	15.150587492302131
57.04983300000004	51.049092049620285	15.976795388815423
60.04955599999994	51.93666434551976	16.163664092294482
63.04955599999994	53.0158271370099	16.46103316343042
66.04983300000004	53.69812390191944	18.21916432474175
69.04983300000004	53.90339943290941	18.391513307612616
72.04983300000004	55.14873765424853	18.558526520258038
75.04983300000004	56.29241561262127	18.317957128786517
78.04983300000004	56.82808699825225	18.906599554965105
81.04983300000004	57.01576748372873	18.276241261923126
84.04955599999994	57.99913502742354	18.268228491171648
87.04955599999994	58.89843735366536	18.915448460851763
90.04983300000004	59.70389943716885	19.35142815487551
93.04983300000004	60.1398655648904	18.963984370536416
96.04983300000004	60.81238730451469	21.009830629655518
99.05011100000138	61.69800459535718	20.626992823195703
102.049833	61.51423411999466	20.2295130762589
105.049833	62.46045656760562	20.72359877628139
108.0495559999999	62.998082958293644	21.42007261832906
111.049833	63.00785798357892	23.5064894602501
114.049833	63.51615929841116	23.4984840252301
117.049833	63.90520530476362	23.712992343087183
120.0495559999999	65.04692825807922	23.37157322181746
123.049833	65.58650965382431	23.535532262216346
126.049833	65.99706071580428	24.81113068056594
129.049833	66.23752633782108	24.168073217527745
132.049833	67.34796921022395	24.48694020759916
138.0495559999999	68.37043685505976	25.532066338823928
144.049833	69.51802482354651	27.09137233160819
150.049833	70.62455768583531	28.190422016117644
156.0495559999999	72.37819722200679	28.8714214529055
162.049833	73.23057942687947	29.879811160381735
168.049833	74.11815172277892	30.540972422994468
174.0495559999999	75.59613554590676	28.212974790519258
180.0495559999999	75.84833119826587	36.321121366235275
186.049833	76.92162897458485	41.47438292129209