0.03002474109780451	5.407657432586135	2.7280831942814405
0.06302474109816103	10.559852787462308	11.168595185841172
0.09702474109781178	16.437741301142914	14.566031285016669
0.1300247410981683	20.889111487080275	21.27176342807007
0.1630247410976153	26.76021782170658	29.973041240217864
0.1970247410981756	33.08120870026468	31.820669025992206
0.2300247410976226	39.18290912273539	33.261967170734245
0.2970247410976299	47.14970878512399	36.93557300833426
0.3300247410979864	51.115022805507024	40.54834570050254
0.3630247410974334	55.46918175833348	44.146438852088124
0.3970247410979937	58.74949569423752	47.685591143269974
0.4300247410974407	63.30033783963719	49.26292592478063
0.4630247410977972	67.00114687690457	51.02000865898872
0.497024741097448	70.80142787363421	56.40304950019927
0.5300247410978045	74.13147778926933	56.02915198584282
0.563024741098161	78.15330996843771	58.70575093416717
0.5970247410978118	80.92948192797616	60.71854036197458
0.7630247410979791	97.22479746897986	65.35974410162952
0.9300247410974407	110.10189476664327	58.6882246945999
1.097024741097812	120.37689603382717	56.210519555528975
1.263024741097979	126.55320042589453	50.70431654502756
1.763024741097979	142.3488954432355	51.32963342191443
2.263024741097979	155.8996891936207	56.128082811550485
2.763024741097979	167.59668733584508	57.36053813341605
3.263024741097979	177.41502188004299	56.45707655510652
3.763024741097979	185.54911529243645	57.16665392517616
4.263024741097979	192.0373999209993	58.588199202223
4.763024741097979	198.8354040597059	58.03406078473087
5.263024741097979	205.01396917812488	59.617023392819675
5.763024741097979	210.3967586208455	57.82971268287024
6.263024741097979	215.22340938111785	55.27321774431981
7.263024741097979	223.20829485431778	50.13121348859434
8.26302474109798	229.22408767543476	42.98079388213039
9.26302474109798	234.03039189854422	36.084723474466216
10.26302474109798	237.24062331755437	29.943274792832476
11.26302474109798	239.59403944937802	24.982338623207994
12.26302474109798	241.40262053051057	23.021245905074665
13.26302474109798	242.75679561500846	19.624127331258915
14.26302474109798	243.94593767585314	16.16331438967203
15.26302474109798	245.86755507455646	4.535911486173225
25.26302474109798	244.20139975356315	1.1325218647875817
26.26302474109798	244.5812017806008	15.191892617316713
27.26302474109798	244.93387509142164	10.872956214947347
28.26302474109798	245.28880912859398	6.68622660910303
29.26302474109798	245.64148243941477	6.722149626999168
30.26302474109798	245.59400718603504	5.198060038346036
31.26302474109798	245.94894122320733	3.3281321198024316
32.26302474109798	245.8155583684737	0.5714588723413269
48.26302474109798	244.70328100357725	3.7563726945434577
51.26302474109798	245.5397497536012	3.7917890146252313
54.26302474109798	246.16823167929462	6.730407511292882
57.26302474109798	247.0160040610754	4.652697154476914
60.26302474109798	247.35511301378776	7.783196873144185
63.26302474109798	246.93687863877594	6.291722164078247
69.26302474109798	247.36867737189627	6.202989363281321
72.26302474109798	247.17425490567456	5.135870662612988
75.26302474109798	248.13054215232344	4.309447163354342
78.26302474109798	248.1734959530003	5.950640457335872
81.26302474109798	248.63016267598613	5.596922980194141
84.26302474109798	248.62564122328348	6.3199636685287945
87.26302474109798	249.05065777734967	6.519014471187634
90.26302474109798	249.2337766118143	7.614721886466743
93.26302474109798	249.20212644289452	6.60606887079968
96.26302474109798	249.4033310881703	5.064661757506526
99.26302474109798	249.18177990573176	6.299595722634588
102.263024741098	249.64070735506903	5.670717105541902
105.263024741098	250.07250608818944	9.057838084086415
108.263024741098	250.2669285544112	6.142513041645757
111.263024741098	250.4613510206329	6.242687716053388
114.263024741098	250.65577348685474	5.606777937435321
117.263024741098	251.0604435037581	5.87739397250721
120.263024741098	250.28727509157392	5.835986409006277
123.263024741098	250.90897483821328	8.77039480030457
126.263024741098	251.04461841929808	8.198561479498201
129.263024741098	252.35583970311924	8.666067505623303
132.263024741098	251.83135118959083	8.168374959366805
138.263024741098	251.85395845310484	8.697654578928763
144.263024741098	251.8200475578338	9.945448501730622
150.2630247410971	251.95116968621582	15.318998391713276