1.450000000011642	0.570948242516583	0.35323786775433025
1.5	0.839120901880436	0.009774525087268253
2.766666666604579	0.839120901880436	0.2783028973879961
4.049999999755528	1.0121355208248544	0.49728088992620556
5.416666666511446	1.1678486778748298	0.5215989344939101
6.616666666406672	1.2716574492414863	0.5039779168902503
7.866666666639503	1.358164758713691	0.7852613788820503
9.066666666709352	1.505227184816454	0.906556598415605
10.43333333311603	1.6176866871303226	0.9101206723889131
11.64999999990687	1.7301461894441998	0.9527717830314658
13.04999999975553	1.833954960810848	1.4775046367944784
14.49999999994179	2.050223234491373	1.4729151260214377
15.84999999980209	2.050223234491373	1.5610253057794228
17.16666666656965	2.154032005858029	0.6921883305105925
17.56666666665115	2.240539315330234	1.3510306804033483
18.81666666670935	2.2578407772246765	0.8466047412058477
21.3666666666395	2.335697355749668	1.260574522244997
22.79999999975553	2.5173627056413084	1.3945678436651932
24.48333333333721	2.612520746060743	1.7157526000518009
25.89999999990687	2.7076787864801695	1.5177800844274267
27.3666666666395	2.785535365005161	1.6099820677095606
28.64999999996508	2.8720426744773664	1.6810789386026967
30.18333333305782	2.9585499839495792	1.8047481547821222
31.59999999980209	3.053708024369014	1.8513521799345154
33.01666666654637	3.14021533384122	1.8590536335543946
34.46666666655801	3.2267226433134244	1.9638205074990909
35.93333333311603	3.313229952785637	2.0214857205647547
37.48333333310438	3.3910865313106293	2.0333832625727606
38.89999999984866	3.4775938407828426	1.788696417599617
40.1333333333605	3.5554504193078267	1.7235492126641776
41.73333333333721	3.6333069978328187	2.2478155058757925
45.14999999996508	3.719814307305023	2.839167057021434
46.83333333319752	3.918781119091114	2.343896627049426
48.3833333333605	3.987986966668877	2.4665809095526052
49.71666666649981	4.135049392771639	2.961406310734195
50.96666666655801	4.135049392771639	2.79528522612166
52.38333333330229	4.19560450940218	2.5196691372068645
53.66666666645324	4.2734610879271715	2.582127817645501
54.94999999995343	4.325365473610501	2.157463906008191
56.38333333324408	4.394571321188263	2.5482878972234517
58.8833333333605	4.532983016343803	2.4789455797145346
60.34999999991851	4.593538132974352	2.3618779373087464
63.03333333326737	4.714648366235443	2.585639136976306
64.51666666654637	4.827107868549313	2.472377575617683
69.18333333305782	4.904964447074304	3.0107629240973086
72.0999999998021	5.069328335071501	2.8165448089871528
74.76666666660458	5.250993684963142	3.330468288189794
77.6333333333605	5.37210391822424	3.596527479382567
80.41666666651145	5.49321415148533	3.4900598364898476
82.89999999990687	5.674879501376978	3.048439117218496
85.53333333326736	5.7354346180075195	3.3780526158931417
88.31666666641831	5.839243389374175	3.4012439681104567
90.86666666669771	5.960353622635265	3.439822611142502
92.98333333310438	5.951702891688045	3.3330846092335364
95.58333333319752	6.133368241579683	3.5628289727280578
98.29999999981374	6.237177012946339	3.723021772063922
100.9833333333372	6.349636515260209	3.8219528392455437
103.5833333332557	6.470746748521298	4.268557550384664
106.3833333333023	6.583206250835176	4.172503723490099
109.0166666666628	6.695665753149052	4.228487408613044
111.7833333332674	6.825426717357365	4.297675100391087
114.499999999709	6.9292354887240135	4.348879142614282
117.8999999999651	7.093599376721218	4.6526930156095485
121.8333333331975	7.240661802823973	4.549840624879955
124.7666666666628	7.35312130513785	4.573509522788012
128.8000000000466	7.5261359240822685	4.370514236480574
133.0666666666511	7.742404197762794	4.667168493454777
136.9166666664532	7.84621296912944	4.897560646370244
140.9833333331044	7.950021740496097	5.16089976139342
144.2833333332092	8.140337821334958	5.036098574607442
147.9833333332208	8.27874951649049	4.755655404317586
151.9833333333372	8.434462673540475	5.153050265693888
155.8999999998487	8.650730947221	5.692234957852794
160.3000000000466	8.754539718587651	5.487960681399887
164.8666666664067	8.884300682795967	5.646664747232408
169.8166666666511	9.091918225529259	5.984291594506686
174.8999999999651	9.308186499209786	5.825597701819329
180.0999999998021	9.515804041943102	6.25429899375846
185.1333333333023	9.714770853729174	6.614946747785121
189.9333333330578	9.93968985835693	6.480836011366157
195.4333333333489	10.130005939195792	6.624037119360443
200.5666666666511	10.328972750981873	6.64254619912692
205.5666666667094	10.527939562767957	6.6286661063552135
210.6166666664067	10.675001988870712	6.357967343261957
216.5166666666046	10.908571724445672	6.593638644953877
221.6999999997206	11.081586343390104	6.516850348571305
226.8333333331975	11.245950231387297	6.816092343294506
233.1166666664067	11.418964850331717	7.295965548819738
239.1499999998487	11.643883854959464	7.467727989220915
245.7333333333372	11.834199935798326	7.778861962121052
252.1333333332441	12.11967405705661	8.110223911162555
258.6499999998487	12.387846716420462	8.22270364743081
264.6333333333023	12.62141645199544	8.60737191290971
271.5499999998137	12.872287649464852	9.054801397039206
278.033333333151	13.114508115987034	8.985521478997692
285.0166666665464	13.304824196825898	8.958561921638221
292.0666666666511	13.607599779978623	9.250952114480699
298.8499999999185	13.85847097744804	9.36314010230791
306.8333333332557	14.135294367759101	9.639266454025222
314.3666666666977	14.386165565228518	10.269776849668313
322.3333333333139	14.706242610275698	10.04228959458239
329.8999999998487	14.957113807745099	10.380040358464601
337.9166666664532	15.259889390897841	10.680970578981254
345.8666666666977	15.571315704997804	10.10352626154943
353.8500000000349	15.804885440572765	10.452944920789117
362.5666666666511	16.142263947514383	10.489043796183708
371.6833333333489	16.470991723508778	9.946654640741524
381.0333333332674	16.600752687717105	13.07511813573477
390.6499999998487	16.998686311289266	10.739222459623623