0.005555555631872267	1082.3665782577743	29701.380412249247
0.01111111108912155	14630.610299208609	9413.371019642213
0.01666666654637083	16041.014268301848	2607.7701494441912
0.02222222200362012	16612.06989557697	1722.362955321446
0.02777777781011537	16949.87744973965	1436.1832546258247
0.03333333326736465	17199.21159685978	1279.8127562834993
0.03888888889923692	17384.201447948886	1238.2401239200196
0.0444444443564862	17553.1052250302	1177.0150014128526
0.04999999998835847	17681.793817092253	1124.2608804643178
0.05555555544560775	17802.439372150446	1117.7944614710887
0.06111111090285704	17906.998853200803	1066.1050648508044
0.06666666670935228	17995.472260243332	1055.3973360925438
0.07222222216660157	18075.90263028214	1016.4969865130581
0.07777777779847383	18156.333000320923	908.7269919208551
0.08333333325572312	18220.677296351834	922.8633381305978
0.08888888888759539	18260.892481371167	843.8245038006569
0.09444444434484467	18325.23677740225	896.6095297295759
0.09999999980209395	18365.45196242158	949.443708835546
0.1055555556085892	18429.796258452632	967.4506739636249
0.1111111110658385	18470.01144347197	943.8654145221622
0.1166666666977108	18510.226628491295	862.1631649098557
0.12222222215496	18574.570924522308	904.2111515576041
0.1277777777868323	18590.65699853013	794.4605197018291
0.1333333332440816	18614.78610954175	919.4480662033179
0.1388888887013309	18679.130405572763	767.5275154149967
0.1444444445078261	18679.130405572763	854.5920288657672
0.1499999999650754	18735.431664599804	935.9429007533143
0.1555555555969477	18759.560775611477	759.8408561688218
0.161111111054197	18783.689886623095	870.0294453292344
0.1666666666860692	18823.90507164244	817.1090267206716
0.1722222221433185	18839.99114565024	740.1822559481998
0.1777777776005678	18839.99114565024	762.8244881801448
0.183333333407063	18880.206330669513	845.4781328728425
0.1888888888643123	18920.421515688955	793.5223869661248
0.1944444444961846	18920.421515688955	753.9492238602464
0.1999999999534339	18944.55062670061	955.0588945479782
0.2055555555853061	18984.765811719953	856.1226641597597
0.2111111110425554	19008.894922731568	736.4791005069224
0.2166666664998047	19008.894922731568	852.3699609046708
0.222222221957054	19049.1101077509	824.2460356120832
0.2277777777635492	19065.196181758663	687.251483712313
0.2333333333954215	19065.196181758663	717.2675623120901
0.2388888888526708	19089.325292770296	703.615399840805
0.2444444444845431	19113.45440378196	762.620551591534
0.2555555553990416	19129.540477789757	712.6043994347202
0.2666666666627862	19169.755662809097	820.0368986312286
0.2777777777519077	19193.884773820686	798.1891659009852
0.2888888888410293	19234.099958840023	804.9991773347103
0.2999999997555278	19274.315143859447	754.5848595804756
0.3111111110192724	19298.444254871094	874.278632709953
0.3222222222830169	19314.530328878776	726.311600245125
0.3333333331975155	19338.6594398904	727.5323156263415
0.34444444446126	19354.745513898164	745.8592154774643
0.3555555555503815	19403.00373592146	744.7196695222215
0.3666666666395031	19403.00373592146	823.4836050442312
0.3777777775540017	19443.218920940777	714.1974868127589
0.3888888888177462	19459.304994948478	856.7530728688515
0.3999999999068677	19483.434105960125	659.2383787882932
0.4111111109959893	19507.56321697179	737.5310973712761
0.4222222222597338	19507.56321697179	721.9659282753644
0.4333333333488554	19547.778401991138	699.2731339423448
0.4444444444379769	19547.778401991138	718.4079863379709
0.4555555553524755	19563.864475998835	715.5640961215557
0.46666666661622	19587.99358701049	694.4482054991867
0.4777777777053416	19612.122698022147	670.7052129223819
0.4888888887944631	19612.122698022147	689.4777757644924
0.505555555515457	19652.337883041553	717.1782525779922
0.5222222222364508	19668.423957049275	645.3310547017588
0.5388888889574446	19668.423957049275	741.3315719476609
0.5555555555038154	19716.682179072504	782.2734834238033
0.5722222220501862	19716.682179072504	649.5273224147829
0.588888888945803	19732.76825308026	709.3944868522726
0.6055555554921739	19781.026475103492	762.5599216796127
0.6222222222131677	19797.112549111283	634.8153923822232
0.6388888889341615	19797.112549111283	748.8951895837657
0.6555555553059094	19821.241660122927	776.7578353539683
0.6722222222015262	19837.327734130606	638.6864859832641
0.688888888747897	19861.456845142227	743.1658230600456
0.7055555554688908	19861.456845142227	805.177095505255
0.7222222221898846	19885.585956153867	754.5558020243957
0.7388888889108784	19901.67203016166	752.307562405637
0.7611111110891216	19925.80114117329	666.3234048768455
0.7833333332673647	19966.016326192614	830.4910031476396
0.8055555554456078	19966.016326192614	698.9890574007677
0.8277777777984738	19990.145437204275	770.265812059915
0.849999999802094	19990.145437204275	737.0086942844076
0.87222222215496	20030.360622223616	690.2844312419044
0.8944444445078261	20030.360622223616	690.1308642743569
0.9166666666860692	20054.489733235223	621.5752309306321
0.9388888888643123	20078.618844246823	791.4288842206452
0.9611111110425554	20094.704918254625	799.6084702040091
0.9833333333954215	20118.834029266272	692.9874551407282
1.011111110856291	20118.834029266272	734.5605319687934
1.038888888841029	20118.834029266272	803.2132499569071
1.066666666651145	20183.178325297227	698.1387914433514
1.09444444446126	20183.178325297227	682.1707463465627
1.122222222096752	20207.30743630883	684.2247658319197
1.149999999906868	20207.30743630883	690.2944357047628
1.177777777716983	20247.52262132817	898.5244985248664
1.205555555352476	20247.52262132817	729.5725280678718
1.238888888794463	20271.65173233983	807.0016802839128
1.272222222236451	20287.73780634761	712.8751799564432
1.305555555503815	20287.73780634761	828.4281600832861
1.338888888945803	20335.996028370897	797.4597213503523
1.372222222213168	20335.996028370897	812.1186725162363
1.405555555305909	20376.211213390216	812.9906579339608
1.438888888747897	20376.211213390216	754.4919810592467
1.472222222189885	20400.34032440184	835.5514631843041
1.511111111089122	20416.426398409625	734.2412734248059
1.549999999988359	20440.555509421243	730.0139770836552
1.588888888887595	20464.684620432792	728.0429810886035
1.627777777786832	20464.684620432792	830.4943940507725
1.666666666686069	20480.770694440595	723.9903875682513
1.705555555585306	20504.899805452234	766.7357537412355
1.749999999941792	20504.899805452234	730.8147974483975
1.794444444298279	20545.1149904716	731.5344526041247
1.838888888654765	20569.24410148317	835.8980342760267
1.883333333360497	20569.24410148317	766.2434314018794
1.927777777716983	20593.373212494807	731.0964084069137
1.977777777705342	20609.45928650259	837.5139119883801
2.0277777776937	20633.588397514242	770.4389015848276
2.077777777856682	20657.717508525875	736.8354630912188
2.12777777784504	20657.717508525875	845.9548588292874
2.177777777833398	20673.803582533605	849.4555464435088
2.233333333104383	20697.93269354521	780.066543103511
2.288888888899237	20722.06180455681	747.3267961680091
2.344444444344845	20738.147878564563	752.3077963946822
2.399999999965075	20762.276989576156	860.7586770817279
2.455555555585306	20786.406100587785	857.292315496024
2.516666666662786	20786.406100587785	864.8971023038597
2.577777777740266	20802.492174595605	834.5335448686864
2.638888888817746	20826.621285607238	867.4722488945515
2.699999999895226	20850.75039661886	864.9525760931099
2.766666666604579	20866.83647062655	756.5757377738087
2.833333333313931	20890.965581638164	834.2156548969377
2.89999999984866	20907.051655645948	871.8264032388403
2.972222222189885	20931.18076665758	870.6248237984506
3.044444444356486	20955.309877669253	832.396794768056
3.116666666697711	20955.309877669253	874.5602681813887
3.188888888864312	20971.395951676946	765.7389034881764
3.266666666662786	20995.525062688565	878.2782412876518
3.34444444446126	21019.654173700234	880.3147785139771
3.422222222259734	21035.740247707938	845.4801232643703
3.505555555515457	21059.869358719578	959.412621681205
3.588888888945803	21059.869358719578	884.3404640544862
3.672222222201526	21100.084543738965	886.9903287551242
3.761111111089122	21124.213654750594	960.1619490624219
3.849999999802094	21140.29972875837	884.6719213999617
3.938888888864312	21164.428839769957	890.5837142714507
4.03333333338378	21164.428839769957	965.0870523839915
4.127777777554002	21188.55795078156	779.595964430162
4.227777777705342	21228.773135800897	779.7444203937621
4.327777777856682	21228.773135800897	894.958023766733
4.427777777833398	21252.902246812504	779.8478056579933
4.533333333267365	21268.98832082029	968.476650244843
4.638888888701331	21268.98832082029	854.999221503128
4.749999999941792	21293.117431831914	783.9977893964036
4.861111111182254	21333.332616851283	896.1028195192404
4.977777777705342	21333.332616851283	971.1538989454339
5.094444444403052	21373.547801870667	895.8934687056764
5.216666666732635	21373.547801870667	1009.0484863155457
5.338888888887595	21397.676912882285	972.962597432995
5.466666666499805	21421.80602389392	900.9791848650744
5.59444444446126	21462.02120891328	899.3281494793792
5.727777777705342	21462.02120891328	902.159706348199
5.861111110949423	21486.15031992492	1017.2347292308258
6.0	21502.236393932606	979.7416352877229
6.138888888701331	21526.36550494427	870.0943511613757
6.28333333338378	21526.36550494427	910.8049521791168
6.433333333348855	21566.580689963626	986.4916831105189
6.583333333313931	21590.7098009753	988.1517447480973
6.738888888910878	21606.795874983087	913.4368854515538
6.894444444507826	21606.795874983087	991.91025433487
7.055555555562023	21655.05409700635	1103.7372622403066
7.222222222248092	21671.140171014056	993.9969570670753
7.388888888934162	21695.269282025678	994.9114379291873
7.561111110902857	21695.269282025678	1034.7765861308862
7.738888888852671	21735.484467044997	1110.0823269097932
7.922222222259734	21759.613578056636	879.7636593015138
8.105555555492174	21775.699652064417	998.3357485130975
8.294444444356486	21799.82876307606	998.7925000435918
8.48888888885267	21823.95787408771	1114.4762571693534
8.688888888806105	21840.0439480954	1001.7933973107831
8.89444444439141	21840.0439480954	1007.106727483142
9.099999999802094	21880.259133114767	1043.2442312685025
9.311111111019272	21904.388244126432	927.0349503855637
9.5277777776937	21928.517355138083	1006.2101375058256
9.75	21944.603429145758	1008.1117083886021
9.97777777776355	21968.732540157424	1127.1401942648515
10.21111111115897	21992.861651168932	1049.6262987327964
10.45000000001164	21992.861651168932	1012.771048457252
10.69444444449619	22033.07683618837	1013.2806556358927
10.94444444443798	22049.162910196123	1054.8041388389752
11.20000000001164	22073.292021207784	1017.8373634659308
11.46111111104256	22097.42113221943	1018.8887449515667
11.72777777770534	22113.50720622709	1137.7889898774208
12.0	22137.636317238757	1022.5327830152385
12.27777777775191	22161.76542825038	1064.1877363007413
12.56111111113569	22177.851502258178	1026.2727115493099
12.85555555560859	22201.980613269716	1107.5200416817038
13.15555555553874	22226.109724281385	1029.5285185853052
13.46111111110076	22242.195798289104	1031.1298026810587
13.77222222229466	22266.32490930076	1032.5458229737033
14.09444444440305	22282.410983308444	1032.8684254789123
14.42222222214332	22322.626168327897	1034.1533054950808
14.75555555551546	22322.626168327897	1037.6026993513617
15.09999999980209	22346.755279339515	1039.2222344422796
15.44999999989523	22370.884390351122	1040.1950584319454
15.81111111090286	22386.970464358856	1148.1570462105299
16.17777777771698	22411.09957537047	1032.4279846086347
16.55555555544561	22435.228686382114	1101.875223043285
16.93888888880611	22451.314760389894	1061.5292613394447
17.33333333325572	22475.443871401436	1063.5046501020117
17.73333333333721	22499.572982413076	1149.0265318686104
18.14444444450783	22539.788167432478	1149.4669465000236
18.56666666659294	22555.874241440193	1152.3982973323393
18.99999999994179	22563.917278444103	1157.2005150466573
19.4388888887479	22580.00335245183	1159.3862248006985
19.88888888881775	22604.132463463444	1162.2882659833706
20.34999999980209	22644.34764848287	1162.803397153484
20.82222222205019	22660.433722490678	1064.3527232435963
21.30555555556202	22684.56283350221	1100.6795749546231
21.79999999998836	22708.691944513863	1136.8406450846162
22.30555555550382	22724.7780185216	1174.4910619252298
22.82222222228302	22748.90712953322	1247.3761465363918
23.34999999980209	22773.03624054478	1182.2925609997972
23.88888888893416	22789.122314552595	1114.3891910551217
24.44444444443798	22813.251425564245	1117.6884973212307
25.01111111085629	22829.337499572022	1193.0082952464793
25.5888888888876	22853.466610583546	1123.5223556514816
26.18333333329065	22893.68179560295	1088.7848495277447
26.78888888895745	22917.81090661459	1091.759543411952
27.41111111099599	22917.81090661459	1133.0623185129423
28.04444444429828	22941.940017626235	1209.0905689611984
28.69444444449619	22982.15520264559	1208.9153134188364
29.36111111106584	22982.15520264559	1216.632719603665
30.03888888889924	22998.241276653283	1042.2633104175668
30.73333333310438	23022.370387664934	1228.479983085579
31.44444444420515	23046.499498676545	1118.075896501769
32.17222222220153	23086.714683695933	1229.600993211818
32.91666666674428	23102.800757703757	1126.8598073276926