0.01000000000021828	4781.893029365179	1618.948250105474
0.01999999999998181	5947.020441371931	1742.9182290926858
0.02999999999974534	6668.407509272737	1810.8432792912622
0.03999999999996362	7195.810823353154	1851.2485499041343
0.0500000000001819	7612.002258133023	1874.2912621833027
0.05999999999994543	7955.078375296645	1882.066656358747
0.06999999999970896	8245.233932203762	1901.0114078905788
0.07999999999992724	8501.231359126725	1912.3027341270836
0.09000000000014552	8725.95276787696	1909.9720563171977
0.1009816608871006	8946.060901417914	1918.7188585740344
0.1133032870611714	9167.736220452738	1931.5165004609253
0.1271283790160851	9390.78880409791	1946.4206034705253
0.1426403873215349	9615.893275284632	1967.8411950946
0.1600451469030304	9843.875056781037	1997.1539128577235
0.1795736083472548	10075.725426916491	2035.6548090358926
0.2014849024708383	10312.568116841447	2084.2047402105263
0.2260697788356083	10555.592486160696	2143.1598158868564
0.2536544638137457	10806.004105215816	2212.430166022612
0.2846049894151292	11064.971461307809	2291.4973316701794
0.3193320503096402	11333.580545217927	2380.0029514729154
0.3582964534975872	11612.91708972816	2476.1065541127787
0.402015232935355	11903.643079914473	2579.2472684564827
0.4510685102641219	12206.714794660365	2684.1823478427846
0.5061071926706973	12521.586920107373	2799.537490884865
0.5678616100312865	12851.201019942253	2924.750365153532
0.6371512059449742	13194.881937482227	3073.240046004867
0.7148954112508363	13558.65939947135	3199.855731759101
0.8021258443191073	13931.464553143644	3258.336510334501
0.8999999999987267	14308.677768344944	3460.8080096268463
1.009816608870096	14728.055889846439	3650.6274792544223
1.133032870613079	15148.92559122871	3725.6815398835183
1.271283790158577	15585.535464658358	3903.3043886322052
1.426403873213076	16047.235357612944	4089.383239553714
1.600451469032578	16526.61146153711	4256.626075455232
1.795736083469365	17026.729761585953	4441.338949580248
2.014849024708383	17548.53009006712	4634.936618087985
2.260697788355174	18093.099911597776	4838.191319923643
2.536544638134274	18661.553610974748	5051.226132187126
2.8460498941472	19255.003291283916	5273.884074750253
3.193320503097311	19874.522951099323	5505.699687255227
3.582964534975872	20521.11269182051	5745.864605785221
4.020152329352641	21195.65493338524	5993.243062924209
4.51068510263849	21898.88214619247	6246.386014995507
5.061071926705608	22631.336288737504	6503.591060294186
5.67861610031332	23393.35028589352	6762.961190490621
6.371512059447923	24185.020956281853	7022.488773537942
7.148954112507909	25006.20976052981	7280.136588375745
8.021258443191982	25856.534326674242	7533.917343092166
8.999999999986358	26735.387411321	7781.9700287755595
10.09816608870233	27641.94590825946	8022.612711225986
11.33032870613033	28575.201831333176	8254.395157033257
12.71283790158577	29533.983295611248	8476.116715061944
14.26403873212848	30516.989442312402	8686.848784183814
16.00451469032623	31522.81639638709	8885.92185970303
17.95736083469274	32549.988992037837	9072.922471405953
20.14849024708474	33596.98577526095	9247.66661936136
22.60697788355219	34662.264344126364	9410.18383766164
25.36544638134183	35744.28236866414	9560.686151367478
28.46049894147245	36841.515453198364	9699.522041874707
31.93320503097357	37952.46724225332	9827.079619185894
35.82964534976054	39075.664830019814	9943.782531996132
40.20152329352595	40209.66754111338	10050.334043741716
45.10685102638672	41353.11719710104	10147.636948983783
50.61071926705517	42504.72798818668	10236.10015670758
56.78616100313184	43663.17940749509	10316.0529300155
63.71512059447605	44827.199480077914	10388.464261928944
71.48954112507727	45995.61943022268	10453.998294476813
80.21258443191618	47167.243485255545	10513.088092502543
89.99999999986449	48340.919300664216	10566.363098168109
100.9816608870247	49515.50398905894	10614.317486247346
113.3032870613042	50689.859464568704	10657.440588055902
127.1283790158559	51862.84746587815	10696.20883286626
142.1283790158564	52996.80966516144	10729.626640520231
157.1283790158564	54013.99921522911	10756.517876503502
172.1283790158564	54935.30944254323	10779.644333752347
187.1283790158564	55776.49622879343	10799.105106244102
202.1283790158564	56549.73535224822	10815.713261354447
217.1283790158564	57264.630963221716	10830.05750434353
232.1283790158564	57928.89222557132	10842.574516724573
247.1283790158564	58548.801086209365	10853.595165945162
262.1283790158564	59129.54406404515	10863.238994388443
277.1283790158564	59675.452894063106	10871.997359955272
292.1283790158564	60190.18229147699	10879.689665014559
307.1283790158564	60676.84457989158	10886.831267467667
322.1283790158564	61138.1114457399	10893.315684503501
337.1283790158564	61576.29311085364	10899.232151666483
352.1283790158564	61993.40149894191	10904.6517760715
367.1283790158564	62391.1984776793	10909.635593343559
382.1283790158564	62771.23631428969	10914.172132139292
397.1283790158564	63134.889182497674	10918.437328821412
412.1283790158564	63483.37963442372	10922.398430589248
427.1283790158564	63817.79987917668	10926.01258260755
442.1283790158564	64139.12987838825	10929.470740583694
457.1283790158564	64448.251852126654	10932.749058228479
472.1283790158564	64745.963326310084	10935.818048344912
487.1283790158564	65032.986956243374	10938.699984173287
500.0	65271.26465702371	10941.44875444918