1.042328499472205	0.0541117786381969	0.21076449199976116
1.542328499472205	0.11782403413158576	0.015626168795600262
2.542328499472205	0.04102021929024297	0.07204102060812029
3.042328499472205	0.029674201188670004	0.7484613098440279
3.542328499472205	0.09862308042120194	0.22141949453353219
4.042328499472205	0.01396432997117658	0.2828306293638504
6.042328499472205	0.15622594155222508	0.004771310048529478
6.542328499472205	0.16058979466820975	0.042929471547223395
10.54232849947221	0.0366563661742583	65.46230432289842
11.54232849947221	0.07505827359489761	153.60642746508012
12.04232849947221	0.1344066759723018	49.24014882862507
12.54232849947221	0.047129613652608655	21.816831078186592
13.04232849947221	0.21470157330647083	374.74963434063585
13.54232849947221	0.14487992345065215	43.87609834491365
14.04232849947221	0.10298693353718656	28.420386260782074
14.54232849947221	0.0960047685516625	28.254422843885795
15.04232849947221	0.1588442534218287	202.5015266753109
15.54232849947221	0.09251368605883623	201.89402655970943
16.04232849947221	0.1518620884363046	52.408860592802064
16.54232849947221	0.08989537418929683	34.83643670425313
17.54232849947221	0.040147448667020344	173.67333841038314
24.84232849947148	0.18677291336411767	78.7633537072849
25.84232849947148	0.5288989976573021	81.43811519181484
31.84232849947148	0.12480619911717405	35.36057996301021
32.84232849947148	0.2051010964512789	53.854389937248584
33.84232849947148	0.2277931326544248	54.08706967330687
34.84232849947148	0.12306065787079305	53.349431166211836
35.84232849947148	0.1344066759723018	174.30750501929955
36.84232849947148	0.07331273234851657	173.90237410504292
38.84232849947148	0.22953867390080587	35.81945022634582
39.84232849947148	0.2618311869590795	36.152135002555276
40.84232849947148	0.2810321406693991	53.377064160896545
41.84232849947148	0.27579551693025606	53.43453451584178
42.84232849947148	0.21993819704561393	202.90059707323422
43.84232849947148	0.061966714247007795	201.7535580196731
45.34232849947148	0.1893912252337213	28.940049958612505
46.84232849947148	0.12131511662434784	28.546038002933773
48.34232849947148	0.7078169754127374	48.11415437951839
49.84232849947148	1.2471892205483894	382.56094202584376
51.34232849947148	1.0333604178651414	381.25074928135575
68.34232849947148	0.6859977098327497	22.392943579514597