0.1000000000003638	0.7762239691325135	7.233687818943776
0.6000000000003638	9.314687629590162	2.298734342176177
2.600000000000364	7.873128829772638	3.34613397103111
3.100000000000364	8.649352798905149	18.30299544003097
3.600000000000364	7.984017968220139	8.715242064721341
4.100000000000364	12.086916090777715	8.850056838995844
4.600000000000364	12.086916090777715	6.983257533998518
5.100000000000364	24.95005615068793	1.4429874258529165
5.600000000000364	15.19181196730776	4.291456181578876
6.100000000000364	15.857146797992778	2.0241072560491995
9.100000000000364	10.86713556785519	0.5953058132322159
9.600000000000364	11.754248675435209	0.5295751931235673
10.10000000000036	10.97802470630269	1.8633399352425932
10.60000000000036	11.421581260092694	1.7410691261445086
11.60000000000036	11.865137813882708	1383.6787009409727
12.10000000000036	11.310692121645195	1563.6817959083396
12.60000000000036	12.530472644567718	1783.8037940110808
13.10000000000036	14.193809721280246	2172.7833011280463
13.60000000000036	14.970033690412759	2529.936067251419
14.10000000000036	14.85914455196526	2995.479975773534
14.60000000000036	15.746257659545273	3754.5768068080415
15.10000000000036	16.30070335178278	4622.306394575544
15.60000000000036	16.078925074887778	5880.384526056935
16.10000000000036	16.30070335178278	8003.351548589111
16.60000000000036	17.0769273209153	11353.33191840982
17.10000000000036	15.524479382650267	18447.574841727044
17.60000000000036	13.528474890595232	39543.11098249293
18.10000000000036	1175.757534958863	3992.5814743447154