0.002777777728624642	0.02730625718593264	0.845931442699098
0.005555555631872267	0.5402738028923973	0.634467307764174
0.008333333360496908	0.7723769889726027	0.34081176213726333
0.01111111108912155	0.8230886094605938	0.15584540516679302
0.01388888899236918	0.8542957605302525	0.18076128681995524
0.01666666672099382	0.8933046993672143	0.24219776719179528
0.01944444444961846	0.9342640851461134	0.3506471797260376
0.0222222221782431	0.9908270464596934	0.39250899070412215
0.02500000008149073	1.0337368791803812	0.29939234566250983
0.02777777781011537	1.059092689424525	0.30181667589403444
0.03055555553874001	1.0922502874359723	0.3304717235836142
0.03333333344198763	1.133209673214723	0.3238569601956714
0.03611111117061228	1.1527141426332783	0.29963521873864196
0.03888888889923692	1.172218612051759	0.2823482303363539
0.04166666662786156	1.1878221875865882	0.31460365380723065
0.04444444453110918	1.2131779978306583	0.3027672212919266
0.04722222225973383	1.234632914190928	0.3345491529373967
0.04999999998835847	1.2482860427838942	0.33696487294914
0.05277777789160609	1.2677905122023752	0.3080157555381928
0.05555555562023073	1.2872949816208563	0.32590127134206004
0.05833333334885538	1.2950967693883078	0.31399754041920225
0.06111111107748002	1.3146012388067887	0.3044529056626762
0.06388888898072764	1.3243534735160292	0.27727437034405794
0.06666666670935228	1.3380066021089958	0.3099325544740174
0.06944444443797693	1.351659730701962	0.2647899496127764
0.07222222216660157	1.3594615184694137	0.2585617598647959
0.0750000000698492	1.3731146470623798	0.25887470664660434
0.07777777779847383	1.3789659878878946	0.24613085253992117
0.08055555552709848	1.3848173287134091	0.2512298628458139
0.0833333334303461	1.3965200103645128	0.24977846313030044
0.08611111115897074	1.4043217981318903	0.2758646974770271
0.08888888888759539	1.4160244797829937	0.2719438274073792
0.09166666661622003	1.4199253736667194	0.3006587100589937
0.09444444451946765	1.431628055317823	0.2630870105515146
0.0972222222480923	1.4413802900270634	0.24024364924916047
0.09999999997671694	1.4472316308525779	0.28272714911422725
0.1027777778799646	1.4569838655618927	0.26454147381240767
0.1055555556085892	1.4589343125036816	0.23495911934621577
0.1083333333372138	1.4608847594455443	0.24148939891882482
0.1111111110658385	1.4784387819221625	0.2782260414625615
0.1138888889690861	1.4784387819221625	0.2556384405656048
0.1166666666977108	1.4862405696896142	0.2835261049517229
0.1194444444263354	1.4862405696896142	0.3215678079866398
0.122222222329583	1.4979432513406434	0.3004329426020127
0.1277777777868323	1.5135468268755468	0.28995477774008427
0.1333333334187046	1.5311008493520908	0.32468777531085846
0.1388888888759539	1.5350017432358165	0.293108349792642
0.1444444445078261	1.5467044248869941	0.29936197161933537
0.1499999999650754	1.5584071065380234	0.2872607972423678
0.1555555555969477	1.5681593412472636	0.3426966643517435
0.161111111054197	1.5818124698402303	0.4262030812512413
0.1666666666860692	1.5935151514914077	0.46929383596153096
0.1722222223179415	1.607168280084374	0.5350706599321502
0.1777777777751908	1.6286231964446436	0.577453637325928
0.183333333407063	1.6520285597468507	0.6491558687480777
0.1888888888643123	1.6715330291653314	0.7263045201349067
0.1944444444961846	1.6929879455256753	0.7492319863058232
0.1999999999534339	1.7085915210605047	0.7372344044725934
0.2055555555853061	1.7358977782463634	0.7133490418152203
0.2111111112171784	1.7612535884903588	0.737452647638678
0.2166666666744277	1.7768571640252622	0.7208435142653417
0.2222222223063	1.7905102926182286	0.7547854695499925
0.2277777777635492	1.8061138681529836	0.7138143990999535
0.2333333333954215	1.8236678906296762	0.7184003766233782
0.2388888888526708	1.84122191310622	0.7287014494144625
0.2444444444845431	1.8548750416991864	0.7253164890648706
0.25277777784504	1.8821812988851188	0.7861505904187419
0.2611111112055369	1.9055866621873256	0.7928099383747979
0.2694444443914108	1.9367938132569098	0.7728382112376418
0.2777777777519077	1.9562982826753912	0.755272003672202
0.2861111111124046	1.9855549868031124	0.6910098687876158
0.2944444444729015	2.0070099031635307	0.6554702530521141
0.3027777778333984	2.0226134786982857	0.5410837256175672
0.3111111111938953	2.0362666072912523	0.5115794755431123
0.3194444445543923	2.0460188420004934	0.4373630730576354
0.3277777777402662	2.05772152365167	0.35389326965562906
0.3361111111007631	2.059671970593459	0.3406527981761231
0.34444444446126	2.0694242053027003	0.32704905669378004
0.3527777778217569	2.0811268869538773	0.3190999044704862
0.3611111111822538	2.0830773338956665	0.3264365936694193
0.3694444445427507	2.0830773338956665	0.3281719741726379
0.3805555556318723	2.09868090943042	0.37769123643177793
0.3916666667209938	2.110383591081597	0.3711132988480881
0.4027777778101154	2.1201358257908383	0.43924676462444495
0.4138888888992369	2.1318385074418678	0.4518831324720184
0.4249999999883585	2.145491636034835	0.47881223112487353
0.43611111107748	2.159144764627801	0.4932465856449968
0.4472222221666016	2.1747483401626293	0.5095860885490475
0.4583333334303461	2.1786492340462824	0.5062849615710971
0.4694444445194677	2.1942528095811107	0.49314760863578216
0.4805555556085892	2.2098563851158666	0.4816450536013725
0.4916666666977108	2.221559066767044	0.48502505615304475
0.505555555515457	2.2332617484180735	0.46010863800819624
0.5194444445078261	2.2469148770110405	0.5073924941713578
0.5333333333255723	2.2547166647784915	0.4535558102593671
0.5472222223179415	2.268369793371458	0.43242779935662
0.5611111111356877	2.2781220280806984	0.44834905690630206
0.5749999999534339	2.285923815848001	0.4600385025897996
0.588888888945803	2.303477838324693	0.45148779073699014
0.6027777777635492	2.3112796260921447	0.4527936037166568
0.619444444484543	2.3190814138594487	0.47729343678164027
0.6361111112055369	2.334684989394352	0.4487389747277885
0.6527777777519077	2.348338117987318	0.45417527644217764
0.6694444444729015	2.356139905754623	0.4485563990956969
0.6861111111938953	2.3717434812894505	0.45830248331179446
0.7027777777402662	2.381495715998692	0.4805280753008599
0.71944444446126	2.387347056824281	0.46991738343450484
0.7361111111822538	2.402950632359035	0.4900425817313084
0.7555555556318723	2.410752420126414	0.50367800092302
0.7750000000814907	2.4166037609520017	0.48566195643417326
0.7944444445311092	2.4361082303704826	0.4833504853011364
0.8138888889807276	2.447810912021586	0.5057762287901469
0.8333333334303461	2.4653649344982775	0.5037158494683573
0.8527777778799646	2.4751171692075182	0.4938751095298901
0.8750000000582077	2.4868198508585486	0.5101448583801746
0.8972222222364508	2.4965720855677893	0.5176680319889634
0.9194444444146939	2.5082747672189663	0.5175384188071265
0.94166666676756	2.5238783427537217	0.46803006956193455
0.963888888945803	2.5277792366374476	0.4764410794732442
0.9888888888526708	2.5375314713466883	0.4696373782984997
1.013888888934162	2.5589863877071064	0.5115486000014304
1.038888888841029	2.5706890693581346	0.47083693124793885
1.06388888892252	2.5765404101836493	0.4984148482055579
1.088888889004011	2.5882430918348267	0.5153901699886984
1.116666666639503	2.5979953265440674	0.5518992067311382
1.144444444449619	2.617499795962549	0.5119824836958595
1.172222222259734	2.6194502429043376	0.4902883384439543
1.200000000069849	2.6409051592647557	0.5238421878186906
1.227777777879965	2.6487069470321325	0.5307051242593493
1.258333333418705	2.66626096950875	0.5590525845708847
1.288888888957445	2.677963651159855	0.5372816748623235
1.319444444496185	2.6838149919854426	0.5615290806035689
1.350000000034925	2.697468120578334	0.542627885694944
1.383333333302289	2.711121249171301	0.5423784157601069
1.416666666744277	2.7267248247060563	0.5379691967671647
1.450000000011642	2.740377953299023	0.5380252659118359
1.486111111182254	2.7481797410664743	0.5894832042261545
1.522222222178243	2.7657337635431665	0.5804189192817871
1.558333333348855	2.773535551310471	0.5649764140690892
1.594444444519468	2.7891391268453734	0.5657150000837464
1.633333333418705	2.8008418084964037	0.5499146415298419
1.672222222317942	2.8183958309730954	0.5768747608137104
1.711111111217178	2.8300985126241236	0.5703975373866361
1.75277777784504	2.8398507473333647	0.5982996135200606
1.794444444472902	2.8554543228682676	0.5966200132561635
1.836111111100763	2.8652065575775083	0.6166324979758185
1.880555555631872	2.8788596861704	0.5900254181503308
1.924999999988359	2.8944632617052304	0.6066471658441619
1.969444444519468	2.9081163902981966	0.6358269893657097
2.016666666779202	2.9237199658329525	0.618562291961
2.063888888864312	2.9393235413677807	0.6272343847535171
2.113888888852671	2.9510262230188107	0.6194356000374711
2.163888888841029	2.966629798553714	0.6291019003286237
2.213888889004011	2.9822333740884694	0.6357830096226447
2.266666666720994	2.993936055739497	0.6288064898780478
2.319444444437977	3.0056387373906746	0.6013917429715758
2.375000000058208	3.0173414190417045	0.6124130943844628
2.430555555503815	3.0348954415183966	0.6033291227785231
2.488888888852671	3.050499017053153	0.6115605378406497
2.547222222201526	3.064152145646119	0.6031444448933084
2.608333333279006	3.07390438035536	0.6297886748789274
2.669444444531109	3.087557508948326	0.6393114449085525
2.733333333337214	3.1012106375412927	0.6052999136717301
2.797222222317942	3.1187646600179826	0.6153648349746526
2.863888888852671	3.1285168947272237	0.614883536647437
2.930555555562023	3.146070917203843	0.6251588361517284
3.0	3.1597240457968097	0.6336835143245708
3.069444444437977	3.169476280506048	0.6274815782176165
3.141666666779202	3.18703030298274	0.6277635072085151
3.216666666674428	3.2006834315756345	0.6550946218142834
3.291666666744277	3.212386113226737	0.6474159239768067
3.369444444542751	3.227989688761493	0.6037589456399083
3.447222222166602	3.2396923704126697	0.6297714934542552
3.527777777868323	3.257246392889362	0.6118211342974157
3.611111111124046	3.2728499684241177	0.6227429793480008
3.694444444554392	3.2884535439588714	0.6409260215070121
3.78055555553874	3.2923544378425973	0.6148320914134174
3.869444444426335	3.3079580133773527	0.6227884265172535
3.961111111217178	3.321611141970319	0.6134140161123853
4.052777777833398	3.33721471750515	0.5792375042214989
4.147222222178243	3.3528182930399777	0.5880174760867775
4.244444444426335	3.362570527749219	0.6328316257420259
4.344444444403052	3.376223656342111	0.6515911404488866
4.447222222283017	3.3918272318769405	0.6075301509799115
4.549999999988359	3.3996290196443177	0.6345442690485473
4.655555555596948	3.4171830421210103	0.6252891427624627
4.763888888934162	3.4308361707139765	0.6523029949192459
4.875	3.4503406401324574	0.6530094949869512
4.988888888969086	3.4542415340161834	0.6715115692086749
5.105555555666797	3.4756964503764523	0.6804767005983767
5.225000000093132	3.489349578969419	0.6714917189575584
5.347222222248092	3.5049531545041743	0.6717751757070144
5.4722222223063	3.5186062830971414	0.6637440936063455
5.600000000093132	3.5381107525156223	0.6997785923844507
5.730555555608589	3.547862987224861	0.6735063067350098
5.863888888852671	3.5634665627597655	0.6827365893914962
6.0	3.5771196913527326	0.6834196061646429
6.138888888875954	3.5946737138292755	0.684229947180922
6.280555555655155	3.606376395480453	0.6661443074212703
6.427777777891606	3.6219799710152087	0.6935656681731993
6.577777777856682	3.637583546550036	0.6761102622132446
6.730555555550382	3.653187122084793	0.6758431373895576
6.886111111147329	3.6668402506777587	0.6668848389805405
7.047222222201526	3.6824438262125145	0.6931402742342957
7.211111111158971	3.698047401747418	0.7030277831399977
7.37777777784504	3.7097500833984483	0.67602981370511
7.549999999988359	3.723403211991414	0.6673445384111165
7.725000000034925	3.739006787526168	0.6759487676371443
7.90555555553874	3.756560810002859	0.685986940591794
8.088888888945803	3.7741148324795515	0.6953009544027279
8.277777777810115	3.7838670671887926	0.7403173632083572
8.469444444403052	3.7975201957817593	0.7492755422902032
8.666666666627862	3.8131237713165147	0.7588390410070699
8.866666666755918	3.8306777937932077	0.7594079044974861
9.072222222166602	3.848231816269825	0.7685429603413224
9.28333333338378	3.8696867326301683	0.8233471462452154
9.500000000058208	3.8852903081649233	0.8504591477112137
9.71944444446126	3.9028443306416154	0.8507133380207555
9.944444444496185	3.920398353118234	0.8775326363613057
10.17499999998836	3.9399028225367148	0.8504955865412012
10.41111111111241	3.9613577388971333	0.8692053362019405
10.65277777786832	3.9808622083156138	0.8883400490190044
10.90000000008149	3.9964657838503683	0.905975334291541
11.15277777775191	4.019871147152575	0.8967356703206093
11.4111111110542	4.031573828803752	0.9245046316857646
11.67499999998836	4.056929639047748	0.9152384455717975
11.94444444455439	4.07643410846623	0.9336807438734356
12.2222222223063	4.097889024826574	0.9518077867141758
12.50555555551546	4.113492600361403	0.9431442603653011
12.79444444453111	4.138848410605473	1.0156248895022877
13.09166666673264	4.158352880023955	0.9970708298701326
13.39444444439141	4.1817582433261595	1.0152298143701841
13.70555555558531	4.201262712744641	1.024979735637943
14.02222222223645	4.222717629104912	1.061407021112654
14.34722222224809	4.250023886290845	1.0521590947485342
14.68055555562023	4.271478802651262	1.0798383464634045
15.01944444444962	4.29488416595347	1.0616768232407745
15.3666666666395	4.318289529255674	1.0985923974160863
15.72222222218989	4.341694892557808	1.1071328366184594
16.08611111110076	4.365100255860015	1.089042952216871
16.45833333337214	4.390456066104086	1.0987435729137303
16.83888888900401	4.409960535522564	1.1073186523533993
17.22777777782176	4.4372667927084235	1.1346395694365126
17.62777777772863	4.46067215601063	1.152752059229442
18.03611111117061	4.484077519312838	1.1525138743529921
18.45277777779847	4.507482882615045	1.1528024326851602
18.88055555551546	4.532838692859189	1.1893024330124629
19.31666666676756	4.56209539698691	1.1892524858670064
19.76388888893416	4.58940165417277	1.2080356987738399
20.22222222218989	4.612807017474975	1.2358476415208979
20.68888888898073	4.63816282771897	1.2809338739118112
21.16666666668607	4.665469084904904	1.2993805287767757
21.65555555565516	4.692775342090836	1.281398059407739
22.15555555553874	4.72008159927677	1.2906174312936094
22.66666666668607	4.749338303404491	1.3179947487335726
23.19166666665115	4.782495901415938	1.3362888919921194
23.72777777787997	4.81175260554366	1.3454231113720296
24.27500000002328	4.8371084157876565	1.3364035381021842
24.83611111115897	4.86636511991545	1.3273661553061464
25.41111111111241	4.8956218240431735	1.3086579152020772
25.99722222232958	4.924878528170893	1.308970767983695
26.59722222218989	4.954135232298615	1.291041468458072
27.21111111121718	4.979491042542758	1.2998621347423986
27.8388888888876	5.004846852786755	1.2724933428363294
28.48333333327901	5.0302026630309	1.2815606135895552
29.14166666666279	5.0633602610422725	1.2720819958153626
29.81388888886431	5.088716071286341	1.2536139886477597
30.50277777778683	5.1160223284722	1.2534953799098225
31.20833333343035	5.139427691774406	1.2625417072049625
31.93055555562023	5.170634842844065	1.2809330969518773
32.66944444453111	5.197941100029849	1.2354179501380418
33.42499999998836	5.223296910273992	1.2532204677431562
34.1972222221666	5.248652720517989	1.244004955920034
34.98611111106584	5.2759589777039215	1.2622395721041881
35.79444444441469	5.305215681831643	1.2443580047131146
36.62222222221317	5.328621045133848	1.253517575308532
37.46944444446126	5.357877749261647	1.253829403216933
38.33611111115897	5.383233559505641	1.2448558036085295
39.2222222223063	5.410539816691574	1.253907463853871
40.12777777772863	5.437846073877507	1.245066111172996
41.05555555550382	5.467102778005228	1.2633398525174524
42.00277777772863	5.492458588249224	1.2543845205924031
42.9722222223063	5.51586395155143	1.2638300729706167
43.9638888888876	5.545120655679153	1.2640871771978957
44.97777777782176	5.572426912865085	1.2548846871522898
46.01666666666279	5.5997331700510165	1.2732733540297134
47.08055555558531	5.627039427236875	1.254961696532744
48.16666666668607	5.654345684422809	1.1457743342926086
49.27777777786832	5.681651941608741	1.009429955973063
50.41666666668607	5.707007751852737	0.8818967616262259
51.58055555558531	5.740165349864184	0.7547341841411606
52.77222222229466	5.761620266224602	0.6274854042899707
53.9916666666395	5.761620266224602	0.4999271771056068
55.23888888896909	5.761620266224602	0.3725087689655813
56.51388888893416	5.761620266224602	0.2545278862906743
57.81944444443798	5.761620266224602	1.3290841066952357
59.15277777775191	5.761620266224602	0.3802618085459458
60.51944444450783	5.761620266224602	0.4493044550147209
61.91666666662786	5.761620266224602	0.5393014147316754
63.34722222218989	5.761620266224602	0.6602528177176725
64.80833333329065	6.024930603374318	1.394944691836446
75.17944444448221	6.026881050316106	0.9033162326353572
76.91333333338844	6.060038648327555	1.0504212243659146
78.68833333341172	6.0951466932808644	1.130243871703608
80.50500000006286	6.1302547382340995	1.217902102908346
82.36333333334187	6.165362783187485	1.2639368786753404
84.26333333342336	6.196569934256994	1.5955743506309379
86.20916666672565	6.231677979210379	1.6140647728090756
88.20083333342336	6.262885130279964	1.5871079503206473
90.23833333334187	6.2999436221750615	1.5873535461653663
92.3216666666558	6.333101220186584	1.587836498822207
94.45083333336515	6.36820926513982	1.5881137098092564
96.63000000006286	6.405267757034993	1.597812312115097
98.85916666674893	6.434524461162716	1.6075419286485069
101.1425000000163	6.469632506116098	1.5897894163922288
103.4758333334466	6.504740551069334	1.6085545400776304
105.8633333332837	6.535947702138918	1.5999213990425856
108.3050000000512	6.573006194034092	1.5821088949118116
110.804999999993	6.606163792045539	1.6009165396005787
113.3633333332837	6.6393213900569865	1.5832586033642542
115.9800000000978	6.676379881952161	1.5561556312106075
118.6550000000862	6.709537479963607	1.5750227562837456
121.3925000000163	6.742695077975054	1.5388215743194584
124.1925000000629	6.775852675986503	1.5394170593179566
127.0591666666442	6.807059827056087	1.5401705422267082
129.9925000001094	6.836316531183809	1.5317832035442522
132.9925000001094	6.871424576137045	1.5323725937443728
136.0633333334117	6.900681280264914	1.53328261231601
139.2050000000163	6.933838878276362	1.5431401557524533
142.4175000000978	6.966996476287807	1.5531743127006636
145.7050000000745	7.002104521241045	1.5908240636007154
149.0674999999465	7.035262119252492	1.5918840205980385
152.5050000000629	7.0684197172639385	1.6113130400390492
156.025833333435	7.103527762217251	1.6216935505705543
159.6258333332953	7.136685360228697	1.632069921065978
163.3091666667606	7.173743852123869	1.6238424266658995
167.075833333307	7.208851897077107	1.6342727734956009
170.9300000000512	7.242009495088552	1.635331985888656
174.8716666666442	7.277117540041862	1.6366139884407191
178.9050000000279	7.312225584995174	1.6564259339991616
183.0341666666209	7.34538318300662	1.6393590718148916
187.2550000000047	7.380491227959929	1.6313423098104656
191.5758333333652	7.413648825971378	1.651364567087778
195.9966666667024	7.448756870924615	1.643417128239071
200.5175000000163	7.485815362819789	1.654175452770572
205.1425000000745	7.518972960831234	1.65586446316465
209.8758333332953	7.552130558842757	1.6668868597431468
214.7175000000279	7.589189050737857	1.6684777320881314
219.6716666666907	7.622346648749376	1.6704394330014296
224.7383333332837	7.6594051406444015	1.6628607355798721
229.9216666667489	7.692562738655849	1.6741866050091754
235.2258333333302	7.729621230551023	1.6853360537497468
240.6508333333768	7.76277882856247	1.668694622725825
246.200833333307	7.79788687351578	1.6801621395388824
251.8800000000629	7.83299491846909	1.672940359021667
257.6883333332953	7.868102963422399	1.684483746842321
263.634166666714	7.903211008375636	1.658476608611769
269.7174999999697	7.936368606387082	1.689296099619534
275.9386111110798	7.971476651340467	1.6726605165641961
282.3050000000512	8.006584696293706	1.6561360209034104
288.8175000000629	8.041692741247015	1.6777456635731332
295.4800000000396	8.072899892316672	1.6712444176877925
302.2966666667489	8.111908831153634	4.263419683832323
309.2716666666092	8.143115982223293	4.281475978156599
316.4049999999697	8.174323133292804	7.0345902652175765
323.7050000000163	8.21333207212984	12.560125974088956
331.1716666667489	8.246489670141287	23.062904434532385
338.8091666667606	8.806267942452164	33.18018540068319
346.6258333334117	8.843326434347338	41.37809104818629
354.6216666667024	9.434311857727876	47.686155004471104
362.8008333334001	10.583125106477425	49.52461446220616
371.1675000000978	12.726666295570393	49.98645603425175
379.7299999999814	14.801941841698765	46.06639701515938
388.4883333334001	16.463722636154774	48.534557621894415
397.4508333333652	17.751017617775716	48.37976039043932
406.6175000000512	18.158661028622383	40.05323715167324
415.9966666666442	18.306894996202935	29.54051094410153
429.3786111110821	18.244480694063764	16.577930911846607
445.3786111110239	18.443426282132375	8.945560069819479
459.3786111110821	18.443426282132375	2.286198437743165
471.3786111110821	18.443426282132375	1.6122923948254797
483.3786111110821	18.443426282132375	1.887542384296755
495.3786111110821	18.642371870201128	1.5341577446441286
507.3786111110821	18.642371870201128	1.7761937539150314
685.3786111110239	8.698993360650446	2.915158180283532
709.3786111110239	8.897938948719203	1.7078959218797454
733.3786111110239	8.897938948719203	3.4971415676714352
757.3786111110239	8.897938948719203	1.8481359422590908
777.3786111110821	9.096884536787815	2.0259747133002928
795.3786111110821	9.096884536787815	1.5982195534220456
819.3786111110821	9.096884536787815	0.8325486007603548
843.3786111110821	9.096884536787815	1.8856410766807299
867.3786111110821	9.096884536787815	1.7971478809860777
891.3786111110821	9.096884536787815	0.8602656886571289
915.3786111110821	9.096884536787815	0.9113167550372356
939.3786111110821	9.096884536787815	1.2024017045134898
963.3786111110821	9.295830124856495	0.8019242459954908
987.3786111110821	9.295830124856495	0.5013132320913289
1011.378611111082	9.295830124856495	0.3891812984197938
1035.378611111082	9.295830124856495	0.23001944219873996
1059.378611111082	9.295830124856495	2.738874338707225