1.783333333558495	0.8605009705238735	0.9349786193864833
3.550000000046659	2.140918899371071	2.795023656017351
5.666666666802577	3.735100282535907	4.559946072344056
10.21666666679094	7.23440826856364	7.076482843065313
12.05000000016307	8.438733862681108	8.62892879621206
12.96666666684914	9.796183537797903	9.08211386894929
15.76666666689571	11.263544363079873	12.036072381761482
17.05000000004666	12.818270461570053	12.765474943892752
19.00000000029113	14.241478944477969	14.578913060047732
20.78333333350029	15.909873839292795	15.477530750573543
23.35000000015143	17.644966953438622	18.183031756579634
25.58333333360506	19.395090652222436	21.04498123094811
27.38333333336059	21.100122597092316	26.353037769471765
29.65000000025621	22.81454865736092	27.863752013353338
30.98333333339551	24.650158806273183	30.901543926407715
33.25000000029113	26.265007243315257	31.992358441014996
34.69999999995353	28.18140678465662	31.722917056689695
36.51666666695392	30.881275550252226	29.65479523552954
41.73333333351193	33.714540754509855	31.402966743725386
43.93333333334895	35.59242442271642	31.998990087250334
45.75000000000009	37.714555091289995	35.23382321637073
47.16666666674437	38.41817433465504	40.61504141533298
61.01666666666288	48.71318540012562	75.61006107721516
64.366666666756	55.29000559077797	70.91119106931093
66.83333333360505	57.3144374592048	74.95454490993087
70.38333333330237	61.43093882692922	88.02373363944031
72.58333333348864	63.939167638390686	77.84338592696899
75.28333333355849	66.40700175363763	86.42128338802009
78.10000000015143	68.61931593003904	87.40473173619759
83.21666666690734	74.14963166527268	88.14615194601008
86.31666666688406	78.25486009451863	91.47027447421439
89.23333333345371	80.5911765941833	101.8869625357241
91.85000000009322	83.20555890965052	104.83589470942692
94.56666666688406	85.58039128244998	104.07236596861196
98.83333333348864	89.62173972698454	105.07861393598365
102.7000000001864	94.63725793836761	114.56559488559364
108.3000000002795	99.66310967668942	121.07702442678003
112.7500000002911	104.07834391409352	130.85864061876885
116.7666666669539	108.668308697914	124.82196323359712
120.6833333334654	112.70965714244859	122.72051807297277
124.5166666668957	116.21835924387507	132.3347830917777
127.8666666668142	120.3508306077773	133.49176732535003
131.7333333335119	122.94548528090722	127.21445386253637
134.866666666756	125.12116240725354	119.51061453300176
138.2666666666629	129.03944794006466	121.16553682299846
143.0333333335003	133.11367578849482	114.63624057751177
148.2333333335119	136.15642976614419	118.70088141268381
153.0333333334421	138.22501397694504	134.0903638887491
158.116666666756	142.27575653687825	129.09617794387424
161.8500000002096	144.38849309005323	125.02858330788392
167.0166666669539	148.16680630342333	135.18223880489663
171.2666666666629	152.51440290995646	135.61500698748472
175.5166666668957	156.95030420123786	141.77819248240567
180.616666666756	159.63890002835504	139.4385369270581
187.3500000002096	163.95643546561223	143.8422180918287
193.2833333335003	167.62107988265777	141.2668727212527
197.9833333334537	170.76622971815328	126.09692222433549
205.0000000002911	174.1772330194328	133.7078042045512
211.3166666669423	177.6474192477246	125.93460652563546
217.8833333333606	182.1368669967787	123.40580383985152
224.4499999999535	183.8400201185687	117.24017099769299
231.6666666667444	188.40368137927285	118.33218748257329
246.1499999999652	193.2097108172642	105.1997063839659
252.6000000002096	195.24447621262965	110.25325530622162
260.2666666668957	197.97440614750118	106.75860751152736
266.5666666666513	200.09935505069436	98.45452940914097
272.733333333512	202.33985157329195	98.16855756363645
280.8000000002795	204.6179245574846	100.30501393887288
287.900000000198	206.82366285310687	100.50210502646158
295.6999999999536	208.72221357519066	99.30665572773988
302.7833333335003	210.40939670080306	98.47135363306381
311.0333333335003	212.6592873387993	95.79856501916885
320.6500000002562	215.1449702733039	95.61606817792594
329.5333333335585	217.22482742258305	94.07753068104923
337.8333333335469	219.1872581293784	94.49294447144234
348.5166666669539	221.63066754458848	93.32040351092424
357.3666666668142	223.36482124719464	92.86881617319499
367.233333333512	225.34791900786672	91.59128455759914