1.022636428991518	3.5239687421798007	2.735087789254522
1.055969762433506	3.5239687421798007	0.14637558441119455
1.455969762514997	4.046038185465689	0.9873695002631856
1.539303095596097	4.046038185465689	0.7361804203748091
47.52263642899152	2.675605896840213	0.2960040597764884
48.62263642908465	2.675605896840213	0.2861321846165723
50.82263642909629	2.675605896840213	0.21344304290392763
52.02263642899152	2.7408645772509526	0.29611995583221057
53.23930309578236	2.7408645772509526	0.5674735898002454
55.05596976243351	2.7408645772509526	0.5211537956500065
56.90596976252664	2.7408645772509526	0.22571742902405081
58.63930309574744	2.8061232576616923	0.2819375218229714
60.1893030957358	2.8061232576616923	0.5550704504187731
61.58930309558446	2.8061232576616923	0.48691297846449705
63.23930309572415	2.8061232576616923	0.4694901354429467
64.93930309567759	2.8061232576616923	0.30123485940459593
66.53930309582893	2.871381938072432	0.249598850366493
68.22263642888674	2.871381938072432	0.5076860123926316
71.0559697623753	2.871381938072432	0.590753318976722
72.98930309572415	2.871381938072432	0.6387993782051067
75.38930309568923	2.9366406184831586	0.5702438028292443
77.22263642888674	2.9366406184831586	0.5712568928531838
79.3059697623753	3.0018992988938984	0.8940399703609533
81.77263642922435	3.0018992988938984	0.7689425117785642
84.9393030957358	3.0018992988938984	0.8201444037172321
87.77263642922435	3.067157979304637	0.5527568378676165
90.689303095794	3.132416659715376	0.7265252908214874
92.939303095794	3.132416659715376	0.8129511763828962
95.27263642922435	3.132416659715376	0.6256644560159538
97.72263642917778	3.132416659715376	0.840254678680984
100.0226364289915	3.197675340126116	0.7731922033186766
102.7393030957824	3.197675340126116	0.8302502109971109
106.389303095631	3.262934020536843	1.0114447577166796
109.8393030958755	3.328192700947582	0.7910292963817307
112.6059697624801	3.328192700947582	1.0731017807885797
119.5393030958871	3.393451381358321	0.7971875495040434
122.9226364288984	3.458710061769061	1.0426895264118758
125.8059697623753	3.458710061769061	1.1282153741182883
130.8893030956892	3.5239687421798007	1.0908528972862355
135.2559697624452	3.589227422590527	1.2227986748507018
138.9726364291778	3.589227422590527	1.0790807779871137
142.2226364291196	3.6544861030012665	1.1376020907402504
146.955969762515	3.719744783412006	0.857393332097442
150.3726364291429	3.719744783412006	1.1815790614709893
154.2893030958289	3.7850034638227443	1.1326027766418851
158.6893030956776	3.7850034638227443	1.093786135949514
162.6559697625266	3.8502621442334855	1.143858084768001
167.5226364289915	3.915520824644211	1.1440710361268414
172.6559697622938	3.980779505054951	1.4188702685645136
176.7226364291196	3.980779505054951	1.1626701992055235
181.2059697623986	4.046038185465689	1.3938136521878308
186.0059697623287	4.1112968658764295	1.1730493595793596
190.4893030957824	4.1112968658764295	1.4315554164956699
196.9226364291312	4.241814226697895	1.4048455888186824
201.7393030957824	4.241814226697895	1.4292328807250492
206.6059697624219	4.307072907108635	1.411420772746196
212.3893030957474	4.372331587519374	1.4223954250424646
218.0726364290963	4.437590267930113	1.681572485748971
223.1393030956892	4.437590267930113	1.6159063041448458
230.1726364288984	4.568107628751579	1.4017699727814417
236.7726364289333	4.633366309162319	1.5916971363526855
242.7726364289333	4.698624989573057	1.5788839077998862
248.8226364290963	4.698624989573057	1.3302978612840077
257.9226364288984	4.829142350394538	1.3352355733091057
264.4893030958406	4.829142350394538	1.3979221400047916
271.1559697622356	4.894401030805264	1.6380060712798683
278.7226364291196	4.959659711216003	1.4720543535275832
285.4893030958406	5.024918391626742	1.7571068518062332
292.6559697622938	5.0901770720374815	1.7508657213762657
299.9226364288984	5.155435752448223	1.7934332067026952
307.2226364291196	5.220694432858949	2.084131400060411
315.0393030955961	5.285953113269687	2.089628087138894
322.5726364292127	5.351211793680427	2.3995539151363543
330.5059697623869	5.481729154501904	2.704140329736192
338.6893030956776	5.546987834912632	3.0235303661240627
346.7226364291778	5.677505195734111	3.2951272449227327
355.0393030958871	5.8080225565555885	3.293753850515339
363.689303095794	5.938539917377056	3.5989105129425183
372.6559697625266	6.069057278198535	3.6040026262911735
381.705969762515	6.199574639020014	3.615336535900938
391.0726364289799	6.330091999841479	3.7927758766567905
400.1726364291312	6.460609360662946	3.8094553437822625
409.5226364292244	6.591126721484421	3.806451403456515
421.2393030958406	6.786902762716634	3.8257577914178755
431.205969762515	6.917420123538105	3.711420783452148
441.6226364290847	7.047937484359586	3.9781153028963603
452.0726364290963	7.178454845181066	3.504645746708511
464.7893030958289	7.308972206002532	3.8078541449404955
475.8559697624219	7.504748247234751	4.011670038797712
487.5726364292127	7.570006927645473	4.014971319466999
499.0059697624452	7.765782968877686	4.4092067988511525
512.2393030957824	7.9615590101099025	4.064072323958235
524.5726364289799	8.092076370931371	4.685676759215594
536.8059697623753	8.287852412163588	4.339651444780566
550.6393030957474	8.418369772985054	4.140120871083845
563.4059697622938	8.614145814217272	4.113321606483959
577.5726364292127	8.74466317503874	3.738383636698126
590.9226364288984	8.87518053586021	3.8097861678355605
605.889303095631	9.005697896681694	3.398171507497561
621.6559697625266	9.13621525750317	3.40839332924141
636.2393030957242	9.266732618324637	3.405379870014849
653.8559697625383	9.397249979146109	3.1311905463019616
669.8226364292127	9.52776733996758	3.1846404875776027
685.3226364290963	9.65828470078906	3.16591661608611
701.889303095631	9.72354338119979	3.2432698590814315
718.3393030958173	9.854060742021264	2.972673833392074
735.8559697624801	9.984578102842745	2.961574671015469
753.8059697624917	10.115095463664227	3.242160147869361
771.3726364291429	10.180354144074945	2.910247147827012
789.5893030958173	10.310871504896431	2.9187738003146526
809.1226364290847	10.44138886571791	2.6347430003147982
829.6726364291894	10.506647546128637	2.9196798313257033
849.5893030958173	10.637164906950112	2.912905363595002
870.2893030958871	10.702423587360842	2.6663948269844426
890.5059697624451	10.832940948182323	2.9860121736046135
911.8726364290847	10.963458309003798	2.9794957644540814
932.955969762515	11.028716989414523	3.285124641480596
954.7726364292243	11.159234350236003	2.9799066958459663
978.0226364292243	11.289751711057486	2.9946386987933487
1001.372636429026	11.420269071878968	3.267958361753384
1025.239303095782	11.485527752289686	3.2584805606499145
1049.155969762527	11.61604511311117	3.28005852396716
1074.655969762527	11.746562473932652	3.2506917761284293
1100.505969762445	11.877079834754113	3.2646157066442583
1126.172636429131	12.007597195575574	3.2686995788649336
1154.589303095876	12.138114556397056	3.58341585199262
1181.772636428933	12.203373236807801	3.6302790682934325
1209.289303095887	12.333890597629265	3.330362660574328
1238.072636429096	12.529666638861487	2.4253272950234996
1266.655969762527	12.660183999682944	1.829219340226162
1295.922636428898	12.725442680093703	0.394870125225868