0.009999999999990905	0.20841997098943307	0.17002257815800365
0.01999999999998181	0.3870603462269519	0.3454344447291598
0.02999999999997272	0.5479186788820888	0.46627166675821136
0.03999999999996362	0.6962423396593292	0.57331848927162
0.04999999999995453	0.8341554889223514	0.6712421547545615
0.05999999999994543	0.9644467466085904	0.7630166926628394
0.06999999999993634	1.0883559971597159	0.8472474926558367
0.07999999999992724	1.206493725571825	0.9247372167459145
0.08999999999991815	1.3195477808753513	0.9980633153453118
0.1009816608871006	1.43872712447785	1.0773257963792138
0.1133032870613988	1.567577796717269	1.1553793224122146
0.1271283790158577	1.70472287211276	1.2390317097674457
0.1426403873213076	1.8528270144571923	1.3291110454735005
0.1600451469032578	2.0107038195865403	1.4232080731780725
0.1795736083470274	2.18046285065743	1.5253212691826221
0.2014849024710657	2.3618379594691548	1.6287103570180834
0.2260697788358357	2.5553865696359304	1.7394439895620553
0.2536544638137457	2.7622390667639736	1.852401455123897
0.2846049894151292	2.9817736442207456	1.9708785397576805
0.3193320503100949	3.215878535098682	2.0953349341423095
0.358296453498042	3.4640371519688395	2.227088916227131
0.4020152329358098	3.7284399546904536	2.3671439177027986
0.4510685102645766	4.008800401872325	2.508974051059501
0.5061071926713794	4.305805638472798	2.658613466730311
0.567861610032196	4.620556327010415	2.8154660603495847
0.6371512059456563	4.953600690200955	2.9748554814005668
0.7148954112517458	5.304961430646675	3.145778072708933
0.8021258443202441	5.677253836098985	3.3253606238378235
0.8999999999998636	6.069837164367186	3.508596726632169
1.009816608871688	6.484171234676489	3.7006989190091346
1.13303287061467	6.920810737140951	3.8972031552619124
1.271283790160396	7.3801843657961665	4.101343107216479
1.426403873214895	7.863585045143512	4.315256159066734
1.600451469034852	8.371926770833687	4.533844806706744
1.795736083471866	8.905323879435564	4.766373580922601
2.014849024711339	9.466809815802153	5.002929377910693
2.260697788358357	10.054213806991019	5.2380248910341995
2.536544638137684	10.669296575387873	5.490765541781833
2.846049894151065	11.314262071612697	5.746450275128827
3.193320503101631	11.987483018335713	6.004769803680514
3.582964534980874	12.691073606784594	6.281083633624793
4.020152329358098	13.426910111096952	6.5558061395647504
4.510685102644857	14.192596700563929	6.832052745234152
5.06107192671243	14.99069504832626	7.120025454918465
5.678616100321051	15.821120584725184	7.406870259082905
6.371512059456563	16.683459731006117	7.7027765276280835
7.148954112517686	17.579918002425252	8.00280223144096
8.021258443202669	18.50891515951259	8.298718037977553
8.999999999998863	19.470728178222558	8.602577128827894
10.09816608871643	20.466472683950435	8.901280019968189
11.33032870614602	21.49339060407804	9.196049036444466
12.71283790160305	22.552803705779333	9.497342083549846
14.26403873214804	23.644262902406634	9.790452452496183
16.00451469034806	24.76567663160261	10.07828558995362
17.95736083471729	25.917163715424717	10.365726440385389
20.14849024711202	27.09764650443743	10.641399150786691
22.60697788358289	28.304582655620468	10.911944367033705
25.36544638137639	29.538268292510416	11.177825792549578
28.46049894151133	30.796160029657884	11.43131516603038
31.93320503101722	32.076692053923516	11.67904120546452
35.82964534980965	33.37866504630205	11.91491991222133
40.20152329358098	34.69903388826997	12.139283442546553
45.10685102644811	36.03651513493403	12.355400112622172
50.6107192671243	37.388643266622196	12.560983149488806
56.78616100320937	38.753466148914875	12.753378874046595
63.71512059456336	40.12780034366583	12.930659211947495
71.48954112517526	41.50912181205851	13.09808896425749
80.21258443202578	42.895226399747344	13.256135913242979
89.99999999998727	44.28353581563733	13.403964587606112
100.9816608871624	45.67151402065959	13.53822254559826
113.3032870614591	47.05576619440958	13.661621192079688
127.1283790160298	48.43417770593273	13.777769125377851
142.6403873214799	49.804393540308865	13.883632555315979
160.0451469034801	51.16324275909926	13.984179034602477
177.8451469034801	52.39574877191245	14.07062836355031
195.6451469034801	53.49920927671715	14.144754431812059
213.44514690348	54.49598388203842	14.21502823624022
231.24514690348	55.402845094707274	14.270687246195125
249.0451469034799	56.234403938577216	14.325381580263203
266.8451469034799	56.99850028371543	14.373791107241416
284.6451469034798	57.706837422474194	14.414122192256155
302.4451469034798	58.36419753500566	14.453410906253902
320.2451469034797	58.97763939170095	14.494937993050407
338.0451469034797	59.55153245341309	14.52748520807925
355.8451469034796	60.08985236737348	14.562679528418924
373.6451469034796	60.59723305622492	14.595503956765175
391.4451469034796	61.07554809099829	14.626468605746034
409.2451469034795	61.52812903048241	14.654905631156836
427.0451469034795	61.95712864189373	14.685669128024514
444.8451469034794	62.36481586557557	14.712034091815871
462.6451469034794	62.752428598600225	14.740280155029492
480.4451469034793	63.12129059274258	14.76850918497659
498.2451469034795	63.473978457884776	14.793009645904371
516.0451469034797	63.811644015240546	14.819516778207639
533.8451469034799	64.13332019629281	14.842673966764211
551.64514690348	64.44253131462366	14.872264409676752
569.4451469034802	64.73955128045166	14.895060215344042
587.2451469034804	65.02422927406353	14.922595365125177
605.0451469034806	65.29833410179114	14.948705871129489
622.8451469034808	65.56211464475658	14.971509854806477
640.645146903481	65.8160646258979	15.001370288785363
658.4451469034811	66.06232246382835	15.029252611067916
676.2451469034813	66.29821735862227	15.051385430641872
694.0451469034815	66.52761296225856	15.07995977089923
711.8451469034817	66.74818822226747	15.106789275595137
729.6451469034819	66.96275246019513	15.134686792496277
747.445146903482	67.17017515731595	15.166410398979986
765.2451469034822	67.37127643808735	15.194386615509714
783.0451469034824	67.56625917716731	15.225713237018706
818.6451469034828	67.93906451011534	15.279687746662423
854.2451469034831	68.29092239243995	15.34898034366251
889.8451469034835	68.62409685244303	15.408273879267234
925.4451469034839	68.94064083509384	15.473205205388275
961.0451469034842	69.24087289915437	15.545621329728954
996.6451469034846	69.52602541203575	15.617469177974922
1032.245146903485	69.7988917705525	15.698094908289924
1067.845146903485	70.06033878779483	15.778432823614866
1103.445146903486	70.30879758546179	15.855878780647608
1139.045146903486	70.54797156492222	15.942713506246259
1174.645146903486	70.77732925808091	16.035252298313264
1210.245146903487	70.99703035584902	16.12149273223486
1245.845146903487	71.20954895936161	16.22892567696568
1281.445146903488	71.4139486576385	16.328273498801046
1317.045146903488	71.61045716527987	16.441589383395847
1352.645146903488	71.8009661401101	16.542193340516256
1388.245146903489	71.98475774223965	16.65788474322326
1423.845146903489	72.16288348231858	16.786786045666187
1459.445146903489	72.33559861938	16.90591495403461
1495.04514690349	72.5025213764674	17.029742664129216
1530.64514690349	72.6645488469523	17.139784393882444
1566.24514690349	72.82236936536562	17.266803159459265
1619.645146903491	73.05080907875109	17.443605610024203
1673.045146903492	73.27065871186504	17.626359761065018
1726.445146903492	73.48138970478742	17.82433300820248
1779.845146903493	73.68469713835219	18.02954140770984
1833.245146903493	73.88174641488114	18.23240341700007
1886.645146903494	74.07159214256714	18.466274427743883
1940.045146903494	74.25618929611785	18.690453679404534