0.4422104827690419	32.36182186229187	18.890157141156244
0.9422104827690418	51.21101160874129	30.951857057875497
1.442210482769042	65.82910448478249	38.937189992475886
1.942210482769042	78.37066518774428	46.375219099441615
2.442210482769042	89.73523531661203	53.76050855945424
2.942210482769042	100.3693343157014	60.51856433965199
3.442210482769042	110.31197844713687	65.96104413835306
3.942210482769042	119.55449743044643	70.3064311868632
4.442210482769042	128.16625350940737	73.3040122606093
4.942210482769042	136.08655472071428	74.88236102601533
5.442210482769042	143.3544173264922	75.31435487412338
5.942210482769042	150.05220899122648	74.64529618862947
6.442210482769042	156.1083999010218	73.50859629393595
6.942210482769042	161.4904765041074	71.89210349900723
7.442210482769042	166.4347039433498	70.1800232189077
7.942210482769042	170.95192006933894	68.99597020507838
8.442210482769042	175.10931955573372	67.95408388207098
8.942210482769042	178.9762646463116	66.93308231077657
9.442210482769042	182.61127973425963	65.47255135760741
9.942210482769042	185.981851267807	63.30618184266382
10.44221048276904	189.04246027447525	60.8031077959915
10.94221048276904	191.89715011992996	57.93349585919508
11.44221048276904	194.32482865213123	55.953718141944336
11.94221048276904	196.61811783701432	54.273547147664274
12.44221048276904	198.7488392630447	52.79256072902148
12.94221048276904	200.8232038660061	52.35771477224051
13.44221048276904	202.78918996306558	51.923145357678514
13.94221048276904	204.67931110599397	51.853956083205155
14.44221048276904	206.502237575263	51.472376727538915
14.94221048276904	208.23629366969263	51.336663637261516
15.44221048276904	209.93133350199747	51.429002891098584
15.94221048276904	211.53967052958086	51.40134944848165
16.44221048276904	213.0938183042133	51.43369099261716
16.94221048276904	214.62629037766553	51.50473422284124
17.44221048276904	216.16309759135368	51.697095684895594
17.94221048276904	217.60669928996649	51.98272653020594
18.44221048276904	219.02862528739857	52.06724332356901
18.94221048276904	220.4050323123522	52.079879897749315
19.44221048276904	221.7944447580137	52.00618845442253
19.94221048276904	223.12966795072438	52.35356619730718
20.44221048276904	224.39119375942187	52.37019227696067
20.94221048276904	225.62670872670301	52.50122569795583
21.44221048276904	226.8557209836302	52.649991354489536
21.94221048276904	228.05872239914052	52.56929682361884
22.94221048276904	230.4257089680368	52.87443374585143
23.94221048276904	232.6821494609134	53.438003418564435
24.94221048276904	234.8497195789502	53.92391420733062
25.94221048276904	236.94575988309214	53.907358831970114
26.94221048276904	239.01362177569922	53.899927417342084
27.94221048276904	241.01862413488334	54.029594469551064
28.94221048276904	242.8783992961592	54.42330735367277
29.94221048276904	244.6796500642478	54.47986931632138
30.94221048276904	246.4527224208021	54.5199960494609
31.94221048276904	248.20195150605784	54.983065845463884
32.94221048276904	249.87965077741865	55.11236918085851
33.94221048276904	251.555182478661	55.26493911454656
34.94221048276904	253.18302763730682	55.063145036236634
35.94221048276904	254.75668354300163	54.943332663016555
36.94221048276904	256.2327987933848	54.856600446038456
37.94221048276904	257.68723834258765	54.74613842016545
38.94221048276904	259.0549750870689	54.31602491629236
39.94221048276904	260.4292145419046	53.848787940342035
40.94221048276904	261.751432313907	53.75115356326845
41.94221048276904	263.04547167437505	53.69088989301085
42.94221048276904	264.33084075437085	53.59683875505679
43.94221048276904	265.5425124503536	53.68766426029852
45.44221048276904	267.2852388252554	53.39981781815897
46.94221048276904	269.0127922093307	53.51623151440879
48.44221048276904	270.6883239105735	53.432379460183064
49.94221048276904	272.30533121862896	53.4505043299454
51.44221048276904	273.8443060024351	53.71642072904739
52.94221048276904	275.41145919777586	54.105072940238536
54.44221048276904	276.90274743898556	53.88600445598939
55.94221048276904	278.3333437168898	53.94639139232696
57.44221048276904	279.7531021442041	53.9190982174087
58.94221048276904	281.2075416934068	53.56653377253947
60.44221048276904	282.49941348375677	52.81009898032572
61.94221048276904	283.80429069481494	53.10639765649874
63.44221048276904	285.0788219242207	52.53411664470387
64.94221048276904	286.2818233397313	52.61392290229096
66.44221048276904	287.43063550229107	52.24428064490671
68.44221048276904	288.8092100973623	52.13154428672223
70.44221048276904	290.3741957225853	51.80608915429971
72.44221048276904	291.8546461132042	52.109277065509964
74.44221048276904	293.27006940028235	52.0491953385855
76.44221048276904	294.5792817515768	52.738526437554135
78.44221048276904	295.9448509259401	52.2582045369663
80.44221048276904	297.293079539359	52.35524868719911
82.44221048276904	298.51775665604976	51.67377059923901
84.44221048276904	299.7489364830949	51.109774258796804
86.44221048276904	300.9584406089594	50.972099653708895
88.44221048276904	302.10075006116506	50.18329316903919
90.94221048276904	303.58770316213867	48.93544941872193
93.44221048276904	304.8275532696553	48.96528202603367
95.94221048276904	306.04789524611044	48.29705551921678
98.44221048276904	307.21621553973216	47.928829585168735
100.942210482769	308.3368492907573	46.56680600421934
103.442210482769	309.4704884624908	45.85886968067881
105.942210482769	310.60196006410587	45.58207261520357
108.442210482769	311.67924241277035	45.026974944942154
111.442210482769	312.9711142031202	43.27821179803655
114.442210482769	314.1177587955617	40.464126387235346