0.4691758845165168	64.02395549497282	27.828250838426932
0.9691758845165168	81.24611994252884	19.600402914549466
1.469175884516517	88.43134114873314	15.22331243870409
1.969175884516517	92.48525972810914	12.371863628291047
2.469175884516517	95.04342214199124	11.080141669577127
2.969175884516517	97.05640240209523	10.230761279256246
3.469175884516517	98.73388595218186	9.670369276117306
3.969175884516517	99.86618734849029	9.315599341895489
4.469175884516517	100.9845097152147	8.765860394897501
4.969175884516517	101.92110469734645	8.883572025664868
5.469175884516517	102.75984647238975	7.375853570019798
5.969175884516517	103.24911250783174	8.8695081383788
6.469175884516517	104.22764457871553	8.331233988182497
6.969175884516517	104.17172846037937	3.1307696339317235
7.469175884516517	105.45779918211241	2.341667644687805
7.969175884516517	105.9330861879703	2.118384308719714
8.469175884516517	106.07287648381083	1.1014523704455976
8.969175884516517	104.26958166746772	4.9004216515058205
9.469175884516517	104.12979137162719	2.9492359883159254
9.969175884516517	104.95455411708643	2.332461609018896
10.46917588451652	105.34596694543994	1.6613539984498438
10.96917588451652	106.01696036547463	2.0789340661510254
11.46917588451652	106.50622640091652	16.85105753831262
11.96917588451652	106.84172311093386	14.2542601050973
12.46917588451652	107.00947146594251	12.852296919176853
12.96917588451652	106.82774408134979	13.747354632333474
13.46917588451652	105.06638635375887	14.586628885740671
13.96917588451652	111.20318034115914	14.69073987326865
14.46917588451652	111.00747392698237	14.669256822848508
14.96917588451652	110.75585139446935	18.768200388886477
15.46917588451652	110.68595624654911	20.51239643407112
15.96917588451652	111.23113840032717	22.687045318155945
16.46917588451652	111.98600599786623	27.6985711076627
16.96917588451652	112.44731397413997	13.526646094648248
17.4591758845163	112.82474777290953	14.123282360923522
17.9591758845163	113.39788798585576	15.279622047580215
18.45917588451448	115.17322474303081	19.735843153070203
18.9591758845163	115.78830204472919	23.022125119027496
19.4591758845163	116.29154710975517	23.391093830199356
19.95917588451448	116.50123255351608	24.856162486265177
20.4591758845163	116.82275023394932	25.250034678790016
20.9591758845163	117.17222597355071	24.83753335148077
21.45917588451448	117.27007918063904	24.317688243202685
21.9591758845163	117.49374365398393	24.932917237323103
22.95917588451448	119.50672391408781	21.72889366294673
23.9591758845163	121.07237522750201	20.432399103191106
24.9591758845163	122.8057748959249	20.98616341275961
25.95917588451448	123.50472637512769	19.83250671503226
26.9591758845163	124.06388755848991	20.61607081698898
27.9591758845163	124.52519553476374	16.4989737020814
28.95917588451448	124.87467127436503	14.09901621888934
29.9591758845163	125.18220992521432	1.231165587840063
34.95917588451448	126.71990317946043	0.017707076524473057
35.9591758845163	121.77132670670483	2.015593489788226
36.9591758845163	121.99499118004972	3.5518681107493117
37.95917588451448	122.40038303798727	2.9844108201975907
38.9591758845163	122.4842572154916	4.329562947245649
39.9591758845163	122.74985877758866	4.280732962516523
40.95917588451448	123.98001338098551	5.412197809248577
41.9591758845163	124.07786658807395	7.458402523965091
42.9591758845163	124.45530038684346	6.357470158435043
43.95917588451448	125.37791633939102	19.23728222170015
45.45917588451448	126.78979832738064	19.624542389111145
46.95917588451448	127.4887498065834	20.907482873226073
48.45917588451448	128.3274915816267	10.857180502144613
49.95917588451448	129.18021238625408	7.048224445446276
51.45917588451448	129.58560424419161	5.234749965938002
52.95917588451448	129.85120580628873	7.419945455973882
54.45917588451448	130.29853475297844	9.446213086416511
55.95917588451448	130.91361205467692	9.444393436931588
58.95917588451448	127.18121115573418	10.2564265920971
60.45917588451448	127.18121115573418	4.04433500276846
61.95917588451448	126.95754668238928	14.032551038564465
63.85917588451594	128.3274915816267	13.971198451137562
65.35917588451593	130.21466057547417	12.536583759683001
67.35917588451593	131.27706682386238	11.782968335492342
69.35917588451593	123.01546033968579	3.596952724815837
71.35917588451593	132.73088590060408	14.190341992401567
73.35917588451593	131.1232974984377	12.22200902618727
75.35917588451593	136.49124485871494	13.192610145243405
77.35917588451593	136.253601355786	13.951830580442085
79.35917588451593	136.12779008952947	13.898496627514008
81.35917588451593	136.09983203036143	13.76701195338176
83.35917588451593	132.73088590060408	34.50427353795423
85.35917588451593	133.40187932063878	12.327028638577575
87.35917588451593	132.53517948642727	16.84696647143073
89.85917588451593	133.6535018531517	5.022201293606004
92.35917588451593	134.8137613086283	7.192533628450012
94.85917588451593	136.54716097705113	8.542785820700804
97.35917588451593	137.274070515422	9.590104751482029
99.85917588451593	137.65150431419158	18.427539751841607
102.3591758845159	138.05689617212911	17.781490500308344
104.8591758845159	138.44830900048268	20.57112523140888
107.3591758845159	138.82574279925208	19.29371480106943
109.8591758845159	139.2171556276057	17.7599283824585
112.8591758845159	139.66448457429541	14.63152486309094
115.8591758845159	140.09783449140116	13.886202764800508
118.8591758845159	140.531184408507	14.057877901719895
121.8591758845159	140.97851335519664	14.129925386178979
124.8591758845159	141.38390521313437	14.23318735245666
127.8591758845159	141.80327610065598	14.30479814333519
130.8591758845159	142.2086679585936	14.334230996853707
134.3591758845159	142.6839549644515	14.439560611767218
137.8591758845159	143.11730488155715	14.557310731628561
141.3591758845159	143.57861285783102	14.674881904179118
144.8591758845159	144.02594180452078	14.725168844588639
148.3591758845159	144.4732707512105	14.840105732659126
151.8591758845159	144.89264163873224	14.954294314081855
155.8591758845159	145.36792864459008	15.087365866293885
159.6791758845156	145.82923662086378	15.140267007651424
163.6791758845156	146.3045236267217	15.327612615085938
167.6791758845156	146.77981063257968	15.41469509138499
171.6791758845156	147.24111860885347	15.541379189884436
175.6791758845156	147.68844755554318	15.667061606236166
180.1791758845156	148.20567165015316	15.7618044041516
184.6791758845156	148.70891671517927	16.07891742720683
189.1791758845156	149.1842037210371	12.66926775516174
193.6791758845156	149.67346975647908	16.263832678871353
198.1791758845156	150.14875676233686	16.30732595591476
203.1791758845156	150.67995988653107	16.06127515013684
208.1791758845156	151.2111630107252	16.32787955179226
213.2591758845174	151.70042904616705	16.619699071628116
218.2591758845174	152.27356925911332	16.77473114648399
224.7591758845174	151.32299524739756	17.126091636759796
230.2591758845174	153.43382871458994	21.293268445730497
235.7591758845174	153.93707377961593	22.400187206304025
241.2591758845174	154.2865495192172	17.34462857481309
247.2591758845174	154.90162682091574	17.407244370636658
253.2591758845174	155.5446621817822	17.53208980528864
259.2591758845174	156.10382336514436	17.56064453528231
265.2591758845174	156.64900551892265	21.240841054598075
275.7591758845174	159.62653882032635	18.685311914508762
282.2591758845174	158.11680362524845	18.484917116500387
289.2591758845174	158.7039228677787	18.483022052802504
296.2591758845174	159.277063080725	18.378282232952564
303.2591758845174	159.8781613528393	18.4650219121757
310.4591758845163	160.45130156578568	18.55426168672688
317.9591758845163	161.0663788674841	18.648878812397086
325.4591758845163	161.66747713959836	22.590785814468163
333.4591758845145	162.25459638212865	16.269897720784208
341.4591758845163	162.86967368382724	15.941596591854907
349.4591758845163	163.47077195594144	15.484912721408342
357.6191758845143	164.07187022805593	14.733522617516433
366.1191758845162	164.68694752975435	19.388189237508552
374.8791758845164	165.3020248314527	19.44995741604998
383.8791758845164	169.74735623918224	19.922693399177344
423.159175884517	166.4762633165134	20.171241434701848
433.1591758845152	169.2301321445722	20.03792521519643
443.159175884517	169.85918847585467	20.126355236995032
453.7891758845162	170.51620286630543	11.99518887717449
464.2891758845162	171.15923822717187	13.554835510774716
475.4291758845156	171.8302316472066	9.858500928151521
486.4291758845156	172.47326700807315	15.437108502849831
497.8391758845173	173.10232333935562	26.092759427930417
509.3391758845155	173.7593377298062	21.332173556181786
521.3391758845155	174.41635212025676	19.895207056803528
533.8391758845173	175.1013245698754	22.029141450027137
546.5791758845171	175.8002760490783	20.176847537911417
559.5791758845171	174.52818435692922	19.717288135104532
572.5791758845171	177.0583887116431	23.00477635446022
586.0791758845171	178.1906901079517	22.015278933175658
599.9191758845172	178.83372546881816	22.501292198725903
613.9191758845172	178.81974643923414	22.075807314847125
628.4191758845172	180.44131387098454	20.974498515995435
643.1991758845161	180.2595864863918	21.18034543943002
658.1991758845161	180.70691543308158	25.471666862941525
673.6191758845162	182.84570695944203	17.815998394489878
689.2791758845142	183.02743434403467	17.58268213664046
705.279175884516	183.90811320783018	12.842288478021294
721.689175884514	184.3554421545199	8.42878082029117
738.5791758845171	184.5511485686967	15.321889180251897