0.03333333344198763	0.27357369583829044	0.09976423151772085
0.06666666688397527	0.43630840015427613	0.3698082560591984
0.1000000001513399	0.6182637388382926	0.5875533021104316
0.1333333335933276	0.815595585016732	0.8414239526249172
0.1666666668606922	1.0302260021263991	0.9219197309195223
0.1999999999534339	1.1923200186301188	0.9772650577023493
0.2333333333954215	1.3544140351338387	1.1567667333777079
0.2666666668374091	1.5209928663234316	1.3479857557184107
0.3000000002793968	1.6901344487620944	1.290375763173189
0.466666666790843	2.018166608643141	0.8347386317989003
0.6333333333022892	2.292380992293698	0.9257732435655018
0.8000000001629815	2.5134182875260414	1.0619950725799128
0.9666666668490507	2.7318928315093216	1.1543808187352558
1.466666666907258	3.211768002897798	1.5608473702254544
1.966666666790843	3.7531492042639742	1.7374948879336578
2.466666666849051	4.126670198816026	1.8498856931136607
2.966666666907258	4.496987754306735	2.036654096220192
3.466666666790843	4.816690972628301	2.461289843124736
3.966666666849051	5.194056094053954	2.735581351958161
4.466666666907258	5.509915185501913	2.8289110739734102
4.966666666790843	5.823852213513068	3.162870732634803
5.466666666849051	6.2005766471264545	3.2560099489444325
5.966666666907258	6.461977274531667	3.2478551796562543
6.466666666790843	6.720174462875529	3.216176920030053
6.966666666849051	6.930320065299329	3.7785079861788615
7.466666666907258	7.193002068329071	4.046177074906143
7.966666666790843	7.519112164773308	4.190068050065296
8.46666666684905	7.778590728741713	4.4299932580024235
8.966666666907258	7.987454955540975	4.5312364029529215
9.466666666790843	8.243730080448035	4.55612081202626
9.96666666684905	8.51345964941273	5.082365968585827
10.46666666690726	8.772297525568865	5.133523144774607
10.96666666679084	8.976676937682251	5.1948850954259305
11.96666666690726	9.455270733446195	5.463455783231484
12.96666666684905	9.86979574798337	5.686694752731384
13.96666666679084	10.345826792498244	6.134205673864676
14.96666666690726	10.712300221115353	6.466622960584844
15.96666666684905	11.19153470469157	6.17761686331181
16.96666666679084	11.568899826117217	6.858613045274566
17.96666666690726	11.887321668814243	6.918150527751952
18.96666666684905	12.315301127409047	6.943371225453138
19.96666666679084	12.692666248834707	7.275731901995289
20.96666666690726	12.95406687623991	7.253243448419597
21.96666666684905	13.344245753910913	6.718890784796146
22.96666666679084	13.605646381316122	6.413050308334644
23.96666666690726	13.931756477760375	7.134900969275414
24.96666666684905	14.142542767996428	6.694319171639762
25.96666666679084	14.352688370420223	6.978831236586581
28.96666666679084	15.170846706686032	7.434679136355224
31.96666666679084	15.809612455516895	7.000707221243343
34.96666666679084	16.46247333621764	6.702289802463959
37.96666666679084	16.953880888226948	6.727124508419971
40.96666666679084	17.445929128048512	6.403646021753631
43.96666666679084	17.89248853319907	6.446055001535799
46.96666666679084	18.28843360118049	6.538735306173642
49.96666666679084	18.666439410418405	6.797153035434441
52.96666666679084	19.056618288089417	6.603905391461501
55.96666666679084	19.451922668258568	6.451128235252759
58.96666666679084	19.727418427533667	6.026381033698871
61.96666666679084	19.99650730868608	5.933378959691314
64.96666666679084	20.220107355167496	5.397168938410707
67.96666666679084	20.446270152897988	4.925775926505051
70.96666666679084	20.719203160924007	4.651289800230309
73.96666666679084	20.878734426178642	4.6109842896923245
76.96666666679084	20.981244476141477	4.631207147806108
79.96666666679084	21.144619868269743	3.93227629833344
82.96666666679084	21.30222907008759	4.3011361619362525
85.96666666679084	21.46560446221584	4.5839617940070445
88.96666666679084	21.5693958878032	4.500534469825494
91.96666666679084	21.677672128076424	4.478627169595831
94.96666666679084	21.895505984247432	4.561356911812295
97.96666666679084	22.006344975769743	4.515118520402817
100.9666666667908	22.111417776981646	4.325016844869743
103.9666666667908	22.22225676850395	4.772858628313646
106.9666666667908	22.379225282509523	4.635246655492665
109.9666666667908	22.49006427403182	4.512755670629315
112.9666666667908	22.528505542767892	4.367573579831434
115.9666666667908	22.68803680802253	4.7209468494212405
118.9666666667908	22.80400130204299	4.827795139331088
121.9666666667908	22.96161050386083	4.666611096948127
124.9666666667908	23.008380714156374	4.637174599664587
127.9666666667908	23.060917114762326	5.026409666604515
130.9666666667908	23.223651819078302	4.918675295894785
136.9666666667908	23.429953294628486	4.593090525446296
142.9666666667908	23.590125247695408	4.858020863098424
148.9666666667908	23.795145347621062	4.802211176941934
154.9666666667908	23.94634767131623	4.842515573696232
160.9666666667908	24.103316185321816	4.829800955815224
166.9666666667908	24.26284745057647	4.550650427827339
172.9666666667908	24.4166125255207	5.006083264528876
178.9666666667908	24.576143790775358	4.888473017854287
184.9666666667908	24.679294528550436	4.899624218399873
190.9666666667908	24.778601139451926	4.871496738183029
196.9666666667908	25.004123249370146	4.79473266917313
202.9666666667908	25.094460230899884	4.737236576517167
208.9666666667908	25.20337715898538	4.877941709722633
214.9666666667908	25.30844996019729	5.031458115717641
220.9666666667908	25.471184664513277	4.242367904067855
226.9666666667908	25.52243968949469	5.142957363795962
232.9666666667908	25.637763495702863	4.617380472758863