0.01666666637174785	40804.176890275725	13980.968663959533
0.04166666662786156	56095.43907652081	19203.132682946092
0.07499999972060323	68519.58960284473	20356.16079567435
0.09999999997671694	74404.71353636621	17653.60292617636
0.1333333330694586	78881.43174220796	26193.506574481038
0.1499999999650754	82603.64687964921	23670.21341631581
0.1666666665114462	84489.90455064995	19904.65656189268
0.1999999997788109	89092.37326789119	24295.33311639451
0.2333333332207985	92990.6391212924	19444.854932271755
0.2499999997671694	94222.99413301297	15221.68111268252
0.2749999996740371	95455.34914473316	18987.445894205717
0.2916666665696539	97593.107838534	22871.424359515288
0.3083333331160247	98724.8624411345	25230.50952193736
0.3250000000116415	100384.76919161457	21604.990007546316
0.3583333332790062	102371.62727173556	19557.608461682205
0.3833333331858739	103905.78351081586	22095.607029126073
0.3999999999068677	104735.7368860563	23374.17642535812
0.4166666666278616	106420.79373881692	25404.618622230766
0.4416666665347293	107552.54834141742	26991.40789198813
0.4749999999767169	110067.55856941798	22018.433943495427
0.4916666665230878	110771.76143325839	24184.03303535497
0.5166666666045785	111299.91358113864	23146.97736825696
0.5333333333255723	112431.66818373867	21548.184289868022
0.5499999998719431	113286.77166125907	21924.832524676323
0.566666666418314	113714.32340001909	25236.846331917903
0.5999999996856786	115600.58107101965	25458.274257644644
0.6249999997671694	116606.58516222009	26933.00890359918
0.6416666666627862	117788.63996938043	26715.895120384146
0.658333333209157	118302.01445908469	24570.439517402272
0.6833333331160247	119332.41032097489	25166.654794987186
0.7166666663833894	120759.11228359236	23608.31329502532
0.7416666664648801	121287.52041789515	25020.866622409652
0.7833333332673647	123084.10807452425	25452.940192782844
0.8083333331742324	123823.87946254828	27046.95470253428
0.8583333331625909	125963.93240647431	27325.368794662434
0.8833333330694586	126888.64664150395	27412.457099851472
0.9249999998719431	128209.66697726028	27544.471704108713
0.9583333333139308	129345.74446601176	25642.88067254054
0.9833333332207985	129821.31178688387	25759.56350096713
1.024999999674037	131380.1157830769	25932.12021118655
1.066666666476522	132384.09123825177	26060.16136028522
1.099999999918509	133440.90750685762	27464.87794567312
1.141666666371748	134524.14418217816	25517.861541160724
1.199999999720603	136215.05021194668	26064.36629043147
1.241666666523088	137192.6052604067	27716.47687558659
1.283333333325572	138117.31949543618	27206.502724444435
1.324999999778811	139121.2949506113	26793.88230056419
1.358333333220799	140257.37243936237	27946.41024221434
1.408333333209157	141234.92748782234	26904.49846309665
1.441666666476522	142001.1192825615	27771.904675108173
1.5	143480.66205860878	25856.195129879485
1.549999999813736	144194.01303991769	25853.263281490617
1.608333333162591	145541.4537823896	26262.127561458434
1.649999999965075	146334.0659838435	25055.208960022675
1.699999999778811	147126.67818529758	26764.661461389413
1.749999999767169	148209.91486061842	26271.62796426457
1.791666666569654	148896.84543521155	26044.325349470542
1.841666666383389	149768.71885681132	25962.67782996272
1.908333333267365	151063.31878585264	27298.96823768218
1.983333333162591	152278.6574947491	26536.38656171308
2.033333333325572	153018.42888277298	27860.690343852926
2.091666666674428	154260.1879983843	27899.779896477692
2.166666666569654	155184.90223341412	28085.193542183042
2.224999999918509	156320.9797221649	28314.143659602814
2.308333333174232	157721.26127806684	26317.178825522107
2.374999999883585	158672.39591981188	27901.680147791743
2.43333333323244	159438.5877145508	26912.69548204408
2.491666666581295	160284.04072943496	26983.007694486118
2.549999999930151	160865.2896771682	26745.122483525392
2.625	161948.52635248879	27248.93336163372
2.691666666534729	162846.8201808033	28037.673373884747
2.766666666604579	163850.79563597834	27541.774130030746
2.833333333313931	164749.08946429277	28115.406710627205
2.916666666569654	165911.5873597591	28464.57423074618
3.008333333185874	166757.04037464352	27214.159479016183
3.0833333330811	167813.85664324873	27205.424683178313
3.166666666511446	168870.6729118543	26323.69219835769
3.241666666581295	169451.92185958696	26871.545024954325
3.325000000011642	170429.47690804696	27784.143772587115
3.416666666627862	171407.03195650715	25434.388961685272
3.516666666604579	172463.84822511242	27453.851691659973
3.608333333220799	173441.40327357233	27655.126071719515
3.708333333022893	174207.59506831176	26846.350248027222
3.808333333174232	175343.67255706256	27347.56566789559
3.899999999965075	176321.2276055222	26794.443048992765
4.008333333302289	177140.2602136915	27333.324529853948
4.125	178329.17851587277	27070.315805383285
4.249999999883585	179333.15397104784	26418.300314468113
4.366666666581295	180231.44779936245	27894.80109671959
4.474999999918509	181261.84366125255	26956.390473057592
4.5833333330811	182107.29667613714	27520.588680473786
4.691666666418314	182979.17009773682	27303.26034299159
4.808333333116025	184115.24758648753	26920.753004658014
4.949999999720603	185092.80263494738	27311.925354075927
5.091666666674428	186096.77809012262	27623.012094604725
5.216666666383389	186915.81069829193	25879.77180696562
5.349999999976717	187946.20656018166	27098.64138130989
5.483333333220799	188950.1820153574	26929.980980301894
5.625	189742.79421681134	28249.256501656335
5.758333333069459	190799.61048541675	28598.739095562356
5.891666666662786	191592.2226868707	27384.256902253703
6.033333333267365	192728.30017562173	27363.780139310686
6.233333333220799	194102.16132480875	27627.465497640107
6.383333333185874	194841.93271283244	27783.3161095607
6.533333333325572	195740.22654114704	27459.645550634377
6.708333333022893	196797.04280975228	26283.456911638412
6.866666666523088	197642.49582463643	27877.09820581803
7.041666666569654	198752.15290667233	26922.349372887205
7.2083333330811	199544.76510812668	27250.92968888321
7.399999999674037	200733.68341030768	28128.275080556996
7.574999999720603	201447.03439161606	27949.362677130553
7.766666666662786	202530.27106693652	28595.65488354692
7.9583333330811	203613.5077422573	27431.450794368153
8.149999999674037	204643.9036041477	28559.85771761785
8.34166666661622	205568.61783917726	28639.640787456334
8.566666666476522	206546.17288763722	28503.237639031307
8.766666666604578	207497.3075293822	27254.057933876906
8.983333333279006	208580.54420470286	28080.765653950944
9.191666666418314	209584.51965987805	28011.410483593143
9.408333333267365	210350.71145461695	28220.228379351756
9.641666666662786	211511.62281500536	27579.081330722292
9.874999999883585	212369.50226025528	28009.207239207135
10.13333333318587	213504.11701042467	28950.268886444534
10.38333333330229	214445.01704715003	27177.833453707448
10.63333333306946	215607.30532781174	28034.18074921495
10.89166666637175	216603.5524255216	28422.349101914762
11.15833333320916	217378.4112792962	28337.816213112477
11.41666666651145	218402.33190749737	28321.640367835767
11.6999999997206	219564.62018815888	28423.315355371036
11.98333333327901	220477.8466943927	28889.349227631308
12.27499999967404	221667.80850554633	28907.572671823335
12.56666666641831	222664.05560325595	29443.171960332653
12.85833333316259	223494.26151801387	29279.691073043057
13.16666666662786	224573.52920719943	28869.988488070223
13.5	225874.18514032065	29704.287065355787
13.82500000001164	226759.7381160627	29729.638054401228
14.14999999967404	227839.00580524822	30798.625472161882
14.49999999976717	229056.64114689358	29574.64168340759
14.84999999968568	229942.19412263538	29510.863490324286
15.19999999977881	231242.85005575616	29983.63294326585
15.55833333323244	232211.42362297437	29469.191972278717
15.92499999987194	233069.30306822417	30211.190078077907
16.30833333323244	234286.93840986944	29260.060713594674
16.69999999977881	235366.20609905478	30087.77529827642
17.09166666667443	236390.12672725646	30802.99007887818
17.51666666666279	237552.41500791773	30776.716936481233
17.93333333311603	238714.70328857927	30243.48392265712
18.35833333327901	239738.62391678084	30904.623825552804
18.79999999981374	240956.25925842652	30570.75393979817
19.24999999988359	241924.83282564432	30440.202453454807
19.70833333331393	243114.79463679748	30794.359057985916
20.16666666656965	244138.71526499902	30852.443290991014
20.63333333318587	245245.65648467612	31100.831441183534
21.13333333306946	246380.27123484632	31173.172668910738
21.63333333330229	247597.90657649163	31555.860889768697
22.14999999990687	248621.827204693	31899.135107679067
22.66666666651145	249811.78901584566	32235.770376683315
23.19166666647652	250918.73023552404	32618.67986982669
23.75833333306946	252164.03910766036	33065.11419514748
24.30833333311603	253326.32738832186	32806.96303483658
24.89166666660458	254654.6568519346	33364.52055750286
25.46666666638339	255733.92454112045	32435.838897142094
26.05833333323244	256868.53929128964	32333.146461472374
26.66666666662786	258113.84816342662	30970.512284425142
27.29166666656965	259110.09526113686	32076.072880836517
27.94999999977881	260300.05707229054	32236.171950907137
28.61666666652309	261323.97770049167	32040.28882705065
29.29166666662786	262679.98069459683	33644.01512262946
30.0	263897.61603624193	33370.45332010778
30.70833333302289	265115.251377887	33492.73714519038
31.41666666656965	266443.5808415002	30676.418484087473
32.14166666666279	267522.8485306862	30378.11395668395
32.88333333330229	268546.7691588873	30376.398966844037
33.64999999967404	269293.95448216965	29879.824160880435
34.44166666647652	270400.8957018474	29721.779724119075
35.25833333318587	271618.53104349214	29656.08941891936
36.0749999997206	272863.8399156299	31291.609456642727
36.91666666651145	273915.4340743234	30961.46362647146
37.78333333320916	274939.35470252443	31161.73850623873
38.66666666662786	276046.29592220235	30870.39294561212
39.56666666641831	277070.2165504042	31173.71125126576
40.49166666646488	278315.5254225412	31796.90252958621
41.45833333331393	279533.16076418664	31832.628535582222
42.41666666662786	280640.1019838638	32439.92589586975
43.41666666656965	281802.3902645253	32513.420806951606
44.42499999987194	282909.33148420235	32779.98516058314
45.46666666661622	284071.619764864	34623.241190755645
46.51666666637175	285316.92863700114	34889.33661013241
47.59999999991851	286562.2375091386	36836.75866594383
48.70000000001164	288056.6081557033	37553.92643916302
49.84166666638339	289274.24349734845	35861.58513124177
51.0	290796.2876744049	36263.7254005553
52.18333333317423	292096.94360752613	35057.52832374464
53.39166666660458	292982.4965832678	32995.30161904152
54.63333333330229	294310.8260468808	31797.74250734757
55.90833333326737	295556.1349190178	31648.52234951759
57.22499999968568	296330.993772792	31516.85151031396
58.56666666653473	297603.97617542144	30762.73134197172
59.93333333311603	298876.9585780505	30091.17293129039
61.32499999977881	299734.83802330017	32158.193161482934
62.74999999988359	300897.126303962	31973.458865755438
64.22499999997672	302004.067523639	32710.26731101454
65.7083333330811	303194.0293347927	34823.912961058864
67.23333333316259	304411.66467643745	35889.67296061679
68.79166666651145	305823.0147315264	38178.75279846665
70.38333333330229	307123.67066464724	41385.87983544704
72.03333333326736	308519.03562265943	40178.68095855877
73.72499999968568	310108.9653099963	39381.12992309429
75.44166666653473	311987.973122304	39077.41716036743
77.20000000001164	312941.930934706	37137.315074272316
78.99999999976717	314184.96687207825	34481.950098733105
80.83333333331393	315428.002809451	31650.684569845216
82.69999999977881	316381.96062185353	34708.00193905266
84.63333333330229	317393.7340592495	36048.44496878218
86.608333333279	318665.6778091191	36018.02791776568
88.62499999988358	320255.6074964557	38222.85265541166
90.67499999993015	321758.81374630204	40649.76249227609
92.76666666660458	322972.94187117723	43430.06834455869
94.91666666662786	324389.4246835322	40909.03518251067
97.11666666646488	325892.630933378	40337.688639805776
99.358333333279	327713.8231206907	40078.25747159812
101.6499999999069	328754.5043705844	38078.87253133751
104.0249999999651	330142.07937044225	37384.27092065057
106.433333333116	331298.3918703238	36339.88932755143
108.8916666666046	332281.25749522296	37660.971792437595
111.4333333331742	333639.92468258314	38667.99243579457
114.0083333331859	335229.8543699204	41543.47805353789
116.6416666663718	336530.70593228744	44276.90540037313
119.3333333330811	338091.7278071267	43707.58451342181
122.0916666666744	339826.1965569483	41350.52568818914
124.9166666666279	341358.3106192924	40131.66523597763
127.7999999999302	342572.4387441674	37789.846913498186
130.7583333333023	343670.9356190547	38632.34558948178
133.774999999674	344711.6168689483	38447.301212876926
136.8666666664649	345781.2059313383	41996.87151540236
140.0249999999651	347660.21374364494	44440.99767885711
143.2666666663718	349134.5121809943	41022.4063504716
146.5750000000116	351042.42780579854	42530.15066630187
149.983333333279	352632.35749313567	41409.36756438392
153.4666666666162	352979.25124310044	40625.53153686268
157.0166666666628	354337.918430461	38366.66222604811
160.6666666665115	355985.66374279204	38699.75782783007
164.3833333330695	357228.6996801646	38687.330735738506
168.1749999998719	358789.7215550044	43029.33968226545
172.058333333116	360379.6512423413	43355.08253403112
176.0583333332324	361998.48874217493	43616.10720940718
180.1333333330695	362865.72311708616	46230.48042440516
184.2916666665115	364340.0215544353	42316.862239577626
188.5499999999302	365756.5043667894	41882.45733442389
192.9083333333256	367433.1574916181	40455.653943860685
197.3749999998836	369312.16530392505	43086.103134511184
201.9416666664183	369832.5059288722	43648.75720402829
206.6166666664649	371277.89655372396	45474.72771222877
211.3916666666628	372492.024678599	41336.99457524708
216.2916666665697	374024.1387409419	39678.738220461695
221.2833333332674	375585.1606157817	40498.68664173308
226.4166666665697	377435.2606155917	24247.25224509304
231.6416666666628	378013.416865533	49356.46048130897