0.9997222220990807	0.9748336896158233	0.25893104860648886
1.999444444372784	1.2997782528210977	0.6787047166509064
2.999166666646488	1.6247228160263723	0.7283378715520464
3.998888888745569	1.6247228160263723	0.6787577435458488
4.998611110844649	1.9496673792316463	0.25263158270158664
5.998333333292976	1.9496673792316463	0.8015775026997117
6.998055555392057	1.9496673792316463	0.4423885354179028
7.99777777766576	2.2746119424369207	0.2792808292769703
8.997499999939464	2.2746119424369207	0.8448161830366006
9.997222222038545	2.2746119424369207	0.9395194219121646
10.99694444413763	2.2746119424369207	0.5310312660262212
11.99666666658595	2.2746119424369207	0.5021288392648575
12.99638888885966	2.599556505642195	0.41498456994895505
13.99611111095874	2.599556505642195	0.45962821435944357
14.99583333323244	2.599556505642195	1.0089205142256272
15.99555555533152	2.599556505642195	0.9505917911313708
16.99527777777985	2.599556505642195	1.0096223999838665
17.99499999987893	2.599556505642195	0.49270037782888926
18.99472222215263	2.599556505642195	0.5115569450199775
19.99444444442634	2.599556505642195	0.9949190766898243
20.99416666652542	2.9245010688474697	0.9874504938426296
21.9938888886245	2.9245010688474697	1.0350845749875544
22.99361111107282	2.9245010688474697	1.03237552240327
23.9933333331719	2.9245010688474697	0.983823905481623
24.99305555544561	2.9245010688474697	1.0251000858898884
25.99277777771931	2.9245010688474697	1.0186342838527491
26.99249999981839	2.9245010688474697	0.981986658556781
27.99222222191747	3.249445632052745	0.9195838862190067
28.9919444443658	3.249445632052745	0.5027949518559097
29.9916666666395	3.249445632052745	1.0452364738314879
30.99138888873858	3.249445632052745	1.013788243501337
31.99111111101229	3.249445632052745	1.0038257221896092
32.99083333311137	3.249445632052745	1.0011608669330228
33.9905555555597	3.249445632052745	1.0674623912883336
34.99027777765878	3.249445632052745	0.9997386317907914
35.98999999993248	3.249445632052745	0.9953756477294575
36.98972222220618	3.249445632052745	1.0574480134856936
37.98944444430526	3.249445632052745	0.5122168432377686
38.98916666640434	3.249445632052745	0.5049629054216834
39.98888888885267	3.249445632052745	0.9462160932677657
40.98861111095175	3.5743901952580175	1.043090606384979
41.98833333322546	3.5743901952580175	1.0412236049023789
42.98805555549916	3.5743901952580175	0.9861714578994217
43.98777777759824	3.5743901952580175	1.0362435768034146
45.98722222214565	3.5743901952580175	1.033575845582374
47.98666666651843	3.5743901952580175	1.0268380976416243
49.98611111089122	3.5743901952580175	1.0705440069210557
51.98555555543862	3.5743901952580175	1.0200587737667206
53.98499999998603	3.5743901952580175	1.543661074272133
55.98444444418419	3.899334758463293	1.0560878374241978
57.9838888887316	3.899334758463293	1.011433462531763
59.98333333327901	3.899334758463293	1.0470400802722173
61.98277777747717	3.899334758463293	1.015679823961957
63.9822222221992	3.899334758463293	1.0057530747008514
65.98166666657198	3.899334758463293	1.019432467132063
67.98111111111939	3.899334758463293	1.0344251201537153
69.98055555549217	3.899334758463293	0.9847621355194307
71.97999999986496	3.899334758463293	1.4925858128173277
73.97944444441237	4.224279321668569	1.5407838438046155
75.97888888878515	4.224279321668569	1.070833880225944
77.97833333315793	4.224279321668569	1.0259269821179215
79.97777777770534	4.224279321668569	1.0354216633160853
81.97722222207813	4.224279321668569	1.0459533577628397
83.97666666645091	4.224279321668569	1.0574400234442836
85.97611111099832	4.224279321668569	1.0153700594055404
87.97555555554572	4.224279321668569	1.5393825756783142
90.97472222219221	4.224279321668569	1.5756395806420445
93.9738888888387	4.224279321668569	1.0084019672171864
96.97277777746785	4.224279321668569	1.5465085226080386
99.97194444428897	4.54922388487384	1.5029151946395896
102.9711111111101	4.54922388487384	1.0586532365801897
105.9702777777566	4.54922388487384	1.055213997835318
108.9694444444031	4.54922388487384	1.57419428545178
111.9686111110495	4.54922388487384	1.5753437400918195
114.967777777696	4.54922388487384	1.5765781928740286
117.9669444443425	4.54922388487384	1.577881834005229
120.966111110989	4.874168448079117	1.548086637013834
123.9652777776355	4.874168448079117	1.5860867851935474
126.964444444282	4.54922388487384	1.5753448581896206
129.9636111109285	4.54922388487384	1.583556484659953
132.9627777777496	4.874168448079117	1.5578049919826482
136.9616666666698	4.874168448079117	1.0481927383113072
140.9605555554153	4.874168448079117	1.0540434636147484
144.9594444443355	4.874168448079117	1.6035923794284808
148.9583333332557	5.199113011284391	1.5809607768564726
152.9572222220013	5.199113011284391	1.5664543792305434
156.9561111110961	5.199113011284391	1.5714395394467593
160.9549999998417	5.199113011284391	1.5731231617065704
164.9538888885872	5.199113011284391	1.0328281197162965
168.9527777776821	5.199113011284391	1.5179086925861056
172.9516666666023	5.199113011284391	2.1403057936836123
176.9505555555224	5.199113011284391	2.134650197215126
181.9491666663671	5.199113011284391	2.165769149778483
186.947777777561	5.199113011284391	2.0327539779380217
191.9463888887549	5.199113011284391	2.0559502818291384
196.9449999999488	5.524057574489664	2.1017931264716836
201.9436111109681	5.524057574489664	1.5550444867917774
206.9422222221619	5.524057574489664	1.5337840790316302
211.9408333331812	5.524057574489664	1.5354817625663955
216.9394444443751	5.524057574489664	1.5372410770145357
222.9377777776681	5.524057574489664	1.553938374086762
228.9361111109611	5.524057574489664	2.0888362875594724
234.9344444444287	5.849002137694939	2.126082368517004
240.9327777777216	5.849002137694939	2.121606907637117
246.9311111110146	6.1739467009002125	2.1655659557587588
252.9294444443076	6.1739467009002125	2.0094512107192783
258.9277777777752	6.1739467009002125	2.567189681394059
264.9261111110682	6.1739467009002125	2.5827082307201072
271.9241666664602	6.1739467009002125	2.079778808105027
278.9222222222015	6.1739467009002125	2.0861433302631904
285.9202777777682	6.1739467009002125	2.0924188323606656
292.9183333333349	6.1739467009002125	2.0899129183628316
299.9163888887269	6.1739467009002125	2.626984431038352
306.914444444119	6.1739467009002125	2.634009800732568
314.912222222134	6.4988912641054855	2.62859381277392
322.9099999997998	6.4988912641054855	2.1227550654413028
330.9077777776402	6.4988912641054855	2.6714045277746874
338.9055555554805	6.4988912641054855	2.154200713420118
346.9033333333209	6.4988912641054855	2.1563763012727692
355.9008333332604	6.823835827310763	2.5584602729875314
364.8983333331998	6.823835827310763	2.5624819550764464
373.8958333331393	6.823835827310763	2.569698923869808
382.8933333332534	6.823835827310763	2.573597162531032
391.8908333330182	6.823835827310763	2.577613024807195
401.888055555406	6.823835827310763	2.7204741264072343
411.8852777776192	7.148780390516039	2.7616255544365482
421.882500000007	7.148780390516039	2.862653638522162
431.8797222222202	7.148780390516039	2.553156995957565
442.1547222220106	7.148780390516039	2.7633049316547025
453.1516666664975	7.473724953721311	2.3317339527273977
464.1486111109844	7.473724953721311	2.458439740188488
475.1455555554712	7.473724953721311	2.6518085081676537
486.1424999999581	7.473724953721311	2.888005306857922
498.139166666544	7.798669516926584	0.6704859813834052
510.13583333313	7.798669516926584	0.5392111915035198
522.790555555257	7.798669516926584	0.38135877846698174
535.7869444442913	7.798669516926584	0.20061077320137827