0.01111111133013765	97.08787190227616	469.6655834043757
0.01388888888413931	216.9955502987171	232.9657706614891
0.01666666696200991	214.12564501915094	0.4755971742094981
0.01944444451601157	216.3124916620677	10.940698490547934
0.0222222224192592	217.39797244123938	9.82925429656339
0.02500000032250682	218.73231954539185	11.388478933581979
0.02777777787650848	219.9378209635615	11.803753724767468
0.03055555577975611	221.08331206223224	12.43727653187862
0.03333333350838075	222.2040930293445	12.953788578077809
0.03611111141162837	223.26133365816375	13.163753359988602
0.03888888896563003	224.2691540238662	13.371716141254634
0.04166666686887766	225.16048376936507	13.436110740489719
0.04444444477212528	226.05181351486374	13.438775226837675
0.04722222250074992	226.86018781870234	13.422393322268123
0.05000000022937456	227.64385199098234	13.031714355451012
0.05277777778337622	228.3375006840141	12.918854295942154
0.05555555586124683	228.97113905754676	12.144288978788431
0.05833333341524849	229.59771739349148	11.840839981697854
0.06111111131849611	230.11663015621747	11.088891309742511
0.06388888887249777	230.58435764642974	10.401789540401587
0.0666666667757454	231.04502509905384	9.61037203350388
0.06944444467899302	231.4174420818265	8.893285955587983
0.07222222240761766	231.7369087826884	8.258627748753204
0.07500000031086529	232.04931544596243	7.271238240968035
0.07777777786486695	232.29641676154603	6.30108509108223
0.08055555576811457	232.52763299255656	5.732735764575406
0.08333333332211623	232.69707389467138	4.930124949676088
0.08611111139998684	232.8047394678899	4.188963265866077
0.08888888912861148	232.938880182064	3.600594277414219
0.09166666668261314	233.03772070829746	2.9340287067223274
0.09444444476048375	233.1330312157369	2.5631702371513967
0.09722222231448541	233.19657155402996	2.263441799758718
0.100000000217733	233.23716677016165	1.9120368457758325
0.1027777777717347	233.27070194870515	1.7877678857289057
0.1055555556749823	233.32718224941001	1.6436735607047217
0.1083333335782299	233.34836236217438	1.5005302178343738
0.1111111113068546	233.38013253132075	1.5010929794383754
0.1138888892101022	233.43131780383467	1.5863301344976588
0.1166666667641039	233.48250307634845	1.379750603093381
0.1194444446673515	233.51956827368596	1.2932178548094444
0.1222222222213532	233.54251339584744	1.5453939402239687
0.1277777780278484	233.61664379052257	1.465115308769644
0.1333333336597207	233.63605889388967	1.3943235583091926
0.13888888911697	233.73136940132915	1.3795044050614702
0.1444444445742192	233.77725964565184	1.3267581784150715
0.1500000002060915	233.84256499334205	1.4556942505500619
0.1555555556633408	233.87786518128243	1.2877432701007205
0.1611111111205901	233.92375542560524	1.2902232852357087
0.1666666669270853	233.96788066053085	1.2452362919785827
0.1722222223843346	234.0084758766626	1.2817327103576979
0.1777777780162069	234.05613113038228	1.1273411898504495
0.1833333334734562	234.08260627133757	1.207425904877505
0.1888888891053284	234.13202653445433	1.2640924953048671
0.1944444445625777	234.1637967036009	1.2327498509420736
0.200000000019827	234.16732672239502	1.1885747908058444
0.2055555558263222	234.2185119949087	1.304962746361302
0.2111111112835715	234.26793225802552	1.2842796925680748
0.2166666669154438	234.29264238958393	1.1673744724058568
0.2222222223726931	234.31558751174532	1.2364318471759936
0.2277777780045653	234.3632427654649	1.1139092474713908
0.2333333334618146	234.4020729721996	1.1082636010073916
0.2388888889190639	234.4020729721996	1.2263837981407795
0.2444444447255592	234.430313122552	1.3179378103505737
0.2527777779114331	234.44796321652214	1.1448973914206833
0.26111111127193	234.49738347963907	1.1764708423333132
0.2694444446324269	234.56621884612306	1.2322566492590525
0.2777777778183008	234.62269914682793	1.3264814792144037
0.2861111111787977	234.63858423140124	1.173803545795253
0.2944444447139176	234.6809444569298	1.2858930385664433
0.3027777780744145	234.6950645321061	1.226307630333651
0.3111111112602885	234.75507485160497	0.8725078997119013
0.3194444446207854	234.73212972944376	1.0331804333176946
0.3277777779812823	234.79567006773655	1.1219367768192663
0.3361111111671562	234.8345002744712	1.2641458350438182
0.3444444447022761	234.81685018050086	1.0553072141102908
0.352777778062773	234.83979530266242	1.273607993333741
0.3611111114232699	234.8839205375879	1.4040672101593723
0.3694444446091438	234.9368708194989	1.204445831737002
0.3805555558728884	234.98099605442457	1.1981460658550818
0.3916666669620099	235.0251212893503	1.5381464966465874
0.4027777778765085	235.05336143970257	1.525832626214791
0.41388888896563	235.07630656186404	1.2373054781752706
0.4250000002293746	235.1151367685986	1.2993786319545118
0.4361111113184961	235.16455703171545	1.1990814864135024
0.4472222224076177	235.21044727603817	1.3467833063026065
0.4583333333221162	235.20338723845	1.3958068204509657
0.4694444447604838	235.29163770830127	1.3613609829761142
0.4805555556749823	235.28634268011018	1.5378838290312555
0.4916666667641039	235.2951677270954	1.3414609114086327
0.5055555555818501	235.35341303719719	1.3503224459562653
0.5194444445742192	235.40106829091695	1.1832758745831489
0.5333333335665884	235.45931360101898	1.4206489263460604
0.5472222223843346	235.462843619813	1.6060256005603017
0.5611111113767038	235.51049887353255	1.5701625742683294
0.575000000019827	235.531678986297	1.5611922674942014
0.5888888890121962	235.5493290802673	1.3986952240615904
0.6027777780045653	235.59874934338396	1.3051474404747623
0.6194444447255592	235.6675847098681	1.4942606008497767
0.63611111127193	235.71700497298485	1.5961783732999784
0.6527777778183008	235.71170994479377	1.6221410483070033
0.6694444447139176	235.75054015152827	1.5475027810202073
0.6861111112602885	235.8070204522333	1.5154176028241269
0.7027777779812823	235.83702561198274	1.5015651206726377
0.7194444447022761	235.87762082811423	1.4109248000963153
0.7361111114232699	235.91292101605492	1.5859862098469941
0.7555555558728884	235.9517512227894	1.7139247490733895
0.7750000003225068	236.01352655168546	1.662277901736399
0.7944444447721253	236.0400016926408	1.6696345287566474
0.8138888888724978	236.06471182419918	1.580784710195336
0.8333333333221162	236.11766210610995	1.6414630462018014
0.8527777777717347	236.1653173598297	1.6828469331689617
0.8750000002992238	236.2112076041526	1.6801215141013357
0.8972222224774669	236.2447427826959	1.8089513932698402
0.919444444481087	236.2676879048572	1.7502508198660112
0.9416666668339531	236.31710816797397	1.6914466447692935
0.9638888890121962	236.3612334028997	1.6906520828185938
0.9888888889190639	236.42300873179576	1.7301545263748168
1.013888889175178	236.4812540418977	1.8124603384723474
1.038888889082045	236.49184409827987	1.817003197392704
1.063888889163536	236.5306743050145	1.925006570102067
1.088888889070404	236.5783295587342	1.817286637352944
1.116666666880519	236.63304485004198	1.826124627437036
1.144444444516012	236.68599513195272	1.8645608198884231
1.17222222250075	236.70894025411403	1.892611351584559
1.200000000310865	236.78307064878928	1.9615240656155497
1.227777777771735	236.8007207427596	1.8813348546001107
1.258333333659721	236.8624960716555	1.9068042480754224
1.288888889198461	236.92780141934549	1.8035004736439868
1.319444444562578	236.94368650391868	1.9499586255782955
1.350000000275941	236.99840179522653	1.840807792492497
1.383333333368682	237.02840695497602	2.007208609801084
1.41666666681067	237.0866522650779	1.8944869299688691
1.450000000078035	237.1131274060335	1.8033529217808293
1.48611111142327	237.17137271613538	1.9768331856829189
1.522222222419259	237.22079297925194	1.8409266044041195
1.710833333615483	237.43435911629228	1.4707730754604882
1.752500000243344	235.72406501057296	1.489981006323418
1.794166666871206	234.0190659330446	1.4026358194300885
1.835833333324445	233.7701996080639	1.754665670482904
1.880277777855554	236.37888349686997	1.774451286125217
1.92472222221204	237.56496981167246	1.3782904414934716
1.969166666917772	237.60203500900982	9.242429848474805
2.016388889002883	237.56673482106933	16.966114454105295
2.06361111143724	237.75912084534542	18.33376872448511
2.113611111250975	237.8173661554473	7.468504377493067
2.163611111413957	237.75735583594835	2.5657882100918887
2.213611111402315	237.8756114655491	2.6704580913514446
2.266388889119298	237.97798201057668	3.0540939534331604
2.319166666661658	238.05917244284007	2.5273092171331175
2.374722222456512	238.12624279992704	2.452973781093527
2.43027777790212	238.16154298786753	3.0211360008637786
2.488611111250975	238.22684833555758	2.7027810591215875
2.546944444599831	238.27979861746843	2.3798009629611863
2.608055555851934	238.3503989933495	2.1955746379177117
2.669166666754791	238.38922920008415	2.2607258091873006
2.733055555560895	238.4615945853621	2.366699325283503
2.796944444716246	238.50748482968493	2.526176448655097
2.863611111250975	238.53395997064035	2.3178319827804095
2.930277777960328	238.5727901773748	2.2481128194135267
2.999722222223682	238.65398060963815	2.4283543704729147
3.069166666661658	238.71399092913694	2.4132711898999886
3.141388889002883	238.81459646476762	2.3902155898979203
3.216388889072732	238.81989149295876	2.4768196046967113
3.291388889142581	238.87284177486953	2.608781593971603
3.369166666941055	238.95403220713268	2.536142414588062
3.446944444739529	239.0211025642198	2.5245653920708895
3.527500000266628	239.06169778035135	2.3483366655177367
3.610833333522351	239.1075880246741	2.53154785800315
3.694166666952697	239.1764233911582	2.6845742293874304
3.780277777762422	239.2399637294512	2.449751795396765
3.86916666682464	239.29820903955317	2.459896112565831
3.960833333615483	239.35821935905201	2.594504023585884
4.05250000005708	239.40410960337476	2.623003094868706
4.146944444751171	239.49236007322608	2.5607309278571146
4.24416666682464	239.51883521418154	2.6613561522444034
4.344166666801357	239.58943559006266	2.632908773417127
4.446944444506698	239.66180097534078	2.613026149972777
4.54972222221204	239.7129862478544	2.710265169241514
4.655277777820629	239.76770153916235	2.571849330409042
4.763611111157843	239.8541869996168	2.8400708241117085
4.874722222223682	239.90537227213034	2.7504748025244337
4.988611111367391	239.9600875634383	2.8068754469052686
5.105277778065101	240.0289229299223	2.7367156113417
5.224722222316814	240.08540323062726	2.7360600489438065
5.346944444646397	240.1736537004785	2.682975508786731
5.471944444704604	240.2230739635954	2.8162083985317605
5.599722222316814	240.30779441465253	2.8643807361969214
5.730277778006894	240.34309460259314	2.804111475442425
5.863611111250975	240.3978098939011	2.9284374931429467
5.999722222223682	240.47194028857626	2.7919004376690677
6.138611111274258	240.5531307208395	2.8485573881257644
6.28027777805346	240.61843606852938	2.8324190297915766
6.427500000115288	240.6731513598373	2.9953792012441194
6.577500000254986	240.75787181089456	2.9821015177040096
6.730277777948686	240.81435211159948	3.0502721768163346
6.885833333545634	240.87612744049545	2.9499445457552174
7.046944444599831	240.9573178727586	3.0082553040010827
7.210833333557275	241.02968325803678	3.1657395098890166
7.377500000243344	241.0808685305506	3.05737784526664
7.54972222221204	241.17088400979895	3.1362438670455077
7.724722222258606	241.22912931990078	3.172748604350237
7.905277777762422	241.308554742767	2.9844281716946948
8.088611111344107	241.39857022201556	3.0782063247322053
8.27750000020842	241.4585805415145	3.2462023681798096
8.469166666801357	241.5327109361896	3.2006542800252986
8.666388889200789	241.60331131207053	3.1785942484178253
8.866388889154223	241.6403765094082	3.0511850353133467
9.071944444739529	241.73392200745073	3.0516437772278713
9.283055555607461	241.82393748669895	3.2162572462708083
9.499722222456512	241.9033629095653	3.1692910270028776
9.719166666859564	241.95631319147614	3.271767910569425
9.944166666719866	242.00573345459293	3.3480199265222543
10.17472222221204	242.09574893384118	3.201770813834127
10.41083333351071	242.19282445067762	3.1886780036606157
10.65250000026663	242.2563647889706	3.1696976078987165
10.89972222230517	242.3499102870132	3.3304288634445287
11.15250000015021	242.40462557832106	3.3381645929727677
11.4108333334525	242.46463589781982	3.3951103800929707
11.67472222221204	242.55112135827434	3.278848449079676
11.9441666669527	242.62525175294928	3.2649861814387857
12.2219444447046	242.71526723219773	3.335268757581272
12.50527777791376	242.7664525047115	3.4460927529022354
12.79416666675479	242.86882304973912	3.562749020757914
13.09138888895632	242.9394234256203	3.453315784332806
13.39416666696434	242.999433745119	3.5631570887358617
13.70527777780899	243.10886432773492	3.480221937375291
14.02194444446013	243.18828975060097	3.699275709582278
14.3469444446464	243.27477521105547	3.6219623377743217
14.68027777801854	243.33655053995128	3.61685166103362
15.01916666684792	243.4353910661849	3.648089062459019
15.36638888921243	243.50599144206598	3.542797081401184
15.72194444476281	243.60659697769643	3.60416136637577
16.08583333332445	243.6913174287537	3.550921586903476
16.45805555577044	243.76015279523796	3.7256519806302286
16.83861111140232	243.827223152325	3.67871210399965
17.22750000022006	243.91194360338213	3.711331096349834
17.62750000030155	244.00548910142464	3.642341761462003
18.03583333356892	244.07961949609984	3.6978035761988797
18.45250000002216	244.18022503173043	3.7386973445823064
18.88027777791376	244.26847550158166	3.8731850071756924
19.31638888916586	244.3461359150508	3.812144602245565
19.76361111115784	244.43085636610812	3.831730557220478
20.22194444476281	244.5279318829447	3.881195483018467
20.68861111120441	244.60559229641404	3.741263303843974
21.16638888890975	244.70266781325046	3.8537207592141915
21.65527777805346	244.77326818913158	3.84839246092064
22.15527777776242	244.87034370596805	3.842610878151035
22.66638888890975	244.95506415702522	3.8531359675817325
23.19138888904945	245.02389952350936	3.8319108127188146
23.72750000010365	245.136860124919	3.8810057330652614
24.27472222242159	245.21275552899127	3.883168100477354
24.83583333355728	245.2957109706516	3.9491150118349085
25.41083333351071	245.394551496885	3.9495711829312086
25.99694444455326	245.46691688216333	4.102565715070511
26.59694444476281	245.57458245538183	3.9953237897842215
27.21083333361548	245.64518283126287	4.139455089735015
27.83861111111128	245.75637842327578	4.164699869488253
28.48305555585193	245.84109887433308	4.167854126566009
29.14138888906109	245.94346941936044	4.247792191252529
29.81361111143724	246.03171988921187	4.281834179361408
30.50250000001051	246.13938546243062	4.252016561593199
31.20805555565403	246.22763593228194	4.0333943339061635
31.93027777801854	246.3264764585155	4.219412626871415
32.66916666675479	246.41649193776377	4.000021636854538
33.42472222221204	246.53121754857057	4.016653340914536
34.19694444473953	246.59475788686348	4.077246523267506
34.98583333363877	246.65653321575954	3.9463593174279166
35.794166666813	246.78184888294854	3.861932186217079
36.62194444461147	246.83479916485922	4.15451364424102
37.46916666685956	246.9265796535047	4.03246672754269
38.33583333355728	247.0466002925024	4.010141094702553
39.2219444447046	247.10484560260454	4.174591827481234
40.12750000030155	247.18427102547068	4.045455571575976
41.05527777790212	247.33782684301195	4.2050108685902545
42.00250000030155	247.42431230346634	4.153780489159594
42.9719444447046	247.4825576135683	4.073868156758485
43.96361111111128	247.5796331304049	4.278940946642891
44.97750000022006	247.67494363784422	4.234078384190329
46.01638888906109	247.76319410769554	4.024279208140935
47.08027777780899	247.84261953056176	4.06139451961396
48.16638888890975	247.9432250661923	4.063560398336518
49.27750000026663	248.04559561121994	4.0273631864452435
50.41638888890975	248.11443097770402	3.8870865399841774
51.58027777780899	248.22033154152575	3.9236755700681454
52.77194444451834	248.3138770395681	4.108499742543184
53.99138888921243	248.37212234967004	3.838288475744573
55.23861111136739	248.46037281952144	3.8033929358686978
56.51361111115784	248.52391315781435	3.785504965118944
57.81916666666166	248.6192236652538	3.6689357280718777
59.15250000015021	248.7374792948547	3.582685708176823
60.51916666690613	248.77807451098627	3.655932206012878
61.91638888920079	248.87162000902873	3.628337589056175
63.34416666685956	248.93516034732173	3.7830491856444257
64.80527777796033	249.0145857701878	3.7743091147844767
66.29972222250308	249.08871616486303	3.6257532011754847
67.83027777804182	249.16108155014118	3.7967858664402105
69.39694444475117	249.2422719824045	3.5879223546894057
70.99972222245651	249.33758248984375	3.7839273224837235
72.63861111115784	249.4293629784892	3.6474462747209473
74.31638888910766	249.51408342954662	3.8127857973519266
76.03027777805346	249.5899788336188	3.7696254721525317
77.7858333334525	249.6376340873385	3.7809114259708476
79.58027777810003	249.74176964176303	3.669937596648906
81.41638888920079	249.79118990487987	3.5635683285528725
83.29416666675479	249.89885547809865	3.628719004049208
85.21638888901452	249.96063080699446	3.518677757222057
87.18305555580537	250.04182123925787	3.6514565490576545
89.1941666669527	250.11242161513883	3.4922953164581902
91.25250000001051	250.17949197222578	3.5244437254491126
93.35805555585193	250.2765674890624	3.29303244542345
95.51361111115784	250.3277527615761	3.380114630169199
97.71638888907273	250.40188315625124	3.4502688695303623
99.9719444447046	250.4707185227353	3.389849735291212
102.2775000001502	250.52543381404314	3.565679951845821
104.6386111112161	250.5836791241451	3.4324104202353145
107.0525000001735	250.66133953761428	3.4911810749220993
109.5219444447512	250.75488503565683	3.6210564593325123
112.0497222225031	250.8113653363617	3.624550042204809
114.6358333336038	250.91197087199228	3.725748539544499
117.2802777780535	250.97904122907912	3.6472560434435084
119.9858333334059	251.04081655797512	3.612307587102296
122.7552777779138	251.13965708420864	3.6042280531118926
125.5886111114023	251.2067274412957	3.618106771819676
128.4858333335224	251.28085783597095	3.4191892974998277
131.4497222223517	251.32145305210253	3.4412438851934035
134.4830555556191	251.40264348436585	3.342441978666965
137.5858333333244	251.4555937662765	3.522426295035842
140.7608333335456	251.5420792267308	2.7908293127885457
144.0080555557588	251.5950295086416	2.911984733166724