0.06666666670935228	1.6659395752584867	0.4383370907797127
0.1666666665114462	2.778209869929791	1.990178601239097
0.2500000001164153	3.723787572405305	2.026326110067605
0.3333333333721384	4.654898856623197	0.8510644497594242
0.4166666668024845	4.560538355715503	0.7278616539745526
1.000000000116415	4.14462883080886	0.2637194647911372
1.250000000058208	4.143642484109484	0.20175504412862058
1.5	4.454999258881491	0.3194667562560702
3.016666666720994	4.116353558759868	0.25470503507640385
3.500000000058208	4.3504465087468684	0.4984703112306639
4.000000000116415	4.568100347077456	0.7896529092873334
4.5	4.692380031199756	1.1765969784093582
5.000000000058208	4.68974977333474	1.1188263879986884
5.516666666662786	4.879128339616338	1.034619711319482
6.0	4.9774342273215515	0.9860902763327651
6.500000000058208	5.026093997824451	0.6781407446333807
7.516666666720994	5.209225701676628	0.6530800686290396
8.516666666662786	5.304901331516818	0.7775965814071648
9.516666666604578	5.185553380891433	0.8491861395506342
10.51666666672099	5.270050414805273	0.6719328366498123
11.50000000011642	5.376904640571795	0.15376409348944053
12.36666666646488	5.519267347516129	0.26771503827361653
13.3499999998603	5.585681358607936	0.5143935078287076
14.34999999997672	5.60573707482874	0.35767338583709896
15.35000000009313	5.5396518459700514	0.3270661689594502
16.3499999998603	5.359479182216031	0.10789641556493142
24.35000000009313	5.4669909724488095	0.2917466382841784
28.33333333331393	5.481457390706443	0.17066690422740144
32.33333333325572	5.551816788595801	0.10130064705097849
36.35000000009313	5.577133020546631	0.003950287582587542
40.28333333332557	5.552803135295177	0.04631767993281332
44.28333333344199	5.552803135295177	0.20698433168777536