0.1916666663717024	4.081558718596058	6.652488458647489
0.22499999981369	5.210351688406545	7.430382954482238
0.2586111109237663	6.291587085759103	7.269945825434778
0.2916666666976653	7.114053338855224	8.11266437828664
0.3249999999650299	8.115559864734177	10.154046000310206
0.3583333332323946	9.314290441100468	11.469150198678777
0.3916666666743822	10.297613189274896	13.240079674015266
0.4249999997671239	11.38024733875858	12.609201868708661
0.4583333332091115	12.581775419387098	13.379303279950081
0.4916666666510992	13.27835398068279	12.321982539961203
0.6583333331625454	16.45771757470912	12.623353332364584
0.8250000000232376	19.604909869719783	16.919480597916568
0.9916666665346838	23.15913903488518	20.492319729233643
20.67805555551308	142.29085804202242	33.60688742813454
21.65916666669068	144.02531068460607	28.761261392478147
22.65888888878976	145.44784160195087	27.27523098967736
23.65888888873155	146.6787434773328	29.043782952226273
24.65888888884797	147.61031239665613	26.43890183004294
25.65888888878976	148.69714280253316	24.65470701145224
26.65888888873155	149.6133254484138	22.828079892819105
27.65888888884797	150.37844286413414	21.909187618141196
28.65888888878976	151.1421615277236	19.95755086222294
29.65888888873155	151.75481496115233	18.530695111245098
30.65888888884797	152.2024156431093	17.766832372981828
31.65888888878976	152.80667656375127	17.013310817528225
32.65888888873155	153.25147974144627	15.681619267330431
33.65888888884797	153.71166919258332	14.871276491975216
34.65888888878976	154.17185864372044	14.544479501298047
35.65888888873155	154.60687055649765	13.64161959801713
36.65888888884797	154.90200725616282	13.017443643562473
37.65888888878976	155.21392898140186	13.251854450682012
38.65888888873155	155.5076669289361	12.190447723877693
39.65888888884797	155.81679114991277	11.53812167570369
40.65888888878976	156.11052909744708	11.377565360241856
41.65888888873155	156.25739807121434	11.32836271324054
42.65888888884797	156.71479001808925	11.091932611884197
43.65888888878976	156.86165899185625	10.657066295143574
45.65888888884797	157.31905093873104	9.88681540815285
47.65888888873155	157.75126534724592	8.912484482149656
49.65888888878976	158.04500329478043	7.307738666306215
51.65888888884797	158.35412751575672	6.243815165741683
53.65888888873155	158.64786546329108	4.993829149728214
65.49722222216656	158.65485922394683	3.3947913787708983
67.90833333322075	158.97097720557886	4.754541938049022
70.90833333322075	159.1178461793462	4.354633042082558
73.90833333322075	159.26331640098203	5.550001598870988
76.90833333322075	159.7193095957258	4.5661992955552195
79.90833333322075	159.7193095957258	5.096200734422065
82.90861111106346	159.86617856949297	5.312415267820227
85.90833333322075	160.01304754326017	3.3188710851448224
88.90833333322075	160.17530279046971	3.6347332011478737
91.90833333322075	160.32217176423686	4.299668764632159
94.90833333322075	160.46904073800414	3.7248925771881916
97.90833333322075	160.46904073800414	4.114873254011345
100.9083333332208	160.61451095964003	4.191660615732462
103.9083333332208	160.7613799334071	3.869750449689953
106.9083333332208	160.7613799334071	2.6810553517367524
109.9083333332208	160.92363518061683	2.92578981480066
112.9083333332208	161.07050415438397	2.3931706399174026
115.9083333332208	161.07050415438397	2.4688534863726836
118.9083333332208	161.21737312815102	2.5289409094704896
121.9083333332208	161.07050415438397	2.804564361084245
124.9083333332208	161.07749791503952	1.912191837106136
127.9083333332208	161.07749791503952	1.5992112532479608
130.9086111110635	161.22436688880668	2.0790893023868584
136.9083333332208	161.37123586257363	2.2492506289285776
142.9083333332208	161.37123586257363	2.00791549728266
148.9083333332208	161.53349110978326	2.0050002448679614
154.9086111110635	161.53349110978326	1.9237287145605098
160.9083333332208	161.53349110978326	2.0070906348803366
166.9083333332208	161.53349110978326	2.5348229504595015
172.9083333332208	161.68036008355048	2.1422345383624295
178.9086111110635	161.82583030518654	0.44019387613399275
184.9083333332208	161.82583030518654	2.9701690996189822