0.002777777903247625	1732.8875933473516	30723.697046369918
0.004166666767559946	15451.581040679343	31873.55220123428
0.005555555457249284	26715.35039743624	18246.280724405457
0.006944444496184588	30469.94018302197	11158.04521662437
0.008333333360496908	29892.310985239386	6411.226489244936
0.00972222222480923	30181.12558413069	2310.1346541342677
0.01111111091449857	31336.383979695715	2907.428436056824
0.01249999995343387	31914.013177478046	4431.269680021457
0.01388888899236918	32202.827776369028	4960.5913714083745
0.0152777778566815	32491.642375260377	3677.4437188710504
0.01666666672099382	33069.27157304273	3759.6144845978056
0.01805555541068316	33358.08617193408	3727.689510949753
0.01944444444961846	33646.90077082538	3529.933484723386
0.02083333331393078	33646.90077082538	3585.7693799819185
0.02222222235286608	33935.71536971641	3732.495785563175
0.0236111112171784	34224.52996860776	3588.015697556701
0.02499999990686774	34513.34456749874	3534.328041397698
0.02638888894580305	34513.34456749874	3255.4447941534427
0.02777777781011537	34802.159166390054	3048.724300969162
0.02916666667442769	34802.159166390054	3508.837325949909
0.03055555536411703	35090.9737652814	3206.0713756379578
0.03194444440305233	35379.788364172404	3250.184291901555
0.03333333344198763	35379.788364172404	3023.9005627202587
0.03472222230629996	35668.60296306375	2671.4024319891255
0.03611111117061228	35668.60296306375	3183.3261066449595
0.03749999986030161	35668.60296306375	2821.2315923834167
0.03888888889923692	35957.4175619548	3122.0718585868563
0.04027777776354924	35957.4175619548	3137.109941414183
0.04166666680248454	35957.4175619548	2784.8391516218867
0.04305555566679686	36246.2321608461	2591.844828241003
0.0444444443564862	36246.2321608461	2674.2903819478406
0.04583333339542151	36246.2321608461	2667.131453632527
0.04722222225973383	36246.2321608461	2377.8514922234676
0.04861111112404615	36535.046759737175	2191.1390011410854
0.04999999981373549	36535.046759737175	2651.401296379694
0.05138888885267079	36535.046759737175	2816.6142253012536
0.05277777789160609	36823.861358628434	2347.220081991079
0.05416666675591841	36823.861358628434	2192.2317920049636
0.05555555562023073	36823.861358628434	2637.4817439565277
0.05694444430992007	36823.861358628434	2777.945834084885
0.05833333334885538	36823.861358628434	2282.694238592124
0.0597222222131677	37112.6759575195	2196.2261380004816
0.06111111107748002	37112.6759575195	2287.22144312886
0.06388888880610466	37112.6759575195	2752.087935788642
0.06666666670935228	37112.6759575195	2274.550948865848
0.06944444426335394	37401.49055641083	2384.821967557992
0.07222222234122455	37401.49055641083	2246.1975431698766
0.0750000000698492	37401.49055641083	2272.130507470666
0.07777777779847383	37690.30515530185	2332.350154070076
0.08055555552709848	37690.30515530185	2691.492581183585
0.08333333325572312	37690.30515530185	2318.460845361365
0.08611111115897074	37690.30515530185	2306.3282121251427
0.0888888887129724	37979.11975419316	2213.235178263926
0.09166666679084301	37979.11975419316	2711.637172133054
0.09444444451946765	37979.11975419316	2269.2040708632217
0.0972222222480923	38267.93435308451	2168.6254726435254
0.09999999997671694	38267.93435308451	2214.618121828857
0.1027777777053416	38267.93435308451	2326.938821644839
0.1055555556085892	38267.93435308451	2374.5574960323834
0.1083333331625909	38556.748951975525	2237.1621593099267
0.1111111112404615	38556.748951975525	2275.176667386111
0.1138888889690861	38556.748951975525	2779.5097409004206
0.1166666666977108	38556.748951975525	2809.763742213817
0.1194444444263354	38556.748951975525	2697.440828380113
0.12222222215496	38556.748951975525	2270.2353809403885
0.12638888892252	38845.56355086688	2277.0622466239847
0.1305555556900799	38845.56355086688	2286.7845256801093
0.1347222221083939	38845.56355086688	2269.1314779664795
0.1388888888759539	38845.56355086688	2329.407435551146
0.1430555556435138	39134.378149758166	2356.1080066981604
0.1472222220618278	39134.378149758166	2323.2886518283667
0.1513888890040107	39134.378149758166	1860.4479823816098
0.1555555555969477	39423.1927486492	2318.8416181252364
0.1597222220152617	39423.1927486492	2308.3071106539574
0.1638888889574446	39423.1927486492	2298.5523952249437
0.1680555555503815	39423.1927486492	2289.4983908665354
0.1722222223179415	39423.1927486492	2336.686399558344
0.1763888889108785	39423.1927486492	2359.7922228554235
0.1805555555038154	39712.007347540544	2265.8916983549957
0.1847222222713754	39712.007347540544	2295.8316210484963
0.1902777779032476	39712.007347540544	2305.8527013455973
0.1958333333604969	39712.007347540544	2331.8212145373773
0.2013888889923692	40000.82194643153	2324.686368678835
0.2069444444496185	39712.007347540544	2359.314219030389
0.2124999999068677	40000.82194643153	1885.7561501715904
0.218055555364117	40000.82194643153	1824.6831703000296
0.2236111111706123	40000.82194643153	2255.1468943137115
0.2291666668024845	40000.82194643153	2382.52292812539
0.2347222222597338	40289.636545322915	2350.7069132279225
0.2402777778916061	40289.636545322915	2347.6080645658253
0.2458333333488554	40289.636545322915	1876.1320417591612
0.25277777784504	40289.636545322915	1871.5637060753363
0.2597222223412246	40289.636545322915	2375.215234979656
0.2666666666627862	40578.45114421421	2316.0212461444207
0.2736111111589707	40578.45114421421	1843.812506224748
0.2805555556551553	40578.45114421421	2339.614151788137
0.2874999999767169	40578.45114421421	2289.4865608213004
0.2944444444729015	40578.45114421421	2233.0488131843613
0.3013888889690861	40578.45114421421	2236.8616911799695
0.30972222215496	40867.265743105214	2364.2571403379056
0.3180555556900799	40867.265743105214	1863.279472776814
0.3263888888759539	40867.265743105214	1857.5641507456
0.3347222220618278	40867.265743105214	2303.078514624763
0.3430555555969477	40867.265743105214	2314.694743436903
0.3513888889574446	41156.080341996545	2366.4372544462894
0.3597222223179415	41156.080341996545	2240.4544230047504
0.3680555555038154	41156.080341996545	1804.9379401561048
0.3777777779032476	41156.080341996545	1809.0325212115843
0.3874999999534339	41156.080341996545	2275.5026606853467
0.3972222223528661	41444.89494088792	2259.2059828464994
0.4069444444030523	41444.89494088792	2255.624167640683
0.4166666668024845	41444.89494088792	2252.2413246056344
0.4263888888526708	41444.89494088792	1818.8917613149688
0.4375000001164153	41444.89494088792	2290.094923554709
0.4486111112055369	41444.89494088792	2303.3592592539544
0.4597222222946584	41733.7095397789	2292.952666390092
0.470833333209157	41733.7095397789	2296.4962151171453
0.4819444444729015	41733.7095397789	1842.7481845052819
0.4944444444263354	41733.7095397789	1844.99022717248
0.5069444445543922	41733.7095397789	1841.2692503074727
0.5194444445078261	41733.7095397789	2322.8394023156416
0.53194444446126	42022.524138670204	2306.5368405803865
0.5444444444146939	42022.524138670204	1854.7768672035347
0.558333333407063	42022.524138670204	1855.7745654226383
0.5722222222248092	42022.524138670204	1856.8234061216413
0.5861111112171784	42022.524138670204	1857.9142482913971
0.5999999998603016	42311.338737561586	2315.9958530831514
0.6138888888526708	42311.338737561586	2325.8549654151634
0.6291666667093523	42311.338737561586	1871.9420228862048
0.6444444445660338	42311.338737561586	1871.6957728390385
0.6597222222480923	42311.338737561586	2350.068640301497
0.6750000001047738	42311.338737561586	1879.4825629255229
0.6916666666511446	42311.338737561586	2360.231448688996
0.7083333333721384	42600.153336452604	1873.5120521546746
0.7250000000931323	42600.153336452604	1889.5524573864864
0.7430555555038154	42600.153336452604	1888.6769696081833
0.7611111109144986	42600.153336452604	1895.2621010506573
0.7791666666744277	42600.153336452604	1897.3960695896926
0.7972222222597338	42600.153336452604	2378.974799266303
0.8166666667093523	42888.967935343935	1901.7893032609338
0.8361111111589707	42888.967935343935	1900.1180821541102
0.8555555556085892	42888.967935343935	1905.2001140220696
0.87638888892252	42888.967935343935	1906.6309171533208
0.8972222220618278	43177.78253423465	1892.8015214933748
0.9180555555503815	42888.967935343935	1905.7844388783824
0.9402777779032476	43177.78253423465	2380.5399768631423
0.9624999999068677	42888.967935343935	1922.315097378116
0.9847222222597338	43177.78253423465	1911.3994732567296
1.008333333302289	43177.78253423465	1914.7771204232295
1.031944444519468	43177.78253423465	1918.041686030278
1.056944444426335	43177.78253423465	1918.1941452714746
1.081944444507826	43466.59713312624	2343.7233164193262
1.106944444414694	43466.59713312624	1920.9188760438958
1.133333333360497	43466.59713312624	1856.947698115091
1.1597222223063	43466.59713312624	1855.8645754822344
1.187500000116415	43466.59713312624	1859.2581620861
1.215277777751908	43466.59713312624	1362.8369609094725
1.244444444426335	43466.59713312624	1860.6680130345992
1.273611111100763	43755.411732017266	1863.897061784658
1.30416666646488	43755.411732017266	2360.236164841301
1.334722222352866	43755.411732017266	1864.5178103652163
1.366666666755918	43755.411732017266	1866.8277615192399
1.398611111158971	43755.411732017266	1867.1896326224185
1.431944444426335	43755.411732017266	1869.4464229995308
1.465277777868323	43755.411732017266	1800.7800838253947
1.5	44044.226330908314	1871.3227950084513
1.5347222223063	44044.226330908314	1802.0486756223793
1.570833333302289	44044.226330908314	1803.4214216625383
1.608333333162591	44044.226330908314	1803.1193370610858
1.645833333372138	44044.226330908314	1806.0332471941254
1.684722222271375	44044.226330908314	1807.285083064483
1.723611111170612	44044.226330908314	1809.8895401750628
1.763888888759539	44333.04092979965	1352.5977911963184
1.805555555562023	44333.04092979965	1813.356096247545
1.847222222015262	44333.04092979965	1814.1819790649724
1.890277777856682	44333.04092979965	1816.3900984136208
1.934722222213168	44333.04092979965	1817.1348307261082
1.980555555608589	44333.04092979965	1819.202325417182
2.026388889004011	44333.04092979965	1819.8038460060895
2.073611110914499	44621.85552869098	1821.67980717885
2.122222222213168	44621.85552869098	1362.379702823565
2.172222222201526	44621.85552869098	1823.9992339123028
2.223611111054197	44621.85552869098	1826.9189917656404
2.274999999906868	44621.85552869098	1828.4828633606514
2.327777777798474	44621.85552869098	1829.912061213504
2.381944444554392	44621.85552869098	1830.1765038070598
2.4375	44621.85552869098	1378.4155906025646
2.49444444430992	44910.67012758196	1833.9791245298798
2.552777777658775	44910.67012758196	1834.139076512656
2.612500000046566	44910.67012758196	1835.3539474554316
2.673611111124046	44910.67012758196	1837.5560623749175
2.736111111240462	44910.67012758196	1839.6162483196697
2.800000000046566	44910.67012758196	1840.6660863615296
2.865277777891606	45199.48472647329	1374.8524098943763
2.931944444426335	44910.67012758196	1388.9638033458639
3.0	45199.48472647329	1378.214276398502
3.069444444263354	45199.48472647329	1847.901112311584
3.140277777565643	45199.48472647329	1848.659497100134
3.213888888945803	45199.48472647329	1850.3327887579462
3.288888889015652	45199.48472647329	1851.9195691041461
3.365277777775191	45199.48472647329	1853.421819742125
3.443055555573665	45488.29932536436	1385.528103556608
3.523611111100763	45488.29932536436	1386.6661078848156
3.605555555666797	45488.29932536436	1388.2060220790493
3.68888888892252	45488.29932536436	1390.1228807252985
3.774999999906868	45488.29932536436	1863.3224455453558
3.862500000104774	45488.29932536436	1865.262394031377
3.952777777856682	45488.29932536436	1406.7906969946325
4.044444444472902	45488.29932536436	1869.02690084327
4.138888888992369	45488.29932536436	1410.1749606993246
4.234722222201526	45777.11392425568	1397.2630798931414
4.333333333313931	45777.11392425568	1397.8605644020647
4.433333333465271	45777.11392425568	1400.2000124653396
4.536111111170612	45777.11392425568	1401.9689281152832
4.641666666604579	45777.11392425568	1881.2084067723163
4.750000000116415	45777.11392425568	1420.4533527315389
4.859722222317942	45777.11392425568	1422.176916514402
4.972222222248092	45777.11392425568	1423.633858867289
5.087499999906868	45777.11392425568	1425.5799521663712
5.205555555643514	46065.92852314699	1410.885711319971
5.326388888759539	46065.92852314699	1412.1958319357077
5.449999999953434	46065.92852314699	1414.356991025632
5.576388888875954	46065.92852314699	1415.924137377604
5.705555555527099	46065.92852314699	1902.6914988651545
5.837499999906868	46065.92852314699	1437.7795449911107
5.972222222015262	46065.92852314699	1439.695209564859
6.111111111240462	46065.92852314699	1363.4875742674699
6.25277777784504	46065.92852314699	1365.3560417210463
6.397222222352866	46354.743122038046	1412.0043604622506
6.545833333453629	46354.743122038046	1414.222109684243
6.697222222108394	46354.743122038046	1415.8601434946572
6.852777777705342	46354.743122038046	1417.461853735719
7.011111111205537	46354.743122038046	1864.0257466200853
7.173611111124046	46354.743122038046	1378.704199572003
7.340277777810115	46354.743122038046	1381.5045676524187
7.509722222224809	46354.743122038046	1383.9483111331788
7.683333333407063	46354.743122038046	1386.503131006814
7.861111111007631	46643.557720929326	1430.523524489145
8.043055555550382	46643.557720929326	1432.6266490295957
8.229166666511446	46643.557720929326	1434.566646917066
8.419444444414694	46643.557720929326	1355.4250695789644
8.613888888910878	46643.557720929326	1827.7183893959348
8.813888888864312	46643.557720929326	1360.3139758398754
9.018055555410683	46643.557720929326	917.2749738798332
9.226388888899237	46643.557720929326	1392.5412849755737
9.44027777784504	46643.557720929326	1395.8449785941714
9.658333333209157	46643.557720929326	1399.0318605157786
9.881944444554392	46932.37231982072	1372.7001935069077
10.11111111100763	46932.37231982072	1375.2456432584568
10.34444444440305	46932.37231982072	1378.3280740808057
10.58333333325572	46932.37231982072	1380.9840461820697
10.82777777756564	46932.37231982072	1383.7747492518636
11.07777777785668	46932.37231982072	970.8892406693852
11.33333333325572	46932.37231982072	1016.8490509720126
11.59583333332557	46932.37231982072	1073.6102883109577
11.86388888885267	46932.37231982072	1144.3464686173124
12.13750000001164	47221.18691871176	727.6072871539579
12.4180555556668	46932.37231982072	1348.8572929562217
12.70555555564351	46932.37231982072	1500.51483163807
12.99861111107748	47221.18691871176	582.3992797899375
13.29861111100763	47221.18691871176	524.3072242228044
13.60555555560859	47221.18691871176	459.7846044587333
13.91944444435649	47221.18691871176	194.1258382054575
14.24166666646488	47221.18691871176	153.9725035934368
14.57083333341871	47221.18691871176	108.86439527281527
14.90694444451947	47221.18691871176	58.014017327385524