0.9236111110076308	10.0967135667472	12.304797230861608
2.423611111007631	8.659951226199077	7.487618784396225
2.923611111240462	11.073065768651666	8.532625192791267
3.923611111007631	11.57588210427567	2.3281597582293174
4.923611111124046	12.210965387624062	2.8274575732537595
5.923611111240462	12.735994493094918	3.113078922882006
6.923611111007631	13.25496557042571	2.8164338577614956
7.923611111124046	13.573012047778283	0.8958498250646107
9.15694444446126	13.475073926180816	2.376994602321894
10.75694444426335	14.400942560251542	4.5992551566571604
12.75694444449619	14.9693875340594	4.04059277457503
14.75694444455439	15.638799643534735	4.618759921736879
16.75694444426335	16.220370344979386	1.9701962697774837
18.75694444449619	16.178973819355722	3.403880422769242
20.75694444455439	16.860501985111178	5.688396735529731
22.75694444426335	17.12806489462996	6.747745514501205
24.75694444449619	17.5177980383064	5.526064936426625
26.75694444455439	18.446695686447132	5.935305983222475
28.75694444426335	18.554730521611347	5.103229500516485
30.75694444449619	18.98989887633812	3.253085100870009
33.90694444446126	19.042401786885225	5.987316228155684
37.40694444451947	19.42708657377832	3.705249817326781
41.39027777791489	20.91938083894353	5.399250866440162
45.39027777785668	20.397380747542694	7.571455336365373
49.40694444451947	21.213195203735864	7.042944836404828
53.44027777790325	21.933090881044958	19.472832521932094