0.04349249933511601	16.938340678299078	6.532320112395284
0.09349249933529791	24.76088069677263	13.911629384412505
0.1434924993363893	31.6050409257016	19.4685116216904
0.1934924993356617	38.06909498352015	24.975439878759502
0.2434924993367531	44.177783508584454	29.516874873734654
0.2934924993360255	50.06605543738377	33.96153259205909
0.3434924993362074	55.61695502496067	37.896939360678196
0.3934924993354798	60.99017184616058	41.52445693631127
0.4434924993356617	66.19470249674937	44.55173691557145
0.4934924993367531	71.11808952965283	47.465660882213484
0.5434924993360255	75.80756507264233	49.921285518448
0.5934924993352979	80.32160699819624	51.887687681221266
0.6434924993363893	84.61073402960191	53.66264226884254
0.6934924993365712	88.75591552875278	55.26468975596218
0.7434924993358436	92.66943468693084	56.59494192175991
0.793492499335116	96.40077278084918	57.650140303617626
0.8434924993352979	100.00840768298588	58.57009668843602
0.8934924993363893	103.42486492509673	59.44379822720109
0.9434924993356617	106.71087152860149	60.164372798240535
0.9934924993367531	109.85968004667599	60.78573607707043
1.043492499336026	112.8577955856709	61.42398441800816
1.093492499336207	115.75245027335811	61.993532961105984
1.14349249933548	118.49191368408283	62.46948262962323
1.193492499335662	121.19314156280242	62.9179191936948
1.243492499336753	123.76166965397448	63.335928972175324
1.293492499336026	126.26947072372674	63.65039695736852
1.343492499335298	128.71429562311738	64.00695650020222
1.393492499336389	131.0691545648487	64.27451941102258
1.443492499336571	133.34754244256965	64.593166722709
1.493492499335844	135.5562067031048	64.86865725316564
1.543492499335116	137.71314053798594	65.01650510424844
1.593492499335298	139.8205930961542	65.30637296410735
1.643492499336389	141.8538237392537	65.42918838615269
1.693492499335662	143.82182906305025	65.665034728521
1.743492499336753	145.7538480037831	65.62495482589487
1.793492499336026	147.60489758262253	65.59046997368478
1.843492499336207	149.44470141675453	65.66321999437065
1.89349249933548	151.19004099534436	65.65819165369595
1.943492499335662	152.93762972287584	65.55769814996859
1.993492499336753	154.63348802475304	65.58427398855181
2.043492499336026	156.286612496742	65.49375810114152
2.093492499335298	157.8497710110719	65.29459761396573
2.143492499336389	159.4106803764602	64.86309137118161
2.193492499336571	160.97383889079	64.73360640483966
2.293492499335116	163.91572570624822	64.27241079450019
2.393492499336389	166.6754314574464	63.65045666319654
2.493492499336753	169.27994593168197	62.692937874095264
2.593492499336207	171.81473678873203	58.41414947248903
2.693492499335662	174.23257190082487	56.35851164257357
2.793492499336026	176.52445467219482	53.942469978976675
2.893492499336389	178.66789361342697	51.58838982748712
2.993492499335844	180.61565659675028	49.68724468569815
3.093492499335298	182.5274331970095	47.07506937105252
3.193492499335662	184.42346575467863	45.915728190606
3.293492499336026	186.17780192903444	44.76848885153161
3.39349249933548	187.61275895369982	43.77687445603008
3.493492499336753	188.0423464015228	42.241768762200806
3.593492499335298	188.39771193427674	41.25520367853676
3.693492499336571	189.07470576566297	39.428099236537925
3.793492499335116	189.7539487459903	38.288360060020366
3.893492499336389	190.44893576890823	38.06727360763685
3.993492499336753	191.15741768547497	37.275567359033886
4.093492499336207	191.87489619780774	36.38657279950171
4.193492499335662	192.60586960378922	35.40455466170696
4.293492499336026	193.33459386082933	35.83518604115156
4.393492499336389	194.09930450093321	34.90146005293794
4.543492499335116	195.2418721632059	34.38802856475527
4.693492499335662	196.40243301701065	34.425347516910584
4.843492499336207	197.55849557293206	35.70757249660625
4.993492499336753	198.7392987672099	37.23423133634025
5.143492499336389	199.8683715358338	38.173251925054764
5.293492499335116	200.99744430445776	39.02418385301329
5.443492499335662	202.21423388179932	39.79392577568984
5.593492499336207	203.314067714184	40.45673657823516
5.743492499336753	204.43189473810023	41.10273530379425
5.893492499336389	205.51148623001154	41.66463222611197
6.043492499335116	206.6315624028692	42.12226318317435
6.193492499335662	207.69765900113185	42.60284094691507
6.343492499336207	208.7705030462186	43.01637182186822
6.493492499336753	209.8096098571831	43.17981879103749
6.643492499336389	210.79473709355202	43.53641120114
6.843492499335298	212.11723667114353	43.761291502232275
7.043492499336026	213.40824816355396	44.04014868207779
7.243492499336753	214.6655224218421	44.27842576114698
7.443492499336571	215.88905944600842	44.30513961495432
7.643492499336389	217.06311519346173	44.42695471712575
7.843492499336207	218.2439183877395	44.5369482543485
8.043492499336026	219.37299115636344	44.56663912974363
8.243492499335844	220.4773232866309	44.469604615510335
8.443492499335662	221.55691477854225	44.47847820461071
8.64349249933548	222.6117656320974	44.378323339320566
8.843492499335298	223.61038776211515	44.309680738984866
9.093492499335298	224.88115691405218	44.22039522145297
9.343492499336207	226.05071436362297	44.02524319563304
9.593492499335298	227.21127521742756	43.74512516725181
9.843492499335298	228.3538428796999	43.56357558585709
10.09349249933621	229.4581750099674	43.3506331807554
10.3434924993353	230.51302586352278	43.13791413311144
10.5934924993353	231.56562756813614	42.87678963444833
10.84349249933621	232.620478421691	42.57583346619831
11.14349249933639	233.77654097761268	42.311969293807984
11.44349249933566	234.88986970364613	41.997048098457775
11.74349249933675	235.98295608920617	41.6370389098433
12.04349249933512	237.05580013429315	41.32466014849288
12.34349249933621	238.07466460478418	40.979850129632695
12.64349249933639	239.02830375597253	40.666313106021605
12.94349249933566	239.95270397092148	40.277736367384975
13.24349249933675	240.86136014328025	40.01968692333999
13.5934924993353	241.90721440106924	39.63314147927152
13.94349249933566	242.90358738214567	39.1909231924787
14.29349249933512	243.85497738439227	38.87907421527897
14.64349249933548	244.79737079087334	38.50225762610577
14.99349249933584	245.67678802699265	38.093138707757724
15.34349249933621	246.56970015676086	37.79925780940211
15.74349249933584	247.50534611641706	37.44781957808787
16.14349249933548	248.41400228877583	37.04889542020036
16.54349249933512	249.29117037595384	36.68587329665653
16.94349249933566	250.16833846313148	36.378632730376076
17.3434924993353	250.97353378418202	36.080107399139834
17.74349249933675	251.76748336052506	35.730522708801125
18.19349249933566	252.6761395328837	35.36409186376936
18.64349249933639	253.52856698170527	35.01698483624795
19.09349249933621	254.311270813341	34.65787816369982
19.54349249933512	255.127711879099	34.3528280400574
20.04349249933603	255.986886774745	33.97563915737983
20.54349249933603	256.82132103203463	33.63678042772039
21.04349249933512	257.6400112467337	33.276829126659656
21.54349249933603	258.41821678048666	33.013295335653986
22.04349249933603	259.15368848435116	32.7369468502937
22.5934924993353	259.9678804011677	32.46033312998309
23.14349249933639	260.7663282753937	32.18177571983603
23.69349249933566	261.506298277141	31.947836783340247
24.24349249933675	262.18779040641016	31.743085553785228
24.8434924993353	262.9300095570989	31.383999023470636
25.44349249933657	263.672228707788	31.08144717868899
26.04349249933603	264.36271743282276	30.84185492559733
26.69349249933566	265.1049365835118	30.491378456351015
27.34349249933621	265.8134185000785	30.109214061402756
27.99349249933675	266.4836648846403	29.841377935460613
28.64349249933639	267.15391126920184	29.5011388154859
29.3434924993353	267.85789488788566	29.11816549184809
30.04349249933512	268.5303904213887	28.796892575868462
30.74349249933584	269.1938893591256	28.44917857378374
31.49349249933584	269.90237127569236	28.124792074606855
32.24349249933584	270.56587021342943	27.89706196490712
32.99349249933584	271.2338674490497	27.71177870345199
33.79349249933512	271.8816223441963	27.487294942034143
34.5934924993353	272.51138404781113	27.236697629713436
35.39349249933639	273.1119068151868	27.021730986577747
36.24349249933675	273.73042277409445	26.73313229228764
37.09349249933621	274.28821171158194	26.483180638000185
37.99349249933675	274.9269700109626	26.25368859152439
38.89349249933639	275.5094995868065	26.083898084815356
39.79349249933512	276.07403597111824	25.83665905041605
40.74349249933675	276.6273266107229	25.602009502078857
41.69349249933566	277.16037490985383	25.391165055752627
42.69349249933657	277.7136655494585	25.20552922450366
43.69349249933566	278.28045108271203	24.98452104763021
44.74349249933675	278.878724701146	24.81621372782514
45.79349249933512	279.43876278757506	24.61372428883733
46.89349249933548	280.01454491659433	24.45174121195682
47.99349249933584	280.5768321519649	24.30958045748337
49.14349249933548	281.1323719405109	24.13553633114814
50.29349249933512	281.64742704811005	24.072891290038122
51.49349249933675	282.1827244961827	24.092677484398052
52.69349249933566	282.69328130589923	23.8947809488558
53.94349249933657	283.27131258386	23.734553070104397
55.19349249933566	283.7728727978101	23.57885520189149
56.49349249933675	284.2946753522339	23.47986637583459
57.8434924993353	284.82097620454056	23.4277109372218
59.19349249933657	285.3607719504964	23.52530305952531
60.5934924993353	285.89831854751066	23.54250189734067
61.99349249933675	286.43136684664165	23.473056478253486
63.44349249933566	286.9644151457729	23.444643205995433
64.94349249933566	287.4862177001967	23.378495042338773
66.44349249933566	288.00352195673736	23.31439465440045
67.99349249933675	288.491587277039	23.306649338590166
69.5934924993353	289.04712706558496	23.27692771489395
71.24349249933584	289.6139125988384	23.186177608971246
72.89349249933639	290.09073217443256	23.24612797405729
74.59349249933621	290.5563060053192	23.336032257269213
76.3434924993353	291.0196306872647	23.620058569793517
78.14349249933639	291.49420111391726	24.017964634353348
79.99349249933675	291.9935121789259	24.50726357724862
81.8434924993353	292.5782909037114	24.179770360498544
83.74349249933675	293.1405781390819	23.78401845885728
85.69349249933566	293.66687899138844	23.85485378372294