2.461104308584816e-05	0.010161079354802049	0.005923983476272
0.002824611043085984	0.1150116373351086	0.01196504575803297
0.00562461104308612	0.2107319500979815	0.004796867084150394
0.0083246110430856	0.20572504143034603	0.0005944088572816367
0.01112461104308529	0.21205730827462882	0.030124741223509364
0.01392461104308587	0.34415133988738034	0.023970928292423963
0.01672461104308601	0.34636027018186494	0.02529299562656564
0.01942461104308593	0.4211693761565755	0.04114250625101343
0.02222461104308607	0.477128943617969	0.0278932951186257
0.02502461104308576	0.5018689629166503	0.06280011549239646
0.02782461104308545	0.6157025040946428	0.08143488008997223
0.03062461104308603	0.6797614826359932	0.020031181709250372
0.03332461104308596	0.6641517085546373	0.1014744223049065
0.03612461104308609	0.8371845816259844	0.11268509347369421
0.03892461104308578	0.8527943557073403	0.03959540542782426
0.04172461104308592	0.8906406947536142	0.1367859568508127
0.04442461104308584	1.0143407912471296	0.15766436413632806
0.04722461104308598	1.0766326255528058	0.1368325377997005
0.05002461104308612	1.1618973349215977	0.1245031533962292
0.05282461104308581	1.2056341547532359	0.06502669653258068
0.05562461104308594	1.224778217305832	0.128747075197018
0.05832461104308542	1.3094538785960657	0.24870109824943654
0.061124611043086	1.4246127779508138	0.29985797420537313
0.06392461104308614	1.540213463364481	0.17946941559760715
0.06672461104308583	1.5602410980348052	0.10687250434491204
0.06942461104308575	1.608837564514332	0.19367685043444982
0.07222461104308589	1.682174050292755	0.3084883396022452
0.07502461104308558	1.7942404472350735	0.1920157009145766
0.07782461104308527	1.7985110458045115	0.2527750073426341
0.08062461104308585	1.925745430769375	0.32822076317748117
0.08332461104308578	1.9722802289740564	0.20939464767225335
0.08612461104308591	2.027208962297973	0.24382973074012845
0.08892461104308605	2.0867028182306053	0.3875157113215124
0.09172461104308574	2.1984746911336446	0.32319833949269094
0.09442461104308611	2.22895792919816	0.3019420241264191
0.0972246110430858	2.3195240712737566	0.396257371591806
0.1000246110430859	2.385350194050782	0.43989770554758517
0.1028246110430861	2.4832794371081404	0.5442657462205615
0.1056246110430858	2.5812086801654965	0.3789327042150253
0.1083246110430861	2.616404302858367	0.25743963946581677
0.1111246110430858	2.6651480313576412	0.4367190005946812
0.113924611043086	2.754241553236844	0.4721676225118965
0.1167246110430861	2.811379216855354	0.48068680303134986
0.119424611043086	2.8919315415957896	0.5729466628857441
0.1222246110430857	2.971894818257775	0.5246008198109811
0.127824611043086	3.087937289730251	0.6368118896938161
0.133324611043086	3.2874773263359547	0.6417254299178163
0.1389246110430859	3.3968930069248704	0.5340426687160054
0.1444246110430859	3.523096557752256	0.8244844276544147
0.1500246110430858	3.737068272282092	0.9216597210006726
0.155624611043086	3.8913988688598686	0.5626786751062962
0.1611246110430861	3.9519235589298707	0.6487810454886419
0.1667246110430859	4.113911780528578	0.9859270868798595
0.1722246110430855	4.276783574245123	0.7951864625688196
0.1778246110430858	4.365140786026236	0.8847000971973515
0.1833246110430859	4.533166750430058	0.9425751641654525
0.1889246110430857	4.632863137723088	0.7981571033452682
0.1944246110430858	4.745813106783135	1.245186038047962
0.200024611043086	4.94785659772271	1.2751389917825242
0.2056246110430859	5.0627209730381795	1.272765763750129
0.2111246110430859	5.238993610541378	1.1380808210726103
0.2167246110430857	5.3177787910462495	0.6276560103194837
0.2222246110430854	5.373443834468363	1.316799588502422
0.2278246110430856	5.581525068212834	1.4317480778675773
0.2333246110430857	5.659721200639144	1.168658658436258
0.2389246110430855	5.798442023135565	1.277314746460758
0.2472246110430862	5.923467477805836	1.2745308248912965
0.2556246110430857	6.1190314398812715	1.8315659757137057
0.2639246110430858	6.3592157939062925	1.789984947548438
0.272224611043086	6.526358186192276	1.4395348204062524
0.280624611043086	6.669349607258026	1.3619328793904206
0.2889246110430853	6.803947093204543	1.3897777788428178
0.297224611043086	6.93648291087632	1.4814437375366707
0.3056246110430855	7.076087305490361	1.8669773901461109
0.3139246110430861	7.260312092054097	2.131890392838782
0.3222246110430859	7.430252462713013	1.4006387834857994
0.3306246110430858	7.487242864311883	1.2190041022587688
0.338924611043086	7.611679270903596	2.755226015066102
0.3472246110430858	7.879254360580808	2.4314352665426124
0.3556246110430853	7.956272396850004	2.2790254331127855
0.3639246110430859	8.175398282067114	2.5678138433693785
0.3750246110430854	8.302927191071147	1.8587232940438267
0.3861246110430853	8.472425775671253	2.128486660847286
0.3972246110430856	8.628670778504237	2.4638633320839802
0.4083246110430859	8.827621767031381	2.141715748745496
0.4194246110430858	8.92893803654034	2.4034396861857306
0.4306246110430859	9.14040629673641	2.505965545968695
0.4417246110430854	9.249674715305794	2.4576106216011318
0.4528246110430853	9.430659737437457	4.023979487691582
0.4639246110430856	9.704714355978593	4.003214701517192
0.4750246110430859	9.872298534323386	2.5490120115715382
0.4861246110430858	9.973909327871624	2.6492873431704425
0.5000246110430854	10.18419949191079	3.446360039468527
0.5139246110430854	10.384475838614584	3.4777948345792336
0.5278246110430859	10.577830870395541	3.247494308779446
0.5417246110430859	10.735695755444446	3.854202917094445
0.5556246110430855	10.969400580605543	3.5071192957767616
0.5694246110430853	11.083823169862095	3.7239521606093744
0.5833246110430858	11.31178477625736	4.019813361687203
0.5972246110430853	11.44697131028243	3.8921015938098735
0.6111246110430854	11.64179896225989	4.478441382549295
0.6278246110430855	11.84678769359204	4.243332188572608
0.6444246110430855	12.037933795078388	4.6489572179478
0.6611246110430856	12.258090514433087	5.8122012261971605
0.6778246110430853	12.528463582483235	5.8339214676524636
0.6944246110430853	12.732126955638739	5.471348896965441
0.7111246110430854	12.949632958639917	5.519950036714535
0.7278246110430856	13.141220846185306	5.5324849975338495
0.7472246110430857	13.373453051150005	6.915969003352309
0.7667246110430855	13.679905314010862	6.78881847445936
0.7861246110430861	13.885335831401925	5.986640976104831
0.8056246110430859	14.105345288736869	7.3272577243862145
0.8250246110430856	14.380136217376203	7.758926453107308
0.8444246110430856	14.6097177059875	7.356430797263053
0.8639246110430855	14.837090264304104	7.193802356815751
0.8861246110430857	15.065788180797552	7.259997196727704
0.9083246110430859	15.30582527280294	7.135173098326568
0.9306246110430855	15.50831054980132	8.869417464459486
0.9528246110430857	15.823304009801054	9.035318683523728
0.9750246110430859	16.02181321226927	7.635246884404976
1.000024611043086	16.261261256196107	9.75178391633582
1.025024611043086	16.580967100824083	11.596372397189482
1.050024611043086	16.899789373334222	9.294275327187266
1.075024611043086	17.07606201083753	8.913006310678643
1.100024611043086	17.343489838494992	10.700806943036458
1.127824611043086	17.61783898107541	10.92801833093779
1.155624611043086	17.899698486657112	12.053128769179823
1.183324611043086	18.201438364889714	10.424068210962627
1.211124611043086	18.38757755770854	11.391451789457737
1.241724611043086	18.739386522616957	13.3835447515073
1.272224611043086	19.013441141158104	12.19774348612938
1.302824611043086	19.280574444776292	13.54061354762941
1.333324611043086	19.584965039362295	13.607488044005208
1.366724611043086	19.854012749235803	14.37591705823074
1.400024611043086	20.187266699670165	16.396659585741375
1.433324611043086	20.512568501044353	15.451861043623802
1.466724611043086	20.78308883111424	16.75291790599467
1.502824611043086	21.1561035268501	17.094406377675547
1.538924611043086	21.43560684011779	16.62691787274432
1.575024611043086	21.756196256863483	20.90796922251608
1.613924611043086	22.189588380649944	21.112338278873477
1.652824611043086	22.51209220365097	20.109328183519235
1.691724611043086	22.87052795944305	21.52873385969485
1.733324611043086	23.234265147941837	23.95517256896893
1.775024611043086	23.66117774286424	27.214663891598644
1.816724611043086	24.09545343876851	27.4303881580421
1.861124611043086	24.51721186300365	26.961866739568315
1.905624611043086	24.92542218143249	29.007549892637158
1.950024611043086	25.367502764377228	29.434927974371647
1.997224611043086	25.77600760684525	35.711870539632464
2.044424611043086	26.374627716662232	34.97247061920607
2.091724611043086	26.73762859506305	31.171926708506057
2.141724611043085	27.210339678091938	41.09801243206385
2.191724611043085	27.81175776628209	39.36897166864082
2.244424611043086	28.224385945299883	37.14867840448275
2.297224611043085	28.746429804906718	47.75288110313995
2.352824611043086	29.41043425144172	53.19514874026455
2.408324611043086	30.039390337303594	51.6537695742093
2.463924611043086	30.61076697348817	50.853515245545914
2.522224611043086	31.195249929420182	56.71598108591941
2.580624611043086	31.868384621172726	62.537623545766515
2.641724611043085	32.55683456296712	60.94293070732102
2.702824611043086	33.16767742041389	65.26429479721894
2.766724611043085	33.913706811885824	78.30454265527621
2.830624611043085	34.753100323806414	75.90007845009885
2.897224611043086	35.41872465255743	71.74624909413053
2.966724611043086	36.16931916663797	84.74213617789955
3.036124611043086	37.04228841903541	90.74463565189373
3.108324611043086	37.86931192130656	91.71275287220291
3.180624611043085	38.71489043805189	96.29235682484702
3.255624611043086	39.580938375526486	101.63454717394353
3.333324611043086	40.50309314248196	109.62285287801495
3.411124611043085	41.45470031336462	124.37767184771748
3.491724611043085	42.57227178037604	124.99219373993199
3.575024611043085	43.51342334786448	121.27317015747897
3.658324611043085	44.50523305010752	139.5989679845215
3.744424611043086	45.67596610620724	147.90330170070519
3.833324611043085	46.7692393399789	146.13076284742917
3.922224611043085	47.844841131394354	152.76844035883423
4.013924611043085	48.96918665130907	162.35725416231074
4.108324611043085	50.146251974252955	173.25765907743377
4.205624611043086	51.3851673454439	178.80479205725138
4.302824611043086	52.56458886070213	188.61310981038298
4.402824611043085	53.85313153251003	199.81397731702745
4.505624611043085	55.13578372353259	204.71544384970107
4.611124611043086	56.437432715087986	208.6767946942217
4.719424611043085	57.719201333992594	211.9659807234081
4.830624611043085	59.00980567407542	227.26435143759485
4.944424611043086	60.41630522361115	244.74637704586294
5.061124611043086	61.85328801121135	246.5888464649905
5.180624611043085	63.221499435641825	253.61943433892586
5.302824611043086	64.66864330259686	280.01956760731264
5.427824611043086	66.25568608820527	289.10530820690786
5.555624611043086	67.7334604552444	294.83016767605613
5.686124611043086	69.30018108214317	301.1537286844447
5.819424611043086	70.77103413425952	301.84002996330014
5.955624611043087	72.26765803981189	326.7097333909097
6.094424611043085	73.89843764525193	332.4816075454303
6.236124611043087	75.37621201229099	334.45410384482176
6.380624611043086	76.94057644687561	345.5885275157724
6.527824611043084	78.44147095099757	354.76027466551955
6.680624611043086	80.03057540488079	369.1887846951959
6.836124611043086	81.59921043803489	376.22318155342674
6.994424611043085	83.15915701203039	374.55854818201016
7.158324611043085	84.65533913152393	389.8229370930742
7.325024611043084	86.27183432105944	401.2975517800396
7.494424611043085	87.77405418335796	395.28271151952487
7.669424611043086	89.2764213076762	416.3463665721408
7.847224611043085	90.86788195387375	433.3464016913301
8.030624611043086	92.42944841008512	436.1449088114509
8.216724611043086	93.96863103931217	445.6000351676763
8.408324611043085	95.52253987050278	443.5930348072221
8.602824611043086	96.9783721966162	455.1162284704021
8.802824611043086	98.53257555184602	474.85356855823954
9.008324611043086	100.06439508009129	472.7180544239006
9.216724611043084	101.5292103894025	484.6581092447369
9.430624611043084	103.05631753301932	504.02240321297245
9.650024611043087	104.58047943624354	502.7729459101013
9.875024611043086	106.03955152678898	495.82127108904746
10.10282461104309	107.44398940804982	507.6685574858617
10.33612461104309	108.89010244086741	525.2300512075415
10.57502461104308	110.33091404097806	533.7449953870749
10.81942461104309	111.75935563143943	531.1144780621543
11.06942461104309	113.12285467124154	548.1370577171664
11.32502461104308	114.57147115839297	554.0800432494462
11.58892461104308	115.91700423179958	568.4206136127768
11.85832461104308	117.37784346658071	585.2572707586637
12.13332461104309	118.7400171482063	576.2951384154806
12.41392461104308	120.08613926969161	568.7868130918416
12.70282461104308	121.35863038135912	598.8203723151278
12.99722461104308	122.7780889886228	603.8464883723822
13.29722461104309	124.0102303069104	594.5005740871261
13.60562461104309	125.32498561821332	620.646895600178
13.91942461104309	126.61028852558927	627.5146436613956
14.24172461104309	127.89235166853324	641.6580699828455
14.57222461104309	129.18398684275354	640.1376932229291
14.90832461104309	130.39934029080274	740.5231674355076
15.25282461104309	132.0028764226103	676.6398680192747
15.60562461104309	132.94240810788284	555.1972441725482
15.96672461104309	134.0290545507709	643.313135834621
16.33612461104309	135.23851751803474	705.2120408907648
16.71392461104309	136.49083373301227	706.7639635966478
17.10002461104309	137.65155297177688	691.9627972959545
17.49442461104308	138.79548434030303	676.7839735443308
17.90002461104309	139.86018874226545	546.1136289109473
18.31391350104309	140.54799941963273	524.1988969709417
18.73891350104308	141.49150835753147	614.5157971750106
19.17224683104309	142.42310011649136	636.6694783068996
19.61669128104309	143.38861692143848	667.7845046900951
20.06946905104309	144.3664424750349	683.1533736720959