0.1035803804370516	0.8105134856261168	2.26317421569233
0.2035803804374154	2.595065107487129	0.6235588823732588
0.3035803804377792	2.3675525501183943	1.1648390615900146
0.5035803804366878	4.06678696296613	2.619523438704462
0.6035803804370516	3.035870687389052	2.4440035041147565
0.8035803804377792	4.9697274250232955	0.538636701640994
1.003580380436688	4.827532076667837	0.6091477431089934
2.503580380436688	3.5264446392153856	0.22931197896119793
3.003580380436688	3.5264446392153856	0.4460376768793184
3.503580380436688	3.9174818471928985	1.5336810092378432
4.003580380436688	3.9174818471928985	1.76910432984878
4.503580380436688	4.2729702180815465	1.6927793342015949
5.003580380436688	4.592909751881329	1.6094028480578264
5.503580380436688	4.671117193476832	1.9099662521855687
6.003580380436688	4.962617657605524	1.6426401681044382
9.003580380436688	5.232788819480896	0.9186739185157152
12.00358038043669	5.51006974877404	0.8599138585991769
15.00358038043669	5.837119049991597	1.107469595575143
18.00358038043669	5.858448352244915	0.8881039452641093
21.00358038043669	6.171278118626924	0.9525306639529456
24.00358038043669	6.185497653462471	0.8405251325126185
27.00358038043669	6.199717188298017	0.9430962868834717
30.00358038043669	6.4627785827556155	1.025104114217467
34.90358038043814	6.498327419844482	1.317869301849308
37.90358038043814	6.512546954680028	1.4399193147796276
40.90358038043814	6.860925558150903	1.5446011183857176
43.90358038043814	6.882254860404221	1.8665838946004867
46.90358038043814	7.038669743595226	2.016849750642612
49.90358038043814	7.059999045848544	2.3734691151788216
52.90358038043814	7.081328348101864	2.518766130398172
55.90358038043814	7.301731138052824	2.79753155010447
58.90358038043814	7.323060440306144	2.722381767919564
61.90358038043814	7.642999974105927	2.7137740336434857
64.90358038043814	7.557682765092651	3.039965566563455
67.90358038043814	7.870512531474662	3.2748303639224674
70.90358038043814	7.998488344994573	3.551573638248243
73.90358038043814	7.913171135981298	3.6076352556532454
76.90358038043814	8.14779346076781	3.7760671525041882
79.90358038043814	8.339757181047679	3.655787174908516
82.90358038043814	8.368196250718768	4.0038242903397
85.90358038043814	8.659696714847462	4.556578554816523
88.90358038043814	8.581489273251956	4.11250030538506
91.90358038043814	8.766343226114055	4.759768548498561
94.30358038043778	9.00096555090056	4.848811878325996
97.40358038043814	9.114721829584932	4.721700307369871
100.4035803804381	9.150270666673793	5.185795333560658
103.4035803804381	9.335124619535891	5.02685994607299
106.4035803804381	9.363563689206984	5.49316880396386
109.4035803804381	9.434661363384713	5.341716867812234
112.4035803804381	9.662173920753444	5.8046039408671035
115.4035803804381	9.591076246575719	5.536259283633578
118.4035803804381	9.818588803944452	5.841109944141813
121.4035803804381	10.117199035490916	6.178182615711999
124.4035803804381	10.230955314175283	5.799638121591274
127.4035803804381	10.152747872579777	6.451175112608972
130.4035803804381	10.337601825441876	6.598192769300348
136.4035803804381	10.607772987317253	6.725809496440071
142.4035803804381	10.835285544685984	7.171237780135063
148.4035803804381	11.25476182233459	7.6369664264215595
154.4035803804381	11.29742042684123	8.341309576841853
160.4035803804381	11.453835310032233	9.163420130941914
166.4035803804381	11.873311587680837	9.179468623423316
172.4035803804381	11.915970192187471	10.040281347752751
178.4035803804381	12.264348795658348	10.171032482283854
184.4035803804381	12.31411716758276	11.207915048271525
190.4035803804381	12.66249577105363	11.624343727142902
196.4035803804381	13.089081816120013	12.094808662384166
202.4035803804381	13.20283809480438	12.54824417397993
208.4035803804381	13.49433855893307	12.596075092688112
214.4035803804381	13.728960883719576	12.419101166363685
220.4035803804381	13.970692975923859	12.52253843602006
226.4035803804381	14.397279020990238	13.466904052567074
232.4035803804381	14.759877159296659	13.77521964577853
238.4035803804381	15.115365530185304	14.24934237554294
244.4035803804381	15.357097622389583	14.56622785552026
251.5035803804367	15.541951575251677	14.868332218873467
257.5035803804367	16.02541575966024	15.234237437592617
263.5035803804367	16.267147851864525	15.440596177511349
272.5035803804367	16.629745990170942	15.871163736943933
281.5035803804367	17.475808312885928	14.963728522273696
290.5035803804367	17.760199009596843	15.174771183498434
299.5035803804367	18.122797147903263	14.937695449878088
308.5035803804367	18.592041797476274	13.83505690657531
317.5035803804367	18.755566448085055	14.984234561141648
330.0035803804367	18.8764324941872	21.55174284847928
339.0035803804367	19.409665050520168	17.12871012127158
348.0035803804367	19.736714351737724	19.33934672265333