0.4166666668026968	1.9158617932136865	3.9427988342063824
0.7000000001864768	4.938942414972953	7.714700762433977
0.8833333332442939	6.929448174156	8.574841425444015
1.133333333535332	9.069241865277794	9.371642007607415
1.333333333488766	10.674087133619128	10.331442848893152
1.549999999988571	12.291373062955358	10.603052744654798
2.00000000005842	14.928793193872908	10.137849486243626
2.216666666732848	15.961368056449118	10.03693773841161
2.466666666849263	17.031264902010015	9.875115420563649
2.716666666791055	17.939433154637282	9.656072060718618
2.93333333329086	18.69831347532582	9.2172606739492
3.150000000139911	19.357668508055195	8.844640399006932
3.39999999990708	20.004582879789698	8.242482457206043
3.633333333302502	20.514649980580366	7.746295282789236
3.850000000151552	20.96251377639654	7.4027248587798296
4.050000000104986	21.323292945248475	7.025553087397212
4.283333333500408	21.72139409708508	6.719956117499267
4.566666666709565	22.10705458792681	6.036276974432203
4.81666666682598	22.455393095783826	5.8814611159549335
5.083333333488766	22.70420631568169	5.606834169994743
5.299999999988571	22.99034151856428	5.455704843010652
5.716666666791055	23.36356134841109	5.2955945347935
5.93333333329086	23.56261192432942	4.787245373701801
6.150000000139911	23.73678117825794	4.743671941012688
6.39999999990708	23.923391093181344	4.6222099562109635
6.650000000198118	24.072679025120046	4.425108953935722
6.866666666697923	24.234407618053684	4.371947815209081
7.083333333197728	24.358814228002633	4.2340276558947565
7.283333333500408	24.470780176956684	4.031851223638811
7.500000000000212	24.59518678690562	4.247419011465786
7.733333333395634	24.732034057849457	4.020891720821113
7.916666666802697	24.819118684813724	3.9960427506792042
8.133333333302502	24.893762650783078	3.863010739571159
8.33333333343056	25.030609921726896	3.757800154032432
8.550000000104987	25.105253887696275	3.7805848946124545
8.783333333500408	25.21721983665033	3.455083749628865
9.016666666546584	25.29186380261969	3.7384521875382517
9.28333333320937	25.391389090578848	3.4832767205730217
9.56666666659315	25.51579570052777	3.3067761095146593
9.816666666709565	25.553117683512454	3.130506742350436
10.26666666660479	25.75216825943078	3.200161734213387
10.73333333339564	25.851693547389917	2.997591874412681
11.15000000019812	25.96365949634396	3.0909457677400205
11.63333333353533	26.088066106292903	2.676357643056829
12.08333333343056	26.212472716241848	2.756447902916343
12.50000000005842	26.299557343206114	2.7289990562329303
12.96666666684926	26.374201309175465	2.8231710356847595
13.43333333329086	26.47372659713462	2.7208962166187765
13.94999999989544	26.57325188509378	2.804147176062097
14.40000000013991	26.685217834047815	2.8768936919499413
14.85000000003514	26.75986180001718	2.9283835945159287
15.28333333320937	26.85938708797633	2.8140855982454087
15.73333333345384	26.94647171494061	2.847274558496214
16.13333333353533	26.996234358920187	2.839141621666631
16.56666666670957	27.08331898588445	2.8793689962629765
17.21666666673285	27.170403612848684	2.7458227227169187
17.68333333352369	27.24504757881805	2.7544863787184313
18.11666666669792	27.33213220578233	2.8806860850449114
18.55000000004678	27.39433551075678	2.8600197206038125
18.99999999994201	27.456538815731257	2.9695202318404106
19.46666666673285	27.518742120705717	3.1082061278480264
19.93333333352369	27.593386086675082	3.111484689917562
20.41666666668628	27.668030052644443	2.976349068880738
20.90000000019812	27.74267401861383	3.2051049608307096
21.56666666659315	27.854639967567884	3.305414894557529
22.19999999989544	27.941724594532143	3.318142549075659
22.86666666663972	28.01636856050151	3.264176037997487
23.48333333339564	28.14077517045044	3.3311471167628333
24.18333333340728	28.227859797414702	3.36958359240135
24.83333333343056	28.314944424378947	3.349670454842301
25.45000000018648	28.377147729353414	3.530381523308933
26.10000000003514	28.47667301731258	3.408088981188258
26.71666666679106	28.55131698328193	3.460236804890569
27.38333333353533	28.650842271241086	3.60812449077803
28.03333333320937	28.71304557621557	3.4863846237995237
28.89999999990708	28.837452186164516	3.496750729029218
29.73333333333743	28.936977474123672	3.655840979542397
30.60000000003514	29.061384084072593	3.533489275345345
31.33333333348877	29.111146728052187	3.6583868654626617
32.06666666659315	29.185790694021556	3.6284251921368447
32.98333333345384	29.310197303970455	3.6771632100041987
33.90000000013991	29.39728193093475	3.5959740724653875
34.73333333339564	29.484366557899012	3.8908892174900473
35.61666666663972	29.583891845858126	3.9763734222205622
36.55000000004678	29.683417133817297	3.9764738105070503
37.5333333334422	29.782942421776458	4.041799060198654
38.46666666684926	29.894908370730484	4.145416169833441
39.44999999989544	29.99443365868964	4.210482959844185
40.56666666670957	30.1188402686386	4.293587237980983
41.56666666682598	30.20592489560283	4.229888774331593
42.53333333350041	30.30545018356201	4.224778557053564
43.66666666668628	30.41741613251606	4.034360191611011
44.85000000003514	30.54182274246501	3.889842746926564
46.01666666683762	30.653788691419035	3.7428242086863026
47.29999999998857	30.740873318383297	3.5754704639549897
48.65000000019812	30.82795794534756	3.5548475076402903
49.83333333319773	30.902601911316925	3.308106222730272
51.16666666668628	30.98968653828117	3.1985215711696666
52.41666666674449	31.03944918226075	3.1598162583865324
53.78333333350041	31.163855792209684	3.074788657706684
55.11666666663972	31.21361843618927	3.223747252101051
56.45000000012827	31.275821741163757	3.1474516559558965
57.79999999998857	31.36290636812802	3.24828183711089
59.18333333329086	31.43755033409737	3.319171309113299
60.58333333348877	31.487312978076925	3.0855139760629138
61.98333333333743	31.586838266036107	3.196402794266092
63.61666666675613	31.64904157101058	3.359006453530241
65.33333333343056	31.761007519964615	3.180410383250477
66.85000000015155	31.823210824939068	3.177160912885054
68.41666666668628	31.88541412991355	3.2671794136844827
70.14999999990708	31.960058095882932	3.1935968348899273
71.81666666659315	32.05958338384207	3.2209076188896537
73.6333333332443	32.10934602782162	3.2028411602769844
75.44999999989544	32.183989993791016	3.2006538663469852
77.35000000015155	32.258633959760374	3.369167521327423
79.28333333350041	32.34571858672463	3.4186566939600893
81.23333333339563	32.407921891699125	3.417792391671852
83.18333333329086	32.507447179658264	3.4801328884958913
85.1666666668027	32.569650484632724	3.6471238364059033
87.16666666668628	32.66917577259188	3.625714375170305
89.40000000013991	32.75626039955616	3.6940913036704757
91.61666666669792	32.85578568751529	3.7624451953489433
93.81666666670957	32.91798899248976	3.7274766506183044
96.11666666669792	33.02995494144381	3.8216167829181003
98.33333333343056	33.09215824641826	3.827998082902483
100.7333333333956	33.19168353437743	3.901804964804683
103.1166666666397	33.2663275003468	3.8638368910094747
105.5333333335004	33.353412127311046	4.043711755455592
108.1166666666979	33.44049675427531	4.110940205105147
110.6999999998954	33.54002204223448	4.096845241690843
113.4166666666863	33.63954733019361	4.052535919818878
116.1333333333025	33.72663195715786	4.1090079831632655
118.8500000000934	33.826157245117045	4.231780592367494
121.7166666668493	33.95056385506597	4.184475725381582
124.6666666666863	34.01276716004042	4.353787834042598
127.6666666666863	34.09985178700471	4.207130412702972
130.7166666668493	34.18693641396895	4.393870301307574
133.7333333333956	34.298902362923	4.457406837650322
136.9499999998954	34.373546328892374	4.230299966659589
140.2999999999886	34.51039359983621	4.465550464318064
143.6166666666397	34.572596904810666	4.477951602072101
146.9833333334538	34.69700351475961	4.707602747469232
150.3999999999071	34.80896946371367	4.4874030159161125
154.1000000000933	34.883613429683045	4.662986350994774
157.7833333332094	34.99557937863708	4.626769753606726
161.550000000105	35.08266400560133	4.874120662688639
165.4333333335237	35.21951127654517	4.708462698306761
169.2500000000584	35.28171458151963	4.784308817602164
173.3500000001515	35.39368053047371	4.972000891741809
177.4833333333374	35.518087140422644	4.863109530366361
181.6000000001515	35.63005308937668	4.9305121246162065
185.8333333334888	35.71713771634092	4.960838930400706
190.1666666668027	35.841544326289856	5.309476148727614
194.7500000000584	35.95351027524393	5.337585772293786
199.3833333333025	36.04059490220817	5.304311950030208
204.1166666666979	36.14012019016733	5.3713656631671425
208.8500000000933	36.27696746111116	5.485229161911871
213.7666666665466	36.413814732055016	5.561806757126189
218.7833333335004	36.52578068100904	5.582739286638233
223.8999999999071	36.63774662996309	5.785515807595212
229.1833333335237	36.76215323991205	5.925504884162829
234.6000000000351	36.87411918886609	5.866151264565953
240.0166666665466	37.01096645980991	5.84535919762514
245.6999999998954	37.12293240876397	5.971772349362664
251.4166666666863	37.24733901871292	6.216477303526802
257.2999999999886	37.37174562866184	6.179555669732017
263.4333333334073	37.49615223861079	6.204297812250816
269.9833333334539	37.6329995095546	6.707052834714263
276.3999999999071	37.76984678049846	6.354614875802769
282.9500000001283	37.9315753734321	6.609934421860132
289.5499999999886	38.043541322386126	6.87858266514231
296.3166666667096	38.15550727134017	6.851994272046431
303.316666666826	38.39187983024316	6.882788685448283
310.4333333332909	38.42920181322784	7.018166302229059
317.6833333335237	38.60337106715634	6.8128556677713945
327.0000000000002	38.81486230406958	7.11096829785286
334.6166666666979	38.9268282530236	7.228621815825336
342.3666666666397	39.05123486297257	6.927065125654024
350.2666666665466	39.21296345590616	7.356812945161546
358.4666666667329	39.32492940486021	7.285903716129035
366.8666666666979	39.48665799779383	7.2643541861057175
376.8666666666397	39.64838659072744	7.346415406812482
385.6000000001516	39.81011518366109	6.640480494419624
394.5333333334422	39.934521793610024	6.986478120357518