0.09116931445714727	22.440704357788675	17.169963438938375
0.1245033144568879	30.218645551349866	32.72633571989425
0.157836314458109	39.39262747196058	41.15890313425702
0.1911693144575111	46.94801144816609	45.60022670213397
0.2245033144572517	55.220203085465315	49.73473018445144
0.2578363144566538	61.983630210301165	53.14847544181979
0.3078363144559262	72.30797281282838	48.43903165668713
0.3578363144551986	80.47611172513011	48.97298639562084
0.407836314458109	84.53416800003164	42.363519887641345
0.5745033144576155	98.63042188371732	37.43194197160668
0.7411693144567835	107.48646492239122	26.669068823797325
0.907836314458109	111.6023282667357	25.710826700535865
1.074503314455797	116.55350376453222	34.75615504919345
1.574503314457616	133.9331991925827	47.362311653687016
2.074503314457616	147.38779460545047	60.97551340307556
2.574503314455797	162.61706705021967	70.24133798650692
3.074503314457616	174.28253366382543	74.03257452796139
3.574503314457616	185.48843407535927	74.52176838645451
4.074503314455797	196.21164545704323	77.14916040854273
4.574503314457616	204.68038113044886	78.22247006089067
5.074503314457616	212.91499817260998	76.9365014241194
5.574503314455797	219.5483593911991	77.94695815339435
6.074503314457616	226.78291413199574	77.4430138921927
7.074503314455797	238.535091349766	76.90435680797134
8.074503314457615	248.34495103425016	71.08084232957117
9.074503314457615	256.58534878335576	68.59810511106626
10.0745033144558	262.9470167755626	65.65010507027013
11.07450331445762	268.66124559000724	64.78505757027696
12.07450331445762	274.3321191023697	61.99190379544036
13.0745033144558	279.37000520433054	61.534670807638825
14.07450331445762	283.7922460167232	61.409520957154385
15.07450331445762	287.5843897721869	59.555866051487946
16.0745033144558	291.35341069987305	57.66057447867045
17.07450331445762	294.52990916576823	57.646401375515296
18.07450331445762	297.98099121151785	55.8557845224541
19.0745033144558	300.8366604420041	55.67834546122637
20.07450331445762	303.3715004370813	54.40538792975529
21.07450331445762	306.1838143654854	54.10203760228706
22.0745033144558	308.40071547862607	53.89623280597562
23.07450331445762	310.606055177878	52.452755761901656
24.07450331445762	312.83740805837937	50.07891984753302
25.0745033144558	314.7363702895835	50.011090696773095
26.07450331445762	316.6266614603708	48.95632348393174
27.07450331445762	318.51406227768615	48.2771085457507
28.0745033144558	320.42458592277865	48.701962449938414
29.07450331445762	322.00271891857363	48.36438938181248
30.07450331445762	322.82068895119255	47.50063195694577
31.0745033144558	324.3901508865711	47.48655009156181
32.07450331445762	325.95961282194963	47.8111070165461
33.07450331445762	327.2140262288639	47.6008522502147
34.0745033144558	328.50312387744356	47.072520561865154
35.07450331445762	330.0754761662944	46.649994814068194
36.07450331445762	331.32988957320833	46.71119402906269
39.07450331445762	334.7896426793745	47.215638177671366
42.07450331445762	338.2522861390124	45.87162078200542
45.07450331445762	341.39410036324193	46.26139341115817
48.07450331445762	344.21219499859006	45.7613393508476
51.07450331445762	346.4579996464521	46.22520503332913
54.07450331445762	348.3858654123777	44.42305753344561
57.07450331445762	351.20396004772596	44.091179696811416
60.07450331445762	353.4150804539223	43.500369730271146
63.07450331445762	355.59151661845294	42.855198358785394
66.07450331445762	357.48180778924024	42.880401599984424
69.07450331445762	358.7651247308758	45.038830245665814
72.07450331445762	360.6554159016634	43.300145747070324
75.07450331445762	362.2248778370419	42.2856406295945
78.07450331445762	363.5081947786774	42.446782949047545
81.07450331445762	365.07765671405576	41.38100622937102
84.07450331445762	366.36097365569157	41.65264666931457
87.07450331445762	368.251264826479	42.78956816203667
90.07450331445762	369.46521328478264	41.211427520568314
93.07450331445762	370.7485302264183	40.79178717887318
96.07450331445762	371.711017932645	40.895070216543076
99.07450331445762	372.9596506326147	40.959374093390586
102.0745033144576	373.92213833884125	40.811853720957075
105.0745033144576	375.20545528047694	41.967449908721335
108.0745033144576	376.16794298670345	42.196861933862955
111.0745033144576	377.41657568667307	41.57417488832315
114.0745033144576	377.9975367345758	41.83041276520887
117.0745033144576	378.92823055260857	41.63980680951967
120.0745033144576	379.8907182588351	42.48834623643932
123.0745033144576	380.82141207686817	42.70820381368641
126.0745033144576	381.5006451428238	41.887047751579
129.0745033144576	382.466023202523	42.54144111279943
132.0745033144576	383.7146559024926	43.0905013813499
138.0745033144576	385.5384689434206	41.952392794884034
144.0745033144576	387.43165046768013	43.14108770592023
150.0745033144576	389.0415773516688	44.2197446179779
156.0745033144576	390.61392964051925	43.66809014952593
162.0745033144576	391.8654526939615	44.51012586924775
168.0745033144576	393.75863421822083	43.064090269682865
174.0745033144576	394.4378672841766	43.7942890195356
180.0745033144576	396.0102195730273	43.12630027971151
186.0745033144576	397.54788762021235	42.928567364619546
192.0745033144576	398.83409491531995	42.81873386750179
198.0745033144576	399.7994729750188	43.12523919784673
204.0745033144576	401.0856802701263	43.321980757370014
210.0814473145329	402.05105832982537	43.46203584088732
216.0811693145315	403.62341061867613	40.01943149014681
222.0811693145315	404.58878867837484	40.460130624133676
228.0811693145315	405.5541667380736	39.58226286505949
234.0811693145315	406.48197020263444	42.21535737480014