3.333332790589338e-05	0.12329623031933029	13.469856362972196
0.01669999987427673	44.792269643687106	0.9010531305771433
0.03336666659527054	44.93164799100457	5.4471070395564904
0.05003333331626436	48.382155538056914	9.254165415986414
0.06670000003725818	51.1929522089596	10.691806839106933
0.08336666658362901	53.735713596559535	12.347230116436295
0.1000333331299999	56.126588323621135	13.953886208425624
0.1167000000256167	58.38523231092	15.333660206945169
0.1333666665719875	60.50985865656747	16.879560249766868
0.1500333332929813	62.59696006255242	18.365153506155757
0.1667000000139751	64.59114257032581	19.44476136521169
0.1833666667349689	66.47275025911196	20.527827589963724
0.2000333332813398	68.2953901855714	21.66672497482852
0.2166999998277106	70.06799685914781	22.725739488933897
0.2333666667233274	71.8084392987277	23.797530054727307
0.2500333330950753	73.46489734953956	24.917402550837096
0.2666999999906921	75.09991257768701	25.760653971202675
0.2833666667116859	76.70991117939295	26.784212743530617
0.3000333330834337	78.24664680366273	27.319460828558828
0.3166999999790505	79.77087411471177	28.114810300449925
0.3333666665254214	81.17895280299611	28.398767229854144
0.3500333332464152	82.63527784227512	29.13163151606254
0.9167000000139751	115.23908970323625	35.310471717224395
0.9500333332813398	116.491707927205	34.24169290103867
0.9833666667233274	117.62281682274309	34.69370300259395
1.016699999990692	118.90581237881948	34.329661985840396
1.050033333083434	119.89039531948545	44.41970963983397
1.083366666525421	120.98755307913834	45.729426810529986
1.116699999792786	122.04003829157443	47.716842871759276
1.150033333409397	122.96386656802505	48.55434426267767
1.683366666734969	123.33732906276028	38.01115457910852
1.833366666525421	125.16175589110853	22.51943839591433
2.250033333327906	142.48934350569482	62.93326823212414
2.316700000037258	144.09576830362326	58.72377605101624
2.383366666571988	145.59319208634204	55.24236103386239
2.45003333328134	146.94766371796578	52.39072260063021
2.516699999990692	148.1770522173817	46.77686978034025
2.583366666525421	149.33853844502752	44.96516429208444
2.650033333409397	150.45535212545607	43.157156938246196
2.716699999944126	151.49890282844865	41.7282510623921
2.783366666478855	152.49420718044644	40.57666125106313
2.850033333188208	153.43769137767265	39.320519754441015
2.916700000072183	154.32756851823814	38.212565109546276
3.000033333327906	155.37647992689676	36.95275301639104
3.083366666583629	156.37714498456072	36.13970621493105
3.166700000013975	157.28489114401316	35.42685686344799
3.250033333095075	158.1515385600258	34.720355214936916
3.333366666525421	158.9967431533742	33.96917114126599
3.416699999781145	159.87053817694166	33.4211653352475
3.500033333386114	160.66392261551812	33.11994445637292
3.583366666641837	161.4644546616494	32.79673136211685
3.666700000072183	162.216740356786	32.59626787541723
3.766699999874277	163.0512235388023	32.40582685337551
3.866700000025617	163.871411505709	31.895103615904887
3.966699999827711	164.6826649631725	31.569426892645918
4.066699999979051	165.46175418663935	31.476103274585547
4.166699999781145	166.226548194997	31.586356728851367
4.266699999932484	166.9377351466939	31.431570368927414
4.366700000083824	167.65606970594555	31.452322299869298
4.483366666432289	168.48697908418447	31.810868821954156
4.60003333313	169.31252775675748	31.787184114254973
4.716699999827711	170.11127290099995	31.916938511161508
4.833366666525421	170.8421157734725	31.984585278793976
4.950033333223132	171.63550021204892	31.975576633598653
5.066699999920843	172.41995014118197	31.516095552099202
5.200033333339547	173.22584289297933	31.745313361869567
5.333366666583629	174.0531784674408	31.531315549633256
5.466699999827711	174.8126117701323	31.51335143722619
5.600033333246415	175.55596295582555	30.92122562560865
5.733366666490497	176.1813786168657	30.514464427766022
5.866700000083824	176.98012376110808	29.99605785739942
6.016699999874277	177.73419635813346	29.40726554794639
6.166700000013975	178.46682613249476	29.111535255281908
6.316699999979051	179.1226191256426	28.453010048687265
6.466699999944126	179.8070025490091	28.675840889084043
9.191422222252754	188.0589154709602	25.36157119728028
9.441700000037258	188.7808238339892	24.78480487932805
9.775033333409397	189.5009452951295	25.397660073452773
10.10836666643229	190.59095544722788	24.057706106398033
10.44169999997905	191.32537212347785	25.02479217446783
10.77503333317657	192.04728048650685	24.330715710656623
11.10808888888062	192.76740194764724	24.62603474335098
11.6080888887642	193.85562519785685	23.55487077896974
12.10808888882241	194.76694516108674	24.457175961967202
12.60808888888062	195.6782651243167	24.030805885147643
13.1080888887642	196.57528987243677	24.23719350493808
13.60808888882241	197.66351312264638	24.082049195160252
14.10808888888062	198.39792979889623	24.174210241867844
14.6080888887642	199.29316764512774	24.260734852156634
15.3580888887642	200.37960399344894	22.776881759811328
15.85808888882241	201.11402066969865	23.52819304861198
16.35808888888062	201.83235522895038	22.712897994441956
16.8580888887642	202.55068978820205	23.196344647607535
17.35808888882241	203.0939079623626	23.277694599572758
17.85808888888062	203.8265377367236	22.988575819924353
18.3580888887642	204.36975591088427	22.906963175250805
18.85808888882241	205.08809047013577	22.097175667305375
19.35808888888062	205.6295217424076	22.69355495096953
19.8580888887642	206.17273991656825	21.98187820672175
20.35808888882241	206.71417118884	22.102682924041883
20.85808888888062	207.2556024611117	22.008226553849724
21.3580888887642	207.6219173482923	21.37935200708553
21.85808888882241	208.16334862056416	21.567183252398983
22.8580888887642	209.05679956490698	21.702540393718362
23.85808888888062	209.96454572435934	21.930750959781662
24.85808888882241	210.87050498192318	21.462150407071903
25.8580888887642	211.76216902437736	21.46450595066567
26.85808888888062	212.4930118968498	21.602065327494362
27.85808888882241	213.20955955421292	21.727823224250656
28.8580888887642	213.92432030968718	21.691517579598113
29.85808888888062	214.65516318215967	21.74083174644846
30.85808888882241	215.37171083952273	22.3733125724249
31.8580888887642	216.08647159499694	22.304456766461882
32.85808888888062	216.81731446746957	22.16945770521291
33.85808888882241	217.3569588378527	23.005849125087824
34.85836666643229	218.0717195933269	22.81117439766896
35.85808888888062	218.6131508655988	22.775825907227677
36.85808888882241	219.15279523598178	22.457455800305535
37.8580888887642	219.8675559914561	23.24816461950394
38.85808888888062	220.40720036183936	23.006141884171235
39.85808888882241	220.94863163411114	23.366439246125843
40.8580888887642	221.4882760044942	24.043741249178964
41.85808888888062	222.02792037487728	24.585066139069486
42.85808888882241	222.56756474526043	24.160738242185463
43.8580888887642	223.10720911564354	23.712205963949103
45.3580888887642	223.8362650862273	24.101583129672935
46.8580888887642	224.726142226793	24.669001390505354
48.3580888887642	225.45698509926535	24.98240833966056
49.8580888887642	225.99662946964835	25.57401022100756
51.3580888887642	226.70960332323406	24.528889918028018
52.8580888887642	227.44044619570653	24.546423515259526
54.3580888887642	228.15520695118093	25.034695565610374
55.8580888887642	228.8699677066553	25.928746610932556
57.3580888887642	229.2344956919471	24.846709517972567
58.85836666643229	229.9492564474215	25.519139114915696
60.3580888887642	230.4889008178045	25.714417048527803
61.8580888887642	231.21795678838836	25.610178205135107
63.3580888887642	231.75938806066014	24.842781133348595
64.8580888887642	232.10962083084263	26.108340793609027
66.3580888887642	232.83867680142643	26.83588126612969
68.35808888882241	233.55343755690072	26.68718175018677
70.35808888888062	234.26819831237506	25.523742311379195
72.3580888887642	234.80784268275823	27.17183733733951
74.35808888882241	235.71380194032187	27.18922757981549
76.35808888888062	236.25344631070496	27.081892965419026
78.3580888887642	236.79309068108805	27.201973371412176
80.35808888882241	237.3327350514712	27.38570883968719
82.35808888888062	238.0474958069454	28.159127201692655
84.3580888887642	238.77655177752936	27.525206123626553
86.35808888882241	239.31619614791236	27.676312409272153
88.35808888888062	239.8558405182956	28.583432589453327
90.85808888882241	240.56881437188125	29.528785494802523
93.3580888887642	241.2835751273555	28.91402089739574
95.85808888888062	242.0126310979393	28.20756058418877
98.35808888882241	242.55227546832242	29.34892912209568
100.8580888887642	243.2670362237967	29.706198696845238
103.3580888888806	243.98001007738242	29.966714380433235
105.8580888888224	244.5196544477655	29.48675281940186
108.3580888887642	245.0592988181487	29.75555865835167
110.8580888888806	245.7883547887324	30.864639275766066
113.8580888888806	246.5031155442067	30.341355894757577
116.8580888888806	247.21787629968108	30.642650075030048
119.8580888888806	247.75930757195297	30.46183530053932
122.8580888888806	248.48836354253672	31.1560693916287
125.8580888888806	249.20312429801112	30.93718543048038
128.8580888888806	249.7427686683943	32.279474213740144
131.8580888888806	250.4575294238685	31.82836386407185
135.3580888887642	250.99717379425164	33.11393775572119
138.8580888888224	251.72801666672396	32.163690457592956
142.3580888888806	252.44277742219847	33.09307549750535
145.8580888887642	253.34694977787328	32.98305956435814
149.3580888888224	253.88838105014517	33.91021794410085
152.8580888888806	254.60314180561937	35.31529846358667
156.8580888888224	255.14278617600272	35.36774557564579
160.8580888887642	256.04695853167755	35.12712606046843
164.8580888888806	256.5866029020607	34.15657641572589
168.8580888888224	257.47648004262624	35.46463456288544
172.8580888887642	258.20553601321006	35.65374141820462
176.8580888888806	258.74518038359327	35.017099840811994
181.3580888888806	259.63505752415864	36.113183343441385
185.8580888888806	260.17470189454195	34.966505318808345
190.3580888888806	260.9055447670143	35.49550126618754
194.8580888888806	261.62030552248865	34.31917575328642
199.3580888888806	262.33327937607436	33.00827637592622
204.3580888887642	262.8729237464574	34.181282293062026
209.3580888888224	263.6019797170414	29.875938266138466
214.3580888888806	264.14162408742425	34.04930059663213