0.1666666666860692	2.4171906359748667	1.2870681978969651
2.333333333255723	2.4171906359748667	4.152541566803006
2.416666666686069	2.4171906359748667	3.7682380858832607
2.499999999941792	2.4171906359748667	3.8584542942759503
2.583333333197516	2.4171906359748667	4.225031090144311
2.666666666627862	2.4171906359748667	3.867597983040408
2.749999999883585	2.4171906359748667	3.565671618676955
2.833333333139308	2.4171906359748667	4.036132636192791
2.916666666744277	2.4171906359748667	3.9512302910639128
3.0	2.4171906359748667	3.665449866445751
3.083333333255723	2.4171906359748667	4.109068398683627
3.166666666686069	4.8343812719497326	4.012789911745061
3.249999999941792	4.8343812719497326	3.6164417721212505
3.333333333197516	4.8343812719497326	3.8454883604424874
3.416666666627862	4.8343812719497326	3.867663113616014
3.499999999883585	4.8343812719497326	4.103602954248758
3.583333333139308	4.8343812719497326	3.729056969065482
3.666666666744277	4.8343812719497326	3.7474657034270353
3.833333333255723	4.8343812719497326	4.177811775024649
3.999999999941792	4.8343812719497326	3.844800207076551
4.166666666627862	4.8343812719497326	4.058926414139061
4.666666666686069	4.8343812719497326	4.004892180547508
4.833333333197516	4.8343812719497326	3.7713470354036818
4.999999999883585	4.8343812719497326	3.8617252077150965
5.166666666744277	4.8343812719497326	4.228702396882597
5.333333333255723	4.8343812719497326	3.871119484950116
5.499999999941792	4.8343812719497326	3.7534912655364283
5.666666666627862	4.8343812719497326	3.643294280731527
5.833333333139308	4.8343812719497326	3.769710315834435
6.0	4.8343812719497326	3.6692559046101985
6.166666666686069	4.8343812719497326	4.113351480336632
6.333333333197516	7.251571907924604	3.953072475223639
6.499999999883585	7.251571907924604	3.510536492515719
6.666666666744277	7.251571907924604	3.689469561250155
6.833333333255723	7.251571907924604	7.759092985787347
6.999999999941792	7.251571907924604	7.8436451488479895
7.166666666627862	7.251571907924604	7.530274439764298
7.333333333139308	7.251571907924604	7.604721060752936
7.583333333255723	7.251571907924604	7.68641373116364
7.833333333197516	7.251571907924604	7.77563586287651
8.083333333139308	7.251571907924604	7.551800204783803
8.333333333255723	7.251571907924604	7.873641738934638
8.583333333197515	7.251571907924604	3.7972488172750043
8.833333333139308	7.251571907924604	3.8283620548082706
9.083333333255723	7.251571907924604	7.71568520476722
9.333333333197515	9.668762543899467	7.769633144092492
9.583333333139308	9.668762543899467	7.749243435609988
9.833333333255723	9.668762543899467	7.730601246784123
10.08333333319752	9.668762543899467	7.713516919759587
10.33333333313931	9.668762543899467	7.830454032343395
10.58333333325572	9.668762543899467	7.949842601508262
10.83333333319752	9.668762543899467	7.670068944801019
11.08333333313931	9.668762543899467	11.584686573101543
11.41666666668607	9.668762543899467	11.669761142300425
11.74999999988359	9.668762543899467	11.751651166056504
12.08333333325572	9.668762543899467	11.83053754609793
12.41666666662786	12.08595317987434	11.687529235469833
12.75	12.08595317987434	7.901070428369259
13.08333333319752	12.08595317987434	11.323827281006187
13.41666666674428	12.08595317987434	11.269858646879399
13.74999999994179	12.08595317987434	11.219761268462307
14.08333333313931	12.08595317987434	11.946488237698789
14.41666666668607	12.08595317987434	11.869554680419762
14.74999999988359	12.08595317987434	11.798059790313568
15.16666666668607	14.503143815849203	15.687346763450545
15.58333333313931	14.503143815849203	15.834092265229728
15.99999999994179	14.503143815849203	15.402177887556773
16.41666666674428	14.503143815849203	19.128185499600477
16.83333333319752	14.503143815849203	15.06083125370693
17.25	14.503143815849203	15.051308662415495
17.66666666662786	16.920334451824065	14.951643432711345
18.08333333325572	16.920334451824065	18.7578067202471
18.58333333313931	16.920334451824065	18.89881019115907
19.08333333319752	16.920334451824065	19.348590282302627
19.58333333325572	16.920334451824065	23.0858473186139
20.08333333313931	16.920334451824065	23.10041597987979
20.58333333319752	19.337525087798934	19.416117647224393
21.08333333325572	19.337525087798934	23.281224833258374
21.58333333313931	19.337525087798934	22.857628785213723
22.08333333319752	19.337525087798934	22.77506027599146
22.66666666668607	21.7547157237738	26.61533841362797
23.25	21.7547157237738	26.699802276714987
23.83333333313931	21.7547157237738	30.69673091810352
24.41666666662786	21.7547157237738	26.911724444839823
24.99999999994179	24.171906359748657	30.51005243954348
25.58333333325572	24.171906359748657	30.54497725603402
26.25	24.171906359748657	34.61985226071168
26.91666666674428	26.589096995723544	34.71815785037477
27.58333333313931	26.589096995723544	38.66021046922895
28.24999999988359	26.589096995723544	34.863486310273245
28.91666666662786	29.00628763169841	38.70692677998523
29.66666666662786	29.00628763169841	42.84518003997152
30.41666666662786	29.00628763169841	42.860018104749756
31.16666666662786	31.423478267673268	42.97798707058554
31.91666666662786	31.423478267673268	47.085974904454496
32.66666666662786	33.84066890364814	50.7876596440309
33.49999999988359	33.84066890364814	50.90314651559234
34.33333333313931	36.23416159221149	51.01864859209192
35.16666666674428	36.23416159221149	55.17652236230898
36.0	38.65135222818634	58.976057472519194
36.83333333325572	38.65135222818634	59.16464518108979
37.74999999994179	41.06854286416124	63.27717202286593
38.66666666662786	41.06854286416124	67.30917487743602
39.58333333313931	43.485733500136064	67.31375394109291
40.5	45.902924136110954	75.33702015903292
41.49999999994179	45.902924136110954	79.50285401577632
42.49999999988359	48.3201147720858	79.65032010617169
43.5	50.73730540806068	83.70605869989109
44.58333333319752	53.154496044035554	87.8911928471461
45.66666666674428	53.154496044035554	94.16593221601117
46.74999999994179	55.57168668001041	96.33214985362352
47.83333333313931	57.98887731598531	100.24559698441891
48.99999999994179	60.40606795196017	105.91478329245456
50.16666666674428	62.823258587935044	110.11549231772018
51.33333333319752	65.24044922390988	113.74936898195277
52.58333333325572	67.65763985988474	121.79918354258892
53.83333333313931	70.0748304958596	125.39869396872568
55.08333333319752	74.90921176780935	129.47681196611668
56.41666666668607	77.3264024037842	137.40583542832331
57.75	79.74359303975908	141.23969928573425
59.08333333313931	82.16078367573394	144.7263154448361
60.49999999988359	86.99516494768368	149.23745650622917
61.91666666662786	89.41235558365855	157.88692649617246
63.41666666662786	94.24673685560833	165.2278819975379
64.91666666662786	96.66392749158318	168.88661152909853
66.41666666662786	101.49830876353296	177.2369918345242
67.99999999988358	106.33269003548267	181.25607287949802
69.58333333313931	108.74988067145745	185.00336664075812
71.25	113.58426194340724	192.80194144054744
72.91666666668607	118.41864321535694	196.71065750569528
74.66666666662786	123.22932653989521	200.90022883163965
76.41666666674428	128.06370781184495	204.83512659854665
78.24999999994179	132.89808908379462	208.8580088938291
80.08333333313931	137.73247035574434	212.91604317333403
81.99999999994179	142.56685162769406	216.85013898870176
83.91666666674428	147.40123289964382	217.07066723212296
85.91666666662786	154.6528048075684	220.76293240193272
87.91666666668607	159.48718607951818	221.2191391241192
90.0	164.32156735146788	225.25364316176845
92.08333333313931	171.57313925939252	225.14604304778337
94.24999999988358	176.40752053134233	225.3872311051183
96.49999999988358	181.24190180329197	229.18487150149284
98.74999999988358	188.49347371121667	229.49347168327867
101.0833333331393	193.3278549831664	225.80681865954446
103.4166666667443	198.1622362551161	226.28245693342436
105.8333333332557	205.41380816304078	226.3565314495805
108.3333333331975	210.2244914875789	222.83425792210258
110.8333333331393	215.05887275952864	223.05919418329475
113.4166666666861	219.89325403147828	219.54849488518076
116.0833333331393	224.72763530342817	219.69976290065108
118.8333333331975	229.5620165753778	212.2846936547401
121.5833333332557	234.3963978473276	212.42541249752276
124.4166666667443	239.23077911927732	208.83026010678157
127.3333333331393	244.06516039122693	201.17469605694797
130.3333333331393	248.89954166317668	201.4186652731841
133.4166666667443	253.73392293512646	197.83549342747753
136.5	258.56830420707615	190.3088008589487
139.6666666666861	260.98549484305113	190.73646830934186
142.9166666666279	265.81987611500074	186.8682291448564
146.25	270.65425738695046	179.2680728489141
149.6666666666279	273.07144802292527	175.77951311739238
153.1666666666861	277.905829294875	171.86043679634318
156.75	280.3230199308501	168.1905923676642
160.4166666667443	285.1574012027997	164.44998750193687
164.1666666667443	287.57459183877455	160.88572824626246
168.0	292.3852751633128	157.0025647562246
171.9166666666861	294.8024657992877	153.31982143829774
175.9166666666279	297.2196564352624	149.7023839609896
180.0	302.05403770721216	145.91895104643086
184.1666666666279	304.47122834318714	142.3620311130706
188.4166666666861	306.88841897916194	138.62627108541955
192.8333333332557	311.7228002511115	138.6256376152611
197.3333333332557	314.1399908870864	132.03798841116006
201.9166666666861	316.55718152306156	128.1970295920106
206.5833333331975	318.97437215903636	128.24954121986536
211.4166666667443	321.39156279501105	121.80952984490808
216.3333333331975	323.80875343098603	120.80809039972452
221.3333333332557	326.22594406696084	116.8331383057134
226.5	328.6431347029358	115.77557195989507
231.75	331.06032533891045	109.64903063302624
237.1547222222434	333.47751597488553	109.81408036274695
242.6547222220106	335.89470661086045	108.60904251779039
248.3213888888131	338.31189724683526	103.08880000044786
254.0713888888713	340.7290878828099	103.14544649188558
259.9880555556156	343.1462785187851	99.40342907892341
265.9880555556156	345.56346915475973	95.55454799733373
272.1547222223016	347.98065979073476	95.01180251269608
278.4880555553245	347.98065979073476	91.48070549837121
284.9880555555574	350.39785042670945	91.55473280965954
292.0588888886268	352.8150410626843	87.56718922352086
306.1472222222365	355.23223169865923	84.03536680763476
313.6472222222365	357.649422334634	84.04689051122294
327.9852777777705	360.06661297060884	80.81935410956106
335.6597222221317	362.483803606584	76.88591189478204
348.6902777777868	364.9009942425588	73.97945176539397
357.1902777777286	367.3181848785335	70.12012794595911
365.690277777845	367.3181848785335	70.32436137182938
374.1902777777868	369.7353755145086	66.50362491060908
383.1902777777868	372.15256615048344	66.59311333376438
392.1902777777868	372.15256615048344	66.70871333269423
401.690277777845	374.56975678645836	62.77597410390894
411.1586111109937	374.56975678645836	63.27866227269858
420.8919444444473	376.96324947502166	63.08761995105403
430.9888888887945	376.96324947502166	62.223196747402035
440.9888888887363	379.3804401109965	58.812987416712794
451.4888888887363	379.3804401109965	60.13707344232793
461.9888888887363	381.7976307469713	58.92664183253173
472.9888888887945	381.7976307469713	55.053375394740584
483.9888888888527	384.214821382946	52.63749661354584
495.229444444296	384.214821382946	54.54561775974741
506.7294444444124	384.214821382946	50.87187160745762
518.7294444444124	386.63201201892093	51.123467578312415
530.7294444444124	386.63201201892093	51.258997336619956
543.229444444296	389.0492026548957	47.55729091560534
556.2294444444124	389.0492026548957	47.70292696587478
569.2294444443542	389.0492026548957	43.93524408466369
582.7294444443542	391.4663932908705	48.10604664228415
596.2294444443542	391.4663932908705	45.35234122481433
610.2294444444124	393.8835839268454	41.744363241247385
624.7294444443542	393.8835839268454	45.80263809584768
639.229444444296	393.8835839268454	42.181590315223964
654.229444444296	396.3007745628206	42.2870275033865
669.5919444443425	396.3007745628206	42.56069441475901
685.0919444444007	396.3007745628206	42.78204258338222
701.0919444443425	396.3007745628206	39.12461253679884
717.5919444443425	398.7179651987953	43.156772916094965
734.5919444444007	398.7179651987953	43.34941270953971
751.5919444444589	398.7179651987953	39.69427222802553
769.0919444444007	401.1351558347701	42.76192492402674
786.8777777777868	401.1351558347701	38.971718360673364
805.377777777845	401.1351558347701	39.20828227611206
824.3777777777868	401.1351558347701	39.40563715035547
843.8777777777868	403.5523464707449	39.63253892679839
863.3777777777868	403.5523464707449	38.63765559082254
883.377777777845	403.5523464707449	38.836625710020584
903.8777777777868	403.5523464707449	39.38726517928651
924.8777777777868	405.96953710672005	39.29826243798361
946.531666666735	405.96953710672005	38.502239221435566
968.3963888887083	405.96953710672005	38.6901470040435
991.0352777777589	408.386727742695	40.00212108977772
1014.035277777817	408.386727742695	41.45133375838162
1037.535277777759	408.386727742695	43.152081789574204
1061.535277777759	410.8039183786696	39.658465096665445
1086.035277777817	410.8039183786696	41.452865549979855
1111.535277777817	410.8039183786696	43.60675267453799
1137.535277777526	410.8039183786696	45.49135064326434
1165.159722222132	413.22110901464475	40.13490755965339
1192.231944444298	413.22110901464475	43.11222147876232
1219.731944444357	413.22110901464475	46.91699855530828
1248.231944444357	413.22110901464475	51.95550580518431
1277.23194444424	415.63829965061916	42.57175053341441
1306.731944444357	415.63829965061916	48.43953200964601
1337.23194444424	415.63829965061916	57.211362410056815
1368.231944444357	418.0554902865942	40.25003571438878
1400.23194444424	418.0554902865942	50.27634376300461
1432.731944444357	418.0554902865942	74.43866955276035
1466.23194444424	418.0554902865942	151.69427903750267