0.002777777554001659	0.13320455876345377	0.039465620556447804
0.005555555631872267	0.18272933061141783	0.10342759009966322
0.008333333360496908	0.23225410245941433	0.18263327318044179
0.01111111108912155	0.297148631087752	0.25798355898459224
0.01388888899236918	0.36033540896273275	0.2815301332477785
0.01666666654637083	0.4303531898512381	0.25090672626128346
0.01944444444961846	0.4542617003985255	0.30212462331757933
0.02222222200362012	0.4867089647126619	0.2406845573750348
0.02500000008149073	0.5345259858072692	0.31207488462766686
0.02777777781011537	0.548187991834286	0.292409843172654
0.03055555553874001	0.5960050129288933	0.3279411899697284
0.03333333344198763	0.6130825204626561	0.2872886297710452
0.03611111099598929	0.6301600279964189	0.3169801227195187
0.03888888889923692	0.6813925505977397	0.2538109455945355
0.04166666645323858	0.6796847998444153	0.2832321367279001
0.04444444453110918	0.6967623073781781	0.27671209497173094
0.04722222225973383	0.7240863194322118	0.2852609211117043
0.04999999998835847	0.7189630671721087	0.24133707132301116
0.05277777789160609	0.7428715777193637	0.26142122877738183
0.05555555544560775	0.7479948299794992	0.23330546158356977
0.05833333334885538	0.7736110912801433	0.20916922934704515
0.06111111090285704	0.7821498450470247	0.28270116792385325
0.06388888898072764	0.7855653465538031	0.27579166442592434
0.06666666670935228	0.8026428540875661	0.2266355693159185
0.06944444443797693	0.8009351033342418	0.2214126830936737
0.07222222234122455	0.8128893586078366	0.15728563792354075
0.07499999989522621	0.8333823676483781	0.19246446608303372
0.07777777779847383	0.8504598751821734	0.1956348995193007
0.0805555553524755	0.8504598751821734	0.26160427639684225
0.0833333334303461	0.8470443736754272	0.1886183282008811
0.08611111115897074	0.845336622922038	0.1864133836125137
0.08888888888759539	0.8402133706619027	0.1971078359103395
0.09166666679084301	0.860706379702444	0.19152777504666146
0.09444444434484467	0.8948613947699695	0.19907490240453554
0.0972222222480923	0.8760761364828175	0.16281627119708375
0.09999999980209395	0.9034001485369157	0.17068144864236004
0.1027777778799646	0.884614890249699	0.16422291734183792
0.1055555556085892	0.8794916379895961	0.1949761153669953
0.1083333333372138	0.8999846470301374	0.19492395166665924
0.1111111110658385	0.8999846470301374	0.22555486471739788
0.1138888887944631	0.9153544038105108	0.23082193303847393
0.1166666666977108	0.9238931575773924	0.1643266590124497
0.1194444442517124	0.9187699053172895	0.19060486422827985
0.122222222329583	0.9238931575773924	0.13396911916635829
0.1277777777868323	0.9170621545639002	0.1872432334235482
0.1333333332440816	0.9324319113443387	0.16190790369910688
0.1388888887013309	0.9409706651112201	0.15464730607841137
0.1444444445078261	0.9648791756584749	0.11116080272489016
0.1499999999650754	0.9580481726449828	0.13395202161304676
0.1555555555969477	0.9426784158645768	0.16041721359980182
0.1611111112288199	0.9700024279186102	0.18352878616536528
0.1666666666860692	0.9700024279186102	0.17785719688491172
0.1722222221433185	0.9682946771652534	0.19933458312435046
0.1777777776005678	0.9717101786719995	0.13851884306950693
0.183333333407063	0.9785411816854916	0.1359790381798302
0.1888888888643123	0.9853721846990164	0.10711220941662035
0.1944444444961846	0.9956186892192544	0.1825909163800079
0.1999999999534339	1.0007419414794223	0.1520222645322747
0.2055555555853061	1.0092806952463038	0.12189620561132052
0.2111111110425554	1.022942701273353	0.13297008978729366
0.2166666664998047	0.9887876862057624	0.15165123892157512
0.2222222223063	1.0280659535334558	0.20243275101478042
0.2277777777635492	1.016111698259796	0.15411976615220144
0.2333333333954215	1.0058651937395253	0.1495867586441811
0.2388888888526708	1.022942701273353	0.11527324131055376
0.2444444444845431	1.0331892057936236	0.13722451009931597
0.25277777784504	1.0212349505199636	0.14760645399109
0.2611111112055369	1.0212349505199636	0.08278499488328873
0.2694444443914108	1.0348969565470127	0.12924230750017973
0.2777777777519077	1.0622209686010138	0.058864586863012734
0.2861111111124046	1.0468512118206077	0.16579866025521356
0.2944444442982785	1.043435710313894	0.09896690410646129
0.3027777778333984	1.0570977163408786	0.10077710938550204
0.3111111111938953	1.0707597223679277	0.13435765253984805
0.3194444445543923	1.0553899655875216	0.147249266906452
0.3277777777402662	1.0656364701077923	0.11428380426336981
0.3361111111007631	1.045143461067251	0.08137307781999444
0.34444444446126	1.0553899655875216	0.09492144363781982
0.3527777776471339	1.0741752238746738	0.10932208131944031
0.3611111111822538	1.0639287193544031	0.11728067329545754
0.3694444445427507	1.0690519716145386	0.1236444455930136
0.3805555556318723	1.0775907253814199	0.10455548610604086
0.3916666665463708	1.081006226888166	0.11673023678739711
0.4027777778101154	1.0741752238746738	0.09832975428822766
0.4138888888992369	1.0690519716145386	0.17747904802153172
0.4249999999883585	1.1014992359287072	0.1761986483720518
0.436111110902857	1.092960482161826	0.08201047079378351
0.4472222223412246	1.092960482161826	0.11770483963651611
0.4583333334303461	1.0980837344219287	0.17332543272537954
0.4694444443448447	1.1151612419557564	0.1430628924283312
0.4805555556085892	1.1032069866820966	0.13776309917778287
0.4916666666977108	1.1049147374354857	0.14362716934243727
0.505555555515457	1.1168689927091457	0.1324467049406771
0.5194444445078261	1.1288232479827407	0.09318972785350468
0.5333333331509493	1.1083302389421994	0.15552899211438007
0.5472222221433185	1.113453491202367	0.12219006887751813
0.5611111111356877	1.1407775032564007	0.11748469677492017
0.5749999999534339	1.1373620017496222	0.04996864323620457
0.588888888945803	1.1373620017496222	0.13000083642612287
0.6027777777635492	1.1322387494895194	0.11328848879724107
0.619444444484543	1.1219922449692485	0.09599932095277695
0.6361111112055369	1.1390697525030116	0.06637225014745535
0.6527777777519077	1.1561472600368066	0.09719110618778462
0.6694444442982785	1.14248525400979	0.0931943512786897
0.6861111111938953	1.1459007555165686	0.050633915681263
0.7027777777402662	1.135654250996298	0.07320754806093309
0.71944444446126	1.1561472600368066	0.07085443147218089
0.7361111111822538	1.1510240077766714	0.08893194921111564
0.7555555556318723	1.1561472600368066	0.055871025890816134
0.7750000000814907	1.161270512296942	0.15686845132273328
0.7944444445311092	1.1578550107901635	0.0884786644953146
0.8138888889807276	1.1441930047631792	0.03873911219983888
0.8333333334303461	1.1510240077766714	0.10745922827839183
0.8527777778799646	1.1629782630503311	0.06213330341406036
0.8750000000582077	1.1715170168172127	0.12384355155955781
0.8972222222364508	1.1663937645570774	0.08510071292630597
0.9194444444146939	1.1698092660638233	0.11952569133279058
0.941666666592937	1.1578550107901635	0.11224486242891826
0.963888888945803	1.1920100258577215	0.13561299507968258
0.9888888888526708	1.1783480198307048	0.08943598976635429
1.013888888934162	1.1732247675705696	0.14791036901763976
1.038888888841029	1.1903022751043648	0.15085523943287155
1.063888888747897	1.1732247675705696	0.1459528407090402
1.088888889004011	1.1903022751043648	0.10566419202055784
1.116666666639503	1.193717776611111	0.12904109804728633
1.144444444449619	1.2039642811313813	0.11648192107467648
1.172222222259734	1.2056720318847707	0.15100386645881997
1.199999999895226	1.2210417886651443	0.06092963823829677
1.227777777879965	1.1971332781178894	0.11768656896125662
1.258333333244082	1.2090875333914843	0.13737636813728507
1.288888888957445	1.2176262871584307	0.11822346169023437
1.319444444496185	1.2261650409253122	0.13323614650895393
1.350000000034925	1.2176262871584307	0.11017320747516891
1.383333333302289	1.2227495394185337	0.15434210221072606
1.416666666744277	1.2210417886651443	0.1068839813926626
1.450000000011642	1.2244572901719228	0.1423838010001974
1.486111111182254	1.2193340379117552	0.08006138256418466
1.52222222200362	1.2295805424320259	0.12622907675332262
1.558333333348855	1.2329960439388041	0.11102531030252587
1.594444444344845	1.2415347977056856	0.09931668456334991
1.633333333244082	1.231288293185415	0.0879728107900173
1.672222222143319	1.238119296198972	0.13145278755672565
1.711111111042555	1.2603200559928376	0.08309632159123655
1.75277777784504	1.250073551472567	0.05903817539990817
1.794444444298279	1.2671510590063624	0.12640914354648441
1.836111111100763	1.2551968037327348	0.1553824913802373
1.880555555631872	1.2517813022259563	0.08776014957297426
1.924999999988359	1.256904554486124	0.0836916490890582
1.969444444344845	1.2603200559928376	0.11959742130097996
2.016666666779202	1.263735557499616	0.14755222225823258
2.063888888864312	1.273982062019887	0.15563961619606217
2.113888888852671	1.2586123052394809	0.11575520727944504
2.163888888841029	1.2466580499658533	0.11568160411537609
2.213888889004011	1.2791053142800222	0.05579784992426174
2.266666666546371	1.2859363172935143	0.09964679754883847
2.319444444437977	1.2671510590063624	0.13096129512642019
2.375000000058208	1.2688588097597515	0.10740187223553534
2.430555555678438	1.292767320307039	0.10365629153444623
2.488888888852671	1.2944750710603958	0.09166743328372383
2.547222222201526	1.3047215755806665	0.0876459456486108
2.608333333453629	1.3098448278408343	0.07988792826826294
2.669444444531109	1.2995983233205637	0.13172578617220954
2.733333333337214	1.2910595695536498	0.11556035911029305
2.797222222143319	1.2978905725671743	0.09968727844830991
2.863888888852671	1.308137077087445	0.13495806829678827
2.930555555562023	1.3030138248272773	0.17124578909129565
3.0	1.3047215755806665	0.07580347281868499
3.069444444437977	1.3030138248272773	0.0518542778145649
3.141666666779202	1.3115525785941586	0.06381874615741435
3.216666666499805	1.292767320307039	0.07607465333116449
3.291666666744277	1.3030138248272773	0.11583886409642029
3.369444444542751	1.3286300861279863	0.1395467549714022
3.447222222341225	1.3286300861279863	0.12758767101971466
3.5277777776937	1.3252145846212078	0.10357519119922894
3.611111110949423	1.3422920921549706	0.10370900333718637
3.694444444554392	1.3252145846212078	0.09166749308155389
3.78055555553874	1.3166758308543263	0.10335033073285509
3.869444444251712	1.3320455876347	0.08762742656016673
3.961111111042555	1.3422920921549706	0.1317549827580257
4.052777777833398	1.3491230951685278	0.09611203953050178
4.14722222200362	1.3508308459218519	0.052102329773764576
4.244444444251712	1.3525385966752415	0.11528521331204107
4.344444444403052	1.3525385966752415	0.10734019444886561
4.447222222283017	1.3474153444151384	0.1190106544891935
4.549999999988359	1.3439998429083597	0.1268498159856857
4.655555555596948	1.3474153444151384	0.14273764118681073
4.763888888934162	1.3491230951685278	0.08323343923917728
4.875	1.3491230951685278	0.08689083685066358
4.988888888794463	1.3439998429083597	0.10640147364361661
5.105555555492174	1.3508308459218519	0.11457887135050145
5.225000000093132	1.378154857975918	0.11878782492669851
5.347222222248092	1.3713238549623934	0.10680428859187571
5.4722222223063	1.3935246147563238	0.07590010396570772
5.600000000093132	1.3798626087293073	0.14644819847250864
5.730555555608589	1.378154857975918	0.11467169848929536
5.863888888852671	1.3679083534556797	0.10656119219352683
6.0	1.3798626087293073	0.13030015370301778
6.138888888701331	1.3952323655097132	0.17778864686312176
6.280555555655155	1.4003556177698486	0.130806854326966
6.427777777891606	1.4037711192765947	0.0829699926903826
6.577777777856682	1.3986478670164593	0.09080362710964719
6.730555555550382	1.3798626087293073	0.0776244204689959
6.886111111147329	1.4071866207833406	0.06740662618631164
7.047222222201526	1.39694011626307	0.09036477026618918
7.211111111158971	1.3952323655097132	0.10231988255439395
7.37777777784504	1.4054788700299514	0.11386342365095435
7.549999999988359	1.4208486268103897	0.06702125620619512
7.725000000034925	1.4071866207833406	0.08957032418404783
7.90555555553874	1.4140176237968327	0.05084922697374737
8.088888888945803	1.410602122290119	0.07028889043024882
8.277777777810115	1.4276796298238819	0.11787587799348571
8.469444444403052	1.40889437153673	0.08149028519265902
8.666666666453239	1.4174331253036112	0.09362223119620719
8.866666666755918	1.412309873043476	0.11273307520920021
9.072222222341225	1.4293873805772714	0.11285410161605901
9.28333333338378	1.4242641283171034	0.0888745177495466
9.500000000058208	1.439633885097542	0.12065489174025296
9.71944444446126	1.4259718790704927	0.13148436741723482
9.944444444496185	1.4293873805772714	0.13536962845706446
10.17499999998836	1.4310951313306606	0.09616012411828392
10.41111111111241	1.4430493866042555	0.12422636264764
10.6527777776937	1.4379261343441527	0.16569546625188164
10.90000000008149	1.4447571373576449	0.1468549759514537
11.15277777775191	1.4550036418779155	0.154045444478652
11.41111111122882	1.4601268941380832	0.13140987089009085
11.67499999998836	1.4601268941380832	0.10773529121824471
11.94444444455439	1.4720811494117108	0.17354569368425826
12.2222222223063	1.4703733986583538	0.15405922821908366
12.50555555551546	1.4703733986583538	0.16140877412913301
12.79444444453111	1.4635423956447968	0.14514403425990635
13.09166666673264	1.4908664076988627	0.1276023647758454
13.39444444439141	1.477204401671846	0.18324662487097287
13.70555555558531	1.4976974107123875	0.13060826110293583
14.02222222223645	1.4823276539319814	0.1370201290771966
14.34722222224809	1.4874509061921168	0.14800606241468003
14.68055555544561	1.5028206629725227	0.13254210662219354
15.01944444444962	1.4976974107123875	0.15205201184324046
15.3666666666395	1.5028206629725227	0.10451522070757038
15.72222222218989	1.5079439152326255	0.16091240688762143
16.08611111110076	1.494281909205609	0.15448275189334212
16.45833333319752	1.5267291735197777	0.14459300253030127
16.83888888900401	1.5130671674927936	0.13910026695998357
17.22777777764713	1.5216059212596749	0.1739272155971482
17.627777777554	1.528436924273167	0.1397291931552418
18.03611111099599	1.5335601765333347	0.14008877865435312
18.45277777779847	1.5164826689995072	0.20134841635591094
18.88055555551546	1.5335601765333347	0.1558578727634746
19.31666666659294	1.5506376840670975	0.21146382181791476
19.76388888893416	1.542098930300216	0.07990469098148453
20.22222222218989	1.5540531855738111	0.14762600035423062
20.68888888898073	1.5574686870805896	0.13054108513443033
21.16666666668607	1.5591764378339787	0.14253936839329784
21.65555555565516	1.5540531855738111	0.14588771106562884
22.15555555553874	1.584792699134623	0.24340230514634612
22.66666666668607	1.571130693107639	0.13414280473459358
23.19166666665115	1.5796694468745203	0.17042350829219077
23.72777777787997	1.5591764378339787	0.20224299286441552
24.27499999984866	1.5728384438610281	0.1405015142133294
24.83611111115897	1.5745461946143526	0.17698733045545204
25.41111111111241	1.5865004498880124	0.16510875713388962
25.99722222232958	1.593331452901537	0.21855110647317685
26.59722222218989	1.6155322126954352	0.20128978332428976
27.21111111104256	1.5882082006414018	0.19993367906477405
27.8388888888876	1.6206554649555704	0.15675729152418608
28.48333333345363	1.6257787172157059	0.2916378887347325
29.14166666666279	1.6121167111886892	0.248844302771476
29.81388888886431	1.630901969475841	0.22143953915144743
30.50277777778683	1.6274864679690626	0.24001055075993258
31.20833333343035	1.6445639755028905	0.20822081699256814
31.93055555544561	1.6684724860501452	0.20792267756872482
32.66944444453111	1.6548104800231611	0.284384058335499
33.42499999998836	1.6445639755028905	0.20112319125350892
34.19722222234123	1.6804267413238052	0.16704841570053194
34.98611111106584	1.6770112398170267	0.26285995099455417
35.79444444441469	1.666764735296756	0.23253831210574946
36.62222222221317	1.6872577443372974	0.2892129263945008
37.46944444446126	1.6804267413238052	0.17243651040650126
38.33611111115897	1.7026275011177034	0.15227460734923298
39.2222222223063	1.7077507533778387	0.20447090640457305
40.127777777554	1.706043002624482	0.20863302732724667
41.05555555567844	1.6957964981042113	0.16193253119138598
42.002777777554	1.7231205101582445	0.20674885542242646
42.9722222223063	1.729951513171737	0.2192627133650012
43.9638888888876	1.7504445222122782	0.1799064138046482
44.97777777764713	1.7179972578981095	0.25933645725786286
46.01666666666279	1.7333670146785154	0.2195113781955798
47.08055555558531	1.741905768445397	0.2116124090311977
48.16666666668607	1.7333670146785154	0.22607982182188602
49.2777777776937	1.7504445222122782	0.2739939322453437
50.41666666668607	1.7658142789927174	0.2532633617288881
51.58055555558531	1.7606910267325488	0.2172760971023182
52.77222222229466	1.7641065282393273	0.18104329319629342
53.9916666666395	1.7931382910467506	0.2808732124053296
55.23888888879446	1.7982615433068538	0.2604499567366987
56.51388888893416	1.799969294060242	0.2708464526954928
57.81944444443798	1.8050925463203773	0.3130703812234758
59.15277777775191	1.8153390508406486	0.3232509062156488
60.51944444450783	1.8341243091278006	0.2812498932946142
61.91666666645324	1.8255855553609188	0.3332327080334817
63.34722222218989	1.8307088076210538	0.3364712971885326
64.80833333329065	1.840955312141292	0.25542176971537583
66.30555555556202	1.8477863151548488	0.2362829124246745
67.83611111110076	1.8614483211818338	0.25914172177626305
69.40277777781012	1.8716948257021053	0.27394246374967146
71.00555555551546	1.893895585496035	0.28539601044859
72.64444444439141	1.8904800839892568	0.2311088673278185
74.32222222234122	1.909265342276442	0.32916570698136377
76.0361111111124	1.9143885945365768	0.30997926144280763
77.79166666668607	1.907557591523052	0.3062890238824154
79.58611111115897	1.9041420900163053	0.3248908261041276
81.42222222225973	1.9160963452899336	0.298144539633517
83.29999999998836	1.9280506005635938	0.26965941482679434
85.22222222224809	1.9434203573439666	0.27734708434528443
87.18888888886431	1.9382971050838633	0.3000933907717296
89.20000000001164	1.9741598709047783	0.24547917339796083
91.25833333324408	1.9707443693980653	0.2759095819749091
93.36388888891088	1.9826986246716598	0.32226827410587183
95.51944444439141	1.986114126178438	0.25444394714942453
97.7222222223063	1.986114126178438	0.34438433680232133
99.97777777776355	2.0100226367257266	0.3235851116291665
102.2833333333838	2.0151458889858618	0.35259435939973177
104.6444444444496	2.01685363973925	0.2298759453635277
107.0583333334071	2.018561390492608	0.33685399261355153
109.5277777778101	2.033931147273013	0.27065907311935783
112.055555555562	2.018561390492608	0.3715101732764385
114.6416666666628	2.0680861623405713	0.3207867577157979
117.2861111111124	2.074917165354065	0.3149936604846765
119.9916666666395	2.0817481683676218	0.3349079965675236
122.7611111111473	2.0680861623405713	0.3455710228344864
125.5944444444613	2.109072180421655	0.38805516422857367
128.4916666667559	2.0937024236412163	0.3895486839165341
131.4555555555853	2.1398116939824345	0.47365570436113336
134.4888888888527	2.117610934188536	0.3552141685281467
137.5916666667326	2.1398116939824345	0.4202142581068852
140.7666666667792	2.153473700009483	0.41588951228503723
144.0138888889924	2.160304703022976	0.4123193294169299
147.3361111111008	2.1790899613101278	0.39032775065838465
150.7361111111823	2.196167468843891	0.49195928268373335
154.2138888888876	2.2149527271310423	0.3452146023668602
157.7722222222947	2.2166604778844303	0.43412539887905205
161.4111111112288	2.2508154929519892	0.40999932987794513
165.1333333332441	2.255938745212126	0.48503850177376134
168.9416666665929	2.240568988431719	0.44335557758690447
172.838888889004	2.2730162527459212	0.43538208060642586
176.8249999999534	2.300340264799954	0.38341026447353727
180.9027777776937	2.2849705080195806	0.36900149646422364
185.0749999999534	2.300340264799954	0.386918235599948
189.3444444444613	2.312294520073614	0.3457946270166899
193.7111111110426	2.3584037904147985	0.1454313142026153
198.1805555556784	2.3481572858945285	0.24327182681046938