0.0002777776680886746	0.071880188713545	0.2841132145774128
0.0005555553361773491	0.26881221258629406	0.8433772200357773
0.0008333330042660236	0.7434183901195951	0.9102734412444404
0.001111111021600664	0.952166335424713	0.8289032535838644
0.001388888864312321	1.1550063200136462	1.6541097677905163
0.001666666532400996	1.56757891002703	1.7220443676477006
0.001944444375112653	1.7625416136610395	1.120479014835574
0.002222222043201327	1.895470729775131	1.8346759978208629
0.002499999711290002	2.1987460465391604	2.582207240528686
0.002777777728624642	2.471496899602898	2.552492527009077
0.003055555396713316	2.692060766340385	2.519236889529647
0.003333333239424974	2.9254252146295725	2.6982115808966904
0.003611111082136631	3.1213725783829513	2.972109837659347
0.003888888750225306	3.368522268343249	3.0925582758168177
0.00416666641831398	3.595978755916252	3.393925158536756
0.00444444443564862	3.806696021460111	3.5412514104004162
0.004722222103737295	4.0292292084363	3.742767128802745
0.004999999946448952	4.250777735293119	3.9310498930360103
0.005277777614537627	4.4733109222693095	4.133441152421389
0.005555555457249284	4.680089547335687	4.27354687186803
0.005833333125337958	4.89966875395384	4.4252985783378165
0.006111110793426633	5.1222019409300295	4.691137743788613
0.006388888810761273	5.314210664205927	4.896923260854313
0.00666666665347293	5.5200046291529725	4.9979709090693465
0.006944444321561605	5.751399757203418	5.168547495618355
0.007222222164273262	5.953255081672982	5.4363732198678365
0.007499999832361937	6.145263804948917	5.6193455075249865
0.007777777500450611	6.361889031208922	5.658001549866421
0.008055555517785251	6.5686676562752995	5.920162125315439
0.008333333185873926	6.7665843402674195	6.179161025372929
0.008611111028585583	6.9625317040208	6.277640619943955
0.00888888887129724	7.182110910638877	6.4458464453034745
0.009166666539385915	7.377073614272886	6.603762545963593
0.00944444420747459	7.581882919100559	6.805655404726489
0.00972222222480923	7.7788149429732725	6.975500717805577
0.009999999892897904	7.972792986487947	7.086650260319602
0.01027777773560956	8.167755690121954	7.2221581340863565
0.01055555540369824	8.367641694352779	7.411453862984674
0.01083333324640989	8.557681097389972	7.565435624463584
0.01111111091449857	8.754613121262722	7.734883220848985
0.01138888858258724	8.9377599034644	7.882200798809237
0.01166666659992188	9.140599888053297	8.025611699014975
0.01194444444263354	9.329654630971156	8.169171785549937
0.01222222211072221	9.519694034008314	8.325550745176123
0.01277777762152255	9.893864879366557	8.629832094483426
0.01333333330694586	10.266066404486018	8.843060438615414
0.01388888881774619	10.63137530876996	9.097889037804503
0.01444444432854652	10.993730232695805	9.420273994364337
0.01499999966472387	11.349192535786077	9.674984054390892
0.01555555552477017	11.702685518637658	9.931921832620857
0.0161111110355705	12.066025102682872	10.202074161300965
0.01666666637174785	12.413610124818252	10.447725568766693
0.01722222223179415	12.757256506476212	10.739041295740527
0.01777777774259448	13.102872208372862	10.995966573808243
0.01833333307877183	13.442579949553332	11.1568959868837
0.01888888876419514	13.772441089540198	11.399352725098455
0.01944444444961846	14.115102811078755	11.686549672262545
0.01999999978579581	14.450871911781785	11.911138262474303
0.02055555547121912	14.769901790455634	12.110377083007743
0.02111111098201945	15.093854969726276	12.36517953016556
0.02166666649281979	15.427654750190566	12.562751585137717
0.0222222221782431	15.749638609222497	12.747796381909048
0.02277777768904343	16.059806546822074	12.993763561119021
0.02333333319984376	16.37489778501848	13.233038985159306
0.02388888888526708	16.683096402379302	13.443752108627798
0.02444444439606741	17.001141620933794	13.615665135033618
0.02527777757495642	17.45802391631855	13.888442586106743
0.02611111110309139	17.917860192061386	14.183505101932317
0.0269444442819804	18.369819186849345	14.452276706550679
0.02777777763549238	18.81882420127919	14.641661797152882
0.02861111098900437	19.24616669308303	14.991965248251697
0.02944444434251636	19.681386465841797	15.195412791295666
0.03027777769602835	20.104790317168185	15.389837095833128
0.03111111104954034	20.520316887539664	15.61699671084108
0.03194444440305233	20.952582679940345	15.7596699306821
0.03277777775656432	21.36023196935691	15.973088408172524
0.03361111111007631	21.760003977818577	16.1618558685203
0.03444444411434233	22.164699286877084	16.35406424427878
0.0352777776424773	22.547732073309565	16.46083074327585
0.03611111082136631	22.921902918667765	16.54932418114833
0.03694444434950128	23.313797646174528	16.699040095606364
0.03805555554572493	23.813020326691934	16.866180048560768
0.03916666656732559	24.297473105418867	17.052870445551562
0.04027777776354924	24.77601792342961	17.135515210907524
0.04138888861052692	25.250624100962916	16.51714973599107
0.04249999998137355	25.708491056467047	13.025752090411457
0.04361111100297421	26.165373351851805	11.688258571039379
0.04472222202457488	26.584838562700778	10.148424491128392
0.04583333322079852	26.88614455922604	8.66289291476984
0.04694444441702217	26.811310390154382	5.667110091323797
0.04805555543862283	26.743368841918308	4.4595794400695885
0.04916666663484648	26.8054024294382	2.950710958449093
0.0505555554991588	26.804417769318864	1.4000495200118928
0.05194444418884814	26.83789621337725	0.6442980475371072
0.05333333322778344	26.85758941576451	1.032457981096339
0.05472222209209576	26.893037180061594	0.8258813526404419
0.05611111095640808	26.915684362806957	0.8750869439738244
0.05749999999534339	26.94227018602978	0.7810943438435761
0.05888888868503273	26.959994068178347	0.759065666867799
0.06027777772396803	26.974763969968773	0.6643199139654874
0.06194444443099201	26.99642649259479	0.6990964515308377
0.063611110963393	26.99642649259479	0.7452893623805903
0.06527777767041698	27.020058335459503	0.7151253611419244
0.06694444437744096	27.0180890152208	0.7428429863858905
0.06861111108446494	27.056490759875967	0.8359828162143216
0.07027777761686593	27.072245321785807	0.9276733102406367
0.07194444432388991	27.11950900751528	1.102776304750134
0.07361111103091389	27.12443230811207	1.1754046305888575
0.07555555540602654	27.153972111692983	1.2938784459845944
0.07749999995576218	27.194343176586912	1.3657531744646745
0.07944444433087483	27.224867640287183	1.4450570102948852
0.08138888888061047	27.268192685539166	1.5109575026330146
0.08333333325572312	27.299701809358822	1.5578905761360748
0.08527777763083577	27.33121093317843	1.6359999523739108
0.0874999996740371	27.38832122010156	1.652439500183225
0.08972222206648439	27.424753644517995	1.7239293931313273
0.0919444442843087	27.464140049292535	1.763183940477319
0.09416666650213301	27.507465094544543	1.8713532238519417
0.0963888888945803	27.552759460035286	1.9389515153544339
0.09888888878049329	27.597069165406648	1.9483417352460812
0.1013888886664063	27.645317511255474	2.0052172916940445
0.1038888887269422	27.698489157701122	2.0658288129587032
0.1063888887874782	27.756584104743588	2.097292096893302
0.1088888888480142	27.804832450592407	2.1794491654431645
0.1116666665766388	27.862927397634845	2.286783328650919
0.1144444443052635	27.912160403603032	2.363047877495853
0.1172222220338881	27.96533205004868	2.410375353486733
0.1199999999371357	28.015549716136213	2.471873050784706
0.1227777774911374	28.079552623894873	2.487138929202609
0.1258333332370967	28.147494172130973	2.5721551379545016
0.128888888808433	28.211497079889593	2.673817329986653
0.1319444443797693	28.273530667409528	2.7394988239155595
0.1349999997764826	28.34344153588433	2.8278945091523635
0.1383333331905305	28.39956716268807	2.851262404822032
0.1416666666045785	28.474401331759694	2.8881802823445635
0.1449999998440035	28.54431220023451	2.9559155002151445
0.1486111111007631	28.615207728828704	3.0405988590949415
0.1522222221828997	28.688072577661647	3.0595246850067057
0.1558333332650363	28.75896810625582	3.1691591184729306
0.159444444347173	28.830848294969368	3.2424473084701724
0.1633333330973983	28.911590424757204	3.3257481634457866
0.1672222221968696	28.99331721466438	3.4160488868769026
0.1711111109470949	29.067166723616655	3.43576845702679
0.1752777777146548	29.148893513523838	3.5365477604420827
0.1794444441329688	29.240466904624704	3.6041533425613257
0.1836111110751517	29.328101655248048	3.680470124100136
0.1880555553361774	29.418690386229496	3.7248749154562284
0.192499999946449	29.494509215420504	3.7992790805837333
0.1969444442074746	29.586082606521334	3.9059505581085006
0.2016666666604579	29.676671337502782	3.9727522912785793
0.2063888887641951	29.772183369081073	4.082099903035473
0.2113888888852671	29.86572608042064	4.159172484950936
0.2163888886570931	29.958284131640816	4.256896461386341
0.221388888778165	30.060688784054655	4.33968357920824
0.2266666665673256	30.168016737065287	4.430246432007618
0.2319444443564862	30.28125265079212	4.515319968259806
0.2374999998137355	30.388580603802755	4.682675870697922
0.2430555552709848	30.486061955619782	4.785148990455798
0.2488888887455687	30.601267189585297	4.8503393205183825
0.2547222222201526	30.7105644628347	4.945684100980117
0.2608333330135793	30.828723677158358	5.0172321805965225
0.2669444443308748	30.95771415279501	5.087718443940135
0.2733333333162591	31.075873367118614	5.260286871095457
0.2797222221270204	31.194032581442265	5.311577731615101
0.2863888887804933	31.324007717198278	5.3906888560059985
0.2930555554339662	31.452998192834915	5.498283356798721
0.2999999999301508	31.57608070775539	5.549801891211101
0.3069444444263354	31.711963804227583	5.649057324696867
0.3141666665906087	31.8370156393868	5.726253752594755
0.3216666665975936	31.966990775142797	5.821640611465118
0.3291666666045785	32.10681251209244	5.899628535972939
0.3369444444542751	32.2486035692808	6.011855452350226
0.3447222221293487	32.385471325872366	6.104404403450172
0.3527777774725109	32.521354422344544	6.218328873014076
0.3611111110076308	32.672007420607194	6.340528985692372
0.3694444443681277	32.817737118273016	6.472268674577763
0.3780555553967133	32.96445147605822	6.570102527773078
0.3869444444426335	33.12396641539514	6.70314409215673
0.3961111109820195	33.2765887338965	6.823768318518511
0.4052777776960284	33.430195712517275	6.965328934905684
0.4147222219035029	33.60054191316717	7.056829704255939
0.4244444443029352	33.763995492981536	7.212497085213102
0.434444444370456	33.93434169363146	7.308846247563054
0.4447222219314426	34.09976459368459	7.4698570286729
0.4549999998416752	34.279957395528136	7.640559227550024
0.4655555554199964	34.447349615819945	7.748391437248861
0.4763888886664063	34.629511737902234	7.873132682545926
0.4874999999301508	34.809704539745816	8.019520205980783
0.498888888861984	34.99678996242491	8.175011984678665
0.5105555554619059	35.19175266605891	8.306105829489669
0.5224999997299165	35.38770002981232	8.446069712738302
0.5347222220152617	35.57970875308823	8.569048325121242
0.5472222219686955	35.78254873767715	8.691691428013597
0.559999999939464	35.98145008178865	8.888056298873014
0.5730555554036982	36.193152007451815	8.979615188826296
0.5863888888852671	36.393038011682634	9.067631161512056
0.5999999998603016	36.60277061710714	9.241079877233943
0.6138888888526708	36.809549242173496	9.375913846512654
0.6280555555131286	37.038975049985254	9.531682662706512
0.6427777775097638	37.255600276245275	9.616753130910485
0.6577777776983567	37.47124084238592	9.796310164971
0.6730555555550382	37.701651310317004	9.928361475191073
0.6886111109051853	37.93304643836749	10.111911550034623
0.7047222219407558	38.16838020689539	10.186509329050551
0.721111110993661	38.39879067482652	10.334932619920654
0.7377777777146548	38.63806308383191	10.505221937064631
0.754999999946449	38.879304813076004	10.612914826218436
0.7724999998463318	39.12842382327505	10.760032683275709
0.7905555554316379	39.37754283347404	10.861981697385835
0.8088888886850327	39.62567718355372	11.04645075284159
0.8277777776238509	39.88070415446891	11.199778813377916
0.8469444444053806	40.13474646526474	11.3584984276989
0.8666666665230878	40.401589357612316	11.510252613159988
0.8866666664835066	40.656616328527505	11.61964376588422
0.9072222221293487	40.92838252147187	11.762671926842952
0.9283333332859911	41.204087354893716	11.87840913719733
0.9499999999534339	41.481761508554314	12.040640714830873
0.9719444441143423	41.764358962811656	12.130973115864718
0.9944444443099201	42.03612515575604	12.341369588376812
1.017499999841675	42.316753289774745	12.390715059938758
1.041111111058854	42.59639676367401	12.511438598710873
1.065277777612209	42.88785615900565	12.608270779263579
1.089999999850988	43.174392253740486	12.700286667441917
1.115277777775191	43.47865223062387	12.833072390101917
1.141111111035571	43.76124968488127	12.964139643088414
1.167499999981374	44.0625556814066	13.071075041150879
1.194444444263354	44.35893837733506	13.205990619276392
1.222222222073469	44.66418301433779	13.283935358442337
1.250555555394385	44.966473670982495	13.372208104496549
1.279444444226101	45.27565694846269	13.557928767246345
1.309166666585952	45.579916925346026	13.596378950871264
1.33944444428198	45.90091612425861	13.701079116408534
1.370555555506144	46.205176101141994	13.788517826415323
1.402222222066484	46.52814462029332	13.843948655257861
1.43472222215496	46.853082459683314	13.916242644687221
1.468055555422325	47.16423505740229	13.966393117770012
1.501944444375113	47.48424959619545	14.020132245547666
1.53666666650679	47.80721811534678	14.11158622294965
1.572222222166602	48.121324693423794	14.110714241113692
1.60861111083068	48.44724719293319	14.100099675611606
1.645833333022893	48.76135377101019	14.126949861841736
1.68388888874324	49.094168891355125	14.153018588450411
1.722777777642477	49.41713741050641	14.17325383592567
1.762777777737938	49.74109058977708	14.161152331872362
1.803611111012287	50.063074448809	14.10827707879446
1.845277777640149	50.37816568700537	14.053244139824978
1.888055555289611	50.705072846634124	13.891900097381747
1.931666666641831	51.031980006262906	13.832823129534898
1.976388888666406	51.34313260398182	13.664608389087814
2.022222222061828	51.65723918205884	13.5413193861657
2.068888888810761	51.9575605184648	13.457995577231351
2.116666666581295	52.252958554273896	13.325597232231754
2.16555555537343	52.56214183175413	13.177741567153229
2.215555555536412	52.845723946130846	13.078106816770457
2.266666666371748	53.13816800158188	12.974063060058043
2.319166666595265	53.43455069751037	12.881122088341979
2.372777777491137	53.72994873331947	12.85789786118833
2.427499999757856	54.02239278877049	12.68290072043205
2.48361111106351	54.30991354362465	12.651127410277308
2.541111111058854	54.5994036187176	12.579274341607887
2.599722222075798	54.87806243249752	12.458556414998961
2.659722222131677	55.16755250759045	12.315637517795036
2.721111110877246	55.43636472017675	12.18967357966051
2.783888888836373	55.71206955359863	12.061019724154358
2.848333333153278	55.98875904713981	11.88122522380403
2.914166666334495	56.25658659960674	11.771021085718207
2.981388888554648	56.51850619135747	11.588618620874358
3.050277777481824	56.78239510334692	11.481172180601371
3.120833333116025	57.040376054620246	11.36590990130229
3.193055555457249	57.28851040469986	11.222673138915276
3.266944444330875	57.54255271549574	11.106999856217971
3.342499999911524	57.79068706557539	11.014976479632896
3.419722222024575	58.03488277517759	10.920931786341832
3.498611111019272	58.28400178537661	10.806891208963282
3.579444444389083	58.52721283485947	10.764221752711821
3.662222221959382	58.76845456410354	10.698226015463637
3.746944444254041	59.00969629334764	10.590036333009735
3.833611110923812	59.25192268271113	10.519506743601706
3.922222221968696	59.48331781076161	10.373513168414108
4.012777777737938	59.720620899528264	10.264608831038554
4.105555555550382	59.95890864841428	10.111098386009333
4.200277777737938	60.18144183539046	9.957820885021672
4.297222221968696	60.408898322963495	9.828009493600073
4.396388888591901	60.62453888910414	9.65367258782493
4.497777777782176	60.8421487754835	9.406559694004544
4.601666666334495	61.04794274043052	9.15720446885955
4.708055555471219	61.253736705377584	8.95722102349441
4.816666666651145	61.46543863104075	8.670209874206861
4.927777777716983	61.6564626941973	8.405324957741826
5.041666666511446	61.83764015616023	8.113529053348135
5.158055555541068	62.018817618123116	7.849055167665208
5.277222221950069	62.19605643960865	7.537867673055286
5.39916666643694	62.35852535930364	7.148937129386091
5.523888888827059	62.5141016581631	6.808434564734178
5.65138888877118	62.66573931654508	6.499878643653939
5.781944444286637	62.81146901421096	6.1731960636273735
5.915277777705342	62.94636745056379	5.855723000624086
6.051944444188848	63.07043462560356	5.5465815882317475
6.191666666418314	63.18465519944975	5.206197910225629
6.334722222061828	63.29592179293789	4.91332156281326
6.480833333276678	63.40324974594853	4.546394757853654
6.630555555224419	63.50860837872042	4.247915831166985
6.783611111110076	63.60116642994062	4.003977989920247
6.940277777728625	63.67993923948971	3.688324368089275
7.10055555542931	63.76560466987436	3.483309808592547
7.264444444386754	63.82862291751368	3.251369845448117
7.432222222094424	63.89656446574975	3.0019762187416164
7.603611111058854	63.965490674105205	2.8891975769375686
7.77916666661622	64.00881571935722	2.7189637315179236
7.958611110923812	64.07380328723522	2.5704834799840848
8.142222222173586	64.12894425391961	2.4256640761540034
8.329999999841675	64.17817725988775	2.3390011864696505
8.522222222120035	64.24513414800451	2.1889894173482287
8.718888888834044	64.28550521289839	2.172823459256614
8.919999999983702	64.33769219922465	2.049752986716785
9.125833333237097	64.36821666292495	1.927003345060749
9.336388888768852	64.41646500877378	1.8879619374745011
9.551944444421679	64.45191277307087	1.7429209174906513
9.772222222178243	64.49129917784542	1.6995661898705399
9.997777777723968	64.52871626238128	1.6295914421405635
10.22833333304152	64.5562867457234	1.6576672508065733
10.46444444434019	64.59665781061734	1.578583495113518
10.70583333307877	64.6311209147951	1.6023245616786945
10.95277777762385	64.66164537849536	1.5454235750963117
11.20555555546889	64.69807780291181	1.5332023844279847
11.46416666661389	64.7345102273283	1.5115785256592305
11.72861111105885	64.76503469102856	1.4548401637137147
11.99916666664649	64.80540575592244	1.388286824430972
12.27611111104488	64.83199157914531	1.416560011654387
12.55944444425404	64.86645468332303	1.3682701779423228
12.84916666662321	64.88910186606837	1.4107280815577192
13.14555555547122	64.91667234941058	1.3353190178844052
13.44888888881542	64.93636555179785	1.3464388938022402
13.7591666666558	64.97279797621427	1.388070449558631
14.07666666666046	64.99839913931775	1.2810910886584406
14.40138888882939	65.04369350480849	1.3993046886807663
14.73361111083068	65.05747874647956	1.4377429433190445
15.07361111103091	65.09981913161221	1.4927899459593852
15.4213888887316	65.1352668959093	1.4671036452094226
15.77722222195007	65.14609815722224	1.4923449776640594
16.14111111103557	65.19434650307109	1.4390979727884965
16.51333333330695	65.22979426736818	1.508128912218681
16.89416666660691	65.26130339118787	1.4921970386605292
17.28388888877817	65.29182785488814	1.4988682273700789
17.68249999999534	65.32235231858839	1.5959215182392321
18.09027777775191	65.35583076264673	1.534343717703533
18.50749999989057	65.3843859061083	1.513589283152591
18.93444444425404	65.4227876507635	1.5197616790086534
19.37111111101694	65.45922007517993	1.5491030217454993
19.81805555551546	65.49072919899955	1.5325908711147398
20.27527777757496	65.52519230317733	1.469819796912119
20.74305555556202	65.55571676687758	1.5412161656384262
21.22138888877817	65.58821055081658	1.502083873591286
21.71083333325805	65.62464297523302	1.494935683737428
22.21166666666977	65.6512287984559	1.5255312466748139
22.7238888888387	65.67092200084315	1.5616168417038345
23.24805555545026	65.71424704609515	1.5491197009197553
23.78416666650446	65.74378684967607	1.603216295925782
24.33277777768672	65.77824995385379	1.5685008091982167
24.89388888864778	65.81566703838962	1.6031963647723675
25.46805555542233	65.85702276340288	1.7359094606681125
26.05555555550382	65.88459324674504	1.6977726865469753
26.65666666656034	65.92791829199706	1.7420923823951362
27.2713888885919	65.95647343545865	1.726785050009626
27.90027777763316	65.989951879517	1.7255198897996347
28.54388888884569	66.03721556524644	1.6617163879137233
29.20222222222947	66.07167866942413	1.6881127847009296
29.8758333332953	66.11008041407936	1.6537392414591683
30.56499999971129	66.14060487777964	1.6903042515940465
31.269999999844	66.17703730219611	1.731791576405209
31.99111111101229	66.20460778553831	1.7278154067121
32.72888888872694	66.2371015694773	1.702802469809221
33.48361111083068	66.27254933377435	1.6440427298924984
34.25583333318355	66.30799709807145	1.7197962537703548
35.04583333327901	66.3493528230847	1.6891929774229004
35.85416666662786	66.39464718857546	1.7883924346766231
36.68111111107282	66.42320233203702	1.8076874275206558
37.52722222195007	66.44880349514048	1.8131977739882714
38.39277777762618	66.49409786063121	1.855701371335055
39.27833333308809	66.52363766421215	1.7831158345007987
40.18416666635312	66.57090134994156	1.7036047137659966
41.11083333310671	66.60634911423868	1.7764009219905437
42.05888888868503	66.64179687853577	1.8351892553837328
43.02888888877351	66.68512192378773	1.8144826765497375
44.02138888888294	66.71072308689119	1.8134974744311476
45.03666666650679	66.73927823035275	1.8014323962853682
46.07527777767973	66.78161861548543	1.8172019403206792
47.13777777773794	66.81509705954375	1.8554050892767282
48.2249999998603	66.85152948396022	1.8904512052743228
49.33722222206416	66.89091588873481	1.8629836113397618
50.4749999998603	66.92045569231568	1.9192811825891396
51.63916666642763	66.97067335840325	2.0030384205497427
52.82999999995809	67.00612112270032	1.946425995650718
54.04833333310671	67.0474768477136	1.9988418868196527
55.29472222208278	67.08981723284624	1.9873220206615123
56.56999999989057	67.12526499714339	2.016522398882414
57.8747222222155	67.16268208167915	2.122229406636824
59.20944444439374	67.2099457674086	2.086337162977776
60.57499999995343	67.23751625075082	2.1679908685805755
61.97194444440538	67.28182595612215	2.188952769081916
63.40111111110309	67.31431974006118	2.401780193385059
64.86333333305083	67.3586294454325	2.6609636243231796