0.01666666686060125	0.0639525727871056	0.1019225657192555
0.03333333358159507	0.1918577183613197	0.2671409987899533
0.04999999995334292	0.319762863935528	0.3910198718407189
0.06666666684895972	0.4476680095097392	0.517054100983764
0.08333333339533056	0.5755731550839475	0.4508150597550086
0.1000000001163244	0.639525727871056	0.16071104624119725
0.1666666666510537	0.639525727871056	0.12848611785622957
0.1833333335466705	0.639525727871056	0.20894834665771547
0.2000000000930413	0.7034783006581616	0.16072196964729124
0.2166666668140351	0.7034783006581616	0.4174158476179839
0.2333333335350289	0.7034783006581616	0.2566860755901899
0.2499999999067768	0.7674308734452672	0.4811714210338206
0.2666666668023936	0.7674308734452672	0.8016396037420487
0.2833333333487644	0.8313834462323759	2.0675830012626175
0.3000000002443812	0.8953360190194757	2.1152418064417335
0.3166666667907521	1.2150988829550038	2.6436866628151514
0.3333333335117459	1.2150988829550038	3.1080690882004753
0.3500000002327397	1.4069566013163233	1.9169983850134589
0.3666666666044876	1.5348617468905317	2.085605061819401
0.3833333335001044	1.6627668924647454	2.6090804013541704
0.4000000000464752	1.6627668924647454	2.0525143033297866
0.416666666767469	1.79067203803896	2.436866815103432
0.4333333334884628	1.9185771836131678	1.9128783498005293
0.4500000002094566	1.9185771836131678	2.948949316203974
0.4666666667558275	2.110434901974488	2.991338200657765
0.4833333333021983	2.110434901974488	2.7669652503518023
0.5000000001978151	2.3022926203358014	3.6135971090677
0.5166666667441859	2.430197765910016	3.392639748333365
0.5333333334651797	2.4941503386971156	3.3677528372446144
0.5500000001861736	2.6220554842713293	3.9365597985376866
0.5666666669071674	2.7499606298455435	3.5111833503179555
0.5833333334535382	2.8778657754197523	3.6149711938316194
0.599999999999909	2.9418183482068576	4.039340225713001
0.6166666668955259	3.0697234937810713	2.8369421332875877
0.6333333334418967	3.133676066568171	3.317431068298987
0.6500000001628905	3.2615812121423855	3.6259983413657433
0.6666666668838843	3.3894863577165992	4.195055981761725
0.6833333332556322	3.2615812121423855	3.872544251543221
0.700000000151249	3.4534389305036988	4.085622609561083
0.7166666666976198	3.6452966488650196	4.412513212610374
0.7333333334186136	3.709249221652124	4.097875882393694
0.7666666668606013	3.965059512800547	5.17722349518765
0.7999999999533429	4.156917231161864	4.505623606474358
0.8333333333953306	4.284822376736075	4.511974111830155
0.8666666668373182	4.476680095097391	4.447119278073728
0.9000000001046828	4.668537813458708	4.296887493244531
0.9333333335466705	4.7964429590329205	4.78799787242527
0.9666666668140351	4.9883006773942355	4.583182363611249
0.9999999999067768	5.116205822968447	4.412394460868531
1.033333333348764	5.308063541329765	4.660661330489704
1.066666666790752	5.435968686903975	4.845356078406352
1.10000000023274	5.563873832478186	4.467738719574915
1.133333333500104	5.691778978052398	4.298805236266114
1.166666666767469	5.819684123626608	4.490810455153603
1.200000000209457	6.011541841987926	4.554547064658969
1.233333333302198	6.075494414775031	4.089126470066984
1.266666666744186	6.139446987562137	4.573777470647021
1.300000000186174	6.331304705923453	4.2515940130427765
1.333333333453538	6.459209851497666	4.352106027611116
1.366666666895526	6.459209851497666	4.631327033117659
1.400000000162891	6.52316242428477	4.376996253022616
1.433333333255632	6.778972715433192	4.711463785745724
1.46666666669762	6.778972715433192	4.100390773478099
1.516666666860601	7.034783006581617	4.895066792866148
1.56666666684896	7.09873557936872	4.707975876531063
1.616666666837318	7.29059329773004	3.7676277525213147
1.666666666651054	7.354545870517142	3.9159143228212763
1.716666666814035	7.546403588878462	3.177336363741645
1.766666666802394	7.610356161665567	2.6421612446423888
1.816666666790752	7.674308734452673	2.85058496481272
1.866666666604488	7.738261307239776	2.2674334479282185
1.916666666767469	7.802213880026882	2.460978666861971
1.966666666755828	7.738261307239776	2.1481774863747543
2.016666666744186	7.930119025601095	2.746488189401392
2.066666666907167	7.8661664528139905	2.0249742168721436
2.116666666895526	8.185929316749515	1.9545026211256693
2.166666666883884	8.12197674396241	2.1617120741554117
2.21666666669762	8.12197674396241	2.1429148836370495
2.283333333581595	8.313834462323726	1.4568580656024648
2.350000000116324	8.249881889536622	0.6045575524204173
2.416666666651054	8.313834462323726	1.1740563132526278
2.483333333535029	8.249881889536622	1.858090924819659
2.550000000244381	8.313834462323726	0.7411011785695599
2.616666666604488	8.313834462323726	1.577995046512543
2.683333333488463	8.377787035110833	1.0527540348353608
2.750000000197815	8.505692180685044	1.844698803541217
2.816666666907167	8.441739607897937	1.733806618909246
2.883333333441897	8.505692180685044	1.3840865720798163
2.950000000151249	8.633597326259256	1.2606206315992874
3.033333333581595	8.56964475347215	1.053173413422409
3.116666666837318	8.633597326259256	0.9518910161100829
3.200000000093041	8.633597326259256	0.9055584987492291
3.283333333348764	8.633597326259256	0.7193551160720268
3.366666666604488	8.633597326259256	0.8000133114301446
3.450000000209457	8.633597326259256	0.6370645890941993
3.53333333346518	8.761502471833465	0.46070529708515495
3.616666666895526	8.69754989904636	0.5711417595557956
3.71666666669762	8.825455044620572	0.7012890308656535
3.81666666684896	8.761502471833465	1.167511045748104
3.916666666651054	8.761502471833465	0.4931831292515303
4.016666666802394	8.761502471833465	1.0665212315574786
4.116666666604488	8.825455044620572	0.48084979452643645
4.216666666755828	8.825455044620572	0.7969165380747465
4.316666666907167	8.889407617407679	1.0416867828359289
4.416666666883884	8.889407617407679	1.1826748664012896
4.533333333581595	8.953360190194783	1.3259805956625756
4.650000000104683	8.953360190194783	1.3210959223797132
4.766666666802394	9.01731276298189	1.3121448695383393
4.883333333500104	9.01731276298189	1.414616927407819
5.000000000197815	9.081265335768995	1.2999256341051575
5.116666666895526	9.081265335768995	1.3157528569001462
5.250000000139607	9.145217908556102	1.5813061032802715
5.383333333558312	9.145217908556102	1.2595464525061837
5.516666666802394	9.209170481343207	1.3835294241288625
5.650000000046475	9.209170481343207	1.4597001649271433
5.78333333346518	9.27312305413031	1.700215476547865
5.933333333255632	9.337075626917418	1.7265859605696412
6.133333333558312	9.337075626917418	1.8979752190100434
6.283333333348764	9.40102819970452	2.2227905436492343
6.433333333488463	9.46498077249163	2.225358681022588
6.583333333453538	9.528933345278734	2.465528825580109
6.750000000139607	9.592885918065841	2.614543454951437
6.916666666651054	9.656838490852946	2.9434025135637376
7.083333333511746	9.720791063640052	2.955758282304585
7.250000000197815	9.784743636427157	2.9382064732229627
7.433333333255632	9.912648782001366	2.9257791894375615
7.616666666837318	9.976601354788473	3.214235837390281
7.800000000244381	10.04055392757558	3.2330385767520653
7.983333333302198	10.104506500362683	3.2257421370692807
8.183333333255632	10.16845907314979	3.4930786728271572
8.383333333558312	10.232411645936896	3.2544565612197007
8.583333333511746	10.360316791511108	3.5146180775371305
8.78333333346518	10.424269364298214	3.510710079929467
9.000000000139607	10.488221937085314	3.788816209972402
9.216666666814035	10.616127082659531	4.05923641544332
9.433333333488463	10.680079655446635	4.063071905559636
9.666666666883884	10.807984801020844	4.073938711933806
9.900000000104683	10.87193737380795	4.328078630301494
10.1333333335001	10.999842519382163	4.608113187801077
10.3833333334419	11.127747664956374	4.6271563258040125
10.63333333355831	11.191700237743479	4.615052289493961
10.8833333335001	11.31960538331769	4.632588797118889
11.15000000016289	11.447510528891899	4.926433728113708
11.41666666665105	11.575415674466115	4.92027444531919
11.68333333348846	11.703320820040325	4.9470498452732725
11.96666666669762	11.767273392827427	5.225788942525328
12.24999999990678	11.89517853840164	5.227139718808606
12.53333333346518	12.02308368397585	5.228625483866445
12.83333333339533	12.15098882955006	5.236573154476549
13.1333333335001	12.278893975124276	5.520103971604247
13.45000000015125	12.406799120698485	5.811754218394405
13.76666666680239	12.5347042662727	5.8266488133107135
14.09999999999991	12.662609411846908	5.818605650468221
14.43333333354667	12.79051455742112	5.839810018451561
14.76666666674419	12.982372275782438	5.825371790347783
15.11666666683732	13.110277421356644	6.133599077215779
15.46666666675583	13.23818256693086	6.134156797722052
15.83333333339533	13.366087712505069	6.141597357324964
16.20000000020946	13.49399285807928	6.426712040368661
16.58333333339533	13.621898003653495	6.408639306651147
16.96666666675583	13.81375572201481	6.422907027729485
17.36666666683732	13.94166086758902	6.69101881604665
17.78333333346518	14.069566013163229	6.6891935683150585
18.20000000009304	14.261423731524548	6.966137445606748
18.6333333334419	14.453281449885866	7.248075805919999
19.06666666679075	14.581186595460075	6.974214032967219
19.5166666668606	14.773044313821398	7.261252686401843
19.9833333333022	14.900949459395601	7.559705254354424
20.45000000009304	15.092807177756919	7.268941199508094
20.93333333325563	15.284664896118239	7.289877608055686
21.41666666676747	15.412570041692447	7.569539377895819
21.91666666665105	15.604427760053765	7.572733155618713
22.43333333325563	15.796285478415085	7.8635710320339
22.96666666675583	15.924190623989293	7.876800126844956
23.49999999990678	16.116048342350613	7.890081570747138
24.04999999995334	16.30790606071193	8.166130141172156
24.61666666689553	16.49976377907325	8.166960924853887
25.20000000020946	16.691621497434564	8.17348192452047
25.78333333334876	16.883479215795877	8.463380664818995
26.38333333355831	17.075336934157193	8.453897533372496
27.00000000013961	17.267194652518512	8.731111872481318
27.6333333334419	17.459052370879828	8.754052419089987
28.28333333346518	17.650910089241144	8.781591516744031
28.95000000020946	17.842767807602463	8.790620310981112
29.6333333335001	18.034625525963772	9.09339425942889
30.33333333351175	18.290435817112204	9.102350600714368
31.03333333334876	18.482293535473513	9.392515556235104
31.74999999990678	18.67415125383483	9.39751662470799
32.48333333353503	18.86600897219616	9.693665667925275
33.23333333353503	19.12181926334457	9.709927015733273
33.99999999990678	19.313676981705886	9.726784489069255
34.80000000024438	19.569487272854317	9.735343797486822
35.61666666660449	19.761344991215626	10.012131945076275
36.45000000020946	20.017155282364055	10.293754179335625
37.30000000018617	20.20901300072537	10.2984861542031
38.16666666688388	20.464823291873795	10.589592378683259
39.04999999995334	20.6566810102351	10.317855552097061
39.96666666681404	20.912491301383525	10.623733277667833
40.90000000004648	21.168301592531957	10.509808407559342
41.84999999999991	21.424111883680382	11.092664648270361
42.81666666684896	21.679922174828793	11.09470259814446
43.81666666679075	21.871779893190105	11.38201519597091
44.83333333345354	22.127590184338544	11.396824732345378
45.99999999990678	22.38340047548696	11.44545150371983
47.06666666690717	22.703163339422492	11.43819658833316
48.16666666665105	22.95897363057091	11.436400257578875
49.28333333346518	23.214783921719327	12.02978038661432
50.43333333354667	23.47059421286774	12.04091094626112
51.59999999999991	23.726404504016173	12.187996555671276
52.80000000024438	23.982214795164598	12.195287206198936
54.0333333335816	24.238025086313023	12.51721642110045
55.28333333346518	24.557787950248542	12.529833776439139
56.56666666679075	24.81359824139697	12.554065483906786
57.88333333355831	25.06940853254539	12.863707445430109
59.23333333341861	25.389171396480915	13.176208943031765
60.59999999999991	25.708934260416438	13.198826692943891
62.00000000019782	25.964744551564866	13.22309263953882
63.43333333348846	26.220554842713305	13.530932466041085
64.90000000004648	26.54031770664882	13.842406356818461
66.40000000004648	26.860080570584355	13.573069298446633
67.93333333348846	27.115890861732776	13.578848533480041
69.50000000019782	27.4356537256683	13.884678557767351
71.11666666689553	27.755416589603822	14.199195658748998
72.7666666668606	28.075179453539352	14.212897459281388
74.45000000009304	28.330989744687777	14.237029705558992
76.18333333348846	28.650752608623307	14.548349790269608
77.95000000015125	28.970515472558834	14.858857143190251
79.74999999990678	29.290278336494364	14.89075303627549
81.59999999999991	29.610041200429887	14.918329894869542
83.48333333353503	29.929804064365417	15.235439583690308
85.41666666688388	30.249566928300947	15.568261769984959
87.40000000004648	30.63328236502358	15.590405178391556
89.41666666665105	30.953045228959116	15.914574151927825
91.48333333341861	31.27280809289464	15.945743270646707
93.59999999999991	31.59257095683016	15.972520371590461
95.76666666674419	31.976286393552794	16.296012022104655
97.9833333333022	32.29604925748833	16.33504377783722
100.2500000001978	32.67976469421097	16.665116998113408
102.5666666669072	32.99952755814648	16.692978024633128
104.9333333332556	33.31929042208201	17.33158930860402
107.3666666668373	33.703005858804644	17.3692844586762
109.8500000002327	34.086721295527276	17.397867442310243
112.3833333334419	34.47043673224992	17.430165464841192
114.983333333535	34.790199596185445	18.079753311859026
117.6500000001629	35.23786760569519	18.409652455224563
120.3666666666045	35.62158304241782	18.452441644989797
123.1500000001047	35.94134590635334	18.81144679125612
126.0000000001396	36.32506134307597	18.843021627016874
128.9166666668839	36.77272935258572	19.184555397043187
131.9000000001629	37.156444789308345	18.93134680955546
134.9500000001513	37.540160226030984	18.973440780974993
138.066666666849	37.987828235540725	19.632162705264978
141.2666666668024	38.37154367226336	19.677963593972187
144.5333333334652	38.755259108985996	19.415983626265916
147.8666666668373	39.13897454570862	19.781057580333954
151.2833333334652	39.52268998243126	19.83093378032103
154.7833333333488	39.97035799194099	19.88268152220341
158.3666666668373	40.35407342866363	19.93757139794276
162.0333333335816	40.73778886538626	20.3158347149359
165.7833333335816	41.185456874896	20.503775996818383
169.6166666668373	41.56917231161863	20.558375634806218
173.5333333333488	42.016840321128385	20.618308696330786
177.5500000001862	42.400555757851016	20.928710798452666
181.6500000001047	42.84822376736075	21.0950304263621
185.8499999999999	43.23193920408338	21.260995801090527
190.1500000000465	43.679607213593115	21.332919603437816
194.5500000002444	44.06332265031576	21.68002082584693
199.0500000002444	44.51099065982548	21.751045911012284
203.6500000000465	44.95865866933522	22.09505343909693
208.3499999999999	45.342374106057875	22.17783179280905
213.1666666666511	45.79004211556761	21.683231774375265
218.0833333334535	46.237710125077335	22.60440714551047
223.1166666666045	46.68537813458708	22.955805696222352
228.2666666668024	47.13304614409684	22.755596595327503
233.5333333333488	47.58071415360657	22.839035378201093
238.9333333334885	48.02838216311629	22.91207485662239
244.4500000001513	48.284192454264726	23.036822609554633
250.1000000002327	48.92371818213578	22.800783180478867
255.8833333335583	49.37138619164552	22.601774328561543
261.7999999999533	49.75510162836816	22.70388269920979
267.8500000001163	50.20276963787789	22.79538696348534
274.0333333333488	50.58648507460051	22.61699407014653
280.3666666668955	51.034153084110265	23.259136374112256
286.8333333335118	51.417868520832904	22.833054818615025
293.450000000093	51.80158395755553	22.65305475121171
300.233333333535	52.24925196706527	23.042957569687182
307.1666666667675	52.69691997657501	22.84937063370733
314.2500000001396	53.08063541329765	23.258332548254273
321.5000000001978	53.46435085002027	23.38873499721124
328.9166666667675	53.97597143231713	23.77107017991295
336.5166666667442	54.35968686903974	23.88922717498491
344.2833333335816	54.80735487854948	23.704715029527083
352.2333333333022	55.19107031527212	23.844762828098364
360.3666666666045	55.63873832478186	23.949939720937557
368.6833333334885	56.086406334291595	24.372023618567113
377.2000000001513	56.53407434380135	23.97093058733055
385.9000000000465	56.91778978052398	24.276367259295196
394.8000000002444	57.30150521724662	24.58773205314946
403.9166666667675	57.74917322675634	24.458481626577726
413.2333333334186	58.13288866347898	26.065293940094378