0.01000000000021828	1.827908130159648	1.022881340312714
0.02000000000043656	2.7145613210842017	1.535463596388539
0.03000000000065484	3.397923662184832	1.8702860074044116
0.04000000000087312	3.9737098751636326	2.1494482357248965
0.05000000000109139	4.478954119844219	2.388169180198291
0.06000000000130967	4.9328294581396275	2.596207254767738
0.07000000000152795	5.346948533988875	2.780346832592537
0.08000000000174623	5.729066332256143	2.9454694703050293
0.09000000000196451	6.084696070554387	3.0952312283334056
0.1009816608893743	6.4495776198546535	3.2452255697139805
0.1133032870638999	6.831927394228752	3.398717092416603
0.1271283790183588	7.2321500138927455	3.5562133753846545
0.1426403873238087	7.6507627101790225	3.7166768784262056
0.1600451469057589	8.087931160968518	3.8805640783609543
0.1795736083495285	8.54427765101353	4.0490079195900215
0.2014849024735668	9.020228664681513	4.2163436420510125
0.2260697788387915	9.515102092937859	4.3961151378166585
0.2536544638169289	10.032442842736211	4.602301250334766
0.2846049894187672	10.574787353298106	4.796848283499845
0.3193320503141877	11.136918517425629	4.911803759189712
0.3582964535025894	11.705726691196311	5.125197961611883
0.4020152329412667	12.316985772227035	5.472772674170806
0.4510685102704883	12.9658154894384	5.630937251933944
0.506107192678428	13.613483734585936	5.7989631618215505
0.5678616100403815	14.300991157594446	6.0930903583500315
0.6371512059549786	15.01636960873379	6.34071404639831
0.7148954112626598	15.760877726312305	6.604176474422626
0.802125844332295	16.536900936290717	6.885040195234214
0.9000000000132786	17.346057144680255	7.180246282031203
1.009816608886467	18.19002690235157	7.490165869227382
1.133032870630814	19.070512886621362	7.8147865476743466
1.271283790178131	19.989192002336186	8.153660431818983
1.426403873234449	20.947662895858674	8.505826469588794
1.600451469056679	21.947380160103748	8.869823062812253
1.795736083496195	22.989604745107147	9.243679652269222
2.014849024738396	24.07533621962401	9.625002007850519
2.260697788388825	25.205282809971344	10.011038847865107
2.536544638172018	26.379808994778532	10.398812322890171
2.846049894189491	27.598935574896313	10.785232781747153
3.193320503144605	28.86231368355868	11.167229087073675
3.582964535029532	30.169254842736557	11.541870574566007
4.020152329412667	31.518733037601347	11.906458369460356
4.510685102705793	32.90943577167387	12.258620503403522
5.061071926780642	34.33978801463363	12.596347148857328
5.678616100397449	35.808011333790134	12.918043025548817
6.371512059542511	37.312159868455424	13.222510747230713
7.148954112613865	38.85017558025689	13.508961236906366
8.021258443311126	40.41992657163904	13.776968777532856
9.000000000120963	42.01925192723123	14.026459529388974
10.09816608885376	43.645997316706975	14.257654569314033
11.33032870629995	45.29804664588825	14.471036872629126
12.71283790177586	46.97334996709903	14.667205624794327
14.26403873234176	48.66992152724319	14.846793005242949
16.00451469056588	50.38584843925852	15.010708416994035
17.95736083496195	52.11934474146985	15.160343393161991
20.14849024738669	53.86880696473947	15.296687046226799
22.60697788389098	55.63266479784439	15.420164972810143
25.365446381722	57.40939952855054	15.532027442203585
28.46049894189946	59.19771335406314	15.633580335420511
31.93320503145242	60.996371006651074	15.725581340684661
35.82964535029805	62.80423013332256	15.8089724515626
40.20152329412849	64.62025089422323	15.884638978371859
45.10685102706248	66.44347074973894	15.953389867201757
50.61071926781369	68.27300922068846	16.016011595247534
56.78616100398267	70.10805471461339	16.07323561783534
63.71512059543147	71.94786143539989	16.12574721688345
71.48954112614956	73.79173783836104	16.17418668755343
80.21258443311854	75.6390433452365	16.21915680266277
90.00000000121327	77.48917801738105	16.261224566841676
100.9816608885376	79.34157910544252	16.300928656564146
113.3032870630022	81.1957118249146	16.33878191602219
127.1283790177613	83.05106579239842	16.375278797203965
142.6403873234231	84.90714677554911	16.41089849806749
160.0451469056607	86.76347302768377	16.4461122151501
179.5736083496204	88.61956782486057	16.48138691980215
201.4849024738669	90.47495569440778	16.51719252036604
226.0697788389098	92.32915556132059	16.554006233691627
253.65446381722	94.18167684695491	16.592319866357325
284.604989418991	96.03201308939956	16.63264493316209
319.3320503145224	97.87963792319452	16.675520292154985
358.2964535029769	99.72399909886144	16.72151823827931
402.0152329412849	101.56451442131383	16.771228565195557
449.5152329412849	103.34562558712199	16.824290450672134
497.0152329412849	104.94357352332366	16.87676272489015
544.5152329412849	106.3918018203497	16.926814918954047
592.0152329412849	107.71536607504089	16.97622458806764
639.5152329412849	108.93352390400715	17.025136187266355
687.0152329412849	110.06139617463401	17.073654653496337
734.5152329412849	111.11107185980744	17.12185714000053
782.0152329412849	112.09236917180473	17.16980019258698
829.5152329412849	113.01337043378041	17.2184362414648
877.0152329412849	113.88080851464926	17.265947685580926
924.5152329412849	114.70035137715035	17.31462601211603
972.0152329412849	115.47681539136072	17.361808158629742
1019.515232941285	116.21432783156324	17.408888042302543
1067.015232941285	116.91645219944675	17.45587933698853
1114.515232941285	117.58628649775393	17.5027936071849
1162.015232941285	118.22654086325328	17.549639923131913
1209.515232941285	118.83959965026236	17.597408841216176
1257.015232941285	119.42757170180374	17.644111050905945
1304.515232941285	119.99233107454502	17.69076790097381
1352.015232941285	120.53555081103366	17.737441386423285
1399.515232941285	121.05873040062342	17.782835857368255
1447.015232941285	121.56321916726694	17.828249634154645
1494.515232941285	122.05023559011941	17.865166418958587