0.008333333360496908	0.25768100396063903	0.4031695715583028
0.01666666672099382	0.5759545069562665	0.5152225170565142
0.02499999990686774	0.7981270034179028	0.605056344730115
0.03333333344198763	0.9838136940090099	0.6734091977645936
0.04166666680248454	1.1388783689587705	0.7354426845939986
0.05000000016298145	1.2789578022117039	0.7918930086050561
0.05833333334885538	1.404051993767823	0.8448828779144657
0.06666666670935228	1.5206762661039903	0.8842592844887603
0.0750000000698492	1.6258987241056133	0.9149885267363326
0.08333333325572312	1.7242800935065157	0.9461528036471096
0.09166666679084301	1.8161461404305306	0.9738184151541756
0.1000000001513399	1.900519566506144	0.994099126956959
0.1083333335118368	1.9822868635910007	1.0123426337831025
0.1166666666977108	2.0572130720751236	1.0253137984715122
0.1250000000582077	2.1292073854446554	1.023834643942124
0.1333333334187046	2.1950121424611457	1.0412287357890462
0.1416666666045785	2.256907705991519	1.0405450639222094
0.1500000001396984	2.3184775033980336	1.0488973891565636
0.1583333335001953	2.374509276699212	1.0463451987445795
0.1666666665114462	2.4289122193811714	1.0452382528233444
0.1750000000465661	2.478102904081617	1.0450024883165892
0.183333333407063	2.5285966532774466	1.0376785794430963
0.19166666676756	2.57420391061562	1.0415251195715314
0.1999999999534339	2.619159635706089	1.038269278581574
0.2083333334885538	2.6595546350627477	1.0309010556401135
0.2166666668490507	2.7019042311624846	1.0281362877519908
0.2249999998603016	2.73936733540454	1.0247386642320813
0.2333333333954215	2.776830439646607	1.0134091990054324
0.2416666667559184	2.812664713269456	0.9999955762025512
0.2500000001164153	2.847521688520766	1.0009761092102127
0.2583333333022893	2.877817938038267	0.9815193379160683
0.2666666668374091	2.9097430181749733	0.9746457040121455
0.2750000000232831	2.9393877354447815	0.964637164796146
0.283333333209157	2.9687066865907434	0.9592214079877168
0.2916666667442769	2.9950937426221134	0.9659957479535966
0.3000000001047738	3.0221323309011767	0.9430333588430653
0.3083333334652707	3.0478678546848545	0.9414519852139184
0.3166666666511446	3.0742549107162254	0.9289281036582853
0.3250000001862645	3.0993389022522106	0.9279928167775087
0.3333333333721384	3.1201879341782326	0.9207241278634949
0.3416666665580124	3.1436430950949985	0.9162771191738088
0.3500000000931323	3.1651436592687014	0.9049515733686394
0.3583333334536292	3.1859926911947225	0.8924479865986027
0.3666666668141261	3.206190190873053	0.8691464325475278
0.3833333333604969	3.2465851902297116	0.8617345175411295
0.3999999999068677	3.2827452299764057	0.8543406021113831
0.4166666668024845	3.314670310113125	0.8437377030208982
0.4333333333488554	3.3475726886213706	0.8140402993045754
0.4500000000698492	3.3798235348819246	0.8052984764970019
0.466666666790843	3.409468252151731	0.7936810248825832
0.4833333335118368	3.4352037759354106	0.78071208712624
0.5000000000582077	3.462568130338308	0.7671268664309455
0.5166666666045785	3.486023291255087	0.7474793558264332
0.5333333335001953	3.5085011538003266	0.7313966204877019
0.5500000000465661	3.5322820808409383	0.7336666033716867
0.56666666676756	3.5554114756338584	0.7136863655419238
0.5833333334885538	3.5756089753122025	0.7206020590101289
0.5999999998603016	3.5932003459997737	0.7118960599460414
0.6166666667559184	3.6140493779257965	0.6961571455625701
0.6333333333022892	3.631640748613367	0.6821959231963233
0.6500000000232831	3.6515124821678646	0.6781684454953073
0.6666666667442769	3.667149256112371	0.6827447274292422
0.6833333334652707	3.683437562304571	0.6669534835070321
0.7000000001862645	3.698422804001399	0.6556644957203626
0.7166666665580124	3.7150368763174417	0.6475261496907687
0.7333333334536292	3.7296963518904365	0.6361736603849848
0.7583333333604969	3.751522682187971	0.6383854060276353
0.7833333334419876	3.770742883494777	0.6266070402494496
0.8083333333488554	3.789311552553886	0.6079905968835109
0.8333333332557231	3.808857519984536	0.6071185107614024
0.8583333335118368	3.8277519551674795	0.5876084649557192
0.8833333334187046	3.8433887291120006	0.5875874077364719
0.9083333335001953	3.858699736932673	0.586179083613036
0.933333333407063	3.875965341496399	0.5708679088497842
0.9583333334885538	3.8893217525740074	0.5619986292338663
0.9833333333954215	3.904306994270833	0.5683651562294276
1.008333333302289	3.9186407037199684	0.5670984967985762
1.033333333209157	3.9316713486737327	0.5578679111087035
1.058333333465271	3.9443762275036476	0.5627074979461641
1.083333333372138	3.9580584047051035	0.5507579678189315
1.108333333453629	3.971740581906556	0.5507550127489167
1.141666666720994	3.987377355851064	0.5536654082420095
1.175000000162982	4.0043171942909535	0.5564552305234438
1.208333333255723	4.016696306997036	0.5406018470404725
1.241666666697711	4.032333080941544	0.544784232755841
1.275000000139698	4.047969854886052	0.539189840030089
1.308333333407063	4.061652032087504	0.5192785237537881
1.341666666849051	4.0730538464220505	0.5396152314019169
1.375000000116415	4.088364854242723	0.5267276725843942
1.408333333209157	4.097486305710355	0.5210352977407782
1.441666666651145	4.112145781283326	0.5136334681949362
1.475000000093132	4.121267232750968	0.5143901783024653
1.516666666720994	4.138532837314705	0.5156740882960082
1.558333333348855	4.149934651649237	0.5239925879258677
1.60000000015134	4.164268361098383	0.5099883843675652
1.641666666604579	4.177299006052145	0.525767085160464
1.683333333407063	4.190003884882049	0.5055425669125665
1.724999999860302	4.203034529835826	0.5183836283872991
1.766666666837409	4.216390940913435	0.5154610295055266
1.808333333465271	4.2271412230002845	0.5154134493124981
1.858333333453629	4.2418006985732655	0.5153295057769572
1.908333333441988	4.254179811279336	0.5078224694263971
1.958333333255723	4.2675362223569415	0.4969134477958746
2.008333333418705	4.280566867310703	0.4997256029979384
2.058333333407063	4.293271746140621	0.5065363020631195
2.108333333395422	4.305650858846691	0.5032719038654442
2.158333333209157	4.3157496086858504	0.5111065605122129
2.208333333372138	4.326174124648865	0.5034845959067619
2.266666666720994	4.33855323735495	0.5165993154375768
2.325000000069849	4.354190011299456	0.5129808550346856
2.383333333418705	4.365917591757846	0.5068548156430989
2.44166666676756	4.378948236711608	0.520918720433325
2.500000000116415	4.389372752674612	0.5203634551635566
2.558333333465271	4.4043579943714395	0.5332209053169221
2.625	4.416737107077511	0.5259820940859685
2.691666666709352	4.42813892141205	0.5216960097360948
2.758333333418705	4.44214686473734	0.5228338703375641
2.824999999953434	4.452897146824204	0.5334490992911189
2.891666666837409	4.466905090149492	0.5170301088410283
2.966666666558012	4.480913033474784	0.5264132787816825
3.041666666802485	4.491663315561645	0.5318539069514668
3.116666666697711	4.505019726639252	0.5235358692414853
3.19166666676756	4.518050371593003	0.5382630626406654
3.266666666837409	4.5291264198037	0.5301215287129989
3.350000000093132	4.543460129252848	0.5353416436030614
3.433333333348855	4.555839241958916	0.5430831113940121
3.516666666604579	4.567566822417306	0.535810023449757
3.599999999860302	4.581574765742594	0.5349774634257128
3.683333333465271	4.593302346200983	0.5380845333790306
3.774999999906868	4.607961821773965	0.5329566837223635
3.866666666697711	4.620015168356186	0.533311931165804
3.958333333488554	4.631091216566885	0.5448915238365034
4.050000000104774	4.643470329272956	0.5381246287915009
4.149999999906868	4.6558494419790355	0.5427439007037588
4.250000000058208	4.668228554685119	0.5272021503986586
4.349999999860302	4.679956135143496	0.5382041576131172
4.458333333372138	4.694615610716476	0.5454157743313627
4.566666666709352	4.707320489546394	0.5455271663447036
4.675000000046566	4.720351134500156	0.5463711174031587
4.783333333209157	4.730449884339326	0.5446641114115105
4.899999999906868	4.745109359912306	0.551100727551446
5.016666666604579	4.757814238742225	0.5488998882833062
5.133333333302289	4.7701933514482935	0.5492705933463176
5.258333333360497	4.782572464154374	0.5381691497746599
5.383333333418705	4.794300044612752	0.5465380298386024
5.508333333302289	4.807330689566514	0.5434467703730013
5.641666666720994	4.821012866767967	0.5484985655842534
5.775000000139698	4.833391979474038	0.5407203654537388
5.908333333209157	4.843490729313196	0.5467946969122454
6.050000000162982	4.855869842019279	0.5383862179339322
6.19166666676756	4.869226253096889	0.5385513585104508
6.341666666558012	4.883234196422177	0.5365512984145584
6.491666666697711	4.893984478509027	0.5375653339389578
6.641666666837409	4.907015123462789	0.5443785465706985
6.800000000162982	4.916788107178112	0.5417304209928605
6.958333333488554	4.929818752131879	0.533606830624268
7.125	4.942849397085639	0.5184839113519261
7.291666666511446	4.95522850979171	0.529857962976366
7.466666666558012	4.9672818563739325	0.526661365345002
7.641666666604579	4.978683670708485	0.544386236577119
7.825000000186265	4.990411251166865	0.5347447940235515
8.008333333418705	5.000510001006035	0.5315024982052251
8.200000000186265	5.0138664120836305	0.5340888833289498
8.391666666604578	5.0262455247897115	0.5251751673382477
8.591666666558012	5.039927701991157	0.5156100251491477
8.791666666511446	5.050677984078007	0.5206568266703981
9.0	5.062731330660243	0.527817423490984
9.208333333488554	5.075436209490168	0.5200837601996847
9.425000000162981	5.085209193205482	0.5132826016926402
9.650000000023283	5.094656410796962	0.5101053953818914
9.875000000058208	5.107035523503034	0.5049724255091323
10.10833333345363	5.11876310396142	0.5018712762763027
10.34166666684905	5.129839152172119	0.48837071623709105
10.58333333325572	5.1405894342589695	0.49293203832063764
10.83333333337214	5.153294313088885	0.4947395500422638
11.08333333348855	5.16274153068037	0.4881033542767918
11.34166666679084	5.173817578891061	0.49057224907584335
11.60833333345363	5.183590562606385	0.49459930298447735
11.88333333330229	5.194340844693235	0.4871387212411553
12.1583333335002	5.20378806228471	0.4873585493908839
12.44166666670935	5.214538344371564	0.4876983173407401
12.73333333345363	5.2265916909538	0.492849727016525
13.03333333320916	5.238645037536025	0.5012075999473656
13.34166666684905	5.247766489003663	0.5027593065012478
13.6500000001397	5.260145601709727	0.5176777764019285
13.96666666679084	5.269592819301203	0.528833594620577
14.29166666680249	5.281646165883435	0.5205509390773091
14.625	5.293047980217979	0.5141248405239403
14.96666666655801	5.303798262304837	0.5109433293368881
15.31666666665115	5.316503141134752	0.5172711335294332
15.67500000010477	5.329533786088518	0.5115366281344516
16.04166666674428	5.3396325359276755	0.4819480067876167
16.41666666674428	5.3500570518906905	0.4692172281454128
16.80000000010477	5.358201204986792	0.47077131919620047
17.19166666665115	5.371883382188243	0.4620790746855331
17.59166666655801	5.380027535284343	0.4821337710017209
18.0	5.385565559389694	0.49919127719617923
18.41666666680249	5.394035478609631	0.5037765039561218
18.84166666679084	5.404785760696488	0.5070878101317383
19.2833333335002	5.415536042783338	0.5193847230681427
19.73333333339542	5.432475881223226	0.560643775836343
20.19166666665115	5.4458322923008415	0.643276538336439
20.65833333344199	5.45690834051153	0.659757120825965
21.14166666660458	5.465704025855317	0.7092298649954762
21.63333333330229	5.4816665659236765	0.7672791569883058
22.1333333333605	5.498280638239729	0.8388426686500364
22.6500000001397	5.5210842669088125	0.8988343341080752
23.17500000010477	5.5328118473672	1.0088672816470887
23.71666666679084	5.553660879293216	1.1593379266223554
24.26666666683741	5.576138741838448	1.2234489824697246
24.83333333325572	5.607738055851324	1.2704797588241452
25.40833333326737	5.633147813511162	1.2884333494378497
26.00000000011642	5.666701724267098	1.3599439262676232
26.60000000015134	5.7057936591283855	1.3749610943797856
27.21666666690726	5.7344610780266585	1.351815135592686
27.85000000020955	5.760522367934178	1.2839770109009758
28.50000000005821	5.7865836578417005	1.2358990984656006
29.15833333326737	5.812644947749222	1.1402717793647619
29.83333333354676	5.836100108665993	1.007764360948193
30.52500000019791	5.853365713229727	0.9286442036175293
31.23333333357004	5.870305551669624	0.8544953907293249
31.95833333331393	5.88561655949029	0.7811641298079015
32.70000000012806	5.898972970567897	0.6957486819430847
33.45833333331393	5.910700551026279	0.6244837513903623
34.23333333357004	5.922753897608514	0.5779632544197205
35.02500000019791	5.930898050704613	0.5401704481757582
35.83333333354676	5.940345268296097	0.48997214287727714
36.66666666680249	5.950769784259094	0.45582501432331024
37.5166666667792	5.959239703479048	0.43276443048602625
38.38333333347691	5.96836115494668	0.40070852100209225
39.27500000008149	5.975202243547407	0.3911774485046948
40.18333333340706	5.982369098271974	0.3897632254617153
41.11666666681413	5.986929824005791	0.36929700864828263
42.06666666676756	5.993770912606513	0.3148263215367942
43.04166666680249	6.001263533454924	0.29382248499744124
44.04166666656965	6.005172726941056	0.2940780202199208
45.07472222245997	6.014619944532527	0.20617456186333252
46.24138888908783	6.022764097628631	0.28218654891348793
47.40805555571569	6.027650589486295	0.44938873074462266
48.57472222234355	6.025044460495541	0.44539250552179477
49.74138888897141	6.032862847467795	0.476735719987321
50.90805555559928	6.023741396000166	0.434959218482788
52.24138888908783	6.045893492421559	0.4649254085669217
53.57472222240176	6.078470104805958	0.5033668831039454
54.90805555571569	6.09443264487432	0.5161413804343736
56.241388888855	6.107463289828081	0.5487292601725033
57.57472222234355	6.117236273543399	0.3636953552330867
58.90805555565748	6.122122765401066	0.43556467541552657
60.40805555565748	6.1315699829925405	0.4366842771251907
61.90805555565748	6.141017200584018	0.3787739862056796
63.40805555565748	6.148835587556278	0.5278732537175168
64.90805555565748	6.15404784553778	0.671347370194869
66.40805555565748	6.12081970090568	0.8166517993661584
68.07472222234355	6.127660789506416	0.973923267005404
69.741388888855	6.148184055308588	1.1082269682461356
71.40805555571569	6.165449659872318	1.1437340307779666
73.07472222240176	6.211708449458176	1.1433396667943687
74.90805555559928	6.255035343929435	1.1051123892569505
76.74138888897141	6.2951045771622525	1.2452956409103872
78.57472222234355	6.329310020165876	1.17809008695814
80.40805555571569	6.364818527664881	1.0264004018063746
82.40805555559928	6.383387196723985	0.9049876412595355
84.40805555565748	6.393485946563148	0.7290774181413334
86.40805555571569	6.389902519200873	0.6023547062926083
88.40805555559928	6.3908798175723955	0.46350078597506245
90.57472222234355	6.383712962847827	0.3159777383799154
92.74138888908783	6.371008084017906	0.1316129752150247
94.90805555565748	6.366121592160254	0.010703788797549303
101.9080555555993	6.392834414315462	0.01862208101652513
104.4080555557157	6.39446324493468	0.08546078818160222
106.9080555556575	6.39316018043931	0.35835283346446717
109.4080555555993	6.395114777182374	0.58600278250939
112.0747222224018	6.39055405144855	0.6477653705337441
114.741388888855	6.3879479224578075	0.5837385831149341
117.4080555556575	6.382409898352459	0.4763317533740176
120.2413888889714	6.394789011058525	0.5495053378663438
123.07472222246	6.409448486631511	0.639257033124317
126.07472222246	6.460593768075017	0.4578637065330275
129.07472222246	6.497079573945553	0.03346445144037166
138.4080555556575	6.482420098372572	1.5068741751098185