5.0	0.23384672461014383	0.08955648687271262
5.5	0.1169233623050719	0.5137986394604325
6.0	0.05846168115253597	0.3690923934962326
6.5	0.29230840576246475	0.17643145053124312
8.5	0.17538504345760794	0.31636444092990795
9.0	0.1169233623050719	0.3515431814084203
9.5	0.1169233623050719	0.5815960283965744
10.0	0.05846168115253597	0.5070928321425839
10.5	0.17538504345760794	0.28462656534219893
11.0	0.23384672461014383	0.2126373746577329
11.5	0.17538504345760794	0.303667760388868
12.0	0.05846168115253597	0.2765898149804726
12.5	0.17538504345760794	0.531847494625778
13.0	0.17538504345760794	0.5946199460005055
13.5	0.4092317680677517	0.38508356772636687
14.0	0.4092317680677517	0.5304655530068471