0.05941982047443162	4.443866580115483	6.7941032379977555
0.08941982047508645	7.256286251366651	6.968450890865521
0.1294198204741406	9.861731314776824	11.007463735975726
0.1594198204747954	12.661976009096167	12.664065074881483
0.1894198204754503	15.608320426597396	15.984771958920318
0.2294198204745044	18.03114083603022	15.674337092935287
0.2594198204733402	20.867910461145033	15.242845626693025
0.2894198204739951	22.60893216239576	16.023860319862102
0.3294198204748682	24.03340446341907	16.553277801691213
0.359419820475523	25.336126995124168	15.143690616853902
0.5294198204737768	31.861914630581417	17.550352109201633
0.6894198204736313	36.71973042637888	18.167014628908813
0.859419820475523	40.78617272160785	18.289447028827244
1.029419820473777	44.17081630865469	18.214388394685976
1.529419820473777	51.23230292911219	15.796587782098596
2.029419820473777	55.39614503979577	12.929477706479553
2.529419820473777	57.86766535695584	10.6481250231506
3.029419820473777	59.71826185059299	10.458932807301045
3.529419820473777	60.85053470525254	10.640199947847332
4.029419820473777	62.32370691400319	11.651337076265515
4.529419820473777	63.78470414582197	11.197884112104559
5.029419820473777	65.24570137764073	12.141881980330023
5.529419820473777	66.45102409389122	12.663465484682156
6.029419820473777	67.41284727150527	12.410100182755246
7.029419820473777	69.2147438574151	11.994165218515619
8.029419820473777	70.99229048946128	11.735843471493105
9.029419820473777	72.31936297503005	11.378710722540475
10.02941982047378	73.51251071434872	10.959094566720255
11.02941982047378	74.58390868434915	10.257901613648366
12.02941982047378	75.25353241559942	10.25693800862543
13.02941982047378	76.21535559321346	9.855953226743631
14.02941982047378	76.81192946287278	9.214687808079393
15.02941982047378	77.42067830946397	8.211433476421002
16.02941982047378	78.11465199457793	8.433077260054725
17.02941982047378	78.71122586423725	8.461704968578394
18.02941982047378	79.17387498764651	10.076846727506236
19.02941982047378	79.4295495032148	9.580584887059503
20.02941982047378	79.6730490418513	10.038132834933208
21.02941982047378	79.80697378810133	10.348595702659514
22.02941982047378	80.50094747321525	10.421899202272298
23.02941982047378	80.85402180423817	9.842621992973257
24.02941982047378	81.43842069696564	10.162622653004933
25.02941982047378	82.76549318253441	9.988197280414129
26.02941982047378	82.71679327480712	10.362943249920585
27.02941982047378	83.28901719060283	10.3805162672545
28.02941982047378	83.64209152162567	10.75930502464704
29.02941982047378	84.10474064503495	11.50107390695102
30.02941982047378	84.56738976844424	11.12146099317768
31.02941982047378	84.81088930708073	10.721114531811926
32.02941982047378	85.04221386878532	10.866648983208242
33.02941982047378	85.2857134074218	10.557500173750165
34.02941982047378	85.51703796912642	9.18606085190089
35.02941982047378	85.74836253083107	9.222082610572222
36.02941982047378	85.99186206946753	9.542187784401046
39.02941982047378	86.80758552389969	9.217687189948332
42.02941982047378	87.51373418594544	8.602176986777254
45.02941982047378	88.03725819401384	8.844457272788635
48.02941982047378	88.70688192526414	8.66444572109283
51.02941982047378	89.04778127935519	8.261437726278746
54.02941982047378	89.6321801720827	9.281268858821939
57.02941982047378	89.98525450310555	9.016656887523519
60.02941982047378	90.56965339583307	9.498929117999024
63.02941982047378	90.92272772685597	9.70663037555258
66.02941982047378	91.16622726549241	9.31734232888781
68.93941982047363	91.40972680412887	8.512353924354615
72.02941982047378	91.64105136583353	9.696786963852611
75.02941982047378	92.78549919742491	10.5467232581766
78.02941982047378	93.01682375912955	10.264831478402565
81.02941982047378	93.60122265185704	9.970102932932106
84.02941982047378	93.95429698287994	8.943184642430065
87.02941982047378	94.295196336971	9.096002964620183
90.02941982047378	94.42912108322106	9.619767632192898
93.02941982047378	93.99082191367542	9.73775832478667
96.02941982047378	94.44129606015288	9.783618679951486
99.02941982047378	95.24484453765321	10.011430431101235
102.0294198204738	96.17014278447179	8.625839281283792
105.0294198204738	96.51104213856284	8.105685869356499
108.0294198204738	96.41364232310823	10.846198710702557
111.0294198204738	96.52321711549463	11.40707402189272
114.0294198204738	96.53539209242649	11.812192988781433
117.0294198204738	96.42581730004005	10.71199163998832
120.0294198204738	96.65714186174472	8.632257602608828
123.0294198204738	97.01021619276759	8.930125346578931
126.0294198204738	97.24154075447223	10.87849530347548
129.0294198204738	97.48504029310867	12.537571417734883
132.0294198204738	97.5946150854951	11.914953885444996
138.0294198204738	97.94768941651799	9.370691274851799
144.0294198204738	98.06943918583619	11.091761728312168
150.0294198204738	99.90786070254148	11.28362282307602
156.0294198204738	100.94273374174647	9.298263976926137
162.0294198204738	100.7235841569736	12.611454818751978
168.0294198204738	99.82263586401872	12.135663461638764
174.0294198204738	101.29580807276943	9.821571006736784
180.0294198204738	102.00195673481512	13.222704337985459
186.0294198204738	102.12370650413337	13.492670280904182
192.0294198204738	101.22275821117842	14.74372409014994
198.0294198204738	103.2803293126566	13.98587865433698
204.0294198204738	104.07170281322506	12.605283292441829
210.0294198204738	103.63340364367944	12.77364682417498
216.0294198204738	102.1602314349288	18.94487636966698
222.0294198204738	104.2056275594751	13.700103379470585
228.0294198204738	105.00917603697543	10.649634668193197
234.0294198204738	104.57087686742983	18.84061504609758
240.0294198204738	103.3290292203839	50.340254133102384
246.0294198204738	105.26485055254375	28.872340477779524
252.0294198204738	105.94664926072586	11.097660964197736