0.0001000000000033197	3.3922247454393784	5.406315157517795
0.0002000000000066393	10.176674236291934	14.169524597475833
0.000300000000009959	16.961123727144482	27.637694560060915
0.0004000000000132786	27.137797963436416	41.13699635353946
0.0005000000000165983	37.31447219972835	61.46571057598217
0.0006000000000199179	50.88337118143347	93.71793801762924
0.0007000000000232376	67.84449490857794	119.13519696707986
0.0008000000000265574	84.8056186357224	136.04575156745915
0.0009000000000298769	101.76674236286689	190.3855296361259
0.001009816608906533	128.90454032627719	250.45326662025144
0.001133032870654915	159.43456303515305	309.38428416889775
0.001271283790202915	200.1412599802944	427.2462042347102
0.00142640387326054	257.80908065258023	589.3069344360946
0.001600451469087716	335.8302497974501	810.2999511360409
0.001795736083529675	444.38144165117	1119.6916437544346
0.00201484902477489	593.6393304500311	1517.4835319959034
0.002260697788429411	793.7805904303251	1974.2114978357627
0.002536544638218174	1048.1974463374663	2504.610688426235
0.002846049894237979	1370.458797153186	3093.949848355745
0.003193320503200425	1760.5646428774842	3653.8325409782346
0.003582964535091548	2211.730534019506	4162.431366271767
0.004020152329481164	2718.9305938886223	4569.38619866157
0.004510685102779632	3263.7854641591807	4829.569531407642
0.00506107192686045	3830.8793087265053	4926.214238539246
0.005678616100489364	4397.973153293815	4861.8786127503245
0.006371512059644147	4950.241014996625	4652.65573654998
0.0071489541127292	5469.150415254295	4298.539823870355
0.008021258443442036	5939.875371202324	3880.022495008674
0.009000000000270347	6362.415882840708	3397.096486086029
0.01009816608901559	6721.945967304958	2898.060378633864
0.01133032870649231	7029.585111743439	2431.2087771976917
0.01271283790199362	7281.6268204399985	1980.4424780667375
0.01426403873258408	7485.48408482696	1594.0633408508531
0.01600451469083453	7648.569896336518	1288.1768721782353
0.01795736083526123	7782.003742117036	1030.5802938952618
0.02014849024772047	7885.7856221685915	805.1758822358626
0.02260697788426569	7967.328527923375	660.2779081230467
0.02536544638213911	8037.751946529768	563.6823485745737
0.02846049894236558	8097.055877987774	483.1865659074691
0.03193320503197583	8148.946818013557	434.8988783905017
0.03582964535088706	8197.131262323186	418.82534087928855
0.04020152329479032	8245.315706632822	386.6388781293432
0.04510685102780343	8286.087159510224	370.56986047394724
0.05061071926864713	8330.565108103743	370.60715337851923
0.05678616100491496	8371.336560981114	354.53943104936934
0.06371512059647699	8412.108013858526	354.5886157245173
0.07148954112732042	8452.879466735883	354.6438018733303
0.08021258443443458	8493.65091961329	354.7057217955545
0.09000000000268926	8534.422372490677	335.142891634483
0.1000000000026873	8567.780833935816	327.8896712927982
0.1100000000026853	8601.139295380963	333.39192091736606
0.1200000000026833	8630.791261109956	341.55671716368875
0.1300000000026884	8656.736731122846	335.789684727007
0.1400000000026793	8682.682201135745	335.6703783983789
0.1500000000026773	8704.921175432479	331.8581916495256
0.1600000000026753	8727.160149729225	324.34621206893706
0.1700000000026734	8745.692628309864	330.83987842220677
0.1800000000026714	8764.225106890513	335.48612909429636
0.1900000000026694	8782.757585471143	332.5311875798597
0.2000000000026674	8801.290064051767	338.71525507952947
0.2100000000026654	8816.11604691626	321.19579365653914
0.2200000000026634	8830.942029780785	324.8991340100117
0.2300000000026614	8845.768012645272	311.18318078331157
0.2400000000026594	8856.887499793662	328.6099777690191
0.2500000000026574	8871.713482658162	324.8662565321371
0.2600000000026554	8882.832969806546	323.6334491892406
0.2700000000026535	8897.658952671041	332.3424148111582
0.2800000000026515	8908.778439819424	309.95149127459683
0.2900000000026495	8919.897926967815	330.38632325743976
0.3000000000026475	8931.017414116186	309.0930037230685
0.3100000000026384	8938.430405548454	313.63340897713624
0.3200000000026435	8949.549892696818	312.29842181363085
0.3300000000026415	8960.669379845189	322.12904656209827
0.3400000000026395	8968.082371277444	317.94821602404005
0.3500000000026375	8979.201858425817	323.5589360937009
0.3600000000026356	8986.614849858079	317.98260252648925
0.3700000000026336	8997.734337006441	307.70904831356614
0.3800000000026387	9005.147328438696	319.8267358960652
0.3900000000026296	9012.560319870963	310.19852796660126
0.4000000000026276	9019.973311303223	319.8580362579048
0.4100000000026256	9027.386302735458	307.05024341581276
0.4200000000026236	9034.799294167711	314.8786211624339
0.4300000000026216	9042.212285599973	322.2513566271666
0.4400000000026196	9049.625277032224	315.7024991580393
0.4600000000026157	9064.451259896738	315.39906080185284
0.4800000000026117	9079.27724276122	329.326383931296
0.5000000000026077	9090.396729909606	326.48885204260876
0.5200000000026037	9101.516217058	325.32244970689726
0.5400000000025997	9116.342199922496	300.33107529401445
0.5600000000025886	9127.461687070854	311.67026198643174
0.5800000000025918	9138.581174219255	318.97645267165143
0.6000000000025878	9145.994165651522	305.34560853791555
0.6200000000025838	9157.113652799893	301.4603652202094
0.6400000000025798	9168.233139948255	314.2933837403051
0.6600000000025759	9175.64613138052	310.6230572795857
0.6800000000025719	9186.765618528885	316.30378924469676
0.7000000000025679	9194.178609961158	311.2284535707441
0.7200000000025639	9205.298097109526	301.39638666126655
0.7400000000025599	9212.711088541786	309.95993293875983
0.760000000002556	9220.124079974034	304.4514387891548
0.780000000002552	9227.537071406286	312.6042296457599
0.800000000002548	9234.950062838525	301.9937927589619
0.820000000002544	9242.363054270785	309.50381770450934
0.84000000000254	9249.776045703045	317.3759757871288
0.8600000000025361	9257.189037135291	309.1963988969706
0.8800000000025392	9264.602028567548	318.4700073625512
0.9100000000025261	9275.72151571592	316.3319441867789
0.9400000000025202	9286.841002864307	325.3584899261727
0.9700000000025142	9294.253994296558	319.0351784253799
1.000000000002508	9305.37348144493	312.0110267190255
1.030000000002502	9312.786472877197	307.28466457845366
1.060000000002489	9323.90596002556	297.7439218282292
1.09000000000249	9331.318951457815	325.5948422355172
1.120000000002484	9338.731942890065	315.561610396363
1.150000000002478	9346.144934322334	309.4928118357905
1.180000000002472	9353.557925754565	299.1594363010378
1.210000000002466	9364.677412902955	317.3138266074233
1.240000000002461	9372.090404335187	309.8063323545682
1.270000000002455	9379.503395767442	309.72884766323784
1.300000000002449	9383.209891483593	311.9185035642681
1.330000000002443	9390.622882915826	326.7376617488066
1.370000000002435	9401.742370064221	308.5863537692003
1.410000000002427	9409.15536149646	305.193689454626
1.450000000002419	9416.568352928713	321.32370695374834
1.490000000002411	9427.687840077113	320.3427405392751
1.530000000002403	9435.10083150935	311.11809448093646
1.570000000002395	9442.513822941588	319.5168193405413
1.610000000002387	9449.926814373852	321.1665988624779
1.650000000002379	9457.33980580611	315.75692513302516
1.690000000002371	9464.752797238374	302.29583731021097
1.730000000002363	9472.165788670605	302.5315879193825
1.770000000002355	9479.578780102862	302.4423955911446
1.820000000002345	9486.991771535117	303.2744134871153
1.870000000002335	9494.40476296738	306.8522892755055
1.920000000002325	9501.81775439964	304.2664313480978
1.970000000002315	9509.230745831894	298.5702121799873
2.020000000002305	9516.643737264129	301.15868617425775
2.070000000002295	9524.056728696385	302.1316936069868
2.120000000002285	9531.469720128627	304.686644611948
2.170000000002275	9538.882711560895	304.6164901221924
2.230000000002264	9546.295702993151	309.5856015585761
2.290000000002252	9553.708694425372	312.00475953890185
2.35000000000224	9561.121685857634	314.76337517482415
2.410000000002228	9568.534677289894	307.89651810180715
2.470000000002216	9575.94766872215	310.2129825594594
2.530000000002204	9583.360660154414	313.20106934311195
2.590000000002192	9590.773651586638	316.4112153391916
2.65000000000218	9598.186643018891	319.8294406766912
2.720000000002166	9605.599634451151	322.96054797669177
2.790000000002152	9613.012625883413	321.89012238826405
2.860000000002138	9620.425617315666	320.9067420746075
2.930000000002124	9627.838608747925	320.0027235032573
3.00000000000211	9635.251600180152	302.86365340993984
3.070000000002096	9642.664591612413	307.0731939566939
3.150000000002081	9650.07758304467	307.22182361837577
3.230000000002065	9657.490574476937	307.3892830048548
3.310000000002049	9664.903565909188	307.5739130449538
3.390000000002033	9668.610061625308	308.07430219539185
3.470000000002017	9676.023053057559	308.38975382794183
3.560000000001999	9683.43604448981	309.63721884545726
3.650000000001981	9690.849035922049	310.8565840543959
3.740000000001963	9698.262027354298	295.3169147658863
3.830000000001945	9705.675018786555	312.48713332722815
3.920000000001927	9713.088010218818	313.5562729086024
4.020000000001915	9720.501001651082	315.45433637564764
4.120000000001888	9727.913993083344	317.3046160151084
4.220000000001868	9731.620488799448	320.1094610215727
4.320000000001848	9739.033480231712	304.48738583921835
4.420000000001828	9746.446471663967	303.47686387011913
4.530000000001806	9753.859463096189	305.85944332723034
4.640000000001784	9761.272454528453	308.1853948374316
4.750000000001762	9768.685445960708	324.99952030490846
4.86000000000174	9772.391941676817	307.86059110245725
4.980000000001716	9779.804933109084	307.78668178811023
5.100000000001693	9787.217924541348	310.64258169482576
5.220000000001669	9794.630915973587	311.17669245822486
5.350000000001643	9802.043907405852	294.14320509300705
5.480000000001617	9805.750403121974	312.54212001860174
5.610000000001591	9813.163394554234	313.61211853938505
5.740000000001565	9820.576385986476	314.7183987639806
5.880000000001537	9827.98937741874	297.9192206090066
6.020000000001502	9831.695873134862	300.301149465004
6.160000000001482	9839.10886456712	319.2943775326671
6.310000000001452	9846.521855999374	302.80752222676796
6.460000000001422	9853.93484743161	302.5547303634704
6.610000000001392	9857.64134314774	305.2643163790446
6.77000000000136	9865.054334579992	323.31031329009477
6.930000000001328	9872.467326012229	305.33705151069336
7.09000000000129	9876.17382172838	308.33730694070636
7.260000000001263	9883.586813160635	309.2324480227104
7.430000000001229	9890.999804592879	309.5157924797376
7.610000000001193	9898.412796025113	310.77523816495216
7.790000000001157	9902.119291741265	299.2113076999599
7.970000000001122	9909.53228317352	311.9122354558697
8.160000000001077	9916.945274605745	320.6113668296272
8.350000000001046	9920.6517703219	301.8150556798208
8.550000000001006	9928.064761754145	303.2342518274536
8.750000000000966	9935.47775318637	303.7204767674565
8.960000000000925	9939.18424890251	314.4714883690279
9.170000000000883	9946.597240334773	311.6610294353387
9.390000000000839	9954.010231767015	289.897028385883
9.610000000000795	9957.716727483148	365.3541283396663
9.84000000000075	9965.129718915417	321.11658438369506