0.01000000000021828	1.3807371311329835	1.0996885898939868
0.02000000000043656	2.1343759054772833	1.0748431577681776
0.03000000000065484	2.567244285657426	0.9825675592422894
0.04000000000087312	2.8325628201675985	0.8459401159510475
0.05000000000109139	3.008122936431853	0.7338830269998707
0.06000000000130967	3.1340527695331555	0.6587276792030844
0.07000000000152795	3.2314324249889514	0.6148273486164274
0.08000000000174623	3.3115809612443883	0.5932654578867703
0.09000000000196451	3.380738184429432	0.586697473580224
0.1009816608893743	3.44823630571483	0.5901996107811703
0.1133032870638999	3.516641095994043	0.6009893801243598
0.1271283790192683	3.586624287341547	0.6176969520945755
0.1426403873247182	3.6588769167541093	0.6391407709582863
0.1600451469075779	3.7337986715708813	0.6648624843398906
0.1795736083513475	3.8119750807824655	0.6941095540647153
0.2014849024762953	3.893632579557595	0.7254476019036644
0.2260697788424295	3.979026442929689	0.7583328568259003
0.2536544638205669	4.068257930800729	0.7936799391292282
0.2846049894233147	4.161792986208192	0.8319734861055468
0.3193320503196446	4.259844527155219	0.8719925383057927
0.3582964535089559	4.362597408792478	0.9152994349105613
0.4020152329485427	4.470624416106737	0.9613429635325562
0.4510685102795833	4.583983561013931	1.0088061073069705
0.5061071926884324	4.702944458223548	1.0602028875481224
0.5678616100522049	4.828144215537717	1.1141756428177136
0.6371512059686211	4.9595399344839	1.1698718567001791
0.7148954112781212	5.097572592449979	1.2297260745042713
0.8021258443495753	5.242760190563893	1.2919077256780829
0.900000000032378	5.395122358806925	1.3567540595561398
1.009816608908295	5.555255096779196	1.4256761532523792
1.13303287065537	5.723503374294254	1.4965318300524018
1.271283790205416	5.899970194840759	1.5712260155560254
1.426403873265372	6.08543982175957	1.6497720979126973
1.60045146909215	6.28001886747333	1.72967522725017
1.795736083535303	6.483917555603788	1.814797779974534
2.014849024782961	6.698133089439554	1.9033274361938561
2.260697788438847	6.922458968423242	1.9929425197139237
2.536544638227497	7.157358588831047	2.0881753229484215
2.846049894251337	7.4036709539262	2.1860522191086975
3.193320503214636	7.661175527061536	2.2859310471675602
3.582964535107749	7.930565044580712	2.397663025026968
4.020152329499979	8.213891723994392	2.5101832349351767
4.510685102803109	8.509299471768594	2.616376822606152
5.061071926889781	8.817202975751993	2.726933098835423
5.67861610052023	9.13821288673271	2.84386550718488
6.371512059680754	9.473211690570173	2.959872957342013
7.148954112768479	9.821129137891415	3.0753039894178804
8.02125844348484	10.18293255515457	3.1932428567234297
9.000000000314685	10.558266927696849	3.309398099073778
10.09816608907022	10.947114229349198	3.4296113816619305
11.33032870654279	11.350473970341115	3.548432486077513
12.71283790204871	11.767074496203975	3.6665957494958725
14.26403873264826	12.198093175887891	3.787167459486368
16.00451469090876	12.642973062145833	3.907310779225821
17.95736083534575	13.10224546559281	4.028353876572518
20.14849024781688	13.57566906820185	4.150070982387638
22.60697788437392	14.063734271476918	4.2755313044596885
25.36544638226405	14.566922403984096	4.400566919658001
28.46049894250791	15.084770255207408	4.5313146382696825
31.93320503213545	15.619200117528756	4.6645476779590265
35.82964535106476	16.169011985676786	4.791770183560223
40.20152329498887	16.734172461387956	4.915771210192829
45.10685102802745	17.314141290426726	5.036061402216392
50.61071926889599	17.90878576127883	5.149941284351354
56.78616100519685	18.516946316847317	5.2544848357027965
63.71512059679299	19.13781709775068	5.349025419768509
71.48954112767751	19.7700854986903	5.434600127103865
80.21258443483384	20.413191746334963	5.50966312731634
90.00000000313776	21.06545467564358	5.57101646093433
100.9816608906967	21.725555315880033	5.620303681590275
113.3032870654242	22.392181102599615	5.6581220389352955
127.1283790204798	23.064131478762395	5.686460190622297
142.6403873264735	23.740536447249628	5.705631120724715
160.045146909084	24.420234394805604	5.71218515713449
179.5736083534612	25.101491145402864	5.709778838504266
201.4849024781761	25.78396738165048	5.705731865320182
226.0697788437446	26.467621132611924	5.7013968700347855
253.6544638226442	27.152384230774384	5.69665289828328
284.6049894250773	27.838127390880153	5.69119662691904
319.3320503213527	28.524643276058114	5.684480433138552
358.2964535106403	29.21159641890382	5.6846566795808275
402.0152329498833	29.900675310617526	5.680238830389277
451.0685102802709	30.588670249019962	5.661461702150408
506.1071926889581	31.274814943346502	5.639084508653791
565.8964716041337	31.937861514622654	5.620054520538458
625.6857505193093	32.53276500844743	5.6007402461609335
685.4750294344849	33.07116781517202	5.573635963008875
745.2643083496605	33.56142484881488	5.546365926285246
805.0535872648361	34.01087207952132	5.5169651716560715
864.8428661800117	34.42536923466147	5.4876028497790035
924.6321450951873	34.80948280365783	5.4583563565429305
984.4214240103629	35.166892954786036	5.4355939956442825
1044.210702925539	35.50073305300138	5.414969337792086
1103.999981840714	35.81509379184132	5.392281420170717
1163.78926075589	36.11097965889966	5.368764163581319
1223.578539671065	36.38960262332811	5.3368518960177935
1283.367818586241	36.652645176486466	5.303972949542716
1343.157097501417	36.90121037839898	5.269308703776178
1402.946376416592	37.13710297138186	5.234163968296049
1462.735655331768	37.361222169675074	5.200884418362052
1522.524934246943	37.574055529157796	5.170868190908674
1582.314213162119	37.77653989020003	5.135476328857828
1642.103492077295	37.97016218998382	5.104679049279077
1701.89277099247	38.1554971607989	5.0795028439724295
1761.682049907646	38.33176740798558	5.062060734776742
1821.471328822821	38.50164106814472	5.047810964724066
1881.260607737997	38.665313623978996	5.035126157471886
1941.049886653173	38.82269518511957	5.032434857663856
2000.839165568348	38.97512101083687	5.028433549752652
2060.628444483524	39.12337820790994	5.022474939636716
2120.417723398699	39.2664486791314	5.016451073140824
2180.207002313875	39.40467103561199	5.012489672739973
2239.996281229051	39.53843147581971	5.010162167621874
2299.785560144226	39.668058240967724	5.003304144364631
2359.574839059402	39.79369189229904	4.99900980535308
2419.364117974577	39.91558785068749	4.99475519591265
2479.153396889753	40.03397582167042	4.995486384349861
2538.942675804929	40.14975051127672	4.994726654490063
2598.731954720104	40.26237873021081	4.995869655074309
2718.310512550455	40.47883788987935	5.0004207956680125
2837.889070380807	40.68477573596128	5.006864635376562
2957.467628211158	40.88125859949749	5.008636278608187