0.01340767724650505	1.8703469752309863	0.6851927872154092
0.04674067724954512	3.7649362612144963	2.349091098215463
0.08007467724928574	5.222636946897481	3.9454910473061826
0.1134076772486878	6.874276118600492	4.838054479077742
0.1467406772480899	8.138565325018945	5.9726964352296745
0.1800746772496495	9.534606220309712	6.616178764173624
0.2134076772490516	10.895337662982707	6.199815527942161
0.2467406772484537	11.519840668237338	5.4710946517562675
0.4134076772497792	13.639988845570192	3.7720284111731637
0.6134076772486878	15.027070626017641	2.6536882320606634
0.7800746772463754	15.538794185597597	2.3771912178444827
0.9467406772491813	16.0826651572624	2.7747454992886684
1.446740677247362	17.401236059496256	2.7152165968114446
1.946740677249181	18.12534334153835	2.1994601470335144
2.446740677249181	18.58594724583586	1.8417826169972555
2.946740677247362	18.898989258596426	1.6908461155391867
3.446740677249181	19.1282371972342	1.6524963885378405
3.946740677249181	19.356958129116496	1.6440482686960212
4.446740677247362	19.56249076375726	1.9068608366734199
4.946740677249181	19.74167306062356	2.161207095705307
5.446740677249181	19.981988141126617	2.4870255663203973
5.946740677247362	20.16907553932526	1.8246308613425422
6.946740677249181	20.709257463701654	1.9550224575855977
7.946740677249181	20.62230134904594	2.0040181980905185
8.946740677247362	20.931654314518074	1.093364615775878
9.946740677249181	21.148781097779597	1.7889399119429696
10.94674067724918	21.186725584174823	1.339483098398529
11.94674067724736	21.362745840508204	1.91020776445589
12.94674067724918	21.448120934897425	1.9464242280536832
13.94674067724918	21.5329690225312	1.5301801882651227
14.94674067724736	21.863402258222873	1.7637322945478762
15.94674067724918	21.987248845762853	1.487334567360477
16.94674067724918	21.922954021593167	2.002094195583667
17.94674067724736	21.945088305323697	1.2180993608054251
18.94674067724918	22.163269102096233	0.32028985351375705
20.94674067724736	22.386719966423616	0.22372932869155732
21.94674067724918	22.123216588679043	0.9497083906407936
22.94674067724918	22.218604811422573	1.7012646988762297
23.94674067724736	22.01992326460316	1.7851067062953245
24.94674067724918	21.90556279866203	1.2869052989570762
25.94674067724918	22.009910136248873	0.24702321205611386
26.94674067724736	22.33138425709727	1.8972000838209078
27.94674067724918	22.595414641597337	2.235805310246915
28.98035167724629	22.745611566911723	3.1756395730020524
29.9800746772471	22.936915019154288	3.8540583297983293
30.98007467724892	22.594360628086328	3.2769558048414944
31.98007467724892	22.47104104730188	3.852290065431362
32.9800746772471	22.889484411160268	2.8511152582408976
34.98007467724892	23.15509581592678	0.7073483064724414
39.98007467724892	23.721101071322142	23.24135020050271
40.98007467724892	23.52768959205763	3.8950984771352575
41.9800746772471	20.0900245260019	4.34178237802954
42.98007467724892	22.963265356928744	2.9748008335514577
43.98007467724892	11.63578215444496	0.6099651097323432
47.9800746772471	20.388310349608755	2.8365153389870397
49.98035167732633	32.823034745375246	2.8959896189390015
52.1134076773269	24.713981798663706	11.460329779417766
54.11340767732872	24.650213981249518	33.898388379614914
56.1134076773269	24.767209480968106	26.57600545782686
58.1134076773269	24.64810595422757	30.198894278521383
60.11340767732872	25.110290878791552	10.076434756823657
64.1134076773269	25.108182851769588	1.8316166182862181
66.11340767732872	24.98855231827356	2.2058347613758404
68.1134076773269	25.043888027599913	1.9397498097046255
70.1134076773269	25.09922373692627	2.1579270854471337
72.11340767732872	24.697117582488065	1.670385793266624
74.1134076773269	25.097115709904298	0.8120371524357457
80.1134076773269	25.49605982380961	0.30072989018305957