0.009489211939580855	0.6727948280632495	0.7598171024281107
0.02615621193945117	2.888507404282575	3.610724203102262
0.04282321193932148	5.010254222392651	5.37129876188427
0.05948921194067225	7.009845554960384	7.253179292527958
0.07615621194054256	8.998160996555075	9.094901234204256
0.09282321194041288	10.941372874257171	10.71561731383588
0.1094892119399447	12.796256939336608	12.150229516317024
0.126156211939815	14.626709907307447	13.578333043086632
0.1428232119396853	16.335007389736077	15.047721855820997
0.1594892119392171	18.024511720542964	16.37155081572511
0.1761562119390874	19.72905057264718	17.62032315596247
0.1928232119389577	21.380968600210306	19.506958895933355
0.2094892119403085	23.004696900340484	21.307632886129078
0.2261562119401788	24.54385601817228	23.070063337451543
0.2428232119400491	26.105566917950373	24.671749247390224
0.2594892119395809	27.77251946681091	26.62717355568618
0.2761562119394512	29.546592979916113	28.234018747121905
0.2928232119393215	31.28120087461544	29.86961582527909
0.3094892119406723	33.021446714801364	31.641620583339215
0.3261562119405426	34.761692554987235	33.16505791969706
0.3428232119404129	36.39481743092835	35.065701347499825
0.3594892119399447	38.05989066462677	36.75301905571315
0.376156211939815	39.73436047413599	38.24516267160222
0.3928232119396853	41.39755439267225	39.988499906565785
0.4094892119392171	43.028799953451255	41.60025062003263
0.4261562119390874	44.64876962325703	43.044301695087455
0.4428232119389577	46.24618751111668	44.66126517909472
0.4594892119384895	47.91877800546374	46.33545821031096
0.4761562119383598	49.55190288140498	47.9335161367189
0.4928232119382301	51.23952789704958	49.2360973580089
0.5094892119377619	52.91023907623452	50.65498527772408
0.5261562119376322	54.584708885743794	51.943115890270924
0.5428232119375025	56.21783376168491	53.144313152876805
0.5594892119406722	57.92049329862709	54.52028886318255
0.5761562119405426	59.53294570778423	55.64974590193463
0.5928232119404129	61.20741551729353	56.67660821702661
0.6094892119399447	62.88376464196505	57.91866817168972
0.626156211939815	64.47930321466242	58.861434753909734
0.6428232119396853	66.09927288446833	59.79311261143635
0.6594892119392171	67.62903542648908	60.58990579213713
0.6761562119390874	69.17571180496974	61.40187206710891
0.6928232119389577	70.72990544409899	62.12671427211815
0.7094892119403085	72.24463346482233	62.75970108149409
0.7261562119401788	73.69734408519334	63.09842302159827
0.7594892119395809	76.61967916239543	64.15583202519521
0.7928232119393215	79.42361738437954	64.36995314166013
0.8261562119405426	82.18996930311991	64.46796077087758
0.8594892119399447	84.85671751826443	63.93547814315602
0.8928232119396853	87.41634476916414	63.95783700164049
0.9261562119390874	89.96093749876647	63.55064816734166
0.9594892119403085	92.39089200347514	63.085096743770535
0.9928232119400491	94.57841485226182	62.41485756250519
1.026156211939451	96.80540331945431	61.88347012929415
1.059489211940672	98.83506369461703	60.66692401469328
1.092823211940413	100.74444789939989	60.109957440084294
1.126156211939815	102.4734178486126	59.421036028916454
1.159489211939217	104.13849108231096	58.18739204451123
1.192823211938958	105.67389156981835	57.17280198111146
1.22615621193836	107.2525163060561	56.21140200802268
1.259489211937762	108.74093391450879	55.05279895476781
1.292823211937503	110.163575492285	54.16748644732029
1.326156211940543	111.53735487584426	53.29621057866964
1.359489211939945	112.8228064467807	52.28234051094631
1.392823211939685	114.09886144190615	51.27459584628153
1.426156211939087	115.2471230060028	50.52872599243794
1.459489211940309	116.39538457009964	49.645473928504735
1.509489211939581	118.10180273736614	48.49295313581376
1.559489211940672	119.74432418911815	47.463620827615806
1.609489211939945	121.13501740913702	46.238437571605736
1.659489211939217	122.43926213169541	45.18020197711138
1.709489211940309	123.72471370263179	44.04313742248649
1.759489211939581	125.03271705551452	42.88988690479903
1.809489211940672	126.34823766904606	41.90654035036225
1.859489211939945	127.39689552954671	40.98807156778143
1.909489211939217	128.5376398329948	39.87548125809375
1.95948921193849	129.61260810576618	38.9946843703676
2.009489211937762	130.6161624023744	38.13207067214532
2.059489211940672	131.5990442321986	37.24893453735452
2.109489211939945	132.51427071618406	36.32119990004424
2.159489211939217	133.354324593682	35.37805258131837
2.209489211940309	134.07222298563767	34.8594681683816
2.276156211939451	135.0626220761106	33.78530864867784
2.342823211940413	135.97596924493388	32.88853132406529
2.409489211939217	136.79722997081	31.7626044261917
2.476156211940179	137.66923220606515	30.696243465179307
2.542823211939322	138.48861361677893	29.943533744636117
2.609489211939945	139.16892570549106	29.103726473379815
2.676156211939087	139.8623930003383	28.177857442856567
2.74282321193823	140.55961892550997	27.371922333537352
2.809489211940672	141.24181032938398	26.51132642463183
2.876156211939815	141.87889816936575	25.78993931290497
2.942823211938958	142.40886504510266	25.18663087246206
3.026156211939451	143.16998768578878	24.529041827100578
3.109489211939945	143.7018338766879	23.913312207254645
3.192823211938958	144.3351630863452	23.35383458104997
3.276156211939451	144.8557333862711	22.84533882503814
3.359489211939945	145.43080382590065	22.229829452036174
3.442823211938958	145.94761549550233	21.756184008887622
3.526156211937632	146.49637552286117	21.477905989261068
3.609489211939945	146.9173421191912	21.226485530374593
3.692823211938958	147.36837775811625	20.88500679260731
3.792823211939322	147.87955148223125	20.200139759309053
3.892823211939685	148.377570000211	19.89669627069402
3.992823211940049	148.86807125754214	19.66682155136032
4.092823211940413	149.3003137448453	19.14907129809451
4.192823211938958	149.75510801409476	19.126228012152787
4.292823211937503	150.1516435133163	19.150167837566013
4.392823211939685	150.58388600061963	18.939245904825633
4.509489211939581	151.02928369405794	18.78986958084024
4.626156211939815	151.46340549652348	18.69959313044291
4.742823211940049	151.94638949320557	18.67787185756798
4.859489211939945	152.40494239277945	18.43497673454993
4.97615621193836	152.88604707429948	18.41007306547288
5.092823211940413	153.30137572514298	18.48805861844997
5.226156211940179	153.69603190920247	18.565319488881197
5.359489211939945	154.2053263181553	18.44544325510112
5.492823211940049	154.63756880545856	18.49717713202313
5.626156211939815	155.00403526208515	18.581373688467338
5.759489211937762	155.49453651941607	18.736239193241293
5.892823211939685	155.9512101038277	18.703230516470306
6.042823211939322	156.41540094888816	18.749448217625496
6.192823211938958	156.8194537087586	18.857124178601804
6.342823211940413	157.31371359641395	18.97644967739446
6.49282321193823	157.79481827793407	19.1563156771107
6.642823211939685	158.16880199520938	19.289885883299405
6.809489211940672	158.6029237976747	19.185664191493252
6.976156211940179	159.12537341276297	19.293798024912935
7.142823211939685	159.6215126155806	19.529422319642396
7.309489211940672	159.99173770253157	19.58793653910999
7.492823211940049	160.50103211148434	19.876163289679106
7.676156211939087	160.97274021719352	20.1142980598914
7.859489211939945	161.51586229906565	20.182358488806525
8.042823211937502	161.88608738601673	20.38112829447372
8.242823211940049	162.37283001302333	20.66733521698403
8.442823211938958	162.8426588035704	20.917519944901745
8.642823211939685	163.31436690927936	20.92312135844326
8.842823211940413	163.87064419728702	21.10128827695477
9.059489211940672	164.41188696399703	21.541745718733278
9.276156211939451	164.8215776693541	21.614918718097822
9.49282321193823	165.30080303571197	21.662293956541696
9.726156211940179	165.81761470531356	21.223514209136106
9.959489211940308	166.33630569007724	21.125714825231228
10.19282321193896	166.91513476003132	20.65686404686752
10.44282321193896	167.43382574479506	20.45259016564983
10.69282321193896	167.9713098811807	20.44596873086879
10.94282321193896	168.55201826629676	20.784000445507967
11.20948921194031	169.17031295465648	20.833142234075297
11.47615621194018	169.70779709104224	20.865481434274983
11.74282321193823	170.18514314223788	20.957615431265015
12.02615621193945	170.79028262446252	20.9252793856357
12.30948921194067	171.4386463554171	20.981502453341367
12.60948921193995	171.906595830802	21.231402091441304
12.90948921193922	172.447838597512	21.357983239925645
13.20948921193849	172.6564425805149	21.47061632107351
13.52615621193945	172.98156410357333	21.63152000098433
13.84282321194041	173.17325425011649	21.634340151302364
14.17615621193909	173.5134102944726	21.793739920385214
14.50948921193958	174.04525648537148	21.903659569752964
14.85948921193995	174.63912007662304	22.001847306621094
15.20948921194031	175.13150064911622	22.03826359156632
15.57615621194054	175.6163639609607	22.272966296247642
15.94282321193896	176.13881357604876	22.61874710244754
16.32615621194054	176.69697017921857	22.708851604845176
16.70948921194031	177.24948883690183	22.801501984596978
17.10948921193995	177.81516270072024	23.120760564707698
17.50948921193958	178.37519861905227	23.335987552022765
17.92615621193909	178.9352345373842	24.180919050888978
18.34282321194041	179.5347360741221	24.856494188474272
18.77615621193945	180.11544445923803	25.79285545483409
19.20948921193849	180.69615284435412	26.451181743844472
19.65948921193922	181.29001643560557	26.781275532963694
20.12615621193982	181.93274222107357	27.005028145574208
20.59282321194041	182.5472782791091	27.469582373212123
21.07615621194054	183.21255584652368	28.010624590273327
21.57615621194054	183.90790245653295	28.418505213628166
22.07615621194054	184.5393523510281	28.845533040123485
22.59282321194041	185.23657827619977	29.249248397144807
23.12615621193982	185.88118337683025	29.611802562362676
23.65948921193922	186.53518505327162	29.96407875034855
24.20948921194031	187.24556618457845	30.388675901340534
24.77615621193945	187.9766197826696	30.81276161074397
25.35948921193995	188.73774242335557	31.145707221037704
25.95948921193849	189.47443396693322	31.51750709115497
26.55948921194067	190.19233235888885	31.42223968384483
27.17615621193909	190.92338595698	31.80016776033411
27.80948921194067	191.65443955507095	32.14270849538322
28.45948921194031	192.43623466254124	32.51085018063886
29.12615621193982	193.2387022367954	32.8252880264161
29.80948921194067	194.00358350780573	33.03000838743339
30.50948921193776	194.82296491851963	33.315442690158065
31.22615621193836	195.62355317761154	33.603224120393975
31.95948921193849	196.4053482850818	33.88468297509098
32.70948921193849	197.19090202287614	34.27262274494805
33.47615621193836	198.029076585212	34.48605980908961
34.25948921193776	198.8071130623578	34.712291066761686
35.05948921194067	199.63213241855806	34.86427525948391
35.87615621193982	200.44023793829882	35.05282146131221
36.70948921194031	200.94389440176514	35.29884082754349
37.55948921194067	201.8196552673446	35.558460554326814
38.42615621193909	202.66158846000477	35.81167969799379
39.32615621194054	203.5185561739625	36.019815650204265
40.24282321193823	204.3792825182445	36.18947592555815
41.17615621193909	205.18738803798524	36.35368044493515
42.12615621193982	205.995493557726	36.49743368859547
43.10948921193995	206.87313373846757	36.69044513821923
44.10948921193995	207.68311857337062	36.85420700327389
45.14282321193969	208.57391396024747	37.05303347284004
46.19282321193896	209.42336441355653	37.158545809608746
47.25948921193958	210.30288390946032	37.33387582220987
48.35948921193995	211.150455047607	37.478256864356595
49.47615621194018	211.9867502947805	37.66702699629036
50.62615621193982	212.85875253003562	38.355445810659226
51.80948921194067	213.76082380788588	38.37415204894413
53.00948921193776	214.64786056443845	38.49378525255076
54.24282321194005	215.55556978777517	38.5319622183337
55.50948921193958	216.46139969594952	38.58157500011449
56.7928232119375	217.3164880947451	38.75622667025271
58.10948921193995	218.21480074227082	38.90504371183602
59.45948921194031	219.12626859593192	39.03296454140152
60.84282321194041	220.0020294615114	39.20339854460751
62.25948921193958	220.90410073936138	39.24168285850976
63.70948921194031	221.80053407172505	39.35878972109234
65.19282321193896	222.6838121979534	39.42875900914393
66.70948921194031	223.59340073645225	39.57179659141089
68.25948921193958	224.5161444810863	39.71739505618754
69.84282321194041	225.45392274701803	39.76209061775581
71.45948921194031	226.33532155808422	39.79934741184018
73.10948921193994	227.24866872690745	39.84808717452021
74.80948921194067	228.11879164700028	39.933844371687584
76.54282321193932	229.00019045806644	39.9971028292488
78.30948921194067	229.9097789965654	40.19110314693632
80.12615621193981	230.81185027441543	40.26571469748454
81.97615621194018	231.7552664858337	40.30928530896802
83.87615621193981	232.66673433949472	40.42018800112842
85.82615621194054	233.56880561734494	40.51675169543488
87.80948921194067	234.4802734710059	40.61491373076804
89.84282321194041	235.3992585853157	40.72494598777921
91.92615621193909	236.32764027543644	40.78537089984504
94.05948921194067	237.25414265039518	40.84062154162045
96.24282321194005	238.14681735243437	41.08408932206955
98.47615621194018	239.05828520609526	41.38160518468676
100.7594892119396	239.9697530597564	41.824630248561874
103.0928232119404	240.9188072166613	41.99130946137933
105.4761562119384	241.8471889067819	42.97617655309863