2.000000000232831	0.023089634284653583	0.07834149972888928
2.500000000116415	0.04617926856930717	0.046560042652164645
4.000000000116415	0.04617926856930717	0.038805034918596895
5.000000000232831	0.0692689028539607	0.04659177926698504
6.0	0.0692689028539607	0.08135916924316189
7.000000000116415	0.0923585371386119	0.06966882215961424
9.0	0.0923585371386119	0.11349519788297344
10.00000000011642	0.1149350684391611	0.18279662013426534
11.00000000023283	0.13802470272381467	0.1794637791721631
12.0	0.13802470272381467	0.21951624755175966
13.00000000011642	0.16111433700846586	0.17436771390455702
14.00000000023283	0.1836908683090174	0.229169345963995
16.00000000011642	0.20626739960956664	0.18442963603368273
17.00000000023283	0.2293570338942178	0.18382417996290784
18.0	0.2293570338942178	0.20695914159588377
20.00000000023283	0.25193356519476695	0.2727832401085083
21.0	0.2745100964953161	0.31741898332276214
22.00000000011642	0.2965735248117634	0.34877832119971913
24.0	0.3191500561123126	0.47424348398276306
25.00000000011642	0.34172658741286177	0.516511707179005
28.26666666660458	0.423309961885301	0.6212628095530005
31.26666666660458	0.4679499215022975	0.7030554660459881
34.26666666660458	0.5269567646741876	0.6758714482493945
37.26666666660458	0.6080270361625222	0.8287594023699775
40.26666666660458	0.6521538927954146	0.9964812403709788
43.26666666660458	0.7327110612996474	0.9135785704859609
46.26666666660458	0.8132682298038801	0.935275427307399
49.26666666660458	0.8568819834526681	0.7525393666857787
58.26666666660458	0.934360534052282	1.2800104815731377
61.26666666660458	0.9477012116389693	2.216323520683509
64.26666666660458	0.9713039489077246	2.991134101380371
67.26666666660458	1.2114361454681128	2.39991564311916
70.26666666660458	1.3951270137771277	2.9903039559984244
73.73333333339542	1.5490579090081469	3.275973415340002
76.73333333339542	1.5700951313563847	1.6517876092874182
79.73333333339542	1.724026026587401	0.8091688662164205
112.7333333333954	0.34993623515851735	0.019155301732695255
115.7333333333954	0.37302586944316857	0.5882332256994
118.7333333333954	0.45563544988381405	0.5762867992008391
121.7333333333954	0.4417816693130224	0.6256519290490175
124.7333333333954	0.46435820061357164	0.6276749770770148
127.7333333333954	0.449991317058678	1.0693567430454003
130.7333333333954	0.5690312093706643	0.9555241329454193
136.7333333333954	0.5408105452449792	0.6124316876169019
142.7333333333954	0.5854505048619734	0.9778535604236397
148.7333333333372	0.5931470496235244	0.3462120259833109
154.7333333333372	0.5782670630845265	0.9023519475634244
160.7333333333372	0.6598504375569654	0.9715472714362009
166.7333333333372	0.6449704510179676	1.2759096944468082
172.7333333333372	0.7260407225063027	1.5660124916274025
178.7333333333372	0.7850475656781923	1.447401525313018
184.7333333333372	0.8065978910105355	1.462360477167091
190.7333333333372	0.9246115773543154	2.160249034582779
254.7333333334536	1.4777365942177756	1.4729695383484844
260.7333333334536	1.3976925286976447	1.986974350621143
269.7333333334536	1.5234027598029762	1.5255378674480755
278.7333333334536	1.580870294022555	1.15553342010388
287.7333333334536	1.6147350909733815	1.3691346766515884
296.7333333334536	1.6491129909083095	1.8218931048041247
305.7333333334536	1.6834908908432353	1.325873280726882
314.7333333335118	1.6834908908432353	1.1326045159385656
323.7333333335118	1.774823222013638	1.2270041755791274
332.7333333335118	1.8092011219485666	1.2787552112405816
341.7333333335118	1.8092011219485666	1.1383069097472105
350.7333333335118	1.8451183308358028	0.984190765197333
359.7333333335118	1.8451183308358028	1.4496765110278316
368.7333333335118	1.882574848675353	1.014993006619614
377.7333333335118	1.9200313665149	0.8040414771094752
386.7333333335118	1.9200313665149	0.8689285885241071
395.7333333335118	1.9200313665149	0.7021434482568213
407.7333333335118	2.0154685215581307	0.6347252982600219
422.7333333335118	2.0154685215581307	0.707062980544519
433.7441666666418	1.9944312992098925	0.6352449531408704
446.7333333335118	1.9944312992098925	0.621403629777498
458.7333333335118	1.9944312992098925	0.06966220837226424
470.7333333335118	2.052925039397678	0.2614078187631303
482.7333333335118	2.052925039397678	4.217584874582576
494.7333333335118	2.052925039397678	7.489552703486278
507.2000000000116	2.052925039397678	14.927309993502647
519.2000000000116	2.0318878170494394	19.84163046064213
531.2000000000116	2.076527776666434	27.451986123868277
546.2000000000116	2.8677325781538694	38.523266212544854
561.2000000000116	3.5496464440272764	63.71066231648183