7.598333333269693	0.4247813094976233	6.936419369202754
7.781666666676756	0.5551597312246161	6.993003893235663
7.965000000083819	0.6645093752537025	6.6172456447890315
8.165000000037253	0.7990935651375423	6.72428454948969
8.364999999990687	0.929471986864535	6.750064711277144
8.56499999994412	1.0514388975123672	6.699068194189543
8.765000000072177	1.1692000526206145	6.638779882915534
8.981666666571982	1.2995784743476073	6.5778232562244625
9.19833333324641	1.408928118376694	6.624050096465472
9.414999999920838	1.5224835179453644	6.52121512325419
9.648333333316259	1.6444504285931965	6.45893220480524
9.88166666671168	1.7538000726222822	6.354937384352309
10.11499999993248	1.8589439611117922	6.292086504780961
10.3483333333279	1.9640878496013017	6.204405969696784
10.59833333326969	2.0776432491699808	6.185322896078991
10.84833333338611	2.1743756265803214	6.1157898166084586
11.11499999987427	2.2837252706094153	6.028815038552936
11.38166666671168	2.3762518924801874	5.950108984370788
11.64833333337447	2.472984269890536	5.931249825117251
11.93166666658362	2.573922402840461	5.8525718286398405
12.2149999999674	2.6706547802508096	5.814171022563167
12.49833333317656	2.7589756465819977	5.688646309527854
12.79833333328133	2.8515022684527693	5.689980080938672
13.09833333338611	2.9398231347839565	5.585701714067375
13.41500000003725	3.0239382455755672	5.596572623915275
13.7316666666884	3.116464867446332	5.500258773604951
14.04833333333954	3.1963742226983576	5.483596863224557
14.38166666671168	3.284695089029546	5.39425479459558
14.71500000008382	3.3561929332024105	5.355773036075996
15.06499999982771	3.444513799533606	5.288542996977913
15.41499999992084	3.516011643706472	5.255381429357854
15.78166666673496	3.6001267544980746	5.2305671556725954
16.14833333337447	3.667418843131363	5.151716059628349
16.53166666673496	3.7515339539229666	5.122022575786001
16.91499999992084	3.818826042556263	5.04946030762055
17.31499999982771	3.890323886729129	5.048956617431895
17.71500000008382	3.9576159753624087	4.97896101612824
18.13166666671168	4.029113819535283	4.9643575764279735
18.56500000006054	4.100611663708149	4.896497377531563
18.99833333340939	4.163697996801852	4.799756495617675
19.44833333313	4.230990085435131	4.781117831230485
19.89833333337447	4.294076418528846	4.697635670067948
20.36499999999069	4.357162751622548	4.676833375368214
20.8483333333279	4.420249084716254	4.627657298940845
21.33166666666511	4.483335417809959	4.599943953303306
21.83166666672332	4.542215995364085	4.531577851100625
22.3483333333279	4.596890817378631	4.483828933196585
22.86499999993248	4.647359883853594	4.42937674518163
23.39833333308343	4.7020347058681375	4.402269222142591
23.94833333313	4.7567095278826805	4.367500967000554
24.51500000007218	4.811384349897234	4.295172582498868
25.08166666666511	4.861853416372191	4.245180472573586
25.66499999997905	4.912322482847158	4.2307217130708175
26.26500000001397	4.962791549322122	4.175472396164892
26.88166666659527	5.009054860257508	4.147329256314324
27.51500000007218	5.059523926732472	4.114020191993501
28.16499999992084	5.10158148212828	4.14077551972282
28.81499999994412	5.152050548603244	4.056777614517545
29.4816666666884	5.198313859538626	3.9788375659323503
30.16499999997905	5.23616565939485	4.122054298649412
30.86499999999069	5.278223214790653	4.320466435668826