0.002777777728624642	1858.3553866210145	3350.730624377121
0.005555555282626301	4623.225595984044	4638.656159672114
0.008333333360496908	6651.552511869206	4391.782964705201
0.01111111091449857	7852.68465200237	3531.1821571675378
0.01388888881774619	8487.245027921708	3188.9708742129756
0.01666666637174785	9008.491050998324	2671.0093632460394
0.01944444427499548	9461.748462369333	2478.563660498051
0.0222222221782431	9722.371473907677	2309.780961887506
0.02499999990686774	10005.657356014526	2321.7137572489464
0.02777777763549238	10175.628885278638	2207.756044932005
0.03055555536411703	10379.594720395635	2002.7894441890915
0.03333333326736465	10560.897684943953	2012.4201248489733
0.03611111082136631	10798.857825913781	2036.502977689682
0.03888888889923692	10968.829355177928	2142.9423905795697
0.04166666662786156	10968.829355177928	2004.6661728027705
0.04444444418186322	11138.800884442022	2060.6256409848957
0.04722222208511084	11229.452366716212	1962.893815217209
0.04999999981373549	11410.755331264596	1923.6014644810161
0.05277777771698311	11546.73255467594	1812.5340720764568
0.05555555527098477	11626.052601665851	1867.7386446686623
0.05833333317423239	11660.046907518652	2107.3961614841537
0.06111111107748002	11784.692695645646	2102.1177721618874
0.06388888880610466	11875.344177919893	2111.7051324188456
0.0666666665347293	11898.007048488485	2110.733250078031
0.06944444426335394	12033.984271899702	1974.3544842759413
0.07222222216660157	12067.97857775256	1940.7747921418554
0.07499999972060323	12192.624365879567	1984.8717956323744
0.07777777779847383	12237.95010701664	2046.2322108860876
0.08055555552709848	12328.601589290885	2099.8881924928905
0.08333333308110014	12430.584506849309	2063.290853807307
0.08611111098434776	12475.910247986483	2038.6849908667555
0.0888888887129724	12566.561730260604	2070.2553990243728
0.09166666661622003	12589.224600829239	2162.954048020789
0.09444444417022169	12611.887471397775	2269.8062163523045
0.09722222207346931	12691.20751838767	2207.947450644956
0.09999999997671694	12759.196130093258	2227.5352550435878
0.1027777777053416	12827.184741798947	2148.895459986533
0.1055555554339662	12895.173353504571	2156.93136613706
0.1083333331625909	12951.830529926	2168.331032812216
0.1111111110658385	12974.493400494512	2217.896206583037
0.1138888886198402	13031.150576915852	2152.259299000548
0.1166666666977108	13076.476318052986	2177.919493872497
0.1194444444263354	13110.470623905843	2202.0641456744793
0.1222222219803371	13178.459235611475	2173.3804751962803
0.1277777776122093	13257.779282601383	2259.187576926086
0.1333333330694586	13416.41937658125	2284.6719748162977
0.1388888888759539	13473.076553002627	2291.6795993411924
0.1444444443332031	13552.396599992524	2312.0449335101052
0.1499999999650754	13609.05377641391	2270.4231707671684
0.1555555554223247	13733.6995645409	2421.616330432478
0.161111110879574	13801.688176246576	2382.9109293368997
0.1666666665114462	13869.67678795225	2441.1875228942504
0.1722222219686955	13948.996834942105	2370.6117655188887
0.1777777777751908	14016.985446647768	2440.603690135981
0.1833333332324401	14073.64262306914	2359.858973768514
0.1888888888643123	14152.962670059102	2389.522396923791
0.1944444443215616	14209.619846480426	2497.0590349195127
0.1999999997788109	14300.2713287547	2710.2377792385564
0.2055555554106832	14379.591375744565	2492.39546926759
0.2111111108679324	14390.922811028877	2591.382945991136
0.2166666666744277	14504.237163871625	2650.888071101237
0.222222222131677	14526.900034440172	2694.677106944314
0.2277777777635492	14560.89434029303	2569.6393935697583
0.2333333332207985	14651.545822567155	2736.4871619904447
0.2388888886780478	14674.208693135733	2616.345696883613
0.2444444443099201	14730.865869557112	2726.745309189068
0.252777777670417	14821.517351831319	2744.009671566959
0.2611111110309139	14912.168834105496	2849.3546350114716
0.2694444442167878	15014.151751663972	2853.059376125629
0.2777777775772847	15203.296298623536	2759.886368259667
0.2861111111124046	15139.259524443632	2818.4897610433854
0.2944444444729015	15228.911008295529	3018.041764621538
0.3027777774841525	15369.7919114915	2877.782196362495
0.3111111110192724	15446.636040507503	2989.865139941686
0.3194444443797693	15421.02133083553	3097.1008673311376
0.3277777775656432	15574.709588867505	3070.6021980411733
0.3361111111007631	15561.90223403148	3082.7502472368587
0.34444444446126	15677.168427555518	3043.0886460255174
0.3527777774725109	15728.3978468995	3113.512338014534
0.3611111110076308	15830.856685587518	3002.7367085070905
0.3694444443681277	15907.700814603504	3041.1784417815993
0.3805555552826263	15958.930233947502	3113.9881494263714
0.3916666663717479	15984.544943619483	2923.241665220781
0.4027777776354924	16099.811137143497	3207.3749982225604
0.4138888888992369	16227.884685503392	3068.9191057635558
0.4249999998137355	16253.499395175422	3081.366285550093
0.43611111107748	16343.150879027417	3166.605580668854
0.4472222221666016	16407.187653207406	3121.503210703367
0.4583333330811001	16509.646491895408	3277.0572092312477
0.4694444441702217	16573.683266075364	3111.5146735630738
0.4805555554339662	16599.29797574736	3288.732897661349
0.4916666666977108	16624.912685419375	3199.3412265698626
0.505555555515457	16740.178878943363	3216.7077573710217
0.5194444443332031	16740.178878943363	3223.8101590850474
0.5333333333255723	16829.830362795357	3142.732331121349
0.5472222219686955	16957.903911155343	3209.358725508437
0.5611111109610647	17009.133330499288	3346.8357466470934
0.5749999997788109	17098.784814351344	3252.31617852197
0.5888888887711801	17085.97745951532	3217.902759473825
0.6027777777635492	17124.399524023345	3223.5573240371464
0.6194444443099201	17290.895136891308	3304.4836279564147
0.6361111110309139	17406.161330415256	3179.6968157304955
0.6527777775772847	17444.583394923273	3244.2393988605286
0.6694444444729015	17508.62016910328	3300.401738463382
0.6861111110192724	17547.042233611235	3292.109183481135
0.7027777775656432	17636.69371746325	3208.3927754267165
0.71944444446126	17687.92313680722	3494.076309173593
0.7361111110076308	17739.15255615119	3277.136658303093
0.7555555552826263	17841.61139483919	3442.768834850573
0.7749999999068677	17867.22610451117	3433.1390683261975
0.7944444441818632	17944.070233527196	3273.1512373514947
0.8138888888061047	18033.721717379205	3259.7247450511168
0.8333333330811001	18072.14378188718	3270.6926281036763
0.8527777777053416	18225.832039919136	3297.1786409871816
0.8749999998835847	18238.639394755115	3351.9637428069964
0.8972222220618278	18289.86881409912	3496.069911591655
0.9194444444146939	18353.905588279125	3347.362178874325
0.941666666418314	18353.905588279125	3288.3128506142757
0.9638888887711801	18443.557072131116	3332.2084781589188
0.9888888886780478	18571.63062049105	3357.5882132841875
1.013888888584916	18622.860039835057	3358.789953300964
1.038888888666406	18597.24533016309	3253.786923814037
1.063888888573274	18789.35565270309	3373.777023973231
1.088888888829388	18750.933588195083	3346.8192330410247
1.11666666646488	18840.585072047037	3292.766414620247
1.144444444274996	18853.39242688307	3315.433832742052
1.172222222085111	18968.658620407074	3379.548784450891
1.199999999720603	18981.46597524302	3343.4181057632313
1.227777777705342	19007.08068491505	3305.3714127037397
1.258333333069459	19096.732168767016	3346.3066650551623
1.288888888782822	19173.576297782944	3154.327489020691
1.319444444321562	19186.383652618955	3305.529559190291
1.349999999685679	19301.649846142973	3338.0809227838263
1.383333333302289	19352.87926548696	3260.7982301288735
1.416666666569654	19468.14545901093	3172.55240954547
1.450000000011642	19468.14545901093	3301.754285699946
1.486111111007631	19519.374878354967	3259.7323423470916
1.522222222178243	19583.41165253493	3242.5493804515563
1.558333333174232	19609.02636220694	3207.5982237251546
1.594444444170222	19621.83371704292	3438.1185540892843
1.633333333069459	19737.09991056696	3148.455451589552
1.672222221968696	19762.71462023895	3336.639637161268
1.711111110867932	19839.558749254924	3430.6431919734327
1.752777777670417	19865.173458926965	3294.9342516104043
1.794444444472902	19929.21023310691	3332.776102659725
1.836111111100763	19980.4396524509	3276.2781024817054
1.880555555282626	20018.86171695895	3277.3239413763936
1.924999999813736	20070.091136302915	3465.3918502223496
1.969444444170222	20121.320555646926	3219.0261420061947
2.016666666604579	20146.935265318858	3302.64940979144
2.063888888864312	20185.357329826802	3324.4296452904196
2.113888888678048	20287.816168514815	3299.451316841504
2.163888888666406	20339.045587858785	3305.702121698511
2.213888888829388	20339.045587858785	3251.6781837809017
2.266666666371748	20339.045587858785	3206.283758936108
2.319444444263354	20403.082362038793	3274.4455611983212
2.374999999883585	20454.311781382836	3158.1197568121324
2.430555555503815	20556.770620070787	3350.4317517897894
2.488888888678048	20595.192684578764	3293.935011026705
2.547222222201526	20608.000039414805	3318.2310210103265
2.608333333279006	20710.458878102825	3465.9972859090076
2.669444444181863	20710.458878102825	3265.594183898277
2.733333333162591	20774.495652282727	3375.3372909654895
2.797222221968696	20876.954490970744	3206.5045038017274
2.863888888678048	20864.147136134783	3407.076491259512
2.930555555562023	20928.183910314794	3349.5055084412325
3.0	20928.183910314794	3422.950640306295
3.069444444263354	20992.22068449471	3339.5070780296683
3.141666666604579	20992.22068449471	3513.979753976792
3.216666666674428	21120.2942328548	3357.602679943133
3.291666666569654	21043.45010383874	3420.463323882629
3.369444444368128	21158.716297362655	3435.8785653490277
3.447222222166602	21197.138361870675	3486.000342906277
3.527777777519077	21248.36778121464	3407.867013135224
3.611111111124046	21235.56042637868	3481.860895127561
3.694444444379769	21338.01926506672	3422.6756035615003
3.780555555364117	21338.01926506672	3452.92747100476
3.869444444426335	21389.248684410664	3468.1497898178554
3.961111110867932	21453.285458590664	3491.8361583609712
4.052777777484153	21478.90016826267	3542.2701050343353
4.147222222178243	21440.478103754667	3617.1377788531
4.244444444426335	21594.166361786614	3501.272085167709
4.344444444403052	21606.973716622633	3634.223340595766
4.447222222108394	21671.010490802648	3524.5404974562966
4.549999999813736	21671.010490802648	3665.193790254152
4.655555555422325	21760.6619746546	3569.1782793636794
4.763888888584916	21735.047264982648	3745.5437776228273
4.875	21811.8913939986	3605.5464387006314
4.98888888861984	21773.469329490614	3505.883901296582
5.105555555317551	21901.542877850625	3664.135868766692
5.224999999918509	21939.964942358576	3754.4263340783236
5.347222222073469	21939.964942358576	3765.534597750464
5.472222222131677	22029.61642621062	3880.5974012363017
5.599999999918509	22016.80907137458	3740.0314075183073
5.730555555433966	22119.267910062565	3846.865999246585
5.863888888678048	22183.304684242532	3881.6223427729215
6.0	22119.267910062565	3873.4985085381377
6.138888888875954	22196.11203907855	3985.3338286922417
6.280555555480532	22234.534103586524	3888.955664268964
6.427777777716983	22221.726748750534	4007.892990598553
6.577777777682059	22311.37823260255	4076.820681314312
6.730555555375759	22285.763522930592	4068.972306092892
6.886111110972706	22413.837071290534	4394.077947445392
7.047222222201526	22413.837071290534	4302.057620737984
7.211111110984348	22426.644426126546	4343.85504058174
7.377777777670417	22452.259135798507	4446.30352877765
7.549999999813736	22490.681200306528	4468.604807884456
7.724999999685679	22490.681200306528	4471.633201596683
7.905555555364117	22567.525329322492	4537.237226851942
8.08888888877118	22618.754748666524	4591.674485888078
8.277777777635492	22682.79152284652	4745.795775760421
8.469444444403052	22695.598877682532	4628.777551535675
8.666666666627862	22798.057716370473	4679.808503894746
8.866666666581295	22759.63565186247	4740.654982730988
9.072222222166602	22823.672426042445	4786.8789911003305
9.283333333209157	22874.901845386496	4880.374727697281
9.499999999883585	22900.51655505851	4880.369322414998
9.71944444446126	22990.168038910495	4954.039808639572
9.944444444321562	22951.745974402453	5074.969767898965
10.17499999981374	22977.360684074443	5183.047798667127
10.41111111111241	23015.782748582445	5353.637674652694
10.65277777751908	23131.04894210641	5146.363617949504
10.89999999990687	23156.663651778414	5246.210879041952
11.15277777757729	23207.893071122387	5328.994381803057
11.41111111087957	23246.3151356304	5409.766183043546
11.67499999981374	23297.54455497437	5389.169876256033
11.94444444437977	23259.122490466358	5829.6866844126
12.22222222213168	23348.773974318403	5661.424489521064
12.50555555551546	23374.38868399035	5848.8285756071755
12.79444444418186	23387.196038826365	6097.620978100611
13.09166666638339	23489.654877514382	5947.513278094874
13.39444444421679	23464.04016784237	6494.051699942175
13.70555555541068	23502.46223235039	6702.715508974427
14.02222222206183	23540.88429685835	6958.955486811569
14.34722222207347	23630.535780710365	6752.722521993289
14.68055555527099	23694.572554890376	6686.877026572054
15.019444444275	23720.187264562363	7173.94498457743
15.36666666646488	23797.031393578298	6934.768320724496
18.0	24168.44468382222	6591.813656765095