0.009999999999990905	0.725345597246223	0.8101993542434177
0.01999999999998181	1.2682898396853721	0.7564127824365231
0.02999999999997272	1.5686082144687645	0.08196004738054107
0.03999999999996362	1.4577340713418687	0.9139012886450913
0.04999999999995453	1.886548599982504	1.3560183110810513
0.05999999999994543	2.0495062936361244	2.0344445051369475
0.06999999999993634	2.511770934029951	2.740131192979575
0.07999999999992724	2.8477330125727995	0.9140802937464341
0.08999999999991815	2.7889682337436117	1.8873618162371755
0.1009816608871006	3.2747879013306846	5.3057335711604585
0.1133032870613988	4.010623763378282	4.429374861173523
0.1271283790158577	4.294658951152345	1.8984481275296308
0.1426403873213076	4.447742819808025	2.664722354459182
0.1600451469032578	4.908208445285972	3.36030461897186
0.1795736083470274	5.221448178246879	3.947079842406348
0.2014849024710657	5.817010576041762	4.166014394202567
0.2260697788358357	6.180656647101438	4.059592121634982
0.2536544638137457	6.7517064471588	6.300532691642162
0.2846049894151292	7.631303925692874	6.611038920286254
0.3193320503100949	8.273837028033743	6.196195248156243
0.358296453498042	9.057903419564306	8.495593340864614
0.4020152329358098	10.229821728185147	7.9551420813359774
0.4510685102645766	10.88944572561967	4.4201417617724434
0.5061071926713794	11.24747444199515	5.372661371464768
0.567861610032196	12.126365151692664	7.96768442690285
0.6371512059456563	13.081811900469342	8.318928980617466
0.7148954112517458	14.041531284095385	8.61111130889137
0.8021258443202441	15.06419927087938	7.639554189543236
0.8999999999998636	15.800219647808659	7.253284111378654
1.009816608871688	16.73390655960385	9.910342365655238
1.13303287061467	18.081506248603816	8.137851613359807
1.271283790160396	18.60715538715696	5.380457973536137
1.426403873214895	19.319955774038778	6.719758009230067
1.600451469034852	20.153815108494555	7.628095651197958
1.795736083471866	21.075598990000447	8.054766509975108
2.014849024711339	22.00755983501461	8.3111130856969
2.260697788358357	22.988217503466792	7.461403145565883
2.536544638137684	23.72453635201334	3.8488276714089977
2.846049894151065	23.873857871531467	4.656483857691426
3.193320503101631	24.795793797526564	6.211153392878504
3.582964534980874	25.30277605998799	4.894025312419074
4.020152329358098	25.921519862715055	5.518771814218964
4.510685102644857	26.572053077373905	3.999554535010278
5.06107192671243	26.841315720808716	4.483482818595946
5.678616100321051	27.602815622421414	6.017508497119259
6.371512059456563	28.224638263506407	4.077933320164754
7.148954112517686	28.54011342729208	3.648901435645525
8.021258443202669	29.06300569558302	5.51182106294174
8.999999999998863	29.80617032744302	5.398459138245228
10.09816608871643	30.302780235823707	4.857026998192096
11.33032870614602	30.921084078364846	7.64071798320085
12.71283790160305	32.0558138907545	6.607882895872246
14.26403873214804	32.437013590923996	6.962302272504207
16.00451469034806	33.65133277566355	8.010263471297039
17.95736083471729	34.27250046653841	4.078260283305802
20.14849024711202	34.58521347175395	7.904139789991287
22.60697788358289	36.079555638722724	8.88739370987197
25.36544638137639	36.617271020301054	5.846872661741628
28.46049894151133	37.41408056683939	8.503670003503409
31.93320503101722	38.55580511352987	9.539755666870587
35.82964534980965	39.58641863961648	9.64780607224459
40.20152329358098	40.748787265346344	9.802157680420743
45.10685102644811	41.810753335323874	10.179521350656087
50.6107192671243	43.053149298383055	13.395461762661252
56.78616100320937	44.834690118316836	13.250729482360438
63.71512059456336	46.0390359958825	11.499842586499124
71.48954112517526	47.41535027942427	11.889220813822543
80.21258443202578	48.697961365727046	12.750130568899248
89.99999999998727	50.25270683327574	13.269424941944623
100.9816608871624	51.63833743498391	15.939945319661701
113.3032870614591	53.75904584865128	18.31251348556553
126.5232870614591	55.57334150014901	16.783669519611745
139.7432870614591	57.20578802574423	15.994131287836899
152.9632870614591	58.38452908190178	18.88740698193502
166.1832870614592	59.59835311254735	19.677419042673648
179.4032870614592	61.54094107373628	18.924027458519614
192.6232870614592	62.81104796782269	20.487757992528717
205.8432870614593	63.64108009365054	20.035347234755132
219.0632870614593	64.86706546801041	19.363616440720246
232.2832870614593	66.11614091582715	22.179669326474126
245.5032870614593	66.97781586468699	23.146600161391987
258.7232870614594	68.45670552721143	23.82561287124971
271.9432870614594	69.07475020488819	26.125070647363454
285.1632870614594	70.39921307299416	24.866531119646808
298.3832870614594	71.35114780146758	25.236345837166503
311.6032870614595	72.61138105815898	25.45700102451548
324.8232870614595	73.044444871784	26.9408367787128
338.0432870614595	74.1886780742408	26.567021843952418
351.2632870614596	74.76947103128406	25.507783281722524
364.4832870614596	75.84802637972383	28.516662676098328
377.7032870614596	76.87927185666754	27.714195728461007
390.9232870614596	77.34980088309513	30.629156873861586
404.1432870614597	78.24798076460664	30.203104389435264
417.3632870614597	79.3606981092144	30.96630661113467
430.5832870614597	79.5679849303378	30.128453096416536
443.8032870614597	80.84827564693582	30.725981150396315
457.0232870614598	81.38716965900804	31.33718830925404
470.2432870614598	81.88731692330853	31.03900902229497
483.4632870614598	82.85531973089667	30.8782830765601
496.6832870614599	83.50935872022852	35.853579342018115
509.9032870614599	83.76133078603709	32.380859789235146
523.1232870614599	84.58226038502562	34.29334578759055
536.3432870614599	85.09575940030598	35.079388070467715
549.56328706146	85.97947587374429	36.48481803542336
562.78328706146	86.51530522785677	36.05441465419814
576.00328706146	87.59940221348435	37.55680354008073
602.4432870614601	88.58738901915265	38.88166299864065
628.8832870614601	89.67513225119579	39.059820481330604
655.3232870614602	90.98327925989472	39.75740904327
681.7632870614602	92.30594953489188	41.69658741824782
708.2032870614603	93.17488473215505	43.696961682992
734.6432870614599	93.95779086367321	42.762892148841026
761.0832870614595	95.0669307474556	46.337879717867935
787.5232870614591	96.00670841784434	45.83392954964319
813.9632870614587	97.71209935482412	46.74066871828973
840.4032870614583	98.6666444429173	49.43100241047395
866.8432870614579	99.0712980324468	51.43598688002812
893.2832870614575	100.7052983680034	54.204220598860886
919.7232870614571	101.13518625414537	54.18388091282187
946.1632870614567	102.02768362501703	56.07961391463894
972.6032870614563	103.25203653660571	53.02294635342782
999.0432870614559	104.25858937472124	55.17156388014516
1025.483287061456	104.97712735132868	59.87752382336313
1051.923287061455	106.24904409869185	57.48564759248998
1078.363287061455	106.93192495243468	58.54736937205521
1104.803287061454	107.58957069581066	62.184583327497975
1131.243287061454	108.57338904803738	62.85126324562075
1157.683287061454	109.15745555266695	64.8198165160343
1197.343287061453	110.53678771547985	65.20927990775093
1237.003287061452	111.8929211474416	60.31683250685064