0.01936460151682695	6.175161296337967	33.67518230362942
0.02936460151613574	18.075211711155923	23.485240053168027
0.04936460151657229	26.97344760692074	21.212239720337067
0.06936460151609936	35.099788340643315	31.15031692479651
0.07936460151631763	42.38990931548677	37.71256636152942
0.09936460151675419	49.05822585424059	41.552689631023526
0.1193646015162813	59.62890126776355	37.07057712612211
0.1293646015164995	63.338286352022166	37.8890802230256
0.1493646015160266	67.26208675907029	40.3203283661464
0.1693646015164632	71.05723797244468	38.400713699584486
0.1793646015166814	74.63797386302946	35.971750912419395
0.1993646015162085	78.04717749538277	36.4937186460787
0.2193646015166451	81.1990827403886	39.099830808751264
0.2293646015159538	84.22233879172074	39.8167418284681
0.2493646015163904	86.96685492342644	37.62578927698069
0.269364601516827	89.56128032917964	37.91909616337596
0.2793646015161357	91.91984887986428	38.448341675749035
0.2993646015165723	94.08544364003832	38.12821765741158
0.3193646015160994	96.12238920653873	35.71133529328538
0.3293646015163176	97.9878025148075	35.32577523570116
0.3493646015167542	99.7460081616815	35.45924659830006
0.3693646015162813	101.43988921171854	35.43368319472471
0.3793646015164995	102.9622380035242	33.2322093628001
0.3993646015160266	104.37737913393498	32.956526716037935
0.4193646015164632	105.74963719978776	32.66931975676749
0.4293646015166814	107.05757066880379	32.53590537227774
0.4493646015162085	108.2582964764251	31.087176687415575
0.4693646015166451	109.39469768720963	30.693441613646034
0.4993646015163904	111.51740938282585	30.547264282702496
0.519364601516827	112.5037198676574	28.731823908489982
0.5493646015165723	114.36913317592627	28.567906914743947
0.5693646015160994	115.22679446708428	28.248373390434978
0.5993646015167542	116.8777924525637	26.692165282033763
0.6193646015162813	117.60680455004785	26.823989967994617
0.6493646015160266	118.93617955134293	26.59896546387474
0.6693646015164632	119.5579839874325	26.43344971808042
0.6993646015162085	120.75870979505366	25.390580258318987
0.719364601516645	121.33763116658545	25.47946793990903
0.7493646015163904	122.43114931281191	24.79380573970855
0.769364601516827	122.94574608750678	24.565789115429514
0.7993646015165723	123.97493963689632	24.468783347526042
0.8193646015160994	124.44665334703336	23.974380714932643
0.8493646015167542	125.3900807673073	23.802233530956997
0.8693646015162813	125.84035294516524	23.795672286127225
0.8993646015160266	126.71945576860217	23.54083377408226
0.9293646015166814	127.59855859203931	23.439470260543583
0.969364601516645	128.43477835091826	23.329743894806207
0.9993646015163904	129.2066735129606	23.219117898859018
1.029364601516136	129.95712714272383	23.031513489466228
1.069364601516099	130.6861392402082	23.146057111891526
1.099364601516754	131.41515133769255	22.899989134453634
1.1293646015165	132.1012803706191	23.035947410594385
1.169364601516463	132.76596787126647	22.78433396597197
1.199364601516209	133.38777230735613	22.876899525211442
1.229364601515954	134.00957674344565	22.681181019088136
1.269364601516827	134.63138117953523	22.499759128176805
1.299364601516572	135.18886101878803	22.484650142986776
1.329364601516318	135.7892239225986	22.588296479663082
1.369364601516281	136.3467037618514	22.470577643387006
1.419364601516463	137.18292352073047	22.303558005293958
1.469364601516645	137.97626021505152	22.466665893904178
1.519364601516827	138.72671384481492	22.22751526452398
1.569364601516099	139.4557259422992	22.093137215615027
1.619364601516281	140.14185497522584	22.278634857407347
1.669364601516463	140.80654247587321	22.082609996632936
1.719364601516645	141.49267150879967	22.10475859677119
1.769364601516827	142.1359174771683	22.06373288913546
1.819364601516099	142.71483884869988	21.857924643587662
1.869364601516281	143.33664328478943	21.933345687174004
1.919364601516463	143.91556465632118	21.870583017725654
1.969364601516645	144.4730444955739	21.811028243361747
2.019364601516827	145.0305243348267	21.657212040442012
2.069364601516099	145.54512110952143	21.66842427891309
2.119364601516281	146.08115941649527	21.583411703128135
2.169364601516463	146.59575619118996	21.645478588070453
2.229364601515954	147.26044369183745	21.6564809840408
2.299364601516572	147.90368966020614	21.637285656359726
2.369364601516281	148.48261103173783	21.551530821347477
2.429364601516681	149.06153240326952	21.418713491217947
2.49936460151639	149.66189530708013	21.447024703256137
2.569364601516099	150.21937514633285	21.37372551653423
2.6293646015165	150.7339719210277	21.261055907333702
2.699364601516209	151.29145176028027	21.191703695498695
2.769364601516827	151.78460700269642	21.13074800844147
2.849364601516754	152.42785297106488	21.022722046259172
2.919364601516463	152.9210082134806	20.968983448846426
2.99936460151639	153.56425418184926	20.896506274764647
3.069364601516099	154.078850956544	20.72942102941225
3.149364601516027	154.6363307957967	20.728227004041845
3.229364601515954	155.17236910277066	20.78360442489179
3.319364601516099	155.70840740974444	20.71324019709292
3.399364601516027	156.22300418443913	20.608709727002704
3.479364601515954	156.71615942685494	20.679767717811576
3.569364601516099	157.2093146692709	20.66970460972914
3.669364601516463	157.76679450852367	20.61507927431439
3.769364601516827	158.32427434777637	20.664622429288457
3.869364601516281	158.81742959019235	20.563855733079915
3.969364601516645	159.35346789716593	20.629516852425905
4.069364601516099	159.8680646718609	20.528151480353937
4.169364601516463	160.36121991427677	20.430840629776384
4.269364601516827	160.85437515669267	20.38300506828486
4.369364601516281	161.3260888668296	20.33431393845404
4.479364601515954	161.86212717380346	20.427070798914247
4.599364601516754	162.3552824162193	20.372038277994196
4.719364601516645	162.91276225547216	20.334078048568024
4.829364601516318	163.42735903016668	20.45239614972477
4.949364601516209	163.9205142725827	20.49836404936281
5.069364601516099	164.41366951499847	20.541841801600416
5.199364601516209	164.92826628969354	20.557807631417987
5.319364601516099	165.39997999983046	20.686175594063624
5.449364601516209	165.9360183068042	20.661035134875675
5.579364601516318	166.45061508149897	20.72262131738617
5.719364601516645	166.94377032391483	20.78451792216202
5.869364601516281	167.47980863088858	20.806049986387222
6.019364601516827	167.99440540558342	20.85454761509577
6.169364601516463	168.53044371255731	20.875560781333814
6.319364601516099	169.0235989549732	20.998083193789235
6.469364601516645	169.49531266511005	21.018479228459967
6.619364601516281	170.00990943980503	21.027894731990667
6.779364601516136	170.5245062144998	21.068479693694087
6.949364601516209	171.06054452147364	21.11228057747599
7.119364601516281	171.57514129616834	21.250462228707796
7.299364601516572	172.13262113542115	21.292794963555256
7.469364601516645	172.604334845558	21.29408632061477
7.649364601516027	173.14037315253168	21.328914147701113
7.829364601516318	173.65496992722663	21.421373776875118
8.019364601516827	174.16956670192138	21.505975985242564
8.219364601516645	174.70560500889525	21.62550187794623
8.419364601516463	175.24164331586894	21.67671473882376
8.619364601516281	175.75624009056372	21.76067737225029
8.8193646015161	176.27083686525867	21.91483425035599
9.029364601516136	176.80687517223254	21.902585786473583
9.24936460151639	177.32147194692735	21.982872709161583
9.469364601516645	177.83606872162207	22.08173235479927
9.699364601516208	178.41499009315388	22.181986855245277
9.929364601516681	178.9295868678486	22.266004976497022
10.16936460151646	179.46562517482232	22.37956935254045
10.41936460151646	180.02310501407516	22.440500333890377
10.66936460151646	180.55914332104888	22.507532856883326
10.91936460151646	181.09518162802271	22.666488749733823
11.17936460151668	181.6526614672754	22.734293309271518
11.44936460151621	182.2101413065281	22.87381158101629
11.71936460151665	182.74617961350202	22.92617015719914
11.99936460151639	183.32510098503363	23.02595063399875
12.27936460151614	183.83969775972858	23.133354241003406
12.5693646015161	184.3971775989812	23.25679898822005
12.86936460151628	184.976098970513	23.393621871544447
13.16936460151646	185.5335788097658	23.442018942344685
13.47936460151595	186.1125001812973	23.538244143165894
13.79936460151657	186.6699800205501	23.685876567804527
14.11936460151628	187.22745985980293	23.74332476675058
14.44936460151621	187.78493969905557	23.883791107796878
14.79936460151657	188.4067441351451	24.009294006680236
15.14936460151603	188.9642239743978	24.078565590817128
15.49936460151639	189.56458687820847	24.194743281211657
15.86936460151628	190.12206671746125	24.294917180897922
16.24936460151639	190.72242962127197	24.238702499372618
16.6293646015165	191.3227925250824	24.436566891988793
17.01936460151683	191.9017138966141	24.511280061327987
17.41936460151646	192.50207680042473	24.597234325991206
17.82936460151632	193.10243970423556	24.616976461484107
18.24936460151639	193.68136107576714	24.700935337553222
18.67936460151668	194.30316551185672	24.73047605879035
19.11936460151628	194.88208688338833	24.830059111201955
19.5693646015161	195.5038913194779	24.925448200921284
20.02936460151614	196.1256957555676	24.873467419505886
20.49936460151639	196.72605865937825	24.874422240208673
20.97936460151595	197.34786309546772	24.84540807419578
21.46936460151665	197.9482259992786	24.908588006066413
21.96936460151665	198.4842643062523	24.946870151501173
22.47936460151595	199.12751027462076	24.92546879364323
22.99936460151639	199.72787317843145	24.96935233057641
23.54936460151657	200.3711191467999	24.990243492985726
24.09936460151675	200.95004051833146	25.041051549428243
24.66936460151646	201.59328648670024	25.159294315276266
25.24936460151639	202.17220785823187	25.183187988204395
25.84936460151675	202.8154538266004	25.34246347088084
26.44936460151621	203.43725826268997	25.362779196840247
27.0693646015161	204.01617963422171	25.424627852603496
27.69936460151621	204.57365947347435	25.51721345006747
28.34936460151675	205.17402237728516	25.608573091447813
29.01936460151683	205.77438528109576	25.687770003347737
29.69936460151621	206.3961897171852	25.87887706826761
30.39936460151603	206.99655262099574	25.920304938593905
31.11936460151628	207.61835705708543	26.04149057584189
31.84936460151675	208.240161493175	26.114469504779557
32.59936460151675	208.88340746154347	26.339155516119494
33.36936460151628	209.54809496219116	26.410133780347497
34.14936460151603	210.1913409305596	26.56820230292212
34.94936460151621	210.87746996348594	26.629250301450796
35.76936460151683	211.52071593185482	26.77534110258418
36.59936460151675	212.18540343250203	26.93390007975586
37.44936460151621	212.8500909331494	27.149360655842543
38.3193646015161	213.53621996607606	27.335511971937716
39.21936460151665	214.20090746672363	27.503140011773215
40.1293646015165	214.86559496737107	27.60032325791399
41.0693646015161	215.55172400029764	27.8038750965931
42.01936460151683	216.2378530332239	27.942321920321913
42.99936460151639	216.92398206615036	28.096590187899533
43.99936460151639	217.6529941636347	28.188349676914658
45.01936460151683	218.33912319656116	28.31634712852008
46.0693646015161	219.02525222948748	28.443816632675674
47.14936460151603	219.71138126241408	28.492063026039286
48.24936460151639	220.4403933598984	28.620628695398914
49.36936460151628	221.12652239282485	28.7051965681795
50.51936460151683	221.83409295803025	28.813084852205545
51.69936460151621	222.56310505551434	28.89215718092321
52.89936460151603	223.27067562071986	28.979712993905615
54.11936460151628	223.95680465364626	29.12506325257706
55.36936460151628	224.68581675113086	29.206206698582072
56.64936460151603	225.39338731633626	29.279482224611222
57.96936460151665	226.1223994138203	29.362429767042745
59.3193646015161	226.8299699790258	29.37451525555697
60.69936460151621	227.58042360878895	29.452721323049623
62.09936460151675	228.3094357062735	29.537759768612478
63.54936460151657	229.03844780375792	29.631003142538564
65.01936460151683	229.76745990124195	29.58157066126801
66.51936460151683	230.49647199872663	29.7290181708418
68.0693646015161	231.24692562848966	29.812444706314594
69.64936460151603	231.99737925825292	29.858061896265692
71.26936460151683	232.7263913557375	29.934525834086873
72.91936460151646	233.4982865177796	30.033056813819506
74.61936460151628	234.24874014754286	30.071294102457255
76.34936460151675	234.9991937773062	30.139681235539292
78.11936460151628	235.74964740706966	30.185103914612228
79.92936460151668	236.50010103683297	30.26755312002881
81.77936460151614	237.2505546665963	30.27829762347064
83.66936460151646	238.00100829635943	30.309333030941296
85.59936460151675	238.7514619261228	30.43075821358878
87.57936460151632	239.45903249132806	30.445760024591653
89.59936460151675	240.25236918564937	30.511542939468082
91.66936460151646	241.02426434769177	30.56153925484195
93.79936460151657	241.79615950973403	30.5999012403446
95.96936460151665	242.56805467177614	30.678190208131827
98.19936460151621	243.3399498338182	30.68605604499031
100.4693646015167	244.1118449958604	30.69887412938023
102.7993646015166	244.88374015790296	30.741897840909978
105.1793646015167	245.65563531994485	30.785860504281032
107.6193646015163	246.42753048198742	30.86032795195578
110.1193646015163	247.19942564402984	30.895062768924276
112.6693646015165	248.0142038706297	30.96575247361208
115.2693646015168	248.76465750039293	31.11137527482325
117.9293646015167	249.5579941947141	31.076103634389547
120.649364601516	250.35133088903544	31.11345018166562
123.4493646015162	251.14466758335675	31.155030844091975
126.2993646015166	251.93800427767792	31.192276663461914
129.2193646015167	252.73134097199892	31.230100976346453
132.1993646015162	253.5032361340413	31.263030885602316
135.2493646015164	254.2965728283626	31.33537228886233
138.3693646015163	255.0899095226837	31.371360296429057
141.5693646015161	255.9046877492836	31.412021585937236
144.8493646015168	256.69802444360494	31.486507754882787
148.1993646015162	257.51280267020496	31.520698274576933
151.6193646015163	258.32758089680556	31.587872002802886
155.1193646015163	259.1209175911266	31.61815025710164
158.6993646015162	259.93569581772687	31.644384659849838
162.3693646015163	260.750474044327	31.74909622392823
166.1193646015163	261.5652522709268	31.778313455634752
169.9693646015167	262.38003049752723	31.80727806135849
173.899364601516	263.19480872412714	31.900897906144273
177.9193646015165	264.03102848300614	31.962688751019424
182.0293646015161	264.8458067096066	32.05717193234156
186.229364601516	265.6605849362064	32.08379847138042
190.5293646015161	266.496804695086	32.15019444126948
194.9293646015167	267.3544659862436	32.1436842970615
199.4293646015167	268.169244212844	32.2317366937248
204.0293646015161	269.00546397172326	32.29175596675956
208.7493646015164	269.8416837306019	32.34749824032164
213.5693646015161	270.7207865540394	32.40601435533521
218.4993646015164	271.5570063129182	32.497086936925115
223.5493646015166	272.39322607179747	32.52274365813099
228.7193646015167	273.25088736295544	32.61165597623783
233.9993646015164	274.10854865411335	32.65269911157079
239.399364601516	274.9876514775505	32.71779146280551
244.9293646015167	275.8453127687085	32.79069408029697
250.5793646015163	276.7029740598664	32.842258566455754
256.3693646015163	277.5391938187459	32.93445067387729
262.2993646015166	278.43973817446147	32.94717593465565
268.3493646015168	279.29739946561983	33.058843706657036
274.5493646015166	280.1765022890566	33.11587157061582
280.899364601516	281.0556051124935	33.1691677484937
287.3793646015165	281.95614946820956	32.95310554519486
294.0193646015168	282.8138107593675	33.66272050622641
300.8193646015161	283.7143551150839	33.367447257132085