0.002777777728624642	0.04251453344689431	0.015416375937527657
0.005555555457249284	0.08421147971211602	0.10489473877018092
0.008333333185873926	0.13735464652073492	0.16079226165254534
0.01111111108912155	0.18968022614768107	0.2218256800025218
0.01388888881774619	0.24609374168298268	0.3135715241404949
0.01666666654637083	0.31231830339833605	0.3532049090314036
0.01944444444961846	0.36546147020695113	0.3634182370638076
0.0222222221782431	0.4161518754705561	0.46557607128293577
0.02499999990686774	0.47992367564089555	0.49319011489354575
0.02777777763549238	0.5273437321778139	0.5249938242042305
0.03055555553874001	0.6009265785282093	0.6211021231818089
0.03333333326736465	0.6467114607017863	0.736742494173017
0.03611111099598929	0.7072129121454431	0.7120189953238052
0.03888888872461394	0.7709847123157826	0.7744079708317184
0.04166666662786156	0.818404768852701	0.8398425848750525
0.0444444443564862	0.8707303484796473	0.8368670747369658
0.04722222208511084	0.9304142127416314	0.9464210810949166
0.04999999998835847	0.9786518564602225	1.0223593431311522
0.05277777771698311	1.040788482267221	1.0504000856834261
0.05555555544560775	1.0963844106208491	1.0921322657116117
0.05833333317423239	1.1511627517928098	1.107649512567615
0.06111111107748002	1.1953124596030453	1.1639100366431159
0.06388888880610466	1.244367690503309	1.1838158867833315
0.0666666665347293	1.299963618856934	1.1896911520922706
0.06944444443797693	1.3563771343922393	1.2726262236683255
0.07222222216660157	1.4029796037474849	1.2785361111131524
0.07499999989522621	1.4479468987393938	1.3508050137197762
0.07777777762385085	1.5019076527296809	1.3776316947859095
0.08055555552709848	1.5411518374498885	1.430398028848413
0.08333333325572312	1.5992005273485315	1.5375505399826275
0.08611111098434776	1.6507085197938092	1.5292967666547226
0.08888888888759539	1.7063044481474383	1.5949431159051202
0.09166666661622003	1.7512717431393465	1.6806295699511045
0.09444444434484467	1.8068676714929754	1.6716817487045035
0.09722222207346931	1.8461118562131833	1.6892640032236752
0.09999999997671694	1.9008901973851429	1.693153966878923
0.1027777777053416	1.949127841103734	1.7494754304461198
0.1055555554339662	1.9940951360956392	1.7816290082704076
0.1083333333372138	2.0366096695425333	1.8314211170083565
0.1111111110658385	2.0832121388977822	1.8688643047715796
0.1138888887944631	2.1306321954347007	1.9156437385538014
0.1166666665230878	2.181322600698306	1.9659767584412557
0.1194444444263354	2.2287426572352285	2.0103172691996942
0.12222222215496	2.2671692547737634	2.0355859415981024
0.1277777776122093	2.3701852396643144	2.093686437972639
0.1333333332440816	2.4609374168297955	2.1033528636934413
0.1388888888759539	2.544331309360243	2.2305836068246623
0.1444444443332031	2.628542789072356	2.243525343271653
0.1499999999650754	2.707848745694447	2.435049030112649
0.1555555554223247	2.8035064459499606	2.524499049126437
0.161111111054197	2.8869003384804035	2.6349820480927937
0.1666666665114462	2.9964570208243204	2.964262259374822
0.1722222221433185	3.0823036748997774	3.1450811666058245
0.1777777777751908	3.174691026428604	3.3855872093759114
0.1833333332324401	3.268713552320772	3.600001928066568
0.1888888888643123	3.401162675751479	3.477973565058359
0.1944444443215616	3.522983165820462	3.5117414902931587
0.1999999999534339	3.6366277840727372	3.546334815308338
0.2055555554106832	3.7461844664166546	3.6389763717691586
0.2111111110425554	3.812409028132007	3.7020601420999655
0.2166666664998047	3.8917149847540955	3.688965386163716
0.222222222131677	3.9751088772845424	3.6017123442192176
0.2277777777635492	4.070766577540052	3.6408285412445927
0.2333333332207985	4.183593608610655	3.9220556491001015
0.2388888888526708	4.269440262686112	3.9940089993257093
0.2444444443099201	4.374909009121677	4.18929861116855
0.252777777670417	4.500817435099015	4.342781701057328
0.2611111110309139	4.652071063708153	4.370255812133768
0.2694444443914108	4.785337774320529	4.478283157058746
0.2777777777519077	4.935773815748003	4.671476876834213
0.2861111111124046	5.070675700723719	4.974589157804589
0.2944444442982785	5.203942411336099	4.979521793340411
0.3027777776587755	5.329850837313437	5.09797730366279
0.3111111110192724	5.4941858608293135	5.0245806565931215
0.3194444443797693	5.6560681228001775	5.099151011976863
0.3277777777402662	5.775435851324144	5.1260408806099305
0.3361111111007631	5.902979451664828	5.182273413332056
0.344444444286637	6.014988895553757	5.0912188701187215
0.3527777776471339	6.140079734349423	5.074969672796755
0.3611111110076308	6.252906765420026	5.0266818926746755
0.3694444443681277	6.362463447763943	5.214074489261344
0.3805555554572493	6.502270855829692	5.4648438203187375
0.3916666665463708	6.665788292163896	5.67278197411052
0.4027777776354924	6.817859507954708	5.973874135613651
0.4138888887246139	6.988735228923952	6.295234177744235
0.4249999999883585	7.169421996073251	6.814695014888945
0.43611111107748	7.347656001677533	7.033825213487168
0.4472222221666016	7.524254832918476	7.354500726686344
0.4583333332557231	7.7033064257044295	7.7375747226137666
0.4694444443448447	7.9117911570305415	8.047107811911875
0.4805555554339662	8.113735190903284	8.169769858551946
0.4916666665230878	8.28461091187253	8.387815953686882
0.505555555515457	8.514352909922092	8.531380188789976
0.5194444443332031	8.785791854236876	8.639495393817866
0.5333333333255723	9.008993154833057	8.718437931251016
0.5472222221433185	9.238735152882624	8.983033159258206
0.5611111109610647	9.44558470984539	9.137960394550367
0.5749999999534339	9.665515661714904	9.073474516089926
0.5888888887711801	9.885446613584401	9.199598577632214
0.6027777777635492	10.096384106455536	9.454702492192753
0.6194444443099201	10.36455270204362	9.631537649738224
0.6361111110309139	10.625363012996688	10.008226283535151
0.6527777777519077	10.871456754679668	10.182148378387003
0.6694444442982785	11.141260524631106	10.454261603903909
0.6861111110192724	11.397165312494137	10.616711581957603
0.7027777777402662	11.675144954262285	10.777490336264824
0.719444444286637	11.935955265215346	10.888554399541182
0.7361111110076308	12.182866594079993	11.08021778979979
0.7555555554572493	12.478015566663236	11.045988834522747
0.7749999999068677	12.76825901615645	11.094429527193299
0.7944444443564862	13.0462386579246	11.051494064573998
0.8138888888061047	13.311954491967686	11.149731145695592
0.8333333332557231	13.569494454194063	11.211123074704862
0.8527777777053416	13.818040957422047	11.310125080559331
0.8749999998835847	14.098473360735209	11.403775531186623
0.8972222220618278	14.378088176866713	11.469547505015901
0.9194444444146939	14.661790928906553	11.63982463185845
0.941666666592937	14.947128855309742	11.894033295363617
0.9638888887711801	15.236554717621294	12.22853423668758
0.9888888888526708	15.552143369746299	12.487302539098884
1.013888888759539	15.848109929511224	12.750340797268398
1.038888888841029	16.15715788418286	13.097767613039666
1.063888888747897	16.478469646579583	13.345638712392876
1.088888888829388	16.81041004233801	13.640071688107568
1.116666666639503	17.147255961186474	14.237061643669364
1.144444444449619	17.48410188003495	14.837618367587545
1.172222222085111	17.845475414333546	15.226195407824443
1.199999999895226	18.184774094727025	15.561355156389489
1.227777777705342	18.539606931572244	15.849351668372892
1.258333333244082	18.983556771219607	16.21255308345917
1.288888888782822	19.408702105688548	16.585525659562933
1.319444444321562	19.797056016982275	16.794253041136766
1.349999999860302	20.183774753912672	17.05712605216077
1.383333333302289	20.608102501199944	17.292491225939408
1.416666666569654	21.010355394582092	17.3044632306374
1.449999999837019	21.41506104950925	17.42878795227197
1.486111111007631	21.837753622433166	17.591100263335992
1.522222222178243	22.24981756199535	17.75643657975085
1.558333333174232	22.670057373374274	17.915325831594618
1.594444444344845	23.087844423208164	18.14820964079236
1.633333333244082	23.54569324494394	18.43621621740524
1.672222222143319	23.972473753776228	18.617022808985805
1.711111111042555	24.39761908824515	18.99413711409652
1.752777777670417	24.85546790998094	19.38687751889573
1.794444444298279	25.309228795808348	19.70386924480523
1.836111111100763	25.77443590217916	19.891142480643346
1.880555555457249	26.229014375188264	20.11998028035821
1.924999999988359	26.719566684190877	20.36868926993774
1.969444444344845	27.217477277828515	20.638804718513143
2.016666666604579	27.72438133046459	21.04901190900772
2.063888888864312	28.210028116377146	21.452613138454595
2.113888888852671	28.69812766383477	21.791050236821615
2.163888888841029	29.189497560019035	22.014960755849387
2.213888888829388	29.687408153656715	22.07682638257916
2.266666666546371	30.238461914102995	22.21173933375498
2.319444444437977	30.79932672072932	25.24261397664818
2.374999999883585	31.327488040088806	26.42367021966241
2.430555555503815	31.864642818446665	27.09277438901175
2.488888888852671	32.39852724807784	27.687389543073905
2.547222222201526	32.925053393074	28.062574925912244
2.608333333279006	34.13917035785546	28.363209295776112
2.669444444356486	34.883174693176095	28.897580118027456
2.733333333337214	35.54542031032964	29.323729196589216
2.797222222143319	36.177415201761335	29.919944469814734
2.863888888852671	36.82412666246312	30.430974674978568
2.930555555562023	37.45039844362313	28.21338860922762
3.0	38.09710990432491	27.866179880072874
3.069444444437977	38.732375144483285	28.022600377021703
3.141666666604579	39.389715238546806	28.270675498994724
3.216666666499805	40.051143268518686	28.459299705539983
3.291666666569654	40.72238234467058	28.737817838024746
3.369444444368128	41.3903510720958	28.998298204122076
3.447222222166602	42.066495671337734	29.288279334887104
3.5277777776937	42.755721665486455	29.62818075628892
3.611111110949423	43.440042136545095	29.954211311047533
3.694444444379769	44.12518019478542	30.196444142501043
3.78055555553874	44.820946886387425	30.45784857064741
3.869444444426335	45.53470049598624	30.66362905936335
3.961111111042555	46.27625206976185	30.861105383992186
4.052777777658775	46.991640853724036	31.078525938448763
4.147222222178243	47.71929344541126	31.36049856307194
4.244444444426335	48.442858101190104	31.579069536562855
4.344444444403052	49.180321739057376	31.76143518921806
4.447222222108394	49.92350848719632	31.907429159073843
4.549999999988359	50.64298520706684	32.15455089477448
4.655555555422325	51.39680058856753	32.24391755731089
4.763888888759539	52.14162251106986	32.62551712141943
4.875	52.89134995666218	32.77490191479778
4.988888888794463	53.65579397152461	33.009387397074065
5.105555555492174	54.43577214283871	33.28609083812174
5.224999999918509	55.18713476279444	33.45015860201144
5.347222222073469	55.997363659830434	33.737977926067025
5.472222222131677	56.76344284905615	33.95174387810614
5.599999999918509	57.55077930500535	34.1425339209699
5.730555555433966	58.33975093531789	34.31137294351567
5.863888888852671	59.1328105015388	34.65235886593416
6.0	59.941404224211475	34.75844780404453
6.138888888875954	60.73364620325067	34.99301954193146
6.280555555480532	61.53161129256163	35.16263823332717
6.427777777716983	62.35165123577764	35.32024820973657
6.577777777682059	63.179049463628715	35.471038636592695
6.730555555550382	64.00726527866145	35.59217625169755
6.886111110972706	64.81749417569745	35.68634914761534
7.047222222201526	65.64489240354851	35.74105254833876
7.211111110984348	66.46656752112797	35.854246430303874
7.377777777670417	67.28742505152562	35.84537574019446
7.549999999988359	68.12708708710178	35.80442184467867
7.724999999860302	68.94058633286447	35.8686928125987
7.90555555553874	69.75980868889881	35.87021364332067
8.08888888877118	70.59538278856658	35.83385588051447
8.277777777635492	71.419510667691	35.80948776263142
8.469444444403052	72.23382750063533	35.6863440302282
8.666666666627862	73.06286090284978	35.7166786756361
8.866666666581295	73.87717773579415	35.64194227599296
9.072222222166602	74.68577145846677	35.466654930246385
9.283333333209157	75.50417622731943	35.44174660917173
9.499999999883585	76.31276994999207	35.3249200100473
9.719444444286637	77.12790437011816	35.15904287664501
9.944444444321562	77.91932876197566	34.87458426480698
10.17499999998836	78.71157074101494	34.624805219194535
10.41111111111241	79.52179963805092	34.33240556536037
10.6527777776937	80.3083185068184	33.93485439664
10.89999999990687	81.0932022012226	33.56686891580389
11.15277777775191	81.84292964681498	33.1961807430674
11.4111111110542	82.59020433086226	32.788247705208185
11.67499999998836	83.33339107900123	32.16981895689438
11.94444444437977	84.03896881678337	31.678803340842794
12.22222222213168	84.77152693156062	31.134375806720733
12.50555555551546	85.47546949497932	30.661561355134474
12.79444444435649	86.16796583785472	30.13848239250927
13.09166666655801	86.83348180373494	29.65980947170206
13.39444444439141	87.50063294397847	29.233267889553026
13.70555555541068	88.15797303804197	28.651810376107843
14.02222222206183	88.79323827820039	28.176468513407894
14.34722222207347	89.41705729781539	27.663178380443636
14.68055555544561	90.04986977642874	27.18225365978623
15.01944444444962	90.65406670368361	26.705555398904643
15.3666666666395	91.24599982321347	26.206693754533443
15.72222222218989	91.83548018119835	25.730174868582946
16.08611111110076	92.40779120836801	25.286530430959388
16.45833333319752	92.95720979445095	24.750508482127497
16.83888888882939	93.51071631644221	24.224715967754253
17.22777777764713	94.04623592043669	23.715079861894903
17.62777777772863	94.57112689106955	23.20785663930947
18.03611111099599	95.0886595770673	22.650380678226842
18.45277777762385	95.59147569379499	22.220756936807508
18.88055555551546	96.07385213098091	21.676312328647807
19.31666666659294	96.54478234762334	21.222439443601743
19.76388888875954	97.0148949770842	20.753296780015468
20.22222222218989	97.45720964236828	20.25074500139337
20.68888888880611	97.90279465637893	19.798429884293366
21.16666666651145	98.3279399908479	19.39008058764611
21.65555555548053	98.75553808686188	18.976239824317958
22.15555555553874	99.16678443924243	18.575690128024977
22.66666666651145	99.56413180953453	18.276126470020746
23.19166666665115	99.960661592645	17.828183286249903
23.72777777770534	100.34410998084876	17.58456948931662
24.27499999984866	100.71611214850898	17.21029797083687
24.83611111098435	101.08974949053263	16.85976345713049
25.41111111111241	101.45766372228464	16.550432333786098
25.99722222215496	101.79777998985968	16.15097277600843
26.59722222218989	102.16160628570336	15.87625127896394
27.21111111104256	102.49926979173344	15.573331469432977
27.8388888888876	102.82630466440193	15.266311466165241
28.48333333327901	103.1500691883437	14.87827088012198
29.14166666666279	103.4509412711986	14.669482936733392
29.81388888886431	103.76652992332357	14.277311520092422
30.50277777761221	104.06576683181514	14.032298804670026
31.20833333325572	104.3650037403068	13.790528885138595
31.93055555544561	104.6413482077116	13.554222151125371
32.66944444435649	104.92913889565978	13.309000345098294
33.42499999998836	105.20139542715621	13.025229872014382
34.1972222221666	105.47855748174267	12.756000146289853
34.98611111106584	105.74590849014919	12.510159016406623
35.79444444441469	106.0099891498289	12.366146949330458
36.62222222221317	106.25117736842188	12.109286344139695
37.46944444428664	106.49890628446822	11.905799249501925
38.33611111098435	106.73355380560776	11.581455835085752
39.22222222213168	106.97228926265569	11.398351322346297
40.12777777772863	107.20938954534029	11.139203127575453
41.05555555550382	107.43422602029982	10.917027820414916
42.00277777772863	107.65497455935099	10.692318483328352
42.97222222213168	107.8561010060421	10.524875110160567
43.9638888888876	108.07684954509327	10.31673509263161
44.97777777764713	108.27879357896609	10.050436099001592
46.01666666666279	108.46602104356873	9.882267844176898
47.08055555541068	108.6581540312614	9.620864200301495
48.16666666651145	108.84211114713735	9.425076209562771
49.2777777776937	109.03342654764845	9.26556110846802
50.41666666651145	109.21329572761599	9.014585983620563
51.58055555541068	109.38335386140358	8.756675614797189
52.77222222212004	109.56731097727953	8.624177848268118
53.9916666666395	109.71447666998029	8.445002326675475
55.23888888879446	109.87799410631455	8.255475528772424
56.51388888875954	110.03170049646876	8.048435254654867
57.81944444443798	110.18295412507787	7.807387230640659
59.15277777775191	110.31458566132686	7.657815358027715
60.5194444443332	110.4617513540276	7.362285525928673
61.91666666662786	110.60074117491175	7.295619979595399
63.34722222218989	110.73155512397913	7.04429036196547
64.80833333329065	110.86482183459154	6.847545895274581
66.30555555556202	110.98010162720705	6.721948151457428
67.83611111110076	111.10519246600276	6.5986549730364255
69.40277777763549	111.21311397398337	6.3730206227937
71.00555555551546	111.335752051234	6.167342597428608
72.64444444439141	111.43386251303451	6.002761530187141
74.3222222221666	111.5352433235617	5.802249316549892
76.0361111111124	111.64807035463221	5.657497501195276
77.79166666651145	111.74454564206945	5.513590323133366
79.58611111098435	111.83284505769	5.3475474679205846
81.42222222208511	111.91950929894708	5.135568253471355
83.29999999998836	112.00535595302253	5.012669017956927
85.22222222207347	112.08711467118964	4.867023232181587
87.18888888886431	112.16478545344835	4.7147540709136
89.19999999983702	112.25063210752383	4.135095827707649
91.25833333324408	112.31603908205754	4.290039042103077