0.0001839807518475289	0.39325649592371975	0.16363350145190425
0.0009839807518474408	2.3942180224950147	0.3485908514751328
0.001883980751848008	4.439599901343067	0.189651903440109
0.00268398075184792	4.578900567474158	0.3014824650109658
0.003483980751847832	4.839772724046705	0.17737924963807244
0.004383980751847955	5.42902428308618	0.24558760808768945
0.005183980751847866	5.49419361570277	0.2602583756502759
0.005983980751848222	5.762274338214961	0.2831990375640589
0.006883980751847457	6.155628247191921	0.2655172894017921
0.007683980751848257	6.3018452401028595	0.3166962024064453
0.00848398075184817	6.5116729567784555	0.332508640917377
0.009383980751847848	6.778487309598653	0.34526153401262377
0.01018398075184776	6.96688415456187	0.34725647342492116
0.01098398075184767	7.148169846638614	0.3857047993221854
0.01188398075184824	7.355659650036562	0.4149629280021424
0.01268398075184815	7.536555689900341	0.42483014513221073
0.01348398075184806	7.71793879503047	0.4523175643654537
0.01438398075184774	7.906725292206509	0.4709283213970328
0.01518398075184765	8.105642746919504	0.48992739392255097
0.01598398075184757	8.300468853396435	0.5121615005880026
0.01688398075184769	8.48311832821856	0.5265941717848325
0.0176839807518476	8.659241128473727	0.5404856325651431
0.01848398075184751	8.817537339986162	0.5469982848555764
0.01938398075184808	8.985672269875828	0.5676562466961208
0.02018398075184799	9.140364198418476	0.5847874550330487
0.0209839807518479	9.306940519456282	0.5882614511216304
0.02188398075184803	9.451111838249224	0.6055064359440679
0.02268398075184794	9.588366830262178	0.6132866777936211
0.02348398075184785	9.723770974263687	0.6346679945360723
0.02438398075184753	9.856057900561474	0.6464882528629157
0.02518398075184744	9.993118066468016	0.6492432158699571
0.02598398075184824	10.150829799661151	0.6672010930368889
0.02688398075184792	10.286233943662515	0.6816846855918685
0.02768398075184783	10.411020064861006	0.703089714909904
0.02848398075184774	10.539410469029345	0.7260534595031444
0.02938398075184742	10.663904351068046	0.745007049322112
0.03018398075184822	10.805250691317069	0.7560872286893919
0.03098398075184813	10.908216288590143	0.7779071431106427
0.03188398075184781	11.009818103117924	0.794940784179961
0.03268398075184772	11.148242051769754	0.8046626317354173
0.03348398075184764	11.273125586021422	0.826046023903326
0.03438398075184776	11.40658146895811	0.8454648474421392
0.03518398075184767	11.520359915140686	0.8566113467857724
0.03688398075184815	11.772757136081529	0.9119925883751479
0.03848398075184797	11.983266744129878	0.9432023575556688
0.0393839807518481	12.098019320844804	0.9766171634794288
0.04098398075184792	12.326745169848717	1.0069699461138442
0.04268398075184751	12.560439084567799	1.0450234842149004
0.04438398075184799	12.7641297788894	1.0785549261017926
0.04598398075184781	13.012533064647478	1.1231166669773631
0.04768398075184741	13.22197112911018	1.1740392193563498
0.04938398075184744	13.439104824778736	1.2196632037338295
0.05098398075184771	13.644451541005445	1.258566899940041
0.05268398075184774	13.86470245437764	1.2904789909881638
0.05438398075184822	14.05241740796817	1.3551388432663902
0.05598398075184805	14.282799278877105	1.3827243449202975
0.05768398075184808	14.49593903936285	1.4272795188475371
0.05938398075184767	14.700116798950654	1.4800355950046236
0.06098398075184749	14.89474807932111	1.5196461704500601
0.06268398075184797	15.100094795547811	1.5729114987615231
0.06438398075184756	15.285277009754145	1.6191220041919214
0.06598398075184739	15.48964959544844	1.65250300083105
0.06768398075184742	15.700159203496721	1.7061325464740718
0.0693839807518479	15.8889457006729	1.738652765282575
0.07098398075184773	16.08445369852253	1.7805484927369906
0.0726839807518482	16.272850543485664	1.828046198394892
0.07438398075184824	16.453454344189787	1.8752261696189811
0.07688398075184774	16.757675309453514	1.9427775177111772
0.07938398075184813	17.005591529945402	2.0162373318349958
0.08188398075184763	17.31906673526682	2.0404778083746624
0.08438398075184758	17.56971052124939	2.121201122251191
0.08688398075184797	17.838473135134365	2.1851495196013446
0.08938398075184792	18.098468574227724	2.241185049484832
0.09188398075184742	18.353008882339864	2.281973215996921
0.09438398075184781	18.626057670567292	2.3718285520162214
0.0968839807518482	18.84484738814088	2.404765760885119
0.0993839807518477	19.111564327907846	2.4865735814068985
0.1018839807518477	19.343991872934847	2.5485569377785353
0.104383980751848	19.590933962894326	2.5952439206790205
0.106883980751848	19.81069781100023	2.6647262413967896
0.1093839807518475	20.037280572832977	2.742173913688225
0.1126839807518478	20.356795387455087	2.8199092108141275
0.1159839807518481	20.65283365624682	2.926566126413312
0.1193839807518477	20.96738040515384	2.996724470683999
0.122683980751848	21.246955867948223	3.09103461321966
0.1259839807518479	21.53549333164052	3.1836255125315853
0.129383980751848	21.840591014383428	3.2840923208713937
0.1326839807518483	22.130102608608144	3.378793826678465
0.1359839807518477	22.405099657900386	3.470440643173624
0.1393839807518482	22.680778598565176	3.543838111128022
0.142683980751848	22.95928251777399	3.6546893474434365
0.1459839807518475	23.21674521748323	3.7826580735315756
0.1493839807518475	23.48755350548619	3.9271228913742333
0.1534839807518477	23.814861364367392	4.061543728947323
0.1576839807518482	24.160677703363945	4.2030558044021245
0.1618839807518477	24.471133104034948	4.377663049871428
0.1659839807518479	24.79055050560382	4.518711892224535
0.1701839807518475	25.130327235299692	4.719930366790688
0.1743839807518479	25.48198835749051	4.865904234897718
0.1784839807518481	25.801210932952966	5.049208868615086
0.1826839807518481	26.136506662199746	5.216593975548809
0.1876839807518475	26.526061462100365	5.439751292071998
0.1926839807518479	26.901004304015213	5.645224671575506
0.1976839807518478	27.302930561677147	5.873206332025177
0.2026839807518477	27.66676831552283	6.098227474889808
0.207683980751848	28.056128289316963	6.3621587185750865
0.2126839807518474	28.438377110224703	6.590591808638773
0.2176839807518482	28.804552777348135	6.839900185881666
0.2234839807518476	29.225474580391538	7.147066626702831
0.2293839807518476	29.68185473481368	7.473399246742696
0.2351839807518474	30.127714279486135	7.822853033862078
0.2409839807518477	30.5820487597904	8.174875194236863
0.2468839807518477	31.021673869055565	8.545137046294082
0.2526839807518475	31.457986934510643	8.917320832899122
0.2593839807518479	31.955183158239777	9.450534873611126
0.2659839807518476	32.47624558001234	9.884489373966591
0.2726839807518475	32.987079631194916	10.338080075231534
0.2793839807518475	33.51700664081214	10.819030865684548
0.2859839807518481	34.03183462717739	11.338317847916427
0.292683980751848	34.54257126530663	11.870868162058686
0.3001839807518478	35.16280017527599	12.530675491134682
0.3076839807518477	35.75312327790113	13.099144751044447
0.3151839807518475	36.33828348870452	13.713498554242864
0.3226839807518478	36.943413375421905	14.416380928620717
0.3301839807518481	37.54825102297959	14.98347012407087
0.3384839807518483	38.2130951113321	15.74234819281452
0.3468839807518482	38.91787855151228	16.380646648660306
0.3551839807518484	39.57960542216124	17.164236131448543
0.3634839807518477	40.242306423342505	17.967421811252535
0.3718839807518468	40.96676730027705	18.707938918413035
0.3809839807518478	41.67145332740405	19.52670562781759
0.3901839807518468	42.42377433756471	20.336792619303164
0.3993839807518484	43.157002389290625	21.096959220448245
0.4093839807518482	43.98267542853987	21.999572254399684
0.419383980751848	44.80581572840493	22.884328404303197
0.4293839807518478	45.61726646188134	23.657922686685705
0.4393839807518485	46.41381299821227	24.563618825220892
0.4501839807518482	47.26471601825026	25.457671923122714
0.460983980751847	48.11133286394581	26.455722375202
0.4718839807518482	48.963697079782385	27.222582255165893
0.4834839807518478	49.85785149545816	28.16513612219308
0.4951839807518472	50.751616258921175	29.053496023042438
0.5068839807518484	51.625800998683125	29.972451513595967
0.5193839807518477	52.55375774383277	30.922921540785747
0.5318839807518478	53.49661868612789	31.716487668312897
0.544383980751848	54.372264621688466	32.62530893957847
0.5576839807518481	55.33762797928165	33.486720104369134
0.5709839807518482	56.26655885496365	34.293942437920975
0.584383980751848	57.192469925995226	35.273170111431284
0.598483980751848	58.14439028224154	35.98349208689636
0.6126839807518469	59.051792873157794	36.70660847452627
0.6268839807518485	59.97526861785849	37.66019107287789
0.6418839807518482	60.91540199466292	38.362699622743946
0.6568839807518478	61.82436319443108	39.090132518459086
0.6726839807518483	62.809403988778406	39.67580962388492
0.6884839807518479	63.6965446646211	40.32867923442351
0.7043839807518482	64.59284216746825	41.117290580565005
0.7209839807518477	65.54174271906419	41.84254945704424
0.7376839807518478	66.43618937389975	42.31499953705857
0.7551839807518479	67.3462221172535	43.03153044772477
0.772683980751848	68.2119319213837	43.47448005193789
0.790983980751848	69.09741657532139	44.18730627722063
0.8093839807518477	69.98231675093956	44.75946467894006
0.8284839807518485	70.89458999451782	45.17561353446808
0.8476839807518481	71.71451566362599	45.64348753453359
0.8676839807518477	72.59142796887869	46.1613532679622
0.8884839807518472	73.45567657721034	46.79653165168846
0.9093839807518482	74.29878655298921	47.262271397186545
0.9309839807518476	75.14228618098115	47.59223409963055
0.9526839807518468	75.96532906779292	47.90170753049377
0.9751839807518476	76.76431093045476	48.54234089343218
0.9976839807518485	77.5567661185497	48.966381757648556
1.020983980751848	78.35535832899866	49.45085555916286
1.045183980751848	79.13329897216097	49.886318729879434
1.069383980751848	79.8777295250094	50.295998079991875
1.094383980751848	80.63842805774856	50.6821348836628
1.120183980751848	81.39649643805026	51.208439739214064
1.146883980751848	82.16050701459956	51.45489339989719
1.173483980751848	82.89334541411255	51.81291228954268
1.200983980751848	83.61342270365132	52.45455833092969
1.229383980751849	84.32853192747487	53.008454144466796
1.258483980751848	85.0382834333703	53.5611968732182
1.287683980751848	85.7270911328195	53.99036070407898
1.317683980751848	86.38443441607264	54.57084694155631
1.348483980751848	87.05882498364258	55.0188749943086
1.380183980751847	87.74899646583704	55.78409814282348
1.412683980751848	88.41189229312488	56.104399467115435
1.445983980751848	89.08043807750045	56.90357872007128
1.479383980751849	89.71206431469865	57.55803491384909
1.514383980751847	90.3699920762713	58.52325679831056
1.549383980751847	90.99022098624062	59.122654044332684
1.585183980751847	91.6381152033296	59.56750914408765
1.621883980751848	92.21596943514018	60.38840049613388
1.659383980751848	92.84895945508376	61.05739204707266
1.697683980751848	93.45311521126867	61.74455180716258
1.736883980751847	94.06779157720341	62.17207703697462
1.777683980751848	94.6572379623494	63.0397813014677
1.819383980751848	95.24454126032408	63.709562956798344
1.861883980751848	95.83223421051174	64.72557046184167
1.905183980751848	96.41739442131518	65.28400641969232
1.949383980751848	96.97810395575578	66.1460955047499
1.994383980751847	97.5201101839746	66.62959634007154
2.040983980751848	98.0870541538226	67.6158656626426
2.088483980751848	98.65273175397823	68.16775891770735
2.136883980751848	99.19493280830368	69.09089860801697
2.186883980751848	99.74161486307783	69.7946204902968
2.237683980751848	100.28586159152113	70.7549563996003
2.289383980751848	100.79737753407638	71.60002150834677
2.342683980751847	101.33383121826053	72.3263163494521
2.396883980751848	101.82868952871198	72.97803840802732
2.452683980751847	102.3556941467321	74.07896477484391
2.509383980751847	102.85990411029435	74.81668513888239
2.567683980751848	103.37025109621078	75.35623023412053
2.627683980751848	103.8547836230188	76.29168449212568
2.688483980751848	104.34360232416941	77.3776637624595
2.750983980751847	104.82141335030408	78.00437018205506
2.815183980751848	105.32425953112109	78.53079075403765
2.880183980751847	105.79067323002688	79.62215264713319
2.946883980751848	106.2465663191829	80.10883257787395
3.015183980751847	106.70070597338069	81.246443327405
3.085183980751847	107.18397213049664	82.34403521191325
3.156883980751847	107.60430945522069	83.55983731295252
3.230183980751848	108.04598023860376	84.09044768347012
3.305183980751848	108.50197074081302	84.7860806337944
3.381883980751848	108.92016497836586	85.99400744235898
3.460183980751847	109.35472460886258	87.12737233418218
3.540183980751848	109.79922037078971	87.88721110075545
3.621883980751848	110.22403869596266	89.45429254157007
3.705983980751847	110.63551143284197	90.42351673915023
3.791883980751848	111.03548942943908	91.07703311182092
3.879383980751848	111.4434552964019	92.53115689870569
3.969383980751847	111.85171340252414	93.92412419253107
4.060983980751849	112.2626990741373	94.18293624440898
4.155183980751848	112.66345637516028	94.97753396523964
4.251883980751848	113.04765345713284	96.19399205884966
4.350183980751848	113.42288853820732	97.78938417788135
4.450983980751848	113.81068990314971	100.12900923332555
4.554383980751848	114.20832998646914	100.63057396180393
4.660183980751847	114.56417986994919	102.38331577332849
4.767683980751849	114.92470557998479	102.7304438264874
4.877683980751848	115.28727696413841	104.99703447661335
4.990183980751849	115.65569313148622	106.76869727728852
5.105983980751849	116.06560725951377	106.68924066063222
5.224383980751848	116.40070816265397	107.53412314462658
5.345183980751849	116.77798891784668	108.75382286588605
5.468483980751848	117.09302273201989	110.94803987941778
5.595183980751849	117.46893970446699	110.9664973305582
5.724383980751848	117.82040600055137	112.4658287799471
5.856883980751849	118.12404248749569	112.51039229048575
5.992683980751848	118.45144775943024	114.96233306611434
6.130983980751847	118.76901431298765	115.93009955888009
6.272683980751849	119.11044706458843	117.59760218833318
6.417683980751847	119.39547765836413	159.77126016506367
6.565983980751846	119.72814323517368	143.80889750569582
6.717683980751848	120.03372798318271	139.48098122195975
6.872683980751849	120.36200997259627	136.63834157123082
7.031883980751847	120.6771411998228	137.07357381523994
7.194383980751849	120.97084155533662	135.50956666342177
7.360983980751848	122.4414864200779	125.41046599669906
7.530983980751848	122.24666031360096	131.5166729595029
7.705183980751849	122.34543714958467	134.0042085597989
7.883483980751849	122.51405914474043	135.9213934424249
8.065983980751845	122.76217019133887	138.4123821732519
8.252683980751847	122.97433582129219	140.8933715035549
8.443483980751846	123.21367969309907	100.44941699397194
8.638483980751845	123.49978183046044	101.79413607142467
8.838483980751846	123.74487307240844	105.82671564863752
9.042683980751846	124.0095443380573	103.48804513083034
9.251883980751845	124.29447751877997	89.70958907542887
9.465983980751847	124.5540833056604	60.369264592353886
9.908483980751846	124.6897796888216	106.10592617006075