0.01320060345278762	3.6648903626286184	4.490232986380667
0.0232006034530059	5.8187285922728025	3.1484739642910116
0.04320060345162347	7.316319236322188	2.8020508084514897
0.06320060345206002	8.474007284755768	3.755412533585785
0.0732006034522783	9.40116733517291	3.7370167556690244
0.09320060345271486	10.215587415757142	4.612526951921783
0.1132006034531514	10.952603934963369	4.444263696300428
0.1232006034515507	11.635774498428644	4.8442176045213
0.1432006034519873	12.258368361685129	5.157059960317201
0.1632006034524238	12.85067387483722	6.002790047732334
0.1732006034526421	13.409325665651126	5.577146303996497
0.1932006034530787	13.947785223062143	5.791443920987739
0.2132006034516962	14.459321802602679	6.4460339443631165
0.2232006034519145	14.94898346262324	6.635062273652037
0.2432006034523511	15.42854900594243	6.665371637931624
0.2632006034527876	15.877826199157218	6.988204547219217
0.2732006034530059	16.311959217319874	7.355246801277599
0.2932006034516235	16.747774921599486	7.575508667746523
0.31320060345206	17.17349450917748	7.792967234441187
0.3232006034522783	17.595848724521794	7.728781849091699
0.3432006034527149	17.976135786943242	8.11907314981153
0.3632006034531514	18.379980455001498	8.505542509810804
0.3732006034515507	18.756902145189294	8.258428064639444
0.3932006034519873	19.12541040479241	8.583572098348894
0.4132006034524238	19.49391866439552	8.853093827698283
0.4232006034526421	19.84896543506346	9.192021338251632
0.4432006034530787	20.193916089029898	8.970521024518057
0.4632006034516962	20.52708794017797	9.31599215801674
0.4932006034523511	21.198479700824915	9.796788385324012
0.5132006034527876	21.52660349362212	9.746648075138431
0.5432006034516235	22.14751467076165	10.071901764430617
0.56320060345206	22.47563846355912	10.267107504796947
0.5932006034527149	23.071309348945004	10.263479667985441
0.6132006034531514	23.357365988819716	10.566802938379237
0.6432006034519873	23.93957538527017	10.841252949166952
0.6632006034524238	24.213853222326442	11.009137525404086
0.6932006034530787	24.759043524205172	11.043299894814943
0.7132006034516962	25.019859872326123	11.115617133305356
0.7432006034523511	25.52803107963275	11.258207371545717
0.7632006034527876	25.79053011387068	11.271539837246442
0.7932006034516235	26.28019177389123	11.388964865127743
0.81320060345206	26.525863946960055	11.406411501213272
0.8432006034527149	26.985237256876232	11.462442056936364
0.8632006034531514	27.209034510425337	11.547746089183091
0.8932006034519873	27.65158095917241	11.513075245718502
0.9232006034526421	28.085713977335203	11.496756147850343
0.9632006034516962	28.503020134328636	11.654076495390655
0.9932006034523511	28.918643605205244	11.527070177630955
1.023200603453006	29.288834550925316	11.454973039025454
1.06320060345206	29.665756241112973	11.50734028667921
1.093200603452715	30.024168384014818	11.435280143398332
1.123200603451551	30.367436351864306	11.485586231530142
1.163200603452424	30.703973575246188	11.345291262149175
1.193200603453079	31.042193484744896	11.379109366343492
1.223200603451915	31.341711613554804	11.340269955198
1.263200603452788	31.636181684013955	11.240574804541266
1.293200603451624	31.950843987875984	11.20840624016012
1.323200603452278	32.23353525551679	11.289356651924475
1.363200603453151	32.50276503422242	11.149476657138115
1.413200603452424	32.896513585579186	11.055480683556944
1.463200603451696	33.29362750916973	11.102957769249157
1.513200603452788	33.673914571591304	11.013588199079786
1.56320060345206	34.03569208672671	10.9102539386105
1.613200603453151	34.35371976282265	10.864961523409326
1.663200603452424	34.717179964075136	10.849731690029332
1.713200603451696	35.046986442989436	10.90080441961775
1.763200603452788	35.361648746851365	10.766885408529276
1.81320060345206	35.65780150342759	10.723056152797907
1.863200603453151	35.94554082941901	10.763585538606854
1.913200603452424	36.223184038709086	10.745201641523282
1.963200603451696	36.507557992466836	10.73255738403892
2.013200603452788	36.76669165447085	10.68988695550708
2.06320060345206	37.037604119293185	10.656936204838711
2.113200603453151	37.28495897847899	10.61861902859896
2.163200603452424	37.5289484654307	10.600913842324005
2.213200603451696	37.76452452179804	10.620943491857954
2.273200603453006	38.077504139543244	10.557918503452477
2.343200603452715	38.380387640586925	10.549803414654786
2.413200603452424	38.67990576939682	10.50742902148077
2.473200603451915	38.95586629256994	10.5308286348527
2.543200603451624	39.23014412962619	10.532676393597695
2.613200603453151	39.512835397267004	10.509254093143388
2.693200603453079	39.839276503947374	10.497976482423885
2.763200603452788	40.106823596535925	10.512937311385972
2.843200603452715	40.408024411462776	10.489542311205296
2.913200603452424	40.657061956765276	10.499842231955393
2.993200603452351	40.93975322440609	10.504050925918653
3.06320060345206	41.18037733912427	10.479159316473066
3.143200603451987	41.45128980394661	10.418696552337163
3.223200603451915	41.73229838547047	10.46137243039524
3.31320060345206	42.008258908643576	10.496163865524466
3.393200603451987	42.27580600123223	10.463912744974316
3.473200603451915	42.524843546534846	10.481343402416586
3.56320060345206	42.778929150188105	10.516028445882332
3.663200603452424	43.076764592881176	10.50945912190362
3.763200603452788	43.36450391887261	10.536336937829374
3.863200603453151	43.63878175592887	10.52933398525504
3.963200603451696	43.909694220751334	10.549930069502716
4.06320060345206	44.16882788275532	10.553691915555545
4.163200603452424	44.40945199747342	10.567695558266918
4.263200603452788	44.65175879830832	10.564518297437969
4.363200603453151	44.909209774195475	10.566751173521935
4.473200603451915	45.18180492513479	10.61834004088984
4.593200603452715	45.45944813442485	10.571630458874077
4.713200603451696	45.72362985477959	10.588552457346525
4.823200603452278	45.98444620290066	10.641555846523712
4.943200603453079	46.24862792325543	10.688138423037177
5.06320060345206	46.49261741020717	10.722776753658453
5.193200603453079	46.78540479454949	10.742435367063104
5.31320060345206	47.02266353703365	10.761368728678216
5.443200603453079	47.28347988515472	10.797118901042106
5.573200603452278	47.53251743045723	10.812915840571197
5.713200603451696	47.80174720916286	10.896744946448058
5.863200603453151	48.07434236010204	10.941676609353447
6.013200603452788	48.36039899997675	10.939956864674182
6.163200603452424	48.63804220926682	10.941706651593194
6.31320060345206	48.87866632398477	10.989390366732003
6.463200603451696	49.141165358222686	11.01070524322397
6.613200603453151	49.40029902022667	11.007766805444973
6.773200603453006	49.68972103233519	11.04490490278157
6.943200603453079	49.97072961385905	11.097054717207351
7.113200603453151	50.243324764798345	11.107941421486847
7.293200603451624	50.51928528797155	11.164316705222555
7.463200603451696	50.78683238056011	11.17547693094414
7.643200603451987	51.045966042564125	11.249553884722289
7.823200603452278	51.328657310204925	11.275273177284735
8.013200603452788	51.60125246114422	11.319171611234314
8.213200603451696	51.873847612083644	11.365002530527846
8.413200603452424	52.13971201855522	11.384551221048309
8.613200603453151	52.41567254172833	11.481030759829308
8.81320060345206	52.66471008703095	11.499386073063683
9.023200603453006	52.93057449350267	11.5600734708181
9.243200603452351	53.21494844726045	11.54429178061115
9.463200603451696	53.4875435981996	11.573146208352446
9.693200603453079	53.77360023807435	11.622086884159868
9.923200603452642	54.05292613348122	11.706964698292737
10.16320060345242	54.32047322606989	11.760000739229952
10.41320060345242	54.62503941323056	11.821790898971203
10.66320060345242	54.90099993640366	11.85674223718608
10.91320060345242	55.17191240122612	11.953177540559281
11.17320060345264	55.468065157802094	12.004869711354601
11.44320060345308	55.7507564254429	12.091925358588652
11.7132006034517	56.04522649590206	12.114919689311018
11.99320060345235	56.32286970519197	12.21772015190081
12.27320060345301	56.62238783400188	12.288898654897533
12.56320060345206	56.89666567105816	12.34344698401807
12.86320060345315	57.184404997049704	12.416769162413166
13.16320060345242	57.47550969527507	12.455504386785844
13.47320060345192	57.7868066269033	12.546593552919875
13.79320060345162	58.09305550018079	12.646554208500817
14.11320060345315	58.38079482617224	12.668497237808717
14.44320060345308	58.683678327216036	12.756681354793653
14.79320060345162	59.018532864480974	12.859088364392653
15.14320060345199	59.31132024882317	12.90509076557712
15.49320060345235	59.61756912210078	13.000883553420438
15.86320060345315	59.91203919255994	13.053405342757118
16.24320060345235	60.23511492700652	13.135770459996605
16.62320060345155	60.54304648640096	13.179786575735461
17.01320060345279	60.85266073191225	13.299611280089877
17.41320060345242	61.16900572189112	13.409075006861762
17.82320060345228	61.47357190905191	13.479353123901433
18.24320060345235	61.81010913243364	13.566195142046423
18.67320060345264	62.13486755299719	13.643883451282608
19.11320060345315	62.44448179850862	13.701437212072468
19.56320060345206	62.772605591305954	13.770228069129614
20.02320060345301	63.10914281468771	13.796124701497943
20.49320060345235	63.43221854913441	13.882254828118569
20.97320060345192	63.76875577251629	13.932985076734061
21.4632006034517	64.09519687919666	14.025213758810413
21.9632006034517	64.41827261364338	14.082486985298852
22.47320060345192	64.74639640644061	14.16228619400971
22.99320060345235	65.09134706040702	14.232577933849756
23.54320060345162	65.45144188942571	14.325030096750117
24.09320060345272	65.78966179892456	14.392548670614639
24.66320060345242	66.1598527446445	14.469917869462838
25.24320060345235	66.51489951531245	14.536704379249553
25.84320060345272	66.84975405257738	14.639805393455763
26.44320060345308	67.19638739266077	14.726530810014303
27.06320060345206	67.54133804662719	14.797554689461222
27.69320060345308	67.88628870059364	14.90717647674011
28.34320060345272	68.232922040677	14.948377089536166
29.01320060345279	68.58628612522787	15.054804352404245
29.69320060345308	68.9430155820127	15.174476492635923
30.39320060345199	69.30815846938208	15.230389325345175
31.11320060345315	69.6699359845176	15.297400134679112
31.84320060345272	70.04685767470527	15.327681262287461
32.59320060345272	70.39853907313933	15.45207625917003
33.36320060345315	70.78892225226238	15.466940448716405
34.14320060345199	71.15743051186554	15.543522666296186
34.94320060345308	71.53435220205328	15.636167638823899
35.76320060345279	71.92137000894243	15.705464260782149
36.59320060345272	72.30333975748084	15.782142303049175
37.44320060345308	72.69708830883775	15.873993209171694
38.31320060345206	73.06223119620705	15.968097711884514
39.2132006034517	73.46271049203146	16.055073831000442
40.12320060345155	73.86487247397275	16.121496267689782
41.06320060345206	74.23674610580981	16.184752254331936
42.01320060345279	74.62881197104966	16.252468781298553
42.99320060345235	75.00573366123736	16.300940726003212
43.99320060345235	75.42640519046472	16.406521796661927
45.01320060345279	75.80500956676933	16.419022722248055
46.06320060345206	76.21221960706146	16.482754527862486
47.14320060345199	76.60765084453513	16.517825789549228
48.24320060345235	77.00644745424269	16.55930598807822
49.36320060345315	77.40356137783328	16.640559346349374
50.51320060345279	77.81413679035929	16.707597876419054
51.69320060345308	78.22639488900195	16.796466044398446
52.89320060345199	78.63528761541104	16.8201284723995
54.11320060345315	79.03576691123551	16.82533035373616
55.36320060345315	79.44129426541068	16.901295069985835
56.64320060345199	79.84513893346892	16.903616847096746
57.9632006034517	80.25907971822863	16.975091418354015
59.31320060345206	80.6814339335728	16.97772062243543
60.69320060345308	81.08359591551421	17.068810255715803
62.09320060345272	81.49585401415706	17.13964116179013
63.54320060345162	81.90306405444905	17.210088358330054
65.01320060345279	82.32037021144265	17.32215779036453
66.51320060345279	82.761233974073	17.381263502385625
68.06320060345206	83.20882848117078	17.46730774825907
69.64320060345199	83.63959612709967	17.497577812294267
71.26320060345279	84.06195034244386	17.583658869300795
72.91320060345242	84.4775738133205	17.674920800124653
74.61320060345315	84.9066587731324	17.700924869162442
76.34320060345271	85.31218612730756	17.81701837111335
78.11320060345315	85.74295377323644	17.877124118297758
79.92320060345264	86.17540410528211	17.924270929860654
81.773200603453	86.62299861238003	18.048302677246543
83.66320060345242	87.08405460841315	18.09388657971731
85.59320060345271	87.52996642939429	18.154140011815887
87.57320060345228	88.00953197271339	18.24267335768752
89.59320060345271	88.45376110757752	18.284724081762
91.66320060345242	88.92827859254592	18.373686898900466
93.79320060345162	89.37082504129314	18.403830247850344
95.9632006034517	89.84702521237844	18.478946448499357
98.19320060345308	90.32322538346386	18.56600554353432
100.4632006034517	90.75904108774341	18.5629640227954
102.7932006034516	91.25375080611471	18.668643571175565
105.1732006034526	91.71817217438175	18.727431434391644
107.6132006034532	92.18427622876565	18.81219403001073
110.1132006034532	92.68066863325394	18.87415136676349
112.6632006034524	93.13835925705327	18.917682396401226
115.2632006034528	93.59436719473577	19.00658142649438
117.9232006034526	94.08234616863948	18.998088977239703
120.643200603452	94.5955654342968	19.012794837761657
123.4432006034531	95.0599868025639	19.075448884293632
126.2932006034516	95.54460040423376	19.05015211098207
129.2132006034517	96.03257937813756	19.101520458252057
132.1932006034531	96.47176045465082	19.17143276711222
135.2432006034524	96.96310480078847	19.183481871388928
138.3632006034532	97.44603571634138	19.22819149025446
141.5632006034521	97.94747617918044	19.27880269475417
144.8432006034527	98.45396470037016	19.30096667088385
148.1932006034531	98.95708784932617	19.335881674417685
151.6132006034532	99.47367248721724	19.406511000259073
155.1132006034532	99.9549207166533	19.357855601400217
158.6932006034531	100.45467849337538	19.356591829017887
162.3632006034532	100.9510708978638	19.417734878341964
166.1132006034532	101.42895375506606	19.471906494141212
169.9632006034517	101.95395182354166	19.494135257121954
173.893200603452	102.452026914147	19.591826790468396
177.9132006034524	102.97197692427194	19.63575420771684
182.023200603453	103.48183081769548	19.658188442759794
186.2232006034519	103.99505008335284	19.67259478002018
190.523200603453	104.52173083794546	19.753004514368545
194.9232006034526	105.01812324243375	19.788809244730395
199.4232006034526	105.53639056644191	19.79531021367763
204.023200603453	106.01427342364407	19.883921328313924
208.7432006034524	106.54936760882141	19.92887366674991
213.5632006034521	107.06931761894634	19.99811595242069
218.4932006034524	107.60945986247431	20.059614729628706
223.5432006034516	108.13109255871626	20.115959014478445
228.7132006034517	108.65272525495824	20.237509815510847
233.9932006034524	109.19286749848607	20.282835903575045
239.393200603452	109.71113482249423	20.55377769956921
244.9232006034526	110.24286363543767	20.932984411720756
250.5732006034523	110.82002497353747	20.502820917011714