0.0383333333347764	0.2411369810390961	0.09041346728768236
0.07166666677676403	0.29770870679606753	0.22101129263806202
0.104722222201417	0.4115593048819755	0.3944721318970709
0.1380555556434047	0.5395528344071255	0.3537528187939573
0.1713888889107693	0.5975388533080239	0.30004909085128306
0.204722222178134	0.655524872208919	0.14980325862708846
0.2380555556201216	0.655524872208919	0.08907780463340446
0.2716666667301979	0.655524872208919	0.33207312714471654
0.3047222221548509	0.7135108911098176	0.24104578966618573
0.3380555555968385	0.7842255483060326	0.43134853249788463
0.5047222221082848	0.8415044206349673	0.17960265075990006
0.671388888968977	0.9001975861078264	0.3573850526372308
0.8380555556550462	1.0055624253301865	0.42831405269091494
1.004722222341115	1.0762770825264052	0.504080269192885
1.5047222222247	1.3824715481860186	0.6032242492475283
2.004722222108285	1.5239008625784487	1.118785516328915
2.504722222341115	1.8810098814193381	1.2990461473315467
3.0047222222247	2.0719394558491215	0.9017675201586465
3.504722222108285	2.191447226510725	1.3356345722743619
4.004722222341115	2.453091458136724	1.8528876485351
4.5047222222247	2.755043044364565	1.5569756675262372
5.004722222108285	2.9565798173737816	1.627938098520478
5.504722222341115	2.9565798173737816	1.5169801160517555
6.005000000067412	3.1588237369549583	1.8269401594420307
6.504722222108285	3.2804529473324493	1.9008303685307182
7.004722222341115	3.532904273522942	1.9548485557535575
7.5047222222247	3.6637263893359395	1.783091711756691
8.004722222108285	3.6637263893359395	2.6446316303629
8.504722222341115	3.7952556517209	2.2780492369310967
9.0047222222247	3.916177715526429	2.202561391553217
9.504722222108285	4.230150793477627	2.8389624158957445
10.0050000000092	4.290258252094408	2.7916218962752146
10.5047222222247	4.360972909290627	2.6923247054819215
11.00472222210829	4.613424235481117	2.4408928815529976
12.0047222222247	4.744953497866077	2.5334956206050583
13.00472222234112	4.875775613679075	2.0038059547435436
14.00472222210829	5.138834138448997	2.3267565299161332
15.0047222222247	5.209548795645215	2.8937293251784646
16.00472222234112	5.401185516646959	2.8251879878321
17.00500000012562	5.532007632459959	3.540366218276712
18.0047222222247	5.855173615846663	3.515604358388069
19.00472222234112	5.925888273042882	3.4477879146565327
20.00472222210829	6.30986886161833	4.112040672559356
21.00500000006741	6.3904835708220205	3.6518574163256763
22.00472222234112	6.52201283320698	3.9326790601551505
23.00472222210829	6.663442147599411	3.726301778176035
24.0047222222247	6.915893473789899	3.1733286689553677
25.00472222234112	7.057322788182333	3.5437730043146756
26.00472222210829	7.258859561191546	3.675365281545381
29.00472222210829	7.481610731359625	3.500121498381683
32.00472222210829	7.824576818761272	3.4398615016343848
35.00472222210829	8.228357511351662	3.534657732764328
38.00500000012562	8.511216140136527	3.870686593853219
41.00472222210829	8.723360111725174	3.642041146561366
44.00472222210829	9.00621874051004	4.1917244193118455
47.00500000012562	9.2890773692949	4.248762687715527
50.00472222210829	9.562035946072294	4.455520271375634
53.00472222210829	9.89510198146647	4.17899536301285
56.00472222210829	10.107245953055118	3.898971968692577
59.00472222210829	10.319389924643763	4.235842413775434
62.00500000012562	10.460819239036196	3.4508648413328884
65.00472222210828	10.602248553428625	3.6654745388531658
68.00472222210828	10.683570409204277	3.696827639732541
71.00472222210828	11.01663644459845	3.0210274716734906
74.00472222210828	11.026536496605924	3.500191462243285
77.00472222210828	11.23868046819457	3.662129005878517
80.00472222210828	11.370209730579532	3.271902982919924
83.00472222210828	11.380109782586999	2.682337977923998
86.00500000012562	11.52153909697943	2.6762385735801426
89.00472222210828	11.71388296455314	3.2646428080435173
92.00472222210828	11.85531227894557	2.8207931612214674
95.00500000012562	11.744290267147512	2.524598312470137
98.00472222210828	11.875112382960511	2.615338470191424
101.0047222221083	11.945827040156729	2.8463680247044447
104.0047222221083	12.148070959737902	2.517915966207855
107.0047222221083	12.21878561693412	2.2814211747376225
110.0050000001256	12.228685668941585	1.856852309082529
113.0047222221083	12.228685668941585	2.511159804449288
116.0047222221083	12.239292867521021	2.3101158323256406
119.0047222221083	12.430929588522769	2.8116933144561402
122.0047222221083	12.491744193711513	2.3984969527513837
125.0047222221083	12.50164424571898	2.2565212354298225
128.0047222221083	12.572358902915198	2.0847973747454422
131.0047222221083	12.50164424571898	2.2559632494447697
137.0047222221083	12.63317350810394	3.0785301506916496
143.0050000001256	12.895524886301905	2.802872345034109
149.0047222221083	12.966239543498123	2.596880089461586
155.0047222221083	12.976139595505586	2.223908634901238
161.0047222221083	13.217983723116646	3.0299954589344273
167.0047222221083	13.348805838929648	1.9401273694455794
173.0047222221083	13.40891329754643	1.4744078420973161
179.0047222221083	13.40891329754643	2.367404382027691
185.0047222221083	13.23849097370355	2.495289544791966
191.0050000001256	13.600550018548175	2.0927255093124124
197.0047222221083	13.479627954742648	2.198511621749351
203.0047222221083	13.46972790273517	2.05250009136729
209.0047222221083	13.529835361351955	2.7924799902457407
224.0047222221083	13.891894406196586	3.073401405042823
230.0050000001256	14.133738533807641	2.83484823813392
236.0047222221083	14.123838481800172	3.554108522499681
242.0047222221083	14.123838481800172	3.905649946343711
248.0047222221083	14.304868004222485	3.6317645419857874
254.0050000001256	14.364975462839267	3.1860446630952586
260.0047222221083	14.485897526644798	3.504163415488179
266.0047222221083	14.606819590450325	3.1493182756680946
275.0047222221083	14.596212391870889	2.7064607693680673
284.0047222221083	14.727034507683895	3.331140374114905
293.0047222221083	14.71713445567642	2.8584253155497734
302.0050000001256	14.706527257096992	3.0632497824085303
311.0047222221083	14.937764186128609	3.0373368209074396
320.0047222221083	14.937764186128609	2.1871454847433878
329.0047222221083	15.057979103362179	2.596963030843652
338.0047222221083	15.168293968588275	2.4325836506899448
347.0047222221083	15.218501375197603	2.8669477147278597
356.0047222221083	15.328816240423693	3.1758599977068567
365.0047222221083	15.449031157657245	2.8884904177744515
374.0050000001256	15.439131105649789	2.6350681531806317
383.0050000001256	15.35780924987414	2.691174793341805
404.8675000000558	15.538838772296451	2.4904741696400103
428.1441666666697	15.719161148146801	2.631282976672114
478.9697222223085	15.970905327765328	2.7699487835483794
503.6591666665672	16.162542048767072	2.7300873672949684
525.274999999795	16.342864424617424	2.476832237532408
555.2577777777378	16.39307183122673	2.041890099789747
576.982777777831	16.442572091264086	2.5829004778444546
600.7936111111239	16.562787008497654	2.5000954901455823
655.2391666667581	16.662494675144316	1.2766182465716585
675.2363888889131	16.652594623136846	1.9763707298031286
693.8805555556364	16.840695611278786	2.517036745277
723.241944444545	16.97929633938336	2.654432666296283
750.2886111111193	16.97929633938336	2.543830923177575
786.5447222222037	16.827259826411495	2.1851843106667483
810.7369444444821	17.04647526371977	2.3719413781143057
841.1661111110634	17.286905098186903	1.3733635380437974
861.6750000000511	17.407120015420475	0.45141352371273075
943.3258333334279	17.34984114309154	4.455222196626406