0.001281590079770467	0.009519283166551483	0.03818823624382528
0.004059367983018092	0.053545967811953775	0.08891058591383913
0.006837145537019751	0.11185157720727366	0.13707823988763237
0.009614923440267376	0.16420763462344248	0.1408066357000891
0.012392701343515	0.19752512570646297	0.202327645773674
0.01517047907213964	0.24988118312263172	15.458468051523434
0.01794825680076428	4.9726355441412835	28.67586515054528
0.02072603452938893	9.169449510206409	54.29934009044258
0.02350381243263655	18.75774747974235	70.04854582373814
0.02628158998663821	25.96384483684207	60.44819536434514
0.02905936788988583	31.66589545362245	61.55260721488045
0.03183714579313346	38.161616304416256	66.30600835208229
0.0346149235217581	43.88389539792563	70.05428140113
0.03739270125038274	49.18137648012638	70.25944208099627
0.04017047897900739	54.32892885245363	70.62536958167
0.04294825688225501	59.11236864365919	70.76631977315058
0.04572603443625667	63.51860683938907	69.75382441010044
0.04850381233950429	67.61189860101766	68.17426106031756
0.05128159024275192	71.38629437656596	66.28988976144244
0.05405936797137656	74.8310849724715	64.01276368469254
0.0568371457000012	77.98077779021308	61.56544827336049
0.05961492342862584	80.84132238176983	59.210056334741985
0.06239270133187347	83.50672166841176	56.77876106935673
0.06517047888587513	85.92461959272258	54.46317114867456
0.06794825678912275	88.16879059924338	52.16243826546521
0.07072603469237038	90.20353737609948	49.91924959967467
0.07350381242099502	92.08597562229039	47.6388839101673
0.07628159014961966	93.79944659227445	45.33840872139672
0.0790593678782443	95.4070155370303	43.105407395208736
0.08183714578149193	96.85037684716278	40.952928397046314
0.08461492333549359	98.18069666969205	38.87083158267535
0.08739270123874121	99.39202545263915	36.6721625884479
0.09017047914198884	100.50935131431629	34.728427186417015
0.09294825687061348	101.53624398591087	32.77904582711561
0.09572603459923812	102.46675391544393	30.91061341311969
0.09850381232786276	103.32705913162344	29.17748186442924
0.1012815902311104	104.11715963444945	27.474445366002413
0.104059367785112	104.8251563199637	25.887861804672152
0.1068371456883597	105.47841712727008	24.49010995737231
0.1096149232423613	106.08408151874369	23.102585871286934
0.1123927013202319	106.6361999424051	21.729989225496347
0.1151704790488566	107.14905132300467	18.87906156466224
0.1179482567774812	107.6166861085627	16.929007757242697
0.4568371457814919	7.411951855576948	81.10158879757891
0.4679482568706135	7.163260582850102	120.76266452475829
0.479059367785112	5.372445437137576	227.7044298509172
0.4901704790488566	5.940032695944757	302.96394632873285
0.5040593676919798	7.410761945181073	371.47517150584633
0.517948256684349	28.785122385336702	396.16936244440257
0.5318371456767181	52.818932560155154	416.64317219065964
0.5457260346690873	68.3972394622604	439.65895856208033
0.5596149234868335	79.31347743353402	468.80860090929
0.5735038123045797	87.27635780237672	389.0675687179891
0.5873927012969489	93.21996022950897	319.5111339327828
0.6012815899400721	97.76184821036261	226.41173731329613
0.6151704789324413	101.26494441566336	174.21740176384256
0.6318371456534351	104.47413275319605	135.867079793039
0.6485038123744289	106.88013157354872	104.23040861679601
0.6651704790954227	108.68522564401114	77.24274396945458
0.6818371456417935	110.0702813447484	61.314136752863725
0.6985038121881644	111.14120070098835	51.7479081180987
0.7151704790837812	111.99912609637627	41.340124448365685
0.731837145630152	112.6987934091197	33.45032122624126
0.7512815900797705	113.3687129619676	26.848444999742448
0.7707260345293889	113.89584326731698	22.070954578488745
0.7901704789790074	114.29803298110483	18.606110398818558
0.8096149234286258	114.62287851916432	16.010871730533342
0.8290593678782443	114.90131755178683	14.044927619968956
0.8485038123278628	115.15833819728434	16.714507347419794
0.8707260346807288	115.42368821555284	12.547034516043395
0.892948256684349	115.67832904025875	12.319986203277626
0.915170479037215	115.92107076100646	10.562552263951128
0.9373927010408352	116.15191337779588	10.057383716651179
0.9596149235683242	117.4167881285551	9.717515046963971
0.9818371457465673	116.89798719597661	9.538455344892798
1.006837145653435	117.24306121076496	9.22165328667654
1.031837145734926	117.15381793107831	9.030680479706286
1.056837145641794	117.31326592411855	8.882679388337182
1.081837145723284	117.5464883616997	4.306659583705667
1.106837145630152	117.68451796761501	7.166484606144099
1.134614923440267	117.86300452698838	6.526565371139559
1.162392701250383	118.05339019031992	7.701422314471102
1.190170478885875	118.24496576404734	7.772699690473559
1.217948256870614	118.4186926818374	7.5339183101313
1.248503812234731	118.59479942041915	7.703843432684528
1.279059367948094	118.78161535256322	7.673227643722333
1.309614923486834	118.96129182233244	7.6367448124637844
1.340170479025574	119.13025909853918	7.6321155038490165
1.373503812467561	119.31588512028743	7.498170423680768
1.406837145734926	119.50151114203581	7.610485862283479
1.44017047900229	119.66214904547172	7.571726411345497
1.473503812444278	119.83349614246998	7.479687153269164
1.509614923440267	120.02745153698923	7.518428560328908
1.545726034436257	120.1738105156753	7.513722343498391
1.581837145781492	120.36300626861103	7.4456728544200725
1.620726034680729	120.54030291758849	7.498772277363112
1.659614923579966	120.69856100023296	7.485697076200203
1.69850381230458	120.87704755960634	7.320659615604027
1.740170478932441	121.05791393977121	7.497994128949233
1.781837145734926	121.22450139518637	7.3447139539501425
1.823503812188164	121.3946585817889	7.364640872050191
1.867948256893897	121.5707653203706	7.423345279056787
1.912392701250383	121.72069403024426	7.334912538952344
1.956837145781492	121.902750320805	7.362028196688062
2.00405936769198	122.0610084034495	7.391280935191241
2.051281590126337	122.23473532123951	7.3475121366817095
2.101281589940072	122.40846223902946	7.35565384167087
2.151281590103054	122.56791023206969	7.425644045667195
2.201281590091412	122.74520688104718	7.365963963221826
2.254059367983018	122.91774388844152	7.450310567460548
2.306837145700001	123.07719188148168	7.401627899496017
2.362392701320232	123.25210870966754	7.431937594705553
2.417948256591217	123.4151264338952	7.480972926572076
2.476281589940072	123.58885335168527	7.447402551951958
2.534614923288928	123.76139035907943	7.442500832405412
2.595726034541031	123.92678790409879	7.528043555059221
2.656837145793134	124.10051482188884	7.48339103782052
2.720726034599238	124.27186191888721	7.518065973753001
2.784614923579966	124.44201910548988	7.560222941218774
2.851281589940072	124.61217629209247	7.533818274236137
2.917948256824047	124.78947294106989	7.596275994390825
2.987392701087401	124.95130075490178	7.586643539869013
3.056837145700001	125.1190781207127	7.662336873312461
3.12905936769198	125.29756468008603	7.662504864192618
3.201281590033204	125.45939249391795	7.6534037414325855
3.276281590103054	125.63311941170778	7.639449547073111
3.354059367901527	125.80446650870631	7.749528028175178
3.431837145700001	125.98533288887126	7.770173267345721
3.5123927012271	126.15430016507803	7.762970299072305
3.595726034482823	126.31969771009744	7.818761473769039
3.679059367738546	126.49104480709583	7.836478835504313
3.76517047907214	126.67310109765656	7.870272694346934
3.854059367785112	126.84682801544659	7.84590401958258
3.94294825684733	127.01817511244505	7.9237426077983155
4.034614923288928	127.19190203023516	7.96359078891758
4.129059367983018	127.3680087688168	7.982683265512776
4.22628159023111	127.5441155073985	8.029732152520689
4.326281590033204	127.72141215637606	8.049092866148882
4.426281590184544	127.90346844693686	8.074902968103697
4.529059367889886	128.07243572314366	8.145443293725947
4.634614923498475	128.24735255132953	8.182873200695324
4.742948256835689	128.4377382146611	8.263368713798833
4.854059367901527	128.6126550428469	8.278255670049088
4.967948256870614	128.79114160222028	8.330108019041795
5.084614923568324	128.98033735515594	8.408863828709771
5.20405936799466	129.16358355611266	8.432460970831777
5.32628159014962	129.35515912983993	8.411514164779724
5.451281590033204	129.5324557788175	8.50493035316801
5.57905936799466	129.7264111733366	8.557049825095543
5.709614923335494	129.91203719508488	8.55414966016245
5.842948256754198	130.09052375445825	8.611405965365014
5.979059367901527	130.27376995541482	8.64509351596271
6.117948256777481	130.46534552914216	8.724787173513054
6.25961492338206	130.65097155089055	8.726724961822665
6.404059367889886	130.83421775184715	8.782970402334843
6.554059368029584	131.02698323597036	8.815805422219551
6.706837145723284	131.22212854088522	8.882334000806663
6.862392701320232	131.4125142042167	8.964760711014904
7.020726034645804	131.60170995715245	9.000399631154716
7.184614923428626	131.79685526206734	9.071006883612887
7.351281589940072	131.97891155262815	9.062122597838309
7.523503812432637	132.17524676793886	9.088055661454579
7.69850381230458	132.38229117681192	9.142369268940502
7.876281590079771	132.5726768401434	9.20161411785641
8.059614923486834	132.77020196584996	9.222359905413294
8.245726034622521	132.9558279875983	9.386408550939583
8.437392701040835	133.15335311330475	9.41140643089526
8.634614923440267	133.3544479701987	9.41130047304157
8.834614923568324	133.5543529166969	9.457973793139997
9.040170478979007	133.7506881320075	9.477538900013407
9.251281590196186	133.96606191365134	9.635469842458383
9.465170479141989	134.16239712896208	9.59591624624008
9.684614923545041	134.36587180664768	9.693349582835287
9.909614923579966	134.56458684274992	9.73775163623523
10.14017047907214	134.76330187885225	9.839332292586176
10.37628159019619	134.9810554812878	9.877798836035648
10.61794825677748	135.1678714134319	9.864096700932336
10.86517047899065	135.3856250158673	9.911252694481789
11.11794825683569	135.59266942474036	9.948058380482136
11.37628159013798	135.80685329598836	10.105406140487876
11.64017047907214	136.02579680881968	10.042511790069208
11.90961492328893	136.21618247215122	10.201927943273372
12.18461492348683	136.42560670181606	10.168897782682428
12.46794825687061	136.62908137950163	10.265666925725998
12.75683714553702	136.8563542651037	10.262887186888213
13.05128159018454	137.05625921160185	10.237988023608255
13.35405936801794	137.2716329932457	10.399607142816432
13.66239270113397	137.47748749172297	10.43628533323877
13.97905936778511	137.70000073574164	10.531064046797708
14.30405936797138	137.9106148758022	10.519023849161913
14.63461492344027	138.120039105467	10.595632612316463
14.97350381244428	138.34017252869398	10.690980941957614
15.32072603463416	138.55435639994212	10.735747157044456
15.67628159018454	138.77329991277335	10.775744855770544
16.04017047909542	138.99462324639637	10.867934188674134
16.4123927013668	139.20761720724846	10.950351375470389
16.79294825682405	139.43845982403806	11.00905907872332
17.18183714564179	139.65026387449439	11.057557124012074
17.57905936799466	139.87634684970055	11.111735342936184
17.9846149235334	140.10005000411525	11.16786475956552
18.40128158998664	140.32256324813403	11.306781454667275
18.82628159014962	140.53912694017365	11.407194466474117
19.2623927012271	140.77472919854648	11.333759220237738
19.70683714549045	140.99605253216933	11.431433622304786
20.1623927013668	141.21975568658397	11.413891467377002
20.62905936798302	141.4482184825818	11.466891198655558
21.10683714568836	141.6873904721421	11.48460787636201
21.59572603448282	141.92656246170242	11.496225888606231
22.09572603454103	142.1347967809713	11.44270113326219
22.60683714568836	142.36444948736508	11.549893319630954
23.12905936792481	142.58101317940466	11.578272918297817
23.66517047897901	142.81304570659	11.65342662996916
24.21239270129695	143.03436904021294	11.629116788631693
24.77072603452939	143.24855291146102	11.70990384414968
25.3429482567542	143.4651166035006	11.799124037885498
25.92905936797138	143.70666841385258	11.85427290791888
26.52905936783168	143.93156147866296	12.010618379113561
27.14294825668435	144.17192337861908	12.117503752921662
27.77072603452939	144.39919626422116	12.253836062515898
28.4123927013668	144.65026735773966	12.463165385633364
29.06794825684733	144.8727806017584	12.631935283907891
29.74017047904886	145.10957277052697	12.66825267294111
30.42628159024275	145.35588422246227	12.831712111846317
31.12905936798302	145.60576540558495	12.925792898023671
31.84850381244428	145.85207685752007	13.055020021879718
32.58461492345191	146.10909750301775	13.110530241882174
33.33739270118053	146.35778877574458	13.344146950771528
34.10683714563015	146.6005304964923	13.429295723272604
34.89572603452939	146.85636123159404	13.545775999075621
35.70128159014962	147.11100205630004	13.582216157046727
36.52628159021947	147.3608832394227	13.703324005607838
37.37072603438969	147.6179038849204	13.749633180784384
38.2346149235334	147.8868236343762	13.836608727693493
39.11794825677748	148.1355149071031	13.963971207734366
40.0207260346458	148.40086492537137	13.961026637864435
40.94572603469237	148.6519360188899	14.064157415121752
41.89017047883931	148.9172860371583	14.176557819534196
42.85683714568836	149.17668650344754	14.270362823096113
43.84572603454103	149.43727688013263	14.25664621153581
44.85683714574657	149.7002470776094	14.414471608027933
45.89294825668435	149.94774843994037	14.426341118136138
46.95128159014962	150.2166681893963	14.582024617379162
48.03461492352176	150.48320811806033	14.66121327969149
49.14294825680076	150.75212786751624	14.665797690043602
50.27628158998664	151.00914851301386	14.775160093531369
51.43739270133187	151.28401781444887	14.803258974836627
52.62628159013798	151.54341828073802	15.020416818441118
53.84017047902557	151.81947749256886	15.057258114741314
55.08183714572328	152.09315688360803	15.122663092344172
56.35405936778511	152.34541788752222	15.181278092284511
57.65405936783168	152.62028718895724	15.331564831241533
58.98461492324236	152.8808775656422	15.388214823365962
60.34572603454103	153.16526615024378	15.554125542026222
61.73739270120382	153.43299598930386	15.534090179804243
63.16239270113397	153.70429555955127	15.618224550136167
64.62072603468073	153.97559512979876	15.776049015223721
66.11239270132023	154.25522407281696	15.842810734466845
67.6373927012271	154.53128328464777	15.962131130639564
69.19850381230458	154.8156718692492	16.004462385877506
70.79572603455267	155.07745215633028	16.11854439340106
72.42905936797138	155.35827100974421	16.167196635288818
74.10128158994007	155.6331403111793	16.300774102485924
75.81239270133187	155.9115793438017	16.388715946318104
77.56239270127367	156.1864486452366	16.477494597625842
79.35128158994007	156.46845740904647	16.513340069329566
81.18183714558359	156.7480863520646	16.692408321736117
83.05405936802958	157.0181960119163	16.737178262385335
84.97072603448282	157.30496441730963	16.893614768273036
86.9318371456418	157.59054291230694	17.021632537345997
88.93739270133187	157.87255167611676	17.12665074779894
90.99017047893244	158.15337052953083	17.25205667962074
93.09017047914199	158.43537929334065	17.36837176920483
95.2373927010874	158.72095778833804	17.432179145172412
97.43461492354504	159.00058673135626	17.603482907911985
99.6818371456418	159.29449459912442	17.730260882093667
101.9818371456302	159.58602264610093	17.864691704422732
104.3346149233355	159.8680314099107	17.963172627187543
106.7429482568357	160.15955945688717	18.082930888007176
109.2068371457815	160.45227741425944	18.227080793668268
111.7262815901729	160.73071644688181	18.3831603666622
114.3040593677386	161.02343440425415	18.53546808671945
116.9401704790023	161.32210191360554	18.67540103488625
119.6373927013435	161.62076942295693	18.72268904155524
122.3985038121416	161.90753782835006	692.5573026286233
125.2235038124443	162.19787596493077	865.7077770295176
128.1123927012038	162.49416365349052	1120.042592905121
131.0679482568473	162.79521098363347	1520.7859100359271
134.0929482567542	163.0903087617975	2222.3256467892797
137.1873927012737	163.3961157335238	3691.977467948141
140.3512815902311	163.67931440772955	8281.547311715129