0.00972222222480923	1.6443756497037338	2.7518551706390406
0.02638888877118006	3.288751299407468	1.8416635687823708
0.0430555553175509	3.288751299407468	2.3625108028067525
0.06000000005587935	4.933126949111201	2.4110788977167075
0.0766666664276272	4.933126949111201	4.526508498958477
0.093333333323244	6.577502598814935	5.3161049260468225
0.1099999998696148	6.577502598814935	5.808957088279897
0.1605555555433966	9.866253898222404	7.52376846023849
0.1772222220897675	11.51062954792614	7.009366639554617
0.1938888888107613	11.51062954792614	9.05538813672441
0.2105555553571321	11.51062954792614	10.09793873157771
0.2274999999208376	13.15500519762987	9.43340148600007
0.2441666666418314	13.15500519762987	10.874267051215359
0.2608333333628252	14.799380847333602	9.339344595111045
0.2777777775772847	14.799380847333602	11.031589808768501
0.2947222221409902	14.799380847333602	9.530109466706985
0.311388888861984	16.443756497037338	10.635659475595816
0.3280555555829778	16.443756497037338	11.180210893456254
0.3447222221293487	16.443756497037338	12.390458122571651
0.3613888886757195	18.088132146741078	12.679849276481647
0.378333333239425	18.088132146741078	11.311285221592968
0.3949999997857958	18.088132146741078	12.519129711041257
0.4116666666814126	19.73250779644481	12.861925469026001
0.4283333332277834	19.73250779644481	14.014082475430591
0.4452777777914889	19.73250779644481	12.217817431297052
0.4622222220059484	21.37688344614854	13.008089006476002
0.4788888889015652	21.37688344614854	14.174891282059003
0.4955555554479361	21.37688344614854	14.297870724914167
0.5125000000116415	23.021259095852272	13.695539026175597
0.5291666665580124	23.021259095852272	13.984917130738456
0.5458333332790062	23.021259095852272	14.131093563257464
0.5625	23.021259095852272	14.329472843293528
0.5794444443890825	24.665634745556016	14.357275867443219
0.5961111109354533	24.665634745556016	14.304675665413795
0.6127777778310701	24.665634745556016	14.343819247981838
0.629444444377441	24.665634745556016	14.963100551926907
0.6463888889411464	26.310010395259745	15.217454610963463
0.6630555554875173	26.310010395259745	15.847100990729302
0.6797222220338881	26.310010395259745	14.370011876657948
0.6966666665975936	26.310010395259745	14.021687486933807
0.713611111161299	27.954386044963474	14.561842838336359
0.7302777777076699	27.954386044963474	14.130110180353343
0.7638888888177462	27.954386044963474	14.457098182142442
0.7972222222597338	29.598761694667207	14.616495690992812
0.8305555555270985	29.598761694667207	14.403026742463132
0.8641666666371748	29.598761694667207	14.248197850352911
0.8977777777472511	31.243137344370936	14.295944069635908
0.9311111111892387	31.243137344370936	14.403143917027009
0.964722222299315	31.243137344370936	12.696572094700752
1.115277777775191	34.531888643778416	12.624120914605763
1.148611110867932	34.531888643778416	12.5592387735502
1.182499999995343	34.531888643778416	11.297206365377344
1.21611111110542	34.531888643778416	11.248048305253716
1.249722222215496	34.531888643778416	10.909129968525786
1.283055555308238	36.17626429348214	11.117514154800544
1.316388888750225	36.17626429348214	9.822427440296252
1.349999999860302	36.17626429348214	9.44145754239342
1.383333333302289	36.17626429348214	9.674711653970009
1.416944444237743	36.17626429348214	9.301200085494761
1.450277777854353	37.820639943185874	9.537164407460553
1.483888888789807	37.820639943185874	8.221257510589517
1.534166666446254	37.820639943185874	7.6501331294945265
1.584166666609235	37.820639943185874	7.710527128207652
1.634722222108394	37.820639943185874	7.766832550212811
1.684722222271375	37.820639943185874	7.3357919234092375
1.734999999927823	37.820639943185874	6.942767791235413
1.784999999741558	37.820639943185874	6.612466851833157
1.835277777747251	39.46501559288961	5.692209444529938
1.885555555578321	39.46501559288961	4.656357326291946
1.935833333409391	39.46501559288961	4.698091191904555
1.986111111065839	39.46501559288961	4.744588163656933
2.036388888722286	39.46501559288961	4.785751788368648
2.086388888885267	39.46501559288961	4.828587673569187
2.136666666716337	39.46501559288961	4.832187651174384
2.186666666530073	39.46501559288961	4.852467608812542
2.237222222203855	39.46501559288961	4.86559583964952
2.304166666581295	39.46501559288961	4.829066860903465
2.371111111133359	39.46501559288961	4.7974209346037
2.437777777668089	39.46501559288961	3.1968472874528833
2.504999999888241	39.46501559288961	3.193211756408471
2.571944444440305	39.46501559288961	3.2221258806292505
2.638611111149658	39.46501559288961	4.898394528748964
2.70583333336981	39.46501559288961	4.897379705163811
2.772777777747251	39.46501559288961	4.851455492887586
2.839722222299315	39.46501559288961	4.848650889699084
2.906666666502133	39.46501559288961	4.847374802796596
2.990277777775191	39.46501559288961	4.883826465870293
3.074166666716337	39.46501559288961	4.699363215375191
3.157777777640149	39.46501559288961	4.716146859321073
3.241666666581295	39.46501559288961	4.734452398499104
3.325555555522442	39.46501559288961	4.751975278380187
3.409166666446254	39.46501559288961	4.766589732940171
3.493333333230112	39.46501559288961	4.784827621011883
3.576944444328547	41.10939124259336	6.361529978251413
3.660555555601604	41.10939124259336	6.341616691871217
3.761111110914499	41.10939124259336	6.377933502617122
3.861666666402016	41.10939124259336	6.412346481989987
3.961944444396067	41.10939124259336	6.44510469010928
4.062500000058208	41.10939124259336	6.445798583544232
4.163055555545725	41.10939124259336	6.44706627641123
4.263611110858619	41.10939124259336	8.05130413787615
4.363888888678048	42.75376689229709	8.09707975777656
4.481111110886559	42.75376689229709	8.107850310171015
4.598055555601604	42.75376689229709	8.116691976796746
4.715555555478204	42.75376689229709	8.126894924890546
4.832777777686715	42.75376689229709	8.13610782991439
4.949722222052515	42.75376689229709	9.772489063024043
5.06722222227836	44.39814254200082	9.565107711407185
5.18416666664416	44.39814254200082	9.599977880145548
5.318333333241753	44.39814254200082	9.636434352508543
5.452222221996635	44.39814254200082	9.653946281452034
5.586111111100763	44.39814254200082	9.670714748635557
5.720277777698357	44.39814254200082	9.685520566124044
5.854166666627862	44.39814254200082	11.335157545406705
6.00472222227836	46.04251819170455	9.684733033148134
6.155277777754236	46.04251819170455	9.685269315487304
6.305833333230112	46.04251819170455	9.499867754489163
6.456666666548699	46.04251819170455	9.529624433230111
6.607222222024575	46.04251819170455	9.544434551452257
6.774722222238779	46.04251819170455	9.557345830481713
6.941944444435649	46.04251819170455	9.569594780606744
7.109444444300607	47.686893841408285	11.1985833046754
7.276944444514811	47.686893841408285	9.568108766384219
7.460833333258051	47.686893841408285	9.602237374190443
7.645277777686715	47.686893841408285	9.622368096344736
7.829166666604579	47.686893841408285	9.643265724803816
8.01333333319053	47.686893841408285	9.651530604757886
8.214444444514811	49.33126949111201	9.730348959273508
8.415277777821757	49.33126949111201	8.077812048365416
8.61611111095408	49.33126949111201	9.647498835554503
8.81722222227836	49.33126949111201	9.674699938864432
9.034722222131677	49.33126949111201	9.68885242296132
9.252222222159617	49.33126949111201	9.70210665146112
9.470277777698357	49.33126949111201	9.705904617740654
9.704444444272667	50.97564514081575	9.76494909425282
9.938888888864312	50.97564514081575	8.138733571918111
10.17333333310671	50.97564514081575	8.158185664563286
10.40805555554107	50.97564514081575	9.05050910265189
10.65888888883637	50.97564514081575	9.121826781968464
10.90999999997439	50.97564514081575	9.197221480899927
11.17805555532686	50.97564514081575	9.263739304235456
11.4458333333605	50.97564514081575	9.365369551169463
11.71388888871297	50.97564514081575	9.470654522094453
11.99833333311835	52.6200207905195	8.827664416721971
12.28305555554107	52.6200207905195	8.90137961940805
12.56749999994645	52.6200207905195	9.006604482916188
12.869166666409	52.6200207905195	9.107109787831035
13.17027777771	52.6200207905195	9.213776042052569
13.48833333340008	52.6200207905195	9.320565089575702
13.806666666409	52.6200207905195	7.624522136990396
14.14111111115199	52.6200207905195	7.7921506994176255
14.47638888889924	54.26439644022322	8.654107875534702
14.81111111096107	54.26439644022322	8.760023723659618
15.16249999991851	54.26439644022322	8.88985342489766
15.51444444438675	54.26439644022322	9.031209367211435
15.88277777755866	54.26439644022322	9.18287813042653
16.25111111090519	54.26439644022322	7.719775616984639
16.63611111097271	54.26439644022322	7.954357976020412
17.02138888888294	54.26439644022322	7.956870961395581
28.0891666666721	59.19752338933442	6.338574121909449
28.74249999976018	59.19752338933442	6.338783857495053
29.41222222225042	59.19752338933442	6.075569924527779
31.42194444435882	59.19752338933442	7.155491932195645
32.15861111087725	59.19752338933442	7.007935117424966
32.91194444429129	59.19752338933442	6.875211765261028
33.68249999993714	59.19752338933442	6.757310583789834
34.46972222212935	59.19752338933442	6.650913767655109
35.27305555535713	59.19752338933442	6.55458025198316
36.09361111099133	59.19752338933442	6.4672027729408805
36.93027777783573	59.19752338933442	6.387662478963865
37.78444444440538	60.841899039038154	5.223995291481896
38.67194444441702	60.841899039038154	5.098099517496104
39.57638888881775	60.841899039038154	4.98196093529398
40.49749999993946	60.841899039038154	4.874621905138057
41.43527777778218	60.841899039038154	4.775252291616022
42.40611111104954	60.841899039038154	4.682296695199116
43.3941666665487	60.841899039038154	4.595670906639299
44.39833333325805	60.841899039038154	4.515220157355474
45.43694444425637	60.841899039038154	6.528502740632486
46.49194444448222	60.841899039038154	6.47612376021285
47.5802777778008	60.841899039038154	4.794796445096687
48.68499999982305	60.841899039038154	4.7973993890058075
49.82361111097271	60.841899039038154	4.801980042831627
50.97861111117527	60.841899039038154	4.774731562788094
52.16749999998137	62.48627468874189	4.462808075982003
53.37277777784038	62.48627468874189	4.754042790256514
54.61194444447756	62.48627468874189	4.757978517284949
55.88416666653939	62.48627468874189	4.761380819126827
57.17333333333954	62.48627468874189	4.7660175940405605
58.49583333340706	62.48627468874189	4.7700483828582385
59.85194444423541	62.48627468874189	4.773415483701008
61.24166666669771	62.48627468874189	4.776363889399689
62.66499999992084	62.48627468874189	6.409907781201937
64.12111111107515	62.48627468874189	4.840005715569091
65.61111111100763	62.48627468874189	4.844921292521086
67.13472222222481	62.48627468874189	4.849088439408974
68.69222222222015	62.48627468874189	4.853717293010825
70.28222222212935	62.48627468874189	4.8574853352640135
71.90722222218756	62.48627468874189	4.86237545628017
73.58194444421679	62.48627468874189	6.5119435827891055
75.28972222219454	62.48627468874189	6.519241745011293
77.03111111093313	64.1306503384456	6.459651961217059
78.82249999983469	64.1306503384456	6.465430854695536
80.64777777768904	64.1306503384456	6.472528456419357
82.52277777768904	64.1306503384456	8.134214409284269
84.43222222197801	64.1306503384456	8.142791061835101
86.39166666660458	64.1306503384456	8.151705678105506
88.38444444449851	64.1306503384456	6.571690563614567
90.42694444418885	64.1306503384456	7.871778227810016
92.52111111092381	64.1306503384456	7.881981867718695
94.66444444429362	64.1306503384456	7.892441234998059
96.8574999999837	64.1306503384456	7.903571154617179
99.10222222219454	64.1306503384456	7.9152650031928795
101.3955555553548	64.1306503384456	9.500514349385758
103.7394444441889	64.1306503384456	9.42549699603377
106.1333333333605	65.77502598814934	9.451391424013478
108.5947222220711	65.77502598814934	9.791705012847546
111.1063888887875	65.77502598814934	9.748163501296242
113.6850000000559	65.77502598814934	11.334857090498671
116.3133333332953	65.77502598814934	11.304728185041167
119.0094444444403	65.77502598814934	11.287997325786812
121.7552777775563	65.77502598814934	11.280977641722162
124.5688888887526	67.41940163785308	11.319456130462397
127.4483333333046	67.41940163785308	12.939008619028636
130.3952777777449	67.41940163785308	11.244344185443248
133.4094444444054	67.41940163785308	12.781774421549896
136.4902777777752	67.41940163785308	12.743796944325034
139.6377777778544	69.06377728755685	12.815370097086717
142.8694444443681	69.06377728755685	14.376533454850092
146.1680555556086	69.06377728755685	14.383299305342508
149.5502777777729	69.06377728755685	14.401837297378329
152.9997222221573	69.06377728755685	14.246613007201702
156.5327777776402	70.70815293726054	15.790011404078202
160.149166666728	70.70815293726054	15.776265630461296
163.8488888887223	70.70815293726054	16.25934895840373
167.6327777778497	70.70815293726054	16.255893149286518
171.5011111109052	70.70815293726054	17.937886835043113
175.468333333265	72.3525285869643	18.93950255862201
180.3291666666046	72.3525285869643	18.972793545797092
185.3291666666628	72.3525285869643	19.21741541566228
190.329166666721	72.3525285869643	19.308711010528782
195.3291666666046	73.99690423666803	19.408973638460697
200.3291666666628	73.99690423666803	21.109140029726642
205.329166666721	73.99690423666803	21.125352463839466
210.3291666666046	73.99690423666803	21.147405782021323
215.3291666666628	73.99690423666803	21.225099297601236
220.329166666721	75.64127988637176	21.211334324667884
226.329166666721	75.64127988637176	21.338083193171897
232.329166666721	77.28565553607551	21.857261849985598
238.329166666721	77.28565553607551	22.566203236318255
244.329166666721	77.28565553607551	21.932807444906107
250.329166666721	78.93003118577921	22.011229493256263
256.329166666721	78.93003118577921	22.8571368256408
262.329166666721	78.93003118577921	23.816422274604417
269.3291666666628	78.93003118577921	25.06040060878383
276.3291666666046	80.57440683548296	23.29267723908979
283.329166666721	80.57440683548296	24.867111034634384
290.3291666666628	80.57440683548296	26.440406364134112
297.3291666666046	82.21878248518668	25.068231046567547
304.329166666721	82.21878248518668	26.480152311383456
312.3291666666046	83.86315813489041	23.193494001196143
320.3291666666628	83.86315813489041	25.33961361949899
328.329166666721	85.50753378459417	21.310270673752452
336.3291666666046	85.50753378459417	23.50303333108225
344.3291666666628	85.50753378459417	25.898737051770777
352.329166666721	87.15190943429788	17.637091129541908
361.329166666721	87.15190943429788	21.003436137057964
370.329166666721	87.15190943429788	27.163155872664422
379.329166666721	88.79628508400165	2.150999022194257
388.329166666721	88.79628508400165	0.9829484226119903