0.01000000000021828	1.1031757216730322	0.8886087147753602
0.02000000000043656	1.815426654278967	1.1665167680451098
0.03000000000065484	2.3213642776008565	1.2851761437466365
0.04000000000087312	2.6987138370795285	1.3104880326687744
0.05000000000109139	2.990930209799809	1.2946329591777472
0.06000000000130967	3.2247457026238946	1.2647535046023148
0.07000000000152795	3.4174011734269105	1.234008961719444
0.08000000000174623	3.5803523987967156	1.2081684598921456
0.09000000000196451	3.721388865017051	1.1893085828082033
0.1009816608893743	3.857396532357856	1.1768666970249713
0.1133032870638999	3.992369009759128	1.1720137820720413
0.1271283790183588	4.127258848341818	1.1759065615611188
0.1426403873238087	4.26312718775875	1.1892161448600553
0.1600451469057589	4.4010810877446795	1.2121302713953663
0.1795736083495285	4.542224893895537	1.2444643810576463
0.2014849024735668	4.687623143851291	1.2857648915200783
0.2260697788387915	4.838275713169908	1.3354418300308708
0.2536544638169289	4.995111260322527	1.3928725799111368
0.2846049894187672	5.158986260151601	1.4574851880654733
0.3193320503141877	5.3306976298340425	1.5288283511105907
0.3582964535025894	5.510997875602024	1.606576042488159
0.4020152329412667	5.700608782536844	1.690543565743543
0.4510685102704883	5.900240255506935	1.7806886552673296
0.506107192678428	6.110604259968944	1.8771090774242887
0.5678616100403815	6.332433107438715	1.980155176860526
0.6371512059549786	6.566519305269439	2.089540249185065
0.7148954112626598	6.813529010644812	2.2057040099022345
0.802125844332295	7.074355798660738	2.3292035384345007
0.9000000000132786	7.349793888543857	2.458007832864031
1.009816608886467	7.640269017135436	2.6000055091815932
1.133032870630814	7.948391298265227	2.764541619537774
1.271283790178131	8.276737577443592	2.913553102985337
1.426403873234449	8.619154607827221	3.0371492028680116
1.600451469056679	8.975941786015603	3.2286729126314264
1.795736083496195	9.362434308103461	3.477446260431225
2.014849024738396	9.7764725753985	3.6450142858814374
2.260697788388825	10.201517748852284	3.829047975399126
2.536544638172018	10.657892804976088	4.074931378447251
2.846049894189491	11.139506387323404	4.30682774950374
3.193320503144605	11.649221938704889	4.558202803063224
3.582964535029532	12.188650295147944	4.8242123198037055
4.020152329412667	12.759537874488496	5.105752731805596
4.510685102705793	13.363699590217543	5.40334783239272
5.061071926780642	14.002999749253664	5.717359375907199
5.678616100397449	14.679333381221566	6.047960252433005
6.371512059542511	15.394600894779355	6.395105413415344
7.148954112613865	16.15068264154128	6.758537174520372
8.021258443311126	16.949414711115242	7.137791120855111
9.000000000120963	17.792564763751262	7.532236717294672
10.09816608885376	18.681817065746678	7.941118366616521
11.33032870629995	19.61875765107251	8.363617679123331
12.71283790177586	20.604873540671214	8.798912232399157
14.26403873234176	21.641551256613422	9.246223654297507
16.00451469056588	22.730086901935316	9.704972343235466
17.95736083496195	23.871719999633854	10.174674878993166
20.14849024738669	25.06761971786479	10.655024251536048
22.60697788389098	26.318936789323235	11.146034192033959
25.365446381722	27.626822499209535	11.648138659737732
28.46049894189946	28.992502889726865	12.163256628726678
31.93320503145242	30.41754131921777	12.687948225713681
35.82964535029805	31.902342598179203	13.226040208117102
40.20152329412849	33.44930898719697	13.750039990753827
45.10685102706248	35.05250838853373	14.322894463151679
50.61071926781369	36.728698412455714	14.953333096115895
56.78616100398267	38.47389724190995	15.660059679734482
63.71512059543147	40.30901620698774	16.22163162136846
71.48954112614956	42.17945527150313	16.513494777327168
80.21258443311854	44.07760838410858	17.589809409169543
90.00000000121327	46.18911906752421	18.406216323327826
100.9816608885376	48.26858400738496	18.731801183195472
113.3032870630022	50.44824785206374	19.668630064001345
127.1283790177613	52.733896864688965	20.524492737218548
142.6403873234231	55.09995325727512	21.33157089740353
160.0451469056607	57.55925115471773	22.219062519621293
179.5736083496204	60.11529707640291	23.14974271055788
201.4849024738669	62.77213916558157	24.127532518938104
226.0697788389098	65.53378550899268	25.15331894049465
253.65446381722	68.40403939758298	26.226683195048306
284.604989418991	71.38630564291114	27.345738511669563
319.3320503145224	74.48338657178748	28.506929686045197
358.2964535029769	77.69724280030972	29.705117128263872
402.0152329412849	81.02880901442136	30.933611457631567
451.0685102706248	84.47776676198028	32.18446984532786
506.1071926781351	88.0424314150748	33.4498883740889
562.6071926781351	91.418608409182	34.61667279854227
619.1071926781351	94.55027889523119	35.665250359668704
675.6071926781351	97.47058153582198	36.61567465937179
732.1071926781351	100.20589678233799	37.48050606319189
788.6071926781351	102.77766553233879	38.27043175384417
845.1071926781351	105.20361728336663	38.994549032346136
901.6071926781351	107.49862465641819	39.660625420421646
958.1071926781351	109.6753189786358	40.272972782474874
1014.607192678135	111.74453444925155	40.84208560675911
1071.107192678135	113.71564251938213	41.36712561124899
1127.607192678135	115.5968230099258	41.85922569498646
1184.107192678135	117.39526563222671	42.31858551720834
1240.607192678135	119.11731419832017	42.74845651109782
1297.107192678135	120.76861218906913	43.151691548827564
1353.607192678135	122.35419889710724	43.53075741050479
1410.107192678135	123.87859123863127	43.88606240598512
1466.607192678135	125.3458626141495	44.223380890122115
1523.107192678135	126.75969082236335	44.54243598665593
1579.607192678135	128.12341679855592	44.84260848817844
1636.107192678135	129.44007859330998	45.12983439521159
1692.607192678135	130.71245280600377	45.40295991821471
1749.107192678135	131.94307807534489	45.66175360463818
1805.607192678135	133.13428554567966	45.91005787575543
1862.107192678135	134.28822050901113	46.14728410066404
1918.607192678135	135.40686189417707	46.37425558737099
1975.107192678135	136.49203645685043	46.59031036927781
2031.607192678135	137.5454392061331	46.799087593999715
2088.107192678135	138.5686409556272	46.99881088430282
2144.607192678135	139.563100794022	47.191835521062735
2201.107192678135	140.53018101400698	47.377107438755594
2257.607192678135	141.47114926204983	47.556946232395546
2314.107192678135	142.3871892610828	47.72945472720274
2370.607192678135	143.2794123424188	47.89631100670137
2427.107192678135	144.1488574980707	48.057652845182375
2483.607192678135	144.99649803835493	48.21401544693948
2596.607192678135	146.62997398611273	48.51331154055849
2709.607192678135	148.18652773748093	48.79542622950015
2822.607192678135	149.67211002062092	49.061988504660825
2935.607192678135	151.09202365399048	49.31507048175816
3048.607192678135	152.4510272725178	49.55586747835777
3161.607192678135	153.75339169510616	49.78543493707339
3274.607192678135	155.00297890439668	50.00512508649361