0.007200000000011642	1.9455161352358836	1.5659677707470812
0.01440000000002328	3.8706481524124547	3.988864914072289
0.02160000000003493	5.775280100469529	5.794730822733187
0.02880000000004657	7.666213681951876	7.588927161736886
0.03600000000005821	9.535356159794611	9.362763691991915
0.04320000000006985	11.389173521324036	11.114614481344704
0.05040000000008149	13.225710980205518	12.848903788066409
0.05760000000009313	15.049378813731737	14.530688803289356
0.06480000000010477	16.85134739026951	16.223546342830254
0.0727067958389398	18.82287313156665	18.06290871338439
0.08157836668442542	21.010084945467778	19.989661474037426
0.09153243289176771	23.425165132493706	22.10194574114983
0.1027010788717462	26.09862854019331	24.418186150394494
0.1152325057707913	29.046894980341087	26.994572502171085
0.1292929980103281	32.31340900167474	29.828085053428087
0.1450691297795856	35.91388841864108	32.83932865951994
0.1627702407622564	39.873490097881096	36.01095068614849
0.182631213946479	44.20392802611831	39.386178081539036
0.204915592379507	48.94029814548525	42.997085742777735
0.2299190762240642	54.10168514535396	46.75002742477617
0.2579734465194861	59.70161142954256	50.694087337741664
0.2894509677147426	65.77044137797124	54.7275240011768
0.3247693273915502	72.29825962341599	58.72779531585429
0.3643971787245164	79.28720158449401	62.83812239642758
0.4088603592244908	86.76029126498014	66.84829356945718
0.4587488682824414	94.67126135806589	70.5642250774021
0.5147246961030305	102.99844197642138	74.08883212477492
0.5775306079125357	111.7192282240308	77.16330904199677
0.6480000000020709	120.75238104846368	79.64794461503865
0.7270679583899664	130.04313306866825	81.52085476647768
0.8157836668451637	139.5052138714016	82.53671833089504
0.9153243289183592	149.02743298492413	82.62296436900007
1.027010788717917	158.50685749915866	81.7057576645645
1.152325057708708	167.81537462377014	79.723039267369
1.292929980103736	176.83585552445828	76.57229296064337
1.450691297796652	185.41673928853896	72.39055802838246
1.627702407623133	193.47252513052516	67.38001588625767
1.826312139464903	200.89829469282893	61.43065003004146
2.049155923795297	207.58345377979902	54.964924558213234
2.299190762240528	213.52030887773563	48.317473719806486
2.57973446519452	218.67532502671733	41.52175814208502
2.894509677147084	223.04863352763033	35.089880722556
3.247693273914592	226.72432645939085	29.179223434931952
3.643971787244482	229.73873121531963	23.889603306931097
4.088603592243999	232.19875978016628	19.51655825522361
4.58748868282305	234.20840429555554	15.942956832991355
5.147246961028827	235.84757519980718	13.149177575108329
5.775306079123993	237.21553079141765	11.138211425167405
6.480000000019459	238.3926191240284	9.644703338908968
7.270679583898527	239.417199512526	8.590964890000206
8.157836668450614	240.35158480974619	7.915851794580887
9.153243289182797	241.22001087365237	7.435390243217212
10.27010788717871	242.04263381893213	7.104903833552615
11.52325057708663	242.8333855590881	6.873091661642741
12.92929980103691	243.60064160365542	6.683492109858335
14.50691297796607	244.34544374762768	6.546398102418318
16.27702407623053	245.07838828735566	6.443838745909447
18.26312139464801	245.79642337770682	6.354272741968549
20.49155923795206	246.50516726657813	6.3255076040071545
22.99190762240414	247.21222307528606	6.2977264681632095
25.79734465194338	247.9097493900392	6.269423865505832
28.94509677146857	248.6048475268609	6.287809483645158
32.47693273914388	249.30012619388734	6.298183851173926
36.0769327391439	249.93066567263108	6.310913188604473
39.67693273914392	250.50106275119572	6.354291162803396
43.27693273914395	251.0220309177944	6.371461387049503
46.87693273914397	251.50397846825936	6.396888986612436
50.47693273914399	251.943403420045	6.429778505320911
54.07693273914401	252.35549146045093	6.45299902601126
57.67693273914404	252.7410045327046	6.49004059456314
61.27693273914406	253.1038931137218	6.505981504370661
64.87693273914408	253.4437882272704	6.5446842348515455
68.4769327391441	253.76364056874888	6.5508760556756345
72.07693273914413	254.06982155909844	6.583261544239058
75.67693273914415	254.3605185836122	6.606275877475694
79.27693273914417	254.63380518092887	6.6492762601511215
82.8769327391442	254.8973854167904	6.65903368067592
86.47693273914422	255.14845225040114	6.6770057463150225
90.07693273914424	255.39129681818147	6.724913635863193
93.67693273914426	255.62051033676448	6.742583508827926
97.27693273914429	255.84214781038057	6.775326171174005
100.8769327391443	256.06015450854864	6.790874744695052
104.4769327391443	256.264720957036	6.809049326367144
108.0769327391444	256.46270337749155	6.840452922734183
111.6769327391444	256.6562111005741	6.885860093861943
115.2769327391444	256.84005936800327	6.893361768053893
118.8769327391444	257.0193288471717	6.914710589479027
122.4769327391444	257.1930859655491	6.9604621027937945
126.0769327391445	257.36580844791735	6.974285525885988
129.6769327391445	257.5296825384693	6.997862681452588
133.2769327391445	257.6891702104547	7.025646120589097
136.8769327391445	257.8414174710417	7.087724814001135
140.4769327391446	257.99599598963454	7.007179251595366