0.004165547982084572	16.470279120089664	0.0062154311787927675
0.006865547982084497	22.808883242024777	0.002453267490725153
0.0096655479820833	19.920379865960804	0.001990235976146995
0.01246554798208477	21.54000909227296	0.0007938845429558847
0.01526554798208446	22.538860940998244	0.0021063499802248
0.01806554798208415	23.4900660355914	0.0020366862341977213
0.02076554798208408	24.335597693637695	0.0021482392920059933
0.02356554798208466	25.10508196044451	0.0023050404140489396
0.02636554798208346	25.840759377496624	0.0024392518861530406
0.02916554798208493	26.53390792172276	0.0025622328652202286
0.03186554798208485	27.207377851912533	0.002717445296841289
0.03466554798208454	27.870035356807662	0.0029183834003910078
0.03746554798208424	28.484901941900116	0.0030633041808294484
0.04026554798208482	29.08895610169794	0.0032419892218636466
0.04306554798208362	29.696181906248814	0.0034191369015332406
0.04576554798208443	30.312634313717783	0.003544926827650524
0.04856554798208501	30.85556222918282	0.0037163501296711074
0.0513655479820847	31.40613092518937	0.0039041447822300815
0.05416554798208439	31.971188271090888	0.004034663184248936
0.05686554798208343	32.52637026855661	0.004189881272382001
0.0596655479820849	33.02626473134866	0.004313137337422369
0.06246554798208459	33.53235831797635	0.00447037318024242
0.06526554798208428	34.05438221120489	0.00463075871291662
0.06806554798208486	34.5198931615598	0.0047659510000344065
0.07076554798208479	34.99982067897425	0.004889436617348303
0.07356554798208359	35.4697286822824	0.004983311697371005
0.07636554798208417	35.93250048489591	0.005144243885386254
0.07916554798208475	36.37090828917874	0.0052671703812812425
0.08186554798208467	36.81111816434406	0.005346486548609116
0.08466554798208437	37.247003069391404	0.005460134161800886
0.08746554798208495	37.66501143128486	0.005616690304611708
0.09026554798208375	38.076532338001556	0.005750414023830191
0.09306554798208433	38.46981628738774	0.0058609020390334
0.09576554798208425	38.869155194939026	0.006003385780982083
0.09856554798208483	39.24795049443037	0.006184939411635775
0.1013655479820845	39.61276172387377	0.0063037002241788384
0.1041655479820842	39.96344471759894	0.006466977972376659
0.106865547982085	40.36516235871498	0.006602256129646389
0.1096655479820847	40.72608111505245	0.006818217477699345
0.1124655479820844	41.0914690071783	0.006989937538595694
0.115265547982085	41.432925397985215	0.007170147141625334
0.1180655479820847	41.81078362061761	0.00734104965939313
0.1235655479820843	42.52317828186835	0.007751608204007452
0.1291655479820846	43.235789191625024	0.008147856967796293
0.1346655479820842	43.93823642160469	0.008495566746616872
0.1402655479820845	44.628213321077695	0.00896424106680028
0.145765547982085	45.31220734522109	0.009294310323261204
0.1513655479820844	46.009464611059194	0.009588294095186838
0.1568655479820849	46.693458635202525	0.008988015275863579
0.1624655479820842	47.31920972842495	0.008026337707884352
0.1680655479820845	48.00615914881558	0.007245045105946445
0.173565547982085	48.61843075183731	0.006417228706980529
0.1791655479820844	49.241010200306626	0.0048988594415189084
0.184665547982084	49.81241083571433	0.003830266716337275
0.1902655479820834	49.79107431646615	0.00359822788675672
0.1957655479820848	49.5793670291958	0.0030591840986579407
0.2013655479820842	49.54202812051135	0.002211831122274468
0.2068655479820847	49.51852911620419	0.0015891512552065356
0.212465547982085	49.48501059779063	0.0007777896191553044
0.2235655479820848	49.44680669508264	0.0002555145860716953
0.2291655479820842	49.46194409049524	0.0005294278211731617
0.2346655479820847	49.49358845519107	0.001014764541752816
0.240265547982085	49.49849008799135	0.0013192552628096517
0.2485655479820843	49.59580191564371	0.0017996932377969943
0.2568655479820845	49.69563664253154	0.0022569034174790667
0.2652655479820845	49.81082501333791	0.0027810846014562733
0.2735655479820847	49.97171390172309	0.003205548404236714
0.2818655479820849	50.09367805904741	0.0036887899632301597
0.2902655479820848	50.26314480483319	0.0040396752699241485
0.298565547982085	50.43239530211299	0.004416283113455906
0.3068655479820843	50.591410036780566	0.004759497567775785
0.3152655479820843	50.77983456824972	0.00502100632692447
0.3235655479820845	50.95845583411826	0.005261688845453958
0.3318655479820838	51.13714918282216	0.005557748844823327
0.3402655479820846	51.3128871352789	0.00583669663930905
0.348565547982084	51.51140326368975	0.0060282885687415015
0.356865547982085	51.688294541511105	0.006422038672083044
0.3652655479820841	51.844065548590315	0.0067528605310317145
0.3763655479820849	52.091237590827376	0.007141505917241812
0.3874655479820848	52.31750561082796	0.007650395504067913
0.3985655479820847	52.56474973590025	0.008117876833573033
0.4096655479820845	52.78330489252401	0.008618005390761041
0.4207655479820844	53.061472553939254	0.009106771642909642
0.4318655479820834	53.322844914730034	0.009676188659622503
0.4430655479820849	53.601228824651116	0.010233100190420648
0.4541655479820848	53.892155147914146	0.010787529941812583
0.4652655479820838	54.15936621836408	0.011421643127184867
0.4763655479820845	54.44157051855598	0.012108361505416554
0.4874655479820844	54.7157736240298	0.012576561462465169
0.5013655479820849	55.06105040510747	0.013286074037178566
0.5152655479820845	55.429393693480634	0.013802915562623967
0.529165547982084	55.78216708942932	0.01424068894854366
0.5430655479820845	56.16182738294424	0.014444897109077093
0.5568655479820843	56.52771985491722	0.014849941195187061
0.5707655479820848	56.878186600136374	0.01522379765909652
0.5846655479820844	57.238672859461964	0.015686051953808212
0.5985655479820848	57.560306470561976	0.016055347886096007
0.6124655479820835	57.87220889889664	0.016426645552187865
0.6291655479820837	58.18526465259614	0.016539612110622215
0.645765547982085	58.553103361122176	0.016760670967797542
0.6624655479820842	58.9031376093295	0.017022966918949584
0.6791655479820844	59.26852550145543	0.017440516128442166
0.6957655479820848	59.616829761615676	0.01777763674512674
0.712465547982085	59.95396118230469	0.01882679390011193
0.7291655479820833	60.236453813837805	0.019350192002211285
0.7485655479820843	60.59585883063393	0.019632340405084957
0.7680655479820842	60.947262652712034	0.020806201941109066
0.7874655479820842	61.34040243642766	0.021725864166081337
0.8068655479820834	61.68250757275224	0.022599864780096776
0.8263655479820842	62.15911927974299	0.02382554138361168
0.8457655479820843	62.467345483477594	0.025397493021319842
0.8680655479820847	62.81240601604936	0.026860868167623057
0.8902655479820845	63.30941716542949	0.0290353266717218
0.9124655479820842	63.77406312176085	0.03131235851010824
0.934665547982084	64.20367682013732	0.03385615954953344
0.9568655479820847	64.7106354007886	0.035507989029689796
0.9791655479820842	65.19726662188577	0.03811116871752051
1.004165547982084	65.6970890018426	0.04124980852512236
1.029165547982085	66.33776124197172	0.04313449614815253
1.054165547982084	67.0093570184438	0.045094841589911505
1.079165547982085	67.66430165996199	0.04648538156418285
1.104165547982083	68.28745777111376	0.046998596389841836
1.131865547982085	68.9842825399401	0.04793437934242097
1.159665547982085	69.68528811321383	0.048224796649935474
1.187465547982085	70.33648444729646	0.048138979331558654
1.215265547982084	70.97506628520193	0.04772577984462846
1.245765547982084	71.5587930854457	0.04775519280581814
1.276365547982084	72.06539125192056	0.04783464621618726
1.306865547982083	72.59822757044375	0.048085621767815515
1.337465547982084	73.00744182643083	0.0485636130654109
1.370765547982084	73.51238208769375	0.04931889919343096
1.404165547982084	73.99951788863808	0.050656991341616255
1.437465547982084	74.52882214823175	0.053080427255982436
1.470765547982083	75.02323831554124	0.055465492499293806
1.506865547982085	75.58541234803074	0.05823803964033569
1.543065547982084	76.1586871371563	0.0613539589286952
1.579165547982085	76.73203400911707	0.06435859945923578
1.618065547982084	77.39238486328257	0.06869946128689897
1.656865547982085	78.10723034093351	0.07087996438068654
1.695765547982084	78.74775841539211	0.07539536394870741
1.737465547982084	79.47002842507865	0.07933661721113214
1.779165547982084	80.12425223824386	0.08381011996312931
1.820765547982085	80.80521878330471	0.08869497602543973
1.865265547982084	81.62732351987913	0.09250560027378323
1.909665547982084	82.27080699058493	0.09616766264305425
1.954165547982085	83.09399296968868	0.1010549245956298
2.001365547982085	83.89901407429755	0.10442557986418209
2.048565547982085	84.73553537793158	0.10967318941181413
2.098565547982085	85.65466361081718	0.11368799917887566
2.148565547982085	86.49587029874554	0.1143024508447059
2.198565547982085	87.32136292857884	0.12096275689458946
2.251365547982084	88.27343301719574	0.12378548159585846
2.304165547982084	89.08047244119285	0.1288606709829124
2.359665547982085	90.03456084919803	0.13167650495390132
2.415265547982084	90.89205825790376	0.13551308778407004
2.473565547982085	91.57756602158835	0.13817588864212896
2.531865547982085	92.5856444732318	0.14273511355731625
2.590265547982085	93.44069106553738	0.140942696787957
2.651365547982084	94.41236768535522	0.14526699519092398
2.715265547982084	95.29343618120348	0.14338827079562996
2.779165547982084	96.24766875487919	0.14579807031948938
2.845765547982083	97.03661538721651	0.14178238527815046
2.912465547982084	98.01557237339951	0.14087903131330287
2.981865547982084	98.63750307635118	0.1367507161106746
3.051365547982084	99.55951462264875	0.13599249426036816
3.123565547982084	100.16760542122314	0.13664615322503273
3.195765547982083	100.99360263090362	0.12572691356779317
3.270765547982084	101.25706539391801	0.12745717245676846
3.348565547982082	102.03483918678417	0.11769235433844766
3.426365547982084	102.43778223610032	0.11809552451709768
3.506865547982083	103.18967829109441	0.11082334542748269
3.590265547982084	103.87064483615524	0.10813513355845775
3.673565547982085	104.04775236248254	0.10055011862022883
3.759665547982085	104.65159027377443	0.08915375322774372
3.848565547982084	104.94929238355549	0.08568052387769315
3.937465547982085	105.39872886163889	0.08650473067785207
4.029165547982084	105.80239273930806	0.07371899292268677
4.123565547982084	106.18126012163464	0.0656115648633554
4.220765547982085	106.40031985810542	0.14108396679667273
4.320765547982083	106.12301719071387	0.13088017849501504
4.420765547982084	106.54030472425436	0.12038719274578044
4.523565547982084	106.90807134994506	0.10723677251506876
4.629165547982085	106.94786107502959	0.09591589345842481
4.737465547982085	107.14594470642858	0.08824848490189631
4.848565547982082	110.37237241436992	0.06659772565342739
4.962465547982085	110.23015298032685	0.07748615549839101
5.079165547982084	110.04425134809317	0.07190020945057321
5.198565547982083	109.87435210529556	0.06721000379146734
5.320765547982084	109.68333259175573	0.07141280646603207
5.445765547982083	109.66185190683696	0.07794464730542569
5.573565547982083	109.69774915881533	0.012567236356540572
5.704165547982084	109.77776110599613	0.024582768352736765
5.837465547982083	109.82230829821037	0.04005124900575713
5.973565547982082	109.86368384567149	0.062016812951526716
6.112465547982085	109.94420037269944	0.08214165127654954
6.254165547982085	110.25141741673973	0.10599659837047545
6.398565547982084	110.59849626869992	0.13221165248880007
6.548565547982085	110.86967189509117	0.14791471827931701
6.701365547982084	111.18640387339082	0.162043065468269
6.856865547982084	111.68312669142988	0.1706593862684947
7.015265547982084	112.09205261607582	0.17790455875843117
7.179165547982082	112.77092875891299	0.18438436661435786
7.345765547982085	113.53875512050796	0.2079725696202277
7.515265547982084	113.99496738510933	0.22930701641759207
7.690265547982085	114.38558426958957	0.26612907017985166
7.868065547982083	114.66007570640458	0.29184211821374334
8.051365547982082	114.90753607998286	0.31774250766914147
8.237465547982083	115.36000003714878	0.33480500636458654
8.429165547982084	116.27610079095184	0.3415460370142824
8.623565547982084	116.97616928736663	0.3647785359137729
8.823565547982083	118.03311990134208	0.38499457545033333
9.029165547982082	118.92586581650862	0.4099155686957301
9.237465547982085	119.71445203466943	0.4354981668870801
9.451365547982082	120.55364040320946	0.43491614165512354
9.670765547982084	121.33739707140519	0.40916743773834224
9.895765547982084	122.17932458768665	0.38885372016918746
10.12636554798208	122.96956871105935	0.31938188526910366
10.36246554798209	123.71043609225286	0.259419488330018
10.60416554798208	124.40199881410237	0.20186311408181926
10.85136554798208	124.75282597349806	0.13506018743035667
11.10416554798208	124.98240980392244	0.055614795665125186