0.0003607625894801458	7869.1469737887655	17054.651653222623
0.001194095768369152	28281.699816553322	42534.40359395409
0.002027429121881141	56762.2188402272	42002.072382012404
0.00286076247539313	68580.37823258284	31188.74625194019
0.00369409582890512	75957.15590945189	8524.229718433273
0.004527429182417109	74400.11979080467	2305.0169029627796
0.005360762535929098	76186.88254990811	17638.882043452595
0.006194095889441087	79607.25697447751	26154.605607846413
0.007027429242953076	83180.78249268376	24421.412007504634
0.007860762596465065	85529.09926179126	9657.208831429438
0.008694095775354072	85478.04889724517	6744.136882751733
0.00952742912886606	86805.35837543604	15694.10633439117
0.01036076248237805	88872.89813954156	19539.207112166827
0.01119409583589004	90557.56016955331	17198.938448019562
0.01202742918940203	91808.2941009255	15473.640413373549
0.01286076254291402	92216.69701729238	16974.75867887423
0.01369409589642601	93339.80503729984	16986.885878550653
0.014527429249938	94820.26560912786	19151.254378244368
0.015360762428827	95815.74771777168	17649.759549618408
0.01619409578233899	96683.60391505038	17513.180674035215
0.01702742913585098	97270.68310732726	16390.540990889516
0.01786076248936297	98189.58966915183	17027.53668058101
0.01869409584287496	99261.64732461378	16418.137585449083
0.01952742919638695	99925.30206370911	17649.053257576645
0.02036076254989894	100563.4316205317	18227.265801306166
0.02119409590341093	101150.51081280874	16913.645968828074
0.02202742925692292	101865.21591645024	17019.144078959904
0.02286076243581192	102682.02174918311	17352.323266725598
0.02369409578932391	103218.0505769141	18175.71587134833
0.0245274291428359	103779.60458691785	17926.36277745541
0.02536076249634789	104392.20896146714	16994.442525645707
0.02619409584985988	105004.81333601715	17579.61473386365
0.02702742920337187	105617.4177105666	17658.997244951373
0.02786076255688386	106076.87099147921	18310.100712065163
0.02869409591039585	106561.84945466454	18002.55740644721
0.02952742926390783	107072.35310012277	17618.452123190433
0.03036076244279684	107608.38192785358	17416.623815388048
0.03119409579630883	108169.93593785776	17527.768339117916
0.03202742914982082	108578.33885422385	17885.837666383475
0.03286076250333281	108986.74177059032	17742.328114854667
0.0336940958568448	109446.19505150276	17502.301837002113
0.03452742921035679	109854.59796786918	17109.793354785303
0.03536076256386878	110263.00088423575	17343.793097825048
0.03619409591738076	110696.92898287489	17365.603713188433
0.03786076244978176	111462.684451062	17516.787632217427
0.03952742915680574	112253.96510152202	17756.417131201277
0.04119409586382972	112943.14502289073	17872.558172186968
0.04286076257085369	113657.8501265317	18034.465210397502
0.04452742910325469	114347.03004790044	17951.43604687819
0.04619409581027867	115036.209969269	17837.563909560053
0.04786076251730265	115674.33952609131	18007.994364339134
0.04952742922432663	116286.94390064145	17877.482854616617
0.0511940959313506	116822.97272837219	17671.7373507681
0.0528607624637516	117384.52673837586	17679.297895706124
0.05452742917077558	117971.60593065296	17701.391559956606
0.05619409587779956	118482.1095761109	17863.929585694976
0.05786076258482353	119018.13840384196	18146.572238985955
0.05952742911722453	119503.11686702703	17984.330593860883
0.06119409582424851	120013.62051248521	17914.337995191705
0.06286076253127248	120524.12415794324	18180.480163370976
0.06452742923829646	121009.10262112872	18045.850189363253
0.06619409577069746	121417.50553749489	18204.982013604174
0.06786076247772144	121876.958818407	18191.211286505615
0.06952742918474542	122344.79386109367	18143.36679494258
0.0711940958917694	122765.69395229132	18289.978432911757
0.07286076259879337	123160.28778778843	18302.713239532215
0.07536076248470636	123791.63792458475	18658.303048231246
0.07786076254524232	124396.68180568091	18578.790515590692
0.08036076243115531	125001.72568677629	18715.226983326895
0.08286076249169128	125580.4633121731	18818.926570639964
0.08536076255222724	126159.20093756921	18560.036656828568
0.08786076243814023	126685.32605156582	18799.55543236493
0.0903607624986762	127211.45116556251	18621.04082761123
0.09286076255921216	127711.27002385964	18811.338457613278
0.09536076244512515	128158.47637075624	18675.273016534793
0.09786076250566111	128684.60148475291	18750.439808881176
0.1003607625661971	129131.80783164986	18587.475817116778
0.1028607624521101	129631.62668994718	18845.743701805848
0.105360762512646	130078.83303684351	18849.00243143531
0.107860762573182	130526.03938374128	18652.277462849175
0.110360762459095	130946.93947493844	18595.089746472477
0.1136940958731429	131473.06458893503	18714.220263436673
0.1170274291125679	132051.80221433108	18627.379425267114
0.1203607625266159	132499.00856122846	18741.486074766453
0.1236940957660409	133025.13367522493	18869.543664679808
0.1270274291800888	133524.9525335216	19034.044515095327
0.1303607625941368	134024.77139181856	19044.45210557425
0.1336940958335617	134524.590250115	19369.049380789693
0.1370274292476097	134998.10285271244	19190.856806037747
0.1403607624870347	135471.61545530878	19073.698757493454
0.1436940959010826	135918.82180220672	19234.87658284988
0.1470274291405076	136392.3344048032	19231.758691190185
0.1511940959080675	136892.15326309967	19158.10973727587
0.1553607625010045	137365.66586569705	18996.966974199888
0.1595274290939415	137891.7909796936	18989.802755878074
0.1636940958615014	138391.60983799023	18973.069149469615
0.1678607624544384	138865.12244058744	18988.406238950065
0.1720274292219983	139312.32878748438	19308.061158959277
0.1761940958149353	139785.84139008095	19163.412846334017
0.1803607625824952	140206.7414812787	19083.17716976469
0.1845274291754322	140680.25408387557	19561.198291417353
0.1895274291218811	141153.76668647246	19336.373294538258
0.1945274292429531	141679.89180046896	19465.221530780076
0.199527429189402	142127.098147366	19661.929032688175
0.204527429135851	142705.83577276274	19579.422652721474
0.2095274292569229	143100.42960825967	19614.17258739079
0.2145274292033719	143573.942210857	19797.358695299947
0.2195274291498208	144021.14855775406	19771.74700439416
0.2253607624497818	144573.5799274503	19844.053037346246
0.2311940959243657	145047.09253004746	19434.772220440995
0.2370274292243266	145546.91138834445	19785.472556702876
0.2428607625242876	146020.42399094132	19769.45199709048
0.2486940958242485	146546.54910493782	19954.381631432825
0.2545274291242095	146914.83668473538	19757.564426861805
0.2611940957776824	147414.65554303236	20212.851457827488
0.2678607624311553	147914.474401329	20201.48752554588
0.2745274292592512	148387.98700392628	20078.94901589962
0.2811940959127242	148914.11211792292	19844.484205725457
0.2878607625661971	149361.31846481984	20267.406160165814
0.29452742921967	149887.44357881602	20410.072825531104
0.3020274292266549	150387.26243711318	20450.579501693926
0.3095274292336399	150834.46878401036	20716.234800757175
0.3170274292406248	151307.9813866069	20309.110113400293
0.3245274292476097	151781.49398920397	20456.551374988077
0.3320274292545946	152255.006591801	20190.51733462138
0.3403607624404685	152754.8254500979	20278.927204756717
0.3486940958009654	153280.95056409418	20699.637569047496
0.3570274291614624	153701.85065529196	20783.834521084438
0.3653607625219593	154175.3632578884	20683.933717783886
0.3745274292359682	154675.1821161852	20710.601059614157
0.3836940957753541	155175.0009744823	20837.640700248507
0.392860762489363	155701.12608847895	20618.059723342598
0.4020274292033719	156174.63869107564	20911.35361672213
0.4120274290962698	156648.15129367265	21097.36432182196
0.4220274291637907	157147.9701519697	20794.884182111182
0.4320274292313115	157647.78901026654	21023.750771908755
0.4420274291242095	158094.99535716328	20909.295387039685
0.4528607625452423	158594.8142154604	21028.0848704571
0.4636940957916522	159120.93932945665	21176.018116057527
0.4745274292126851	159515.53316495384	21093.00562073857
0.486194095812607	160067.96453465035	21137.534288737945
0.4978607625871518	160567.78339294755	21151.9090137213
0.5095274291870737	161067.6022512443	21338.027868937545
0.5220274291405076	161567.42110954074	21066.569834705053
0.5345274290939415	162040.93371213795	21345.77683607386
0.5470274292219983	162540.75257043465	21336.91224010935
0.5603607625289442	163014.2651730319	21201.108650317416
0.57369409583589	163540.39028702848	21063.358823453917
0.5870274291428359	163987.59663392557	21189.75957476649
0.6011940958032937	164461.1092365219	21658.32979825802
0.6153607624637516	164987.2343505189	21437.469503480912
0.6303607624777214	165460.74695311562	21823.474197517724
0.6453607624916913	165934.2595557129	21518.736388731806
0.6603607625056611	166434.07841400953	21675.808290923793
0.6761940958731429	167012.81603940626	22083.832723163243
0.6920274292406248	167460.02238630282	21703.488009278968
0.7086940957869956	168012.45375599948	21907.77899925878
0.7253607625079894	168459.66010289677	22130.082025183612
0.7428607625824952	168959.47896119335	22006.300773255807
0.760360762482378	169511.91033088998	21794.056279272998
0.7786940959103958	169959.11667778715	22162.233173826935
0.7970274291637907	170458.93553608377	21855.05592221047
0.8161940957706975	170985.0606500804	22008.024833195614
0.8353607625522272	171458.57325267728	22071.975306666376
0.855360762512646	171984.69836667393	21902.655180904658
0.8753607624730648	172510.82348067057	22325.548921800597
0.8961940957869956	172984.33608326697	22209.493549633786
0.9170274291009264	173457.84868586436	22193.19227654263
0.9386940957683692	173957.66754416103	22209.818712415585
0.9603607624358119	174457.48640245805	22248.22576838908
0.9828607624567667	174983.61151645475	22049.896201205374
1.006194095831233	175457.12411905156	22224.38836461954
1.0295274292057	175956.94297734782	22327.466825909927
1.053694095759056	176430.45557994518	22282.305173112047
1.078694095840547	176956.580693942	22285.316620101246
1.103694095922037	177430.09329653854	22072.741113973865
1.129527429182417	177929.9121548353	22110.034143970646
1.156194095796309	178429.73101313246	22326.76506416209
1.182860762584824	178903.24361572915	22382.03898377534
1.210360762552227	179403.06247402573	22333.156707516984
1.238694095873143	179876.57507662274	22464.21762193712
1.267860762547571	180350.08767922013	22493.485095518718
1.29786076257551	180902.5190489159	22653.23296606152
1.327860762428827	181376.03165151336	22518.330372638793
1.358694095810279	181875.85050981006	22400.405576204612
1.390360762545242	182375.66936810684	22658.089713491354
1.422860762459095	182875.48822640383	22810.632008438457
1.456194095901083	183401.6133403999	22616.59092683632
1.490360762521959	183848.81968729707	22491.879478520612
1.525360762496348	184322.3322898943	22624.165311185745
1.561194095824249	184848.45740389085	22526.292892012993
1.597860762505661	185348.27626218772	22684.919356173257
1.635360762540586	185848.09512048413	22369.969514087003
1.673694095929022	186295.30146738127	22552.380474534853
1.712860762496348	186821.42658137865	22862.07864847649
1.752860762591809	187294.93918397496	22660.585894610464
1.793694095866158	187821.06429797164	22582.123730589796
1.83536076249402	188268.27064486878	22399.45625304001
1.877860762475393	188741.78324746597	22960.925713369543
1.921194095810279	189267.90836146212	22504.95209270287
1.966194095852188	189741.42096405913	22802.209558761548
2.01202742924761	190214.9335666562	22580.085080999062
2.05869409582192	190662.1399135533	22861.53742777042
2.106194095924366	191214.5712832498	22775.100657779632
2.155360762559212	191635.47137444696	22426.017850620945
2.205360762547571	192161.59648844387	22866.87432601452
2.257027429242953	192635.10909104033	23038.991217406085
2.309527429117225	193134.9279493376	23056.039390035017
2.362860762519631	193582.1342962347	22593.886684865065
2.417860762454438	194029.340643132	23018.643508520363
2.473694095917381	194581.77201282783	23042.826345194913
2.531194095912724	195081.5908711247	22861.60112405428
2.590360762440469	195528.79721802188	22535.237448356234
2.650360762496348	195976.00356491897	22947.357697989337
2.712027429259251	196475.82242321555	22988.95298351807
2.775360762554556	197001.94753721237	22634.44829347758
2.839527429203372	197422.8476284093	22557.281739787726
2.905360762559212	197843.74771960708	22743.009752567683
2.972860762447454	198369.872833604	22774.97379659599
3.042027429217342	198817.0791805011	22703.136270010356
3.112860762519631	199290.59178309754	22514.914072535943
3.185360762528944	199764.10438569455	22687.218565470273
3.259527429245281	200237.61698829173	23131.811300921032
3.33536076249402	200684.8233351888	22672.068628200963
3.412860762449782	201158.33593778565	23124.31892509696
3.492027429112568	201631.84854038266	23199.751194937307
3.572860762482378	202079.0548872796	23268.350439643236
3.655360762559212	202578.8737455765	23076.093171503846
3.740360762521959	202999.7738367739	23145.92090876765
3.82702742919173	203525.89895077058	22892.872285413367
3.915360762568525	203999.41155336704	23060.381291438276
4.006194095831233	204472.92415596414	23562.00749023051
4.098694095800965	204893.8242471619	23087.418538979633
4.193694095831233	205367.3368497587	23172.868733625313
4.291194095922037	205814.54319665575	23237.178553246762
4.390360762545242	206182.83077645328	23208.015603552474
4.492027429228983	206682.64963474998	23038.494672844565
4.596194095798637	207235.08100444634	22987.157371998157
4.702860762428827	207629.67483994403	23173.463776577246
4.812027429119553	208103.18744254095	23243.01045567223
4.923694095870815	208524.08753373811	23100.169184661117
5.037860762507989	209023.9063920348	23603.784055211094
5.1545274292057	209444.8064832324	23466.214961515798
5.273694095789324	209892.0128301297	23100.16197296124
5.395360762433484	210339.21917702613	23284.78739222769
5.520360762491691	210812.73177962314	23013.1520409361
5.647860762435812	211207.32561512102	23213.189431682073
5.778694095793981	211680.83821771818	22944.165573585822
5.912027429212685	212128.04456461442	23278.75337947355
6.048694095870815	212575.25091151224	23172.386794072027
6.188694095768369	212996.15100270938	23059.968045493435
6.332027429254595	213390.7448382067	23463.574796135483
6.478694095805622	213837.95118510374	23590.75658367952
6.628694095770698	214258.8512763009	23627.949709342636
6.782027429149821	214737.88463667937	23635.92181890213
6.938694095768369	215143.69446109008	23786.115736246225
7.099527429154477	215549.50428550036	23932.797426147787
7.263694095780011	216090.58405138226	24296.26258987827
7.431194095819592	216496.3938757931	24080.78739280519
7.60286076245211	216956.31167679175	24226.14920507801
7.778694095852188	217389.17548949702	24238.481440662094
7.958694095845203	217849.09329049563	24450.22981078322
8.142860762431155	218281.9571032008	24546.047465269014
8.331194095784667	218741.87490419953	24274.555787534602
8.52369409590574	219120.63074031693	24760.05366419218
8.720360762445125	219553.49455302206	24604.429053194803
8.922027429105583	220013.412354021	24570.55525738904
9.1278607625336	220446.27616672547	24414.67293814639
9.338694095908068	220852.08599113664	24393.553789686222
9.554527429228983	221312.00379213563	24363.277094492176
9.775360762496348	221798.97558142868	24835.226392378067
10.00119409588478	222204.78540583947	24674.466162833516
10.23202742921967	222610.59523025076	24792.558594739097
10.46869409585452	223016.4050546613	24634.21372803606
10.71036076243581	223422.21487907265	24737.07698308703
10.95786076249169	223855.07869177722	24717.720771466848
11.21119409584753	224314.99649277673	24425.10778988985
11.47036076250333	224693.75232889364	24265.994160933482
11.7353607624591	225153.67012989245	24890.725428845613
12.00619409588944	225532.42596600912	24863.80657694091
12.28369409579864	225938.23579042015	24861.993946029135
12.56702742918242	226371.09960312574	24863.22454685299
12.85702742921967	226776.90942753624	24802.864642385324
13.1536940959104	227128.61127535862	24770.835547520488
13.4570274292546	227615.5830646519	24867.042892453956
13.76786076243116	228048.44687735723	24620.634728055433
14.08536076243581	228427.20271347387	24853.46142512719
14.41036076244745	228805.9585495906	24972.243371242734
14.74286076246608	229211.7683740015	24966.489179907596
15.08286076249169	229644.63218670673	25069.768812264436
15.4311940958778	229996.33403452978	25181.148568616973
15.78786076244978	230402.14385894034	24861.5060475029
16.15202742920337	230780.89969505707	24861.011349645236
16.52452742914284	231186.7095194684	24958.38044651057
16.90619409579631	231592.51934387896	24931.55007584026
17.29619409581028	231998.32916828973	24536.46645405174
17.69536076253826	232404.1389927006	22967.88680613472
18.10369409580562	232755.84084052293	25380.006520240422