0.01000000000112777	0.14747382126782121	0.11938269122334888
0.02000000000043656	0.2913974630559984	0.29589007769038267
0.03000000000065484	0.43230463907859534	0.42510167747072286
0.04000000000087312	0.5704377311736771	0.5518181174327196
0.05000000000109139	0.7059801003100927	0.6748409526319955
0.06000000000130967	0.8390672335984314	0.7939904962605953
0.07000000000061846	0.9698139721777406	0.9091642355012027
0.08000000000174623	1.0982788359577662	1.0206966321027109
0.09000000000196451	1.2246011222235416	1.128720671465732
0.1009816608893743	1.3608887008175454	1.2434205059146561
0.1133032870638999	1.5109242494067587	1.3673286158361375
0.1271283790183588	1.6757462237027938	1.5003964093635538
0.1426403873238087	1.8564260322591002	1.6428059429199793
0.1600451469057589	2.0540442061521746	1.7940976449078938
0.1795736083495285	2.2695665050556664	1.9541247250824232
0.2014849024735668	2.5040398697799073	2.1217822480892656
0.2260697788387915	2.758175855473472	2.2964129073896933
0.2536544638169289	3.0328703217180046	2.476053725515985
0.2846049894187672	3.3283830842537743	2.6593236496272206
0.3193320503141877	3.645292326290275	2.8432430824081876
0.3582964535025894	3.983172048090187	3.025501280156912
0.4020152329412667	4.342068711356366	3.2021127756951406
0.4510685102704883	4.720638845444647	3.3697234712623687
0.506107192678428	5.118156906884936	3.5236779393421314
0.567861610039472	5.532207561792985	3.65969666301682
0.6371512059549786	5.961080020909423	3.773245013423284
0.7148954112626598	6.40131468036303	3.8596289537492847
0.8021258443313855	6.850119756443373	3.9156491300109746
0.9000000000132786	7.303298554467889	3.9371809519458725
1.009816608886467	7.757108983096447	3.923667868695253
1.133032870629904	8.207225550582105	3.8728557775985397
1.271283790178131	8.649386098313268	3.787615141807637
1.426403873234449	9.079925398836018	3.6687016184969012
1.600451469056679	9.494753981003054	3.522070682785973
1.795736083496195	9.891577512237225	3.351815296479912
2.014849024738396	10.267247807346132	3.1653940202711626
2.260697788388825	10.62118811260689	2.9693475271356364
2.536544638172018	10.951755827774655	2.770442863257677
2.846049894189491	11.259933251634203	2.575799487650878
3.193320503144605	11.545717728562213	2.3897383354242154
3.582964535029532	11.811087909065735	2.2179606354194608
4.020152329412667	12.05735563598894	2.0617935247705366
4.510685102705793	12.286806750247685	1.9243198164952624
5.061071926780642	12.501465417275037	1.8045236061073926
5.678616100397449	12.703385026820703	1.7028521346940153
6.371512059542511	12.89469537933742	1.6171580115458004
7.148954112613865	13.076956627816578	1.5461093558694174
8.021258443310217	13.25199428691979	1.4874910854712526
9.000000000120963	13.420859552948638	1.4392765066038384
10.09816608885376	13.584913279073772	1.399748591144523
11.33032870630086	13.74481249635873	1.3669901025778586
12.71283790177495	13.901478378084658	1.339890659842914
14.26403873234176	14.05531382403197	1.3170078353881771
16.00451469056588	14.206909742740505	1.2977058528120184
17.95736083496195	14.356524693107094	1.281047981065881
20.14849024738669	14.504536138998281	1.2666910174757557
22.60697788389098	14.651126253590842	1.2540807847273234
25.365446381722	14.79654771563142	1.243027179553035
28.46049894189946	14.940942177022604	1.233214259825812
31.93320503145242	15.084493044159789	1.2245242338544302
35.82964535029805	15.227318699638587	1.2167715399142043
40.20152329412849	15.369563946289022	1.209872337533816
45.10685102706248	15.511332266143187	1.2037076926809374
50.61071926781369	15.65274575415898	1.1982121689275984
56.78616100398267	15.793897659748112	1.193301235892639
63.71512059543147	15.934895648960502	1.1889220459267509
71.48954112615047	16.075825824280315	1.1850098893490166
80.21258443311854	16.216785995694455	1.181522004226692
90.00000000121327	16.35785719448159	1.1784071306791106
100.9816608885376	16.49912991046379	1.175630899105273
113.3032870630022	16.640681086767316	1.1731521621185137
127.1283790177613	16.782594786206257	1.170943440586812
142.6403873234231	16.924943453589737	1.1689726282150492
160.0451469056607	17.06780414200029	1.1672177172851452
179.5736083496204	17.211242623209607	1.1656518045627209
201.4849024738669	17.355325813610314	1.1642576918017238
226.0697788389089	17.500108688274985	1.1630069976588968