0.01248208119670835	13684.190995068919	6465.522725735446
0.0291487475684562	25938.890387859377	22063.701545327494
0.03748208110357609	32206.366584588006	22991.91101269637
0.05414874764994693	40129.88323980169	15183.503407970868
0.07081541437094074	43187.18870162047	19719.23351361892
0.07914874755681467	45913.28607174233	11102.327386285746
0.08748208109193456	45913.28607174233	8551.346970243849
0.1041487478129284	50269.946354834225	18525.965681184956
0.1291487477197961	53097.95390701653	17255.704212734356
0.145815414266167	55747.61864059278	15635.721073629818
0.1541487478012869	57123.406098411084	19346.026577402314
0.1624820811617838	57123.406098411084	20000.70202930673
0.1791487477081546	60104.27892368478	21607.48555518715
0.2041487477896453	62066.04992835167	18407.405883416963
0.2208154145106391	63900.433205443056	18088.639686320654
0.2291487476965131	65046.9227536252	19553.824424169812
0.23748208105701	65046.9227536252	19625.962386166175
0.2541487476033808	67008.69375829233	18219.469549668527
0.2791487478594945	69148.80758156539	17530.760752872608
0.2958154144058653	69658.35849186867	20310.021809748767
0.3041487477663623	70702.93785798973	15789.95594847097
0.3124820809522362	71645.60704205057	18703.272611069013
0.329148747847853	72690.18640817201	24753.520214865024
0.3374820808591039	72690.18640817201	24536.28572645745
0.3541487477547207	74397.18195768779	21354.827338075233
0.3708154143010916	76333.47541683962	23464.97985970995
0.3874820811967084	76944.93650920333	22489.267271311244
0.4041487475684562	77938.56078429463	20144.2411357789
0.4291487476499469	79620.0787882951	20490.913778670674
0.4458154143709407	81046.82133714353	19922.51717110946
0.4708154144524315	81887.58033914371	21047.446447309765
0.4874820809988023	82677.38425011325	18741.0019760319
0.5041487477197961	84027.69416241688	20252.35646860326
0.520815414266167	84766.54298235652	23561.207492898815
0.5458154143476577	86142.3304401752	22668.782478247693
0.5624820810686515	86779.26907805381	22826.997040932354
0.5791487477896453	88129.57899035716	22143.2906520339
0.5958154145106391	88944.8604468423	24673.022762364642
0.6208154144175069	90091.3499950242	24825.776666495247
0.6374820809638777	90626.37845084253	23491.26428585651
0.6541487478594945	91976.68836314601	22398.35863382502
0.6708154144058653	92562.67190999458	24418.57745808359
0.6958154144873561	93760.11654920652	25933.58271676673
0.7124820808591039	94297.93131041492	24305.25334156904
0.7291487477547207	95341.74023967824	25411.08105449833
0.7541487476615885	96492.60649502084	25224.268174934117
0.7791487475684562	97777.29440796067	27135.47615517656
0.8041487476499469	98847.86766874394	24315.00907262226
0.8291487475568147	99811.38360344888	25830.401166292388
0.8541487478129284	101042.54285334954	24139.393458885104
0.8791487477197961	101658.12247830028	24481.714324995577
0.9041487478012868	102996.3390542793	25927.36246200708
0.9374820810686515	104013.38365202342	25614.76427053534
0.9624820811501422	105057.19258128725	25523.5897410609
0.9958154144175069	106529.23081486455	25855.79321285627
1.029148747859495	107867.44739084356	27453.899875075076
1.054148747766362	108295.67669515644	27306.090651856783
1.079148747847853	109580.36460809637	26559.355952028713
1.104148747754721	110597.40920584093	26332.210882457468
1.145815414207959	111962.39011333937	27470.511738040976
1.179148747649947	113140.02070020145	25716.626541908205
1.220815414452432	114505.00160770012	26748.155840399842
1.254148747719796	115334.6958848071	26778.6477777228
1.295815414347658	116592.61946622757	27592.129317201132
1.329148747789645	118037.89336828479	26600.0296469601
1.370815414417507	119242.28828666627	26738.032080742116
1.404148747859495	120366.39021048846	28399.553168171202
1.445815414487356	121410.19913975228	25821.842199291135
1.495815414301092	122614.59405813347	25425.309668741287
1.537482081103576	124059.86796019103	25862.674276351205
1.579148747556815	124996.61956337644	26252.517580274554
1.620815414359299	125933.37116656183	28452.305469983745
1.670815414347658	127485.70239469728	27298.457452672435
1.720815414510639	128690.09731307904	27561.62985882041
1.762482080963878	130135.37121513668	27355.227061799524
1.804148747766362	131072.12281832143	27969.771501039697
1.845815414394224	131928.58142694828	28055.410406129984
1.895815414207959	133025.9190192511	26299.130751228447
1.945815414370941	134471.19292130866	26455.456467765016
1.995815414359299	135541.7661820922	28039.783233964365
2.045815414347658	136665.86810591476	28167.41741947321
2.104148747696513	137843.49869277625	28061.682693521856
2.154148747859495	139181.71526875565	28394.04505622442
2.204148747847853	140171.99553498003	27807.511727315014
2.270815414207959	141804.6197576751	29351.948710295583
2.329148747556815	143009.0146760559	28461.246311477556
2.395815414266167	144186.6452629175	28754.847516669277
2.470815414510639	145926.32681169073	27693.82969953653
2.529148747859495	146916.60707791476	27763.165482795306
2.587482080859104	148174.53065933537	28451.009092457392
2.662482081103576	149459.21857227542	28436.349164915442
2.770815414266167	151520.07209928305	27699.023808416398
2.837482081150142	152858.2886752619	28420.580817251677
2.904148747859495	153982.39059908496	28659.57418533963
2.987482081115218	155320.60717506442	27970.66005661823
3.062482081185067	156551.76642496497	28160.432161620953
3.13748208090567	157970.27599550254	28601.271312789147
3.212482081150142	159040.849256286	28415.38040408944
3.287482080870745	160405.8301637847	28499.57820241696
3.379148747661589	161931.39706040104	28967.18696045642
3.479148747812928	163323.14229941936	28435.375023999095
3.570815414254525	164929.00219059427	28583.021155957216
3.670815414405865	166267.2187665735	28783.98296389473
3.762482081196708	167525.1423479938	28709.577708657238
3.854148747812928	168970.41625005135	28317.900250926796
3.945815414254525	170148.04683691298	28326.758897465308
4.045815414405865	171539.792075931	29498.41868402396
4.145815414207959	172985.06597798903	28325.392591743173
4.254148747719796	174269.7538909286	28794.497699384563
4.36248208105701	175929.14244514238	29040.018886327704
4.479148747754721	177187.06602656314	29416.20667253829
4.587482081091935	178685.86859165967	29501.71934657475
4.695815414254525	179970.5565045999	27983.824601991353
4.812482080952236	181415.83040665713	29514.09598136114
4.929148747649947	182807.5756456758	29573.194601840703
5.045815414347658	183958.44190101803	28911.89188210949
5.162482080870745	185484.00879763396	28638.597638918447
5.304148747649947	187223.69034640669	29111.125401093388
5.429148747708155	188348.83003051535	29109.128950548602
5.570815414487356	189974.78173491385	30199.84188517469
5.712482081091935	191432.5315388558	30413.0838474718
5.845815414510639	192862.24769272245	30879.71701622758
5.995815414301092	194628.3676474999	30724.0184440541
6.154148747801287	196170.21840166952	31432.138348536235
6.304148747766362	197768.1364559921	30731.953896981868
6.462482081091935	199338.02086023762	30850.91762141519
6.61248208105701	200767.73701410444	30372.672517558814
6.779148747568456	202449.7560186536	31089.616605342282
6.954148747789645	203907.50582259585	32001.38867906618
7.145815414207959	205869.86132790413	31164.451393455896
7.312482081068652	207495.81303230167	32441.191015830726
7.487482081115218	208869.46188601636	31593.005271709048
7.662482081161784	210467.3799403387	31674.488111968814
7.854148747754721	212037.26434458478	31708.687754834402
8.045815414347658	213775.3506492858	31146.413808495
8.237482081115218	215289.16775337962	31761.50300455521
8.445815414254525	216915.1194577774	30907.76342666954
8.64581541420796	218541.07116217475	31320.452234156943
8.84581541451064	219914.72001588994	31755.574759716463
9.054148747649947	221652.80632059104	31841.348932234738
9.270815414498998	223222.69072483692	31928.178465076977
9.487482080998802	224876.67607931042	31285.74419393214
9.712482080859104	226362.45953332906	31359.704749935543
9.937482081068651	227960.37758765102	31954.78770462044
10.17914874764995	229586.32929204786	32655.269989644326
10.42081541440587	231408.5165469768	32481.531974830028
10.66248208116178	233006.43460129775	32800.60492770651
10.92081541446407	234660.41995577214	31175.22634928098
11.17914874776636	236314.40531024573	30977.549867895545
11.44581541425453	237828.22241433983	31450.692573161785
11.72081541445243	239454.17411873734	30881.39074252
12.00414874766159	241220.29407351365	32065.25126781396
12.28748208087075	242762.14482768375	32022.94719171167
12.57914874778965	244528.26478246125	31841.180072726318
12.8708154143593	246098.14918670637	32803.0642826485
13.17081541446407	247780.16819125589	31471.93817828762
13.47914874775472	249518.25449595705	32653.038012979938
13.79581541440587	251004.03794997517	31217.807936982954
14.12081541441751	252854.25885497962	31118.860545018262
14.46248208115014	254312.00865892254	31806.249697211184
14.80414874770816	256050.09496362292	31471.15388703136
15.15414874780129	257704.08031809615	32583.40159413742
15.51248208090567	259498.2339229497	32921.80251735908
15.8708154143593	261124.18562734683	32740.60164408505
16.27081541426617	263058.50748257834	32867.570396597504
16.66248208116178	264712.4928370525	32440.442480085174
17.05414874770816	266534.68009198	32724.879115096017
17.45414874778965	268104.56449622667	33166.36632332295
17.87081541441751	270010.852701382	32294.345469137417
18.29581541440587	271748.9390060828	32740.900457057465
18.72914874775472	273402.92436055694	32070.21411262624
19.16248208110358	275056.9097150297	32304.89966140999
19.6124820809988	276794.99601973064	32940.98883586418
20.07081541425453	278561.11597450677	33323.39577844703
20.54581541440587	280355.2695793594	32388.000792140247
21.02081541420796	282093.3558840609	32282.463252876652
21.51248208090567	283635.20663823135	32654.751182808384
22.01248208096388	285373.292942932	32795.269153898276
22.53748208110358	287268.38687694806	33082.268194069344
23.07081541425453	289083.9828425138	31604.439045132018
23.60414874775472	290665.308360911	31038.77377457629