0.002777777554001659	0.5621331357294731	0.37010156253090015
0.005555555631872267	0.8381506035726967	0.42632075775641903
0.008333333185873926	1.0176741598934906	0.6993852404210005
0.01111111108912155	1.271251183196594	0.883446797000884
0.01388888899236918	1.468727095149459	0.9195276210288438
0.01666666654637083	1.6415185181082212	0.9942716675020937
0.01944444444961846	1.800845674342919	0.9930577493949422
0.0222222221782431	1.9287562082214835	1.0512983237823939
0.02500000008149073	2.062276853235067	1.119886771713503
0.02777777763549238	2.1789671648435487	1.1301893733271928
0.03055555553874001	2.286681298636059	1.1934763251403049
0.03333333344198763	2.392151387974503	1.2022930365535944
0.03611111117061228	2.4964994550859765	1.2637095822140498
0.03888888889923692	2.5817731443383227	1.3094453541067037
0.04166666645323858	2.678267055860753	1.3386972962416082
0.04444444453110918	2.7657847895671246	1.4608447389864347
0.04722222208511084	2.85330252327354	1.4859993656482975
0.04999999998835847	2.9464303681149318	1.5561968917103601
0.05277777789160609	3.027215968459272	1.6317506475572714
0.05555555544560775	3.1124896577116625	1.664834435842712
0.05833333334885538	3.1966413247370395	1.7525070745469546
0.06111111107748002	3.2830370362163985	1.8210583571434706
0.06388888898072764	3.361578592106757	1.8762811843430858
0.0666666665347293	3.441242170224086	1.9165419876251515
0.06944444443797693	3.524271815022493	1.9628369471761746
0.07222222234122455	3.601691348685797	2.036899684617198
0.0750000000698492	3.6757448156681476	2.0926098143901846
0.07777777779847383	3.754286371558463	2.1221088486057313
0.0805555553524755	3.831705905221852	2.1878763903923226
0.0833333334303461	3.90575937220416	2.24266268997708
0.08611111098434776	3.978690816959456	2.2831516075154306
0.08888888888759539	4.053866306168819	2.3120766033091393
0.09166666644159704	4.126797750924115	2.357562895762624
0.09444444434484467	4.195241106771405	2.4238730108678967
0.0972222222480923	4.26705052929973	2.4577288173804495
0.09999999997671694	4.333249840693038	2.475011242585399
0.1027777778799646	4.403937240994351	2.5112908741934534
0.1055555554339662	4.475746663522635	2.5638890575505124
0.1083333333372138	4.540823952688929	2.5963344467870355
0.1111111108912155	4.603657197401199	2.6542419552300034
0.1138888889690861	4.669856508794506	2.6843555533117374
0.1166666666977108	4.736055820187769	2.711026760391292
0.1194444442517124	4.801133109354105	2.761924374771445
0.122222222329583	4.8628443318393195	2.7887101724303993
0.1277777777868323	4.990754865717884	2.8835212718575796
0.1333333332440816	5.117543377369478	2.9508081239533133
0.1388888888759539	5.235355711204973	3.017847138242057
0.1444444443332031	5.356534111721504	3.0908026152984878
0.1499999997904524	5.4743464455570425	3.139804934012159
0.1555555555969477	5.587670690484529	3.2255776783544574
0.1611111112288199	5.704361002093011	3.2861573600970755
0.1666666666860692	5.815441202566516	3.360531024696857
0.1722222221433185	5.926521403040022	3.422362898007726
0.1777777777751908	6.0331135146054775	3.4977878246561214
0.1833333332324401	6.144193715078982	3.5552088363812184
0.1888888886896893	6.254151893325433	3.5943870647781395
0.1944444444961846	6.355133893755913	3.6882781903588677
0.1999999999534339	6.46172600532137	3.7540807271486325
0.2055555555853061	6.5660740724328	3.801627884667793
0.2111111110425554	6.662567983955228	3.882362911428965
0.2166666666744277	6.769160095520726	3.9532817746575413
0.222222222131677	6.867898051497137	4.0065671360696005
0.2277777775889263	6.966636007473549	4.068226660686724
0.2333333333954215	7.069862052358009	4.155632903875732
0.2388888888526708	7.1618678749724305	4.232812272001443
0.2444444444845431	7.2628498754028685	4.25056151887165
0.25277777784504	7.40759074268649	4.374547911947022
0.2611111110309139	7.547843521062107	4.463233981146189
0.2694444445660338	7.693706410572783	4.570160010832789
0.2777777777519077	7.8272270555863654	4.669021824932176
0.2861111109377816	7.969723878415962	4.773149596377901
0.2944444444729015	8.11109867901859	4.883026875862672
0.3027777778333984	8.243497301805162	4.966444675478316
0.3111111111938953	8.381506035726794	5.069206612062857
0.3194444443797693	8.518392747421373	5.1715128960836285
0.3277777777402662	8.653035414661968	5.259765653734561
0.3361111111007631	8.785434037448537	5.346809440900544
0.344444444286637	8.913344571327103	5.450480963331997
0.3527777776471339	9.045743194113673	5.553716511511114
0.3611111111822538	9.178141816900286	5.6137787330794415
0.3694444445427507	9.309418417459844	5.663700335077415
0.3805555556318723	9.472111640375537	5.745554865537968
0.3916666665463708	9.64939115224235	5.878692327142919
0.4027777776354924	9.813206397385056	5.96383848584697
0.4138888888992369	9.971411531392741	6.064218062304975
0.4249999999883585	10.127372620946444	6.2232678165265485
0.43611111107748	10.292309888316167	6.276249354773924
0.4472222223412246	10.451637044550864	6.430128219616391
0.4583333334303461	10.610964200785563	6.542191819833026
0.4694444443448447	10.77141337924727	6.663657542313439
0.4805555554339662	10.930740535481968	6.792441951901468
0.4916666666977108	11.083335558354639	6.8928230230056275
0.505555555340834	11.286421581442525	7.0016075745529855
0.5194444443332031	11.470433226671325	7.09648867099523
0.5333333331509493	11.660054983035195	7.212798865518128
0.5472222221433185	11.848554717171995	7.3348712565524306
0.5611111111356877	12.032566362400802	7.372563072454702
0.5749999999534339	12.209845874267566	7.49979092677975
0.588888888945803	12.397223586177395	7.595481519632904
0.6027777775889263	12.572259053590143	7.67921011220685
0.619444444484543	12.78319923226708	7.751497308178778
0.6361111110309139	12.988529299808992	7.860655794409946
0.6527777777519077	13.196103411804925	7.907584546158796
0.6694444444729015	13.396945390438791	7.99885161542095
0.6861111111938953	13.592177257937625	8.063554394338517
0.7027777777402662	13.789653169890524	8.152163908152895
0.719444444286637	13.97703088180033	8.248180541456342
0.7361111111822538	14.165530615937133	8.312597971494553
0.7555555556318723	14.382080905749085	8.394221142243119
0.7750000000814907	14.594143106653032	8.508869943991796
0.7944444445311092	14.808449352010953	8.58287614438377
0.8138888889807276	15.019389530687924	8.677212311253038
0.8333333334303461	15.225841620456796	8.793082331632261
0.8527777778799646	15.426683599090694	8.872409163654325
0.8749999998835847	15.6589422000807	8.991031380994473
0.8972222222364508	15.88334664548169	9.03129001061308
0.9194444442400709	16.101018957520644	9.094590150803848
0.94166666676756	16.32766744737562	9.185719242536019
0.963888888945803	16.540851670506576	9.244637832890238
0.9888888888526708	16.783208471539645	9.297526158893584
1.013888888934162	17.008734939167642	9.354790915254497
1.038888888841029	17.236505451249634	9.424695678405918
1.063888888747897	17.466520007785597	9.43356121650166
1.088888888829388	17.68307029759759	9.474531996267213
1.116666666639503	17.923183054176643	9.468307017913858
1.144444444449619	18.15656367739364	9.549070352774905
1.172222222085111	18.386578233929658	9.57676614263815
1.200000000069849	18.610982679330643	9.536800615182107
1.227777777879965	18.829777013596626	9.589183147440307
1.258333333244082	19.06091359235965	9.645865392623655
1.288888888782822	19.29653826003063	9.675903007368357
1.319444444496185	19.522064727658645	9.716303918385067
1.350000000034925	19.734126928562585	9.727673794050684
1.383333333302289	19.97423968514163	9.859839091940358
1.416666666744277	20.214352441720706	9.939608619026759
1.449999999837019	20.44212295380269	9.956627232273494
1.486111111182254	20.68784582151674	10.066324613136276
1.522222222178243	20.921226444733804	10.244993866657909
1.558333333348855	21.175925490263914	10.325193530012095
1.594444444344845	21.40930611348091	10.336850568971213
1.633333333244082	21.65054089228696	10.373037370322619
1.672222222143319	21.901873871136093	10.26133785580853
1.711111111042555	22.155450894439188	10.240094648475205
1.75277777784504	22.41239398442334	10.117600434305531
1.794444444472902	22.65250674100238	10.063060709740071
1.836111111100763	22.884765341992402	10.033055736094497
1.880555555631872	23.097949565123333	9.958145217985432
1.924999999988359	23.31898794384333	9.89052709063699
1.969444444344845	23.540026322563268	9.788238715050856
2.016666666779202	23.768918856872286	9.77184360923535
2.063888888689689	23.992201280046267	9.823609077825111
2.113888888852671	24.230069992171305	10.096103134578232
2.163888888841029	24.47130477097737	10.50528928691351
2.213888888829388	24.692343149697326	10.994944963752161
2.266666666546371	24.929089839595363	11.520206248415628
2.319444444437977	25.173690685082438	11.971514031647482
2.374999999883585	25.44746410847165	12.372955222609066
2.430555555503815	25.760508309805992	12.668141057222797
2.488888888852671	26.106091155723544	13.03865366602327
2.547222222201526	26.450551979414033	13.219776782784981
2.608333333279006	26.7882806697425	13.440254739488342
2.669444444531109	27.10917902666591	13.640885669621824
2.733333333337214	27.42446727245429	13.625276885943485
2.797222222143319	27.73077934042662	13.410923101476058
2.863888888852671	28.010162874950897	13.259825347783819
2.9305555553874	28.30637674288017	13.096244740683991
3.0	28.622787010895582	13.013896753690194
3.069444444437977	28.93022110109494	12.600611314375213
3.141666666779202	29.218580813435164	12.406684009348274
3.216666666674428	29.532747036996575	12.387185496777768
3.291666666744277	29.8233507937908	11.985963861562094
3.369444444542751	30.127418817309188	11.803889775949157
3.447222222341225	30.33611495153208	11.62995606050882
3.527777777868323	30.597546130424224	11.411508423399622
3.611111110949423	30.870197531586417	10.762868265609928
3.694444444379769	31.072161532447304	10.645423768116872
3.78055555553874	31.34256888915549	10.542802229881588
3.869444444251712	31.611854223636694	11.307249415886366
3.961111111042555	31.850844957988706	10.529965623690156
4.052777777833398	32.00792806976942	10.173200831157898
4.147222222178243	32.27048127088858	9.661927754583616
4.244444444251712	32.5487427831858	9.03582682249248
4.344444444403052	32.938084495956495	8.460143056249303
4.447222222283017	33.02335818520885	10.493894191628728
4.549999999988359	33.20849185266464	9.961447377050865
4.655555555596948	33.293765541917075	10.282965529273103
4.763888888934162	33.42055405356861	9.491283199626798
4.875	33.55856278749023	7.854732081220368
4.988888888969086	34.25646061268726	9.182760757343786
5.105555555666797	34.294609368405446	9.159621855196338
5.225000000093132	34.63009401427989	10.513177044796555
5.347222222248092	34.726587925802335	10.613920933662534
5.472222222131677	34.7400521925264	10.174577552396624
5.600000000093132	35.12378379416208	9.169850807039845
5.730555555433966	35.30667341716389	9.60064871513047
5.863888888852671	35.70274726329662	7.402071688997109
6.0	35.851976219488265	7.67701704920533
6.138888888875954	35.886758908525415	8.113143841884508
6.283055555541068	36.353520154959455	9.151899958925558
6.430277777777519	36.49152888888109	7.589381497044803
6.580277777742595	36.324347577057345	5.770890240160427
6.733055555610918	36.48143068883804	6.861037108906834
6.888611111207865	36.591388867084525	8.587044769738949
7.049722222087439	37.21298918084525	2.9305483507440884
7.213611111219507	37.04019775788646	3.4834844429952434
7.380277777730953	37.017757313346415	4.013336491673946
7.552499999874272	37.414953181706124	3.3511827615831904
7.727499999920838	37.842443650195	4.055074712132869
7.908055555424653	37.02448944670842	2.001499683650045
8.091388889006339	37.284798603373574	3.101405229639589
8.280277777870651	37.23655164761233	3.640293809945916
8.471944444288965	37.24440580320136	3.2814601926275304
8.669166666688398	37.51481315990956	0.33123810589755914
8.869166666641831	37.665164138328194	4.5184951285861255
9.074722222227138	37.74370569421857	2.7863618042956446
9.285833333269693	37.842443650195	2.831940405908531
9.502500000118744	38.157731895983396	2.7147706672444967
9.721944444521796	37.91425307272331	2.354254556981349
9.946944444382098	38.048895739963925	1.8220880163739164
10.17749999987427	37.91649711717735	1.542966596387925
10.41361111117294	37.87834836145915	1.1838114259376895
10.90249999979278	38.04777371773693	0.8640791809177473
11.15527777781244	38.07806831786601	0.4032362347142351
11.41361111111473	38.092654606817085	1.0929091855183444
11.67749999987427	38.109484940222174	1.5866135853746497
11.94694444444031	38.08816651790909	1.5934837929195094
12.22472222219221	38.109484940222174	0.48814559428425786
12.50805555557599	38.13977954035131	0.7882155256594428
12.79694444441702	38.1633420071184	0.7182428934831662
13.09416666661855	38.23627345187371	0.8422785224438271
13.39694444427732	38.222809185149686	1.027252007705803
13.70805555547122	38.157731895983396	1.1710436036004062
14.02472222212236	38.25534782973282	1.1145115161124663
14.34972222230863	38.254225807505804	0.2479708836723574
18.88305555557599	37.839077583514005	0.13427682149624903
19.76638888882007	38.04552967328292	0.1673472042179272
20.2247222220758	38.073580228958	0.6138829098373926
20.69138888869202	38.083678429001026	0.9963438885213121
21.16916666657198	38.08031236232004	1.3409292986743713
21.65805555554107	38.06123798446095	0.6170546068709385
29.81638888892485	37.61355111588604	0.10238645202376719
30.50527777767275	37.55632798230872	0.6150611927467156
31.21083333331626	37.54959584894671	1.0262312848502824
31.93305555533152	37.56867022680578	1.4065654594723949
32.67194444441702	37.60233089361595	1.907369728153264
33.42749999987427	37.63038144929111	1.0682570966449414
34.19972222222714	37.661798071647226	0.11329223563095392
61.92194444441702	35.59391110727713	1.502863838831703
63.35249999997905	35.64552412971936	3.33219897561049
64.81361111107981	35.71172344111263	4.695872006479875
66.31083333317656	35.85870835285026	6.578961414257118
67.84138888888992	36.027011686901034	6.974195810141583
69.40805555542465	36.286198821339156	7.403832462652352
71.01083333313	36.50274911115115	7.856319109689025
72.64972222218057	36.702469067558006	8.519433858339841
74.32749999978114	36.88984677946784	8.813341975477085
76.04416666663019	36.99531686880628	8.762043773737387
77.79972222202923	37.135569647181875	8.327319995322867
79.59416666667676	37.28031051446554	8.228173837311246
81.43027777777752	37.48227451532644	8.280053055562789
83.30805555533152	37.68648256064132	5.248065971235346
85.23027777759125	37.839077583514005	2.3205634945063958
112.0691666667117	35.08114694953591	7.545068800742177
114.6552777778124	35.510881462478785	12.697051640659032
117.2997222220874	36.04945213144115	15.957200542531432
120.0052777777892	36.58241268926849	18.52537380493161
122.7747222221224	36.90892115732691	21.15420793754024
125.6080555556109	36.86291824601972	27.120052037302127
128.505277777731	38.805138720965225	24.356340060923657
131.469166666735	39.628703035586824	19.53266410863988
134.5024999998277	39.78466412514054	18.250899188023837
137.6052777778823	40.01692272613058	17.393379459750058