0.00999999999839929	32215.33438447882	27243.76480127422
0.01999999999679858	53500.59329731276	34172.55445636833
0.02999999999519787	68178.04495493828	36318.465108189084
0.03999999999359716	78650.56322953063	35283.279949852
0.04999999999199645	86329.94967758795	32964.311699091595
0.05999999999039574	92123.98754660075	30306.951567575285
0.06999999998879503	96603.91373398174	27837.05572508159
0.07999999998719431	100179.32149114872	25560.079425693544
0.0899999999855936	103063.54063654847	23536.21853818828
0.1009816608711844	105666.16442159831	21716.791896846215
0.113303287042072	108063.99158093959	20012.07309381596
0.1271283789938025	110274.08850004752	18418.53180347351
0.1426403872974333	112304.98837166015	17119.60995042464
0.1600451468766551	114215.99628979019	16020.609693872599
0.1795736083186057	115993.8406164004	14971.974269953382
0.2014849024380965	117663.38985712575	14188.116947010887
0.2260697788005928	119260.7423739278	13561.034501268863
0.2536544637732732	120785.8981668067	12973.146303671701
0.284604989370564	122247.88182625266	12542.034135306692
0.319332050261437	123673.76712373698	12267.698521679
0.3582964534434723	125072.57864975015	11914.976185542902
0.4020152328739641	126417.24263282098	11679.838245113699
0.4510685101959098	127761.90661589158	11523.08980921304
0.506107192595664	129070.4722370006	11287.956013377927
0.5678616099467035	130360.98867712892	11209.602344730098
0.6371512058503868	131651.50511725686	11092.05718359705
0.714895411143516	132914.94778591415	11013.711582819516
0.8021258441985992	134187.4150450614	10935.369270992702
0.899999999863212	135432.80853273763	10817.838246778092
1.00981660871912	136678.20202041388	10778.702264485255
1.133032870442548	137914.5709175997	10661.18195844043
1.271283789967129	139132.89063380467	10622.060816644724
1.426403872999799	140360.23494050003	10582.946346861137
1.600451468792016	141569.53006621482	10543.84320476595
1.795736083200609	142787.84978241948	10504.748378594633
2.014849024406431	143988.1203176437	10426.47000886043
2.260697788016842	145188.39085286806	10396.439296061499
2.53654463775456	146381.71786424087	10388.327997233151
2.846049893720192	147580.08769498824	10369.080824744844
3.193320502618008	148768.94665406263	10369.262678558884
3.582964534438361	149967.31648480974	10286.836576263982
4.020152328750555	151137.15370053906	10411.010732937237
4.510685101962736	152364.05614630395	10452.570010173491
5.061071925945726	153543.4042337059	10370.23587902514
5.678616099459759	154751.28493612588	10659.777114617851
6.371512058489316	155997.20912523576	10825.41524012853
7.148954111431522	157243.1333143458	11032.445291270427
8.021258441982354	158536.6118618187	11280.851526869754
8.999999998628482	159839.60128096474	11446.490715523229
9.999999998628482	161056.99285505686	11780.203177045696
10.99999999862848	162179.27571242323	12138.589158995988
11.99999999862848	163273.02595477176	12396.089167077933
12.99999999862848	164271.6674803945	12767.878842102336
13.99999999862848	165213.2437759815	12988.268279375821
14.99999999862848	166126.28745655066	13271.943335087997
15.99999999862848	166991.77677875687	13546.943086082052
16.99999999862848	167819.22261427276	13755.83871844962
17.99999999862848	168608.6249630984	14022.546575909117
18.99999999862848	169369.49469690607	14263.867386674241
19.99999999862848	170111.34268736833	14552.516818888975
20.99999999862848	170824.65806281328	14741.155295005728
21.99999999862848	171518.95169491286	14993.668686151868
22.99999999862848	172194.2235836673	15246.648598349591
23.99999999862848	172831.45198573108	15471.385220948789
24.99999999862848	173468.68038779483	15683.748580168427
25.99999999862848	174096.39791818618	15851.87500533842
26.99999999862848	174695.58283355978	16118.892073421055
27.99999999862848	175285.25687726092	16320.924257751409
28.99999999862848	175855.90917761673	16443.4285597641
29.99999999862848	176417.05060629974	16675.82833439579
30.99999999862848	176968.68116331022	16885.70103494594
31.99999999862848	177491.77910530317	17057.858535337924
32.99999999862848	178024.3879189688	17206.651195666724
33.99999999862848	178547.48586096117	17330.49764487903
34.99999999862848	179061.07293128155	17527.01036955165
35.99999999862848	179550.253361106	17744.375341990737
36.99999999862848	180029.84346758813	17916.206932933386
37.99999999862848	180499.4421135183	18000.264272173456
38.99999999862848	180979.03222000052	18190.973297659904
39.99999999862848	181438.6394053791	18368.31444456719
40.99999999862848	181898.2465907575	18582.352889551024
41.99999999862848	182347.86231558456	18713.21229968483
42.99999999862848	182777.4951193081	18907.3040891444
43.99999999862848	183227.1108441351	19041.24776404832
45.99999999862848	184076.3849910304	19357.409174816454
47.99999999862848	184895.68475627064	19631.108298741125
49.99999999862848	185704.9930609591	19907.4338665031
51.99999999862848	186494.31844454398	20086.470772263943
53.99999999862848	187243.67798592223	20480.10864705838
55.99999999862848	188003.02898785222	20720.079927036175
57.99999999862848	188712.42268702347	20915.6950983055
59.99999999862848	189441.7993072985	21205.66681073326
61.99999999862848	190141.20154591821	21405.480522696867
63.99999999862848	190810.62940288268	21687.62487609213
65.99999999862848	191490.0487203988	21932.531284221015
67.99999999862848	192129.5021957082	22165.26619153692
69.99999999862848	192778.94713156956	22330.34118891788
71.99999999862848	193418.40060687874	22598.630642289358
73.99999999862848	194027.87970053326	22784.30849918646
75.99999999862848	194647.35025473917	23105.37356016346
77.99999999862848	195236.84642728974	23265.544571790528
79.99999999862848	195826.34259984072	23447.46916812052
81.99999999862848	196405.84731183978	23717.10256558717
83.99999999862848	196985.3520238389	23872.35043912583
85.99999999862848	197544.8738147346	24032.439484021244
87.99999999862848	198094.40414507876	24286.092364430115
90.99999999862848	198913.70391031893	24615.269407226137
93.99999999862848	199703.02929390417	24779.384130722916
96.99999999862848	200482.36321693764	25009.41530742989
99.99999999862848	201251.70567941904	25285.49058702673
102.9999999986285	202011.05668134912	25578.061853013798
105.9999999986285	202730.4418410719	25853.36877488608
108.9999999986285	203439.83554024348	26101.28231430702
111.9999999986285	204149.22923941474	26363.701675959983
114.9999999986285	204858.6229385861	26529.177787808945
117.9999999986285	205538.04225610252	26868.676748669524
120.9999999986285	206207.47011306716	27163.934641268977
123.9999999986285	206876.8979700313	27463.85946723934
126.9999999986285	207526.34290589285	27711.353968639625
129.9999999986285	208165.79638120218	27939.459967994437
132.9999999986285	208805.24985651113	28238.699888997264
136.9999999986285	209634.54108230333	28601.465167039754
140.9999999986285	210463.8323080954	28834.3854734591
144.9999999986285	211273.14061278375	29031.192019192535
148.9999999986285	212072.45745692044	29252.737882978156
152.9999999986285	212851.79137995365	29553.90991073324
156.9999999986285	213601.15092133186	29705.653357771782
160.9999999986285	214326.61560886775	29695.542323618072
164.9999999986285	215059.21968332186	29744.323581689132
168.9999999986285	215791.8237577758	29804.815912789778
172.9999999986285	216482.56474226093	30015.312959936848
176.9999999986285	217173.30572674607	30330.406404672645
181.9999999986285	217979.1702086455	30787.42459039571
186.9999999986285	218785.0346905451	31142.6866909471
191.9999999986285	219601.3649449369	31686.557798325764
196.9999999986285	220417.6951993282	32109.24023410181
201.9999999986285	221223.5596812275	32657.83584119966
206.9999999986285	222050.3557081117	33153.840061477495
211.9999999986285	222866.685962503	33431.44738907744
216.9999999986285	223651.61889941795	33576.66843365337
222.9999999986285	224572.6068787315	33700.62193766551
228.9999999986285	225462.19754056865	33938.63918833435
234.9999999986285	226320.39088492893	34010.46315512633
240.9999999986285	227147.18691181293	34121.059733982984
246.9999999986285	227963.51716620466	34333.49567318131
252.9999999986285	228758.91587561174	34662.165620866406
258.9999999986285	229564.7803575109	34929.668930328626
264.9999999986285	230370.6448394105	35229.86857152463
271.9999999986285	231281.1670462318	35720.74265479544
278.9999999986285	232202.15502554554	36137.1429827747
285.9999999986285	233081.2799148902	36470.10451989409
292.9999999986285	233960.4048042352	36851.847045636096
299.9999999986285	234818.5981485955	37152.82367197395
306.9999999986285	235676.79149295622	37435.73376283934
314.9999999986285	236629.1767897462	37727.06621303803
322.9999999986285	237539.69899656743	38063.80960654111
330.9999999986285	238471.15274837316	38402.51846937903
338.9999999986285	239381.67495519444	38742.03345069
346.9999999986285	240260.79984453964	38996.30329706246
355.9999999986285	241255.04823129828	39363.12743232987
364.9999999986285	242217.89930058102	39814.79998755493
373.9999999986285	243180.75036986324	40088.75095174023
382.9999999986285	244122.66989416152	40404.59712641737
391.9999999986285	245043.6578734748	40806.414411501944
401.9999999986285	246058.8378052181	41134.03460826573
411.9999999986285	247053.08619197746	41548.84774738429
421.9999999986285	248026.40303375173	41870.7599141059
431.9999999986285	248989.2541030345	42229.667924364716
441.9999999986285	249941.63939982446	42532.36835642538
452.9999999986285	250967.28510406002	42999.49965901438
463.9999999986285	251983.3594580365	43311.900907676376
474.9999999986285	252978.28264807127	43727.881773884605
485.9999999986285	253962.2726162368	44099.2959859553
497.9999999986285	255000.9286937453	44457.425754424556
509.9999999986285	256061.45121499064	44854.28120460809
521.9999999986285	257067.30762689386	45231.20883348571
534.9999999986285	258160.6298137447	45637.16016648181
547.9999999986285	259232.085556859	45995.28390633353
560.9999999986285	260281.67485623615	46505.44101250627
573.9999999986285	261320.3309337444	46776.45945080789
587.9999999986285	262424.586342464	47167.82935256291
601.9999999986285	263506.97530744656	47614.23095642197
615.9999999986285	264567.49782869226	48055.29631875798
630.9999999986285	265704.5529030171	48424.35118559582
645.9999999986285	266808.8083117365	48829.36792993866
660.9999999986285	267880.26405485044	49296.25242327886
676.9999999986285	269039.1855729127	49685.356355936725
692.9999999986285	270176.24064723786	50173.98213440499
708.9999999986285	271269.562834089	50561.549261527325
725.9999999986285	272428.4843521512	50980.10883285267
742.9999999986285	273587.40587021346	51446.519359818114
760.9999999986285	274768.19383201265	51841.11616809621
778.9999999986285	275948.98179381137	52282.309643688095
796.9999999986285	277107.9033118734	52801.027176700336
815.9999999986285	278299.62449554086	53214.47697838937
834.9999999986285	279469.479235472	53615.40375362017
854.9999999986285	280694.00008474523	54141.52175282474
874.9999999986285	281907.5877121494	54465.62700380805
895.9999999986285	283153.97500515985	55010.07789453825
916.9999999986285	284367.5626325643	55386.16618127653
938.9999999986285	285635.81636931177	55932.297838998384
960.9999999986285	286882.2036623216	56378.0813260665
983.9999999986248	288139.5241772003	56844.03897627795
1006.999999998629	289418.767290257	57297.194045173776
1030.999999998629	290683.4147256402	57749.75728201462
1054.999999998629	291959.4553811625	58162.533863757715
1079.999999998629	293258.2824769623	58630.20145934814
1104.999999998632	294545.7163526232	59247.3787492578
1130.999999998629	295855.93666856067	59569.790573133505
1157.999999998629	297177.5502046374	60169.879889817734
1184.999999998629	298487.7705205757	60561.33204587442
1212.999999998629	299832.17049692967	61003.32326235005
1240.999999998629	301165.1772531446	61455.85717251907
1269.999999998629	302498.18400936	61966.515215804706
1299.999999998629	303865.3704259909	62456.657955517556
1329.999999998629	305198.377182206	62966.12777344027
1360.999999998629	306554.17037869844	63420.41419675653
1392.999999998629	307944.14323560667	63812.76038947384
1425.999999998625	309356.90253279184	64203.41650495561
1458.999999998629	310724.0889494231	64703.96352283338
1492.999999998629	312125.4550264703	65252.090455215985
1527.999999998629	313538.21432365506	65742.18700762752
1563.999999998629	314962.3668409794	66119.25866635412
1600.999999998629	316375.12613816466	66490.49736983284
1637.999999998632	317799.2786554887	67066.38428723779
1675.999999998629	319234.82439295104	67368.11542937475
1714.999999998625	320670.3701304141	67878.14778980655
1754.999999998629	322105.91586787655	68269.51772209903
1795.999999998629	323552.85482547735	68914.08732437468
1837.999999998629	325033.97344349476	69200.22583003496
1880.999999998629	326480.91240109527	69704.81309808239
1924.999999998629	327973.42423925136	70076.45088486494
1969.999999998629	329443.1496371291	70604.01040638055
2015.999999998629	330946.48175479064	71110.89983060378
2062.999999998629	332415.28424642025	71359.34373580318
2110.999999998625	333931.46746358654	71916.00030964433
2159.999999998629	335412.1151366001	72299.85279460344
2209.999999998629	336916.4531723819	72766.37070019776
2260.999999998629	338420.79120816354	73093.72879378346
2313.999999998629	339925.1292439452	73633.8181844799
2367.999999998629	341453.1576424953	73862.40336713716
2422.999999998629	342981.1860410456	74406.18781368106
2478.999999998629	344497.36925821146	74815.18019404043
2536.999999998632	346037.24283814593	75148.37735759054
2595.999999998629	347577.1164180797	75596.98481586466
2655.999999998629	349093.299635246	76086.49732489538
2717.999999998629	350656.8635779484	76376.38382559764
2780.999999998632	352208.58233926655	76824.37440412311
2845.999999998629	353760.301100585	77247.70740170339
2911.999999998629	355300.174680519	77565.24278491686
2979.999999998625	356887.4289859898	78050.89977971386
3048.999999998629	358427.30256592395	78331.72571016851
3119.999999998629	360002.7116900107	78653.05746162859
3191.999999998632	361566.2756327128	79026.32660468695
3265.999999998629	363129.83957541524	79392.47250140115
3341.999999998629	364693.4035181176	79892.88579702342
3419.999999998629	366268.81264220376	80089.31670532918
3498.999999998629	367832.3765849062	80542.52772188807
3579.999999998629	369395.9405276091	80792.88426064746
3662.999999998629	370971.3496516954	81050.5588525132
3747.999999998629	372539.15000141587	81414.59663327696
3834.999999998629	374136.6584217288	81806.50282465828
3923.999999998625	375697.3012631104	82095.43984048047
4014.999999998632	377282.5211571133	82446.976114793
4107.999999998629	378843.1639984949	82841.13966988986
4202.999999998629	380403.80683987733	83121.63916424722
4299.999999998629	381976.73820756935	83469.64473615405
4399.999999998629	383561.9581015721	83626.59296624504
4501.999999998632	385122.60094295413	84098.54474228545
4605.999999998629	386695.5323106463	84332.23674964129
4712.999999998629	388280.75220464834	84606.22782523817
4821.999999998632	389841.3950460306	85039.90279732806
4933.999999998629	391414.3264137229	85293.63108991185
5047.999999998629	392962.68072879466	85496.26698251255
5164.999999998629	394547.9006227968	85845.59569177184
5284.999999998629	396108.54346417927	86079.3469273509
5406.999999998629	397644.60925294156	86316.0978665211
5531.999999998629	399217.540620634	86592.05457088034
5659.999999998632	400765.8949357058	86875.51376594043
5790.999999998629	402301.96072446747	87206.19942910518
5924.999999998629	403850.3150395394	87310.23838482647
6061.999999998629	405386.38082830136	87621.53633835781
6201.999999998629	406922.44661706366	87900.62781358947
6345.999999998625	408458.5124058253	88019.14819379106
6492.999999998629	409994.5781945875	88427.47515086464
6642.999999998629	411518.3554570388	88646.94577410848
6796.999999998629	413029.8441931813	88820.48027589826
6953.999999998629	414549.61621701025	89081.97594318913
7114.999999998629	416050.89334519644	89363.48008706547
7279.999999998629	417552.1704733831	89548.68033682904
7447.999999998629	419078.8929766234	89770.25998101017
7619.999999998629	420554.7247297563	89975.36101004983
7795.999999998629	422030.5564828888	90217.68531862635
7975.999999998625	423519.11092354794	90462.15002942042
8159.999999998629	424982.2199891538	90649.71908340421
8348.999999998628	426470.77442981367	90871.46330627699
8541.999999998628	427921.1608078922	91070.04036658819
8738.999999998628	429371.54718597076	91232.72023024854
8940.999999998628	430821.93356404913	91458.33578847331
9147.999999998628	432259.59725460084	91652.6738249933
9358.999999998628	433697.2609451516	91783.10629708458
9574.999999998632	435122.20194817684	91965.022030917
9795.999999998628	436534.42026367376	92133.91781248755
10021.99999999863	437933.91589164437	92348.75521094982
10253.99999999863	439358.8568946693	92551.21349316004
10490.99999999863	440745.6298351122	92737.77140090009
10732.99999999863	442119.68008802884	92886.3875421347
10980.99999999863	443493.73034094524	93074.41667240275
11234.99999999863	444855.05790633446	93195.96932676648
11494.99999999863	446229.1081592517	93386.4717038841
11760.99999999863	447577.7130371137	93521.89427919345
12032.99999999863	448926.31791497656	93662.77945366516
12310.99999999863	450262.20010531234	93775.85912945124
12594.99999999863	451572.63692059356	94060.13673772248
12885.99999999863	452895.7964234022	94133.38069724484
13183.99999999863	454193.5105511565	94277.37429243803
13488.99999999863	455491.2246789111	94457.85386439796
13800.99999999863	456776.21611913823	94592.82311731175
14119.99999999863	458035.7621843117	94723.05076595173
14445.99999999863	459317.25420017715	94851.65344217287
14779.99999999863	460553.08299118566	94936.07395445365
15120.99999999863	461815.2060117908	95110.27754395535
15469.99999999863	463024.7405732044	95228.05828947795
15826.99999999863	464247.42224941537	95422.55179120736
16191.99999999863	465456.9568108287	95444.23024769526
16565.99999999863	466666.49137224164	95714.31081209262
16948.99999999863	467849.7317040584	95856.83188810082
17339.99999999863	469032.9720358762	95835.18634473924
17739.99999999863	470189.91813809675	96036.23886864063
18149.99999999863	471346.8642403188	96275.68774143152
18568.99999999863	472490.6632277413	96280.22182290915
18997.99999999863	473634.46221516456	96454.88314335815
19436.99999999864	474765.1140877901	96538.39427528156
19885.99999999863	475856.32461602206	96659.85681511741
20344.99999999863	476986.97648864693	96714.76191697652
20814.99999999863	478065.03990208043	96865.03800253922
21294.99999999864	479129.9562007163	96988.49038972137
21786.99999999863	480194.8724993512	97160.95504069919
22289.99999999863	481272.93591278524	97079.2002591895
22804.99999999863	482311.5579818248	97195.07741566289
23330.99999999863	483337.0329360654	97323.15316408193
23869.99999999863	484336.2136607117	98231.95912916286
24420.99999999863	485361.6886149527	97740.29360110451
24984.99999999863	486360.86933959846	98010.73600878897