0.001170000000001892	7774.82684750532	6581.327432864106
0.002340000000003784	14948.690022097117	14118.415614977797
0.003510000000005675	21566.843645550878	19212.7529501662
0.004680000000007567	27683.621994500514	23714.390589802533
0.005850000000009459	33399.30012384694	27258.813865905577
0.007020000000011351	38613.60297868935	30023.749782189694
0.008190000000013242	43426.80561392828	32645.286735257534
0.009360000000015134	47949.70296742228	34470.31111621838
0.01053000000001703	52071.222789913736	35404.10634940419
0.01181485432381635	56192.742612405134	36262.328262090574
0.01325648458620776	60419.94243034505	37180.89961819469
0.01487402034489094	64752.82224373358	37640.52607565822
0.0166889253166147	69085.70205712199	37182.16264166776
0.01872528218773084	73312.90187506183	36264.823231958355
0.02101011217665416	77434.42169755342	34970.09473730608
0.02357373358913151	81363.37326956994	33464.897605226695
0.0264501641238013	85138.18324227005	30867.02296604699
0.02967757226623746	88468.89792406421	27491.834190042635
0.03329878376160878	91466.54113767899	24598.83811200463
0.03736184988630953	94131.11288311456	21223.355748182657
0.0419206850593099	96351.5893376439	17847.727847247
0.04703578225353056	98238.99432399393	14471.824338910486
0.05277501570098764	99682.30401943816	11095.695385362058
0.05921454154258754	100792.54224670271	8684.150864464345
0.06643980837381491	101680.7328285147	6272.277397871633
0.07454669109570489	102235.85194214704	4342.733728142342
0.0836427631165293	102679.94723305291	2895.3542055609646
0.09384872378555542	102901.99487850587	1930.4953906295952
0.105300000000085	103124.04252395865	1447.9790353397273
0.1181485432380924	103235.06634668524	965.4825474662241
0.132564845862035	103346.0901694117	965.6218778251114
0.1487402034489094	103457.11399213815	965.7782091638833
0.1668892531662891	103568.13781486462	965.9536159432174
0.1872528218772516	103679.16163759117	966.1504257524526
0.2101011217663995	103790.18546031769	483.06886560922567
0.235737335891443	103790.18546031769	483.4405160124124
0.2645016412381835	103901.20928304407	966.8970217008804
0.296775722662403	104012.23310577063	483.439545971019
0.3329878376160167	104012.23310577063	483.96451611395685
0.37361849886328	104123.25692849708	967.9516208038457
0.4192068505931985	104234.28075122341	483.9631489097824
0.4703578225353766	104234.28075122341	484.70468893587514
0.5277501570099759	104345.30457394995	969.4412901713541
0.5921454154259465	104456.32839667641	484.7027637040546
0.6643980837382202	104456.32839667641	485.75021680905894
0.7454669109571483	104567.35221940302	971.5455210378182
0.8364276311653924	104678.37604212934	485.7475092402156
0.9384872378556395	104678.37604212934	487.2270760345027
1.053000000000907	104789.39986485592	974.517859745454
1.181485432380995	104900.42368758234	487.22327503447127
1.325648458620393	104900.42368758234	489.3132185953709
1.487402034489037	105011.4475103088	488.53166198310475
1.668892531662991	105011.4475103088	491.1627449488328
1.872528218772601	105122.47133303533	982.4388732706121
2.101011217664052	105233.49515576186	491.15609538476565
2.357373358914487	105233.49515576186	494.8725985981032
2.645016412381864	105344.51897848822	493.48289955263033
2.96775722662403	105344.51897848822	498.1616996126935
3.329878376160181	105455.5428012148	996.5253125824746
3.736184988632772	105566.56662394128	498.1502100156841
4.192068505931943	105566.56662394128	504.7591900050596
4.703578225353695	105677.59044666779	502.28830083757447
5.27750157009973	105677.59044666779	215.3419195097727
5.862501570099724	105788.61426939412	595.9524906267638
6.447501570099718	105788.61426939412	655.7442799045245
7.032501570099711	105899.63809212072	718.4549685136859
7.617501570099705	105899.63809212072	781.8597407199948
8.202501570099699	106010.66191484696	358.2613169066007
8.787501570099693	106010.66191484696	910.7152125513342
9.372501570099686	106010.66191484696	1386.4348031747822
9.95750157009968	106121.68573757363	1031.988276767803