0.02712868709204486	0.569642776913838	0.6030914806660393
0.0571286870908807	1.0007049760698963	0.5545608199742786
0.2271286870927725	1.704053637051523	3.552930472019918
0.2571286870934273	2.295284343163806	3.3423130059466035
0.2871286870922631	2.6581008306602665	4.7131749120765125
0.3271286870913173	3.195709906182853	4.9051841393678215
0.4871286870911717	5.916485369999902	7.431195561867524
0.6571286870930635	8.275837115946189	8.647600270302965
0.8271286870931363	10.401203564773844	11.048651080288032
0.9871286870929907	12.592030186009678	13.833766039365498
1.487128687092991	19.59417947924755	16.539918410589003
1.987128687091172	24.27736734568461	15.319585850695322
2.487128687092991	27.571267510479746	18.954427547644837
2.987128687092991	32.098465178837735	23.631870389931912
3.487128687091172	36.15838863777128	30.297669051950987
3.987128687092991	39.83530044963563	33.33943201473785
4.487128687092991	44.72183268142581	32.69160296539553
4.987128687091172	48.43704565799705	37.23198360189866
5.487128687092991	51.100021182347305	32.737379930153025
5.987128687092991	54.58403440105134	34.23908836389924
8.98712868709299	68.5347113569374	33.11174510097354
11.98712868709299	77.8328413781519	32.38852249963691
14.98712868709299	85.0982241306483	30.816680361383412
17.98712868709299	89.75216383494549	29.322812365326673
20.9471286870903	94.58577082095879	26.48990990571671
24.00712868709161	98.22577423774197	26.419609675004345
27.00712868709161	100.9764942485117	25.036020134820728
30.00712868709161	103.62902400066909	23.640932824927923
33.00712868709161	105.99464320993114	24.23829132328294
36.00712868709161	107.80454733853631	23.880270974530696
39.00712868709161	109.67225140660834	23.614739166489766
42.00712868709161	111.63466380922829	23.9231818543939
45.00712868709161	113.17158509119507	24.786208330686147
48.00712868709161	114.68343651989916	24.846874413464143
51.00712868709161	116.79139334840553	24.000656138725905
54.00712868709161	117.80463325110672	23.534520390033794
57.00712868709161	119.23152573264274	24.709129178244993
60.00712868709161	120.41468352968018	25.021592884454453
63.00712868709161	121.45299328564406	23.052933776835783
66.00712868709161	122.37570316267447	23.731233046972328
69.00712868709161	123.54214772420339	23.552390580314704
72.00712868709161	124.80469338990606	23.11389776182444
75.00712868709161	125.86389469025565	23.301326883139964
78.00712868709161	126.60206259187993	24.52935885898157
81.00712868709161	127.44538460024505	24.627708412228
84.00712868709161	127.96001297694347	25.489738916008417
87.00712868709161	129.04428413055572	25.209084652314445
90.00712868709161	129.81378934875832	25.330200686875433
93.00712868709161	130.6529330482463	24.996622013925553
95.99712868709321	131.78525475394554	25.30453893404122
98.99712868709321	132.3667360726778	25.518990659602455
101.9971286870932	133.21075446585579	25.511679128845238
104.9971286870932	134.13276795807323	26.850155639144095
107.9971286870932	134.79433353028372	26.414142333244403
110.9971286870932	135.69475909330282	26.797623077789456
113.9971286870932	136.26858017909376	27.169233954512784
117.2071286870923	136.6627770585178	27.23407886320025
120.2071286870923	137.55902431265972	26.13444789136596
123.2071286870923	138.18507425941462	26.671093920294616
126.2071286870923	138.74078934007144	26.667874008944164
129.2071286870923	139.54372102929105	26.122681240588744
132.2071286870923	140.09873972513495	26.396184245012158
138.2071286870923	141.27841559810818	26.171453426293642
144.2071286870923	142.53399741568225	23.99351811347986
150.2071286870923	143.47550968265963	26.5003128946538