0.1497168127516488	0.8119554072244297	0.7973138591686001
0.6497168127516488	1.7863018958937453	0.5185270451142645
1.149716812751649	2.0569536983018883	2.4736098625893788
1.649716812751649	3.4643430708242344	3.280644881539247
2.649716812751649	2.9771698264895754	24.070469760697172
3.149716812751649	27.227571322259205	32.03552247928373
3.749716812752013	31.0166965559732	32.141226820555175
4.249716812752013	31.34147871886299	5.397516676825554
12.74971681275201	22.626490681320767	6.285178914961179
13.24971681275201	22.57236032083915	9.42474869066894
13.74971681275201	22.46409959987589	1.5321111959126983
14.24971681275201	22.57236032083915	2.216138615941101
14.74971681275201	22.193447797467744	1.827524852857936
16.74971681275201	23.600837169990083	0.15695744356231056
17.24971681275201	23.22192464661869	1.2099936674636453
19.24971681275201	22.409969239394254	4.35381728137393
19.74971681275201	22.51822996035752	7.251028857521943
20.24971681275201	22.626490681320767	5.934326773621498
20.74971681275201	22.57236032083915	8.1632163534533
21.24971681275201	22.57236032083915	8.138421616340485
21.74971681275201	22.680621041802393	6.500150482522624
22.74971681275201	26.253224833589886	9.440365853435102
23.74971681275201	26.144964112626635	8.841778350836707
24.74971681275201	26.523876635998036	11.190299354678176
25.74971681275201	26.036703391663377	3.131327682176149
30.84971681275056	24.629314019141034	2.582253159443344
33.84971681275056	23.600837169990083	0.7516091881773084
34.84971681275056	26.794528438406175	3.3841353874129685
35.84971681275056	25.170617623957323	1.704589521777953
43.84971681275056	23.11366392565543	1.566810637305784
45.34971681275056	22.84301212324729	1.3064490251317429
46.84971681275056	23.979749693361487	19.318951664542674
48.34971681275056	24.521053298177776	7.721095582936525
49.84971681275056	26.63213735696128	48.39065918781645
51.34971681275056	26.307355194071523	68.54408266622076
52.54971681275129	27.498223124667355	13.584226551227367
54.04971681275129	25.92844267070012	8.923954722451539
80.04971681275129	24.250401495769633	2.5336805501429955