0.002777777903247625	0.21370258233777428	0.24629500806813132
0.005555555457249284	0.45824883635316155	0.45929660873201533
0.008333333360496908	0.669748299285377	0.682342898803552
0.01111111126374453	0.8988727174619369	0.8649462169400423
0.01388888899236918	1.1037628221775597	0.9181984074125641
0.01666666672099382	1.2711998969988938	1.14081715640682
0.01944444444961846	1.4760900017144332	1.2356274994023853
0.02222222235286608	1.6303083601025816	1.2864604181428956
0.02499999990686774	1.7955423155183567	1.4126656936125284
0.02777777781011537	1.945354435095346	1.3921074852029547
0.03055555536411703	2.0555104053725297	1.3511052404176367
0.03333333344198763	2.1899006891107335	1.3344025081175974
0.03611111117061228	2.289041062360166	1.448968488559151
0.03888888889923692	2.394790793826315	1.4475722959233202
0.04166666680248454	2.50274364469798	1.5038126729452377
0.0444444443564862	2.6018840179474956	1.551267983331288
0.04722222225973383	2.6922119135747757	1.4354424295331545
0.04999999981373549	2.784742928607616	1.3837544017513004
0.05277777789160609	2.8442271525572824	1.4462805209036056
0.05555555562023073	2.914726973534702	1.2788456868145672
0.05833333334885538	2.996242391539873	1.4754512033800273
0.061111111252103	3.0579297348950574	1.4517222736823192
0.06388888880610466	3.10199212300594	1.4295678983102187
0.06666666670935228	3.185710660416628	1.399791711992021
0.06944444426335394	3.242991764960777	1.4112511884176022
0.07222222234122455	3.2870541530716184	1.2973396548396394
0.0750000000698492	3.348741496426885	1.2820046292490674
0.07777777779847383	3.3994132427544006	1.2453953687008543
0.08055555570172146	3.408225720376551	1.28789655475515
0.08333333325572312	3.4743193025428973	1.1613384388678853
0.08611111115897074	3.5139754518426596	1.2076067554008572
0.0888888887129724	3.5580378399535846	1.1821302529152924
0.09166666679084301	3.602100228064424	1.2961830867124031
0.09444444451946765	3.615318944497693	1.1899903669964758
0.0972222222480923	3.6726000490418427	1.1857101493202342
0.1000000001513399	3.6968343625028206	1.1846927389581174
0.1027777777053416	3.729881153585993	0.9460623045822321
0.1055555556085892	3.7541154670469727	1.0190156447643146
0.1083333331625909	3.7893653775356615	1.0257414924417485
0.1111111112404615	3.8224121686188743	1.1191274494037258
0.1138888889690861	3.8113965715910814	1.0507171174636656
0.1166666666977108	3.8356308850520593	0.9595265546174452
0.1194444444263354	3.879693273162982	1.007384795595983
0.12222222215496	3.9061307060295207	1.0075607777001596
0.1277777776122093	3.9656149299792296	1.134060009343443
0.1333333334187046	3.989849243440208	1.0046511531139777
0.1388888888759539	4.040520989767684	0.8847660436823461
0.1444444445078261	4.077974019661931	0.8790231811047687
0.1500000001396984	4.108817691339583	0.9284759288185863
0.1555555555969477	4.12423952717833	0.8503553514431738
0.161111111054197	4.170505034694769	0.840967298286994
0.1666666665114462	4.199145586966863	0.834582398039148
0.1722222223179415	4.221176781022285	0.8647235717397377
0.1777777777751908	4.243207975077705	0.863717141081742
0.183333333407063	4.278457885566477	0.7998598814659775
0.1888888890389353	4.300489079621897	0.809903650765819
0.1944444444961846	4.313707796055166	0.7135883441101049
0.1999999999534339	4.342348348327221	0.8157067335580354
0.2055555554106832	4.366582661788198	0.7478027171870208
0.2111111112171784	4.3908169752491775	0.6964777193608949
0.2166666666744277	4.386410736438058	0.7588956542880977
0.2222222223063	4.426066885737867	0.7129834470566568
0.2277777777635492	4.441488721576694	0.6709576917819746
0.2333333333954215	4.4503011991988854	0.64544907119776
0.2388888888526708	4.474535512659866	0.6483512684368983
0.2444444443099201	4.4899573484986925	0.6748143602755449
0.25277777784504	4.505379184337437	0.7138121932088531
0.2611111112055369	4.529613497798499	0.6644437199569279
0.2694444445660338	4.54944157244836	0.6503844774074008
0.2777777777519077	4.551644691853919	0.7199425075113576
0.2861111111124046	4.608925796398069	0.6251048259279537
0.2944444444729015	4.6045195575869515	0.7050355223066372
0.3027777776587755	4.62875387104793	0.7092441166596086
0.3111111111938953	4.657394423320025	0.6795734932891497
0.3194444445543923	4.657394423320025	0.5790458518639351
0.3277777779148892	4.6882380949975975	0.6712154862203963
0.3361111111007631	4.705863050241984	0.6345813754482683
0.34444444446126	4.703659930836426	0.5327750390791937
0.3527777778217569	4.7234880054863275	0.5594262371207486
0.3611111110076308	4.747722318947307	0.6442633978627209
0.3694444445427507	4.7543316771639414	0.645360837414426
0.3805555554572493	4.769753513002725	0.5994746443337575
0.3916666667209938	4.785175348841553	0.5401228244719904
0.4027777778101154	4.8094096623025315	0.5650510307379407
0.4138888888992369	4.838050214574629	0.5973566427658547
0.4249999998137355	4.844659572791262	0.5846206884322225
0.436111111252103	4.838050214574629	0.5789579262536977
0.4472222223412246	4.868893886252241	0.5201390055646044
0.4583333332557231	4.886518841496585	0.4658281486242225
0.4694444445194677	4.899737557929814	0.4581097960052187
0.4805555556085892	4.90414379674093	0.563479262044448
0.4916666666977108	4.919565632579759	0.5255038182342456
0.5055555556900799	4.9261749907963495	0.4984416044331037
0.5194444445078261	4.943799946040737	0.5407029598033174
0.5333333333255723	4.970237378907275	0.6052267389346349
0.5472222223179415	4.961424901285121	0.5125135489268562
0.5611111109610647	4.981252975934982	0.5969863633238556
0.5749999999534339	5.009893528207037	0.6062588946054009
0.588888888945803	4.998877931179329	0.6181657659415738
0.6027777777635492	5.040737199884692	0.5913033472257552
0.6194444443099201	5.042940319290168	0.5782148891514503
0.6361111112055369	5.067174632751231	0.4687831876254559
0.6527777777519077	5.078190229778941	0.5981851355221457
0.6694444444729015	5.104627662645478	0.5015103449088965
0.6861111111938953	5.095815185023244	0.485253327037567
0.7027777779148892	5.104627662645478	0.4227428248402366
0.71944444446126	5.1266588567008995	0.39160395901485245
0.7361111110076308	5.1266588567008995	0.38482724647220823
0.7555555554572493	5.150893170161877	0.46169520550304427
0.7749999999068677	5.150893170161877	0.5047886764593719
0.7944444443564862	5.164111886595103	0.5114934221913596
0.8138888888061047	5.164111886595103	0.4547941034699619
0.8333333332557231	5.181736841839488	0.48988179705453505
0.8527777777053416	5.216986752328179	0.39754428089919314
0.8750000000582077	5.219189871733737	0.5125682195707194
0.8972222220618278	5.230205468761447	0.5564721886120865
0.9194444445893168	5.232408588167006	0.5023877832003478
0.94166666676756	5.247830424005832	0.5645864462261243
0.963888888945803	5.247830424005832	0.37652901371502434
0.9888888888526708	5.276470976277886	0.5026710737090183
1.013888888759539	5.3007052897388665	0.42124171299190727
1.038888889015652	5.287486573305597	0.541334156161704
1.06388888892252	5.3205333643887265	0.5863291916012723
1.088888889004011	5.309517767361016	0.5977963548816241
1.116666666814126	5.342564558444229	0.47067513608907385
1.144444444449619	5.333752080821995	0.42166092858657306
1.172222222259734	5.364595752499651	0.668016836623933
1.200000000069849	5.391033185366188	0.5498007790273335
1.227777777705342	5.393236304771705	0.5835971677668313
1.258333333418705	5.391033185366188	0.5517278447085624
1.288888888957445	5.402048782393899	0.6186597972170119
1.319444444496185	5.448314289910338	0.47993637079255275
1.349999999860302	5.452720528721373	0.3161830323277573
1.383333333302289	5.450517409315814	0.4393625963652157
1.416666666744277	5.474751722776874	0.4143301847561684
1.450000000011642	5.4813610809934685	0.4447514168701951
1.486111111007631	5.479157961587908	0.2113791944703754
1.522222222352866	5.465939245154641	0.22357628609453228
1.558333333348855	5.498986036237857	0.28408781330147204
1.594444444519468	5.490173558615618	0.2211766378747707
1.633333333418705	5.507798513860005	0.21213423781941387
1.672222222317942	5.498986036237857	0.2965545555365222
1.711111111217178	5.505595394454446	0.4535385826625397
1.75277777784504	5.518814110887718	0.32662107019194714
1.794444444472902	5.527626588509867	0.4367357046425144
1.836111111100763	5.532032827320984	0.2789292791636603
1.880555555457249	5.549657782565328	0.3896936026866084
1.924999999813736	5.573892096026305	0.3694150522074818
1.969444444519468	5.576095215431866	0.27107999852434234
2.016666666604579	5.593720170676169	0.3447283846593881
2.063888889038935	5.573892096026305	0.39978020215357707
2.113888888852671	5.591517051270694	0.30690615822982026
2.163888889015652	5.593720170676169	0.14887377711194136
2.213888889004011	5.58270457364846	0.3146088776316431
2.266666666720994	5.609142006514996	0.10219146674889085
2.319444444263354	5.626766961759381	0.38030522565172725
2.375000000058208	5.622360722948264	0.38032086276596455
2.430555555503815	5.609142006514996	0.4048815750830383
2.488888888852671	5.65100127522036	0.4909096198792461
2.547222222201526	5.617954484137231	0.3133916552201272
2.608333333453629	5.6642199916536295	0.2495653625151315
2.669444444356486	5.681844946897973	0.43541897908065613
2.733333333162591	5.690657424520168	0.3581958277305478
2.797222222317942	5.699469902142318	0.3805126393712534
2.863888888852671	5.684048066303534	0.4811682215910277
2.930555555562023	5.686251185709051	0.32499167036524096
3.0	5.725907335008813	0.30580830159481287
3.069444444263354	5.695063663331243	0.3432154199846144
3.141666666604579	5.74132917084764	0.2882620396188687
3.216666666674428	5.73251669322549	0.4558704658418688
3.291666666744277	5.74132917084764	0.4185403509265331
3.369444444542751	5.754547887280909	0.3924374297149836
3.447222222341225	5.772172842525295	0.5670695182727504
3.527777777868323	5.767766603714178	0.3991623248181412
3.611111111124046	5.792000917175156	0.6519483668956779
3.694444444554392	5.785391558958567	0.45580315125969645
3.780277777696028	5.818438350041694	0.4846475374275803
3.869166666758247	5.829453947069404	0.510608080412139
3.960833333199844	5.836063305286039	0.5839784941847709
4.052499999990687	5.886735051613555	0.4202745242815622
4.146944444510154	5.849282021719308	0.5471555589747589
4.244166666758247	5.86911009636917	0.6115502772260145
4.344166666734964	5.893344409830231	0.5468966368725765
4.446944444440305	5.9065631262634986	0.5284896211684867
4.549722222145647	5.891141290424673	0.3523370224524071
4.655277777928859	5.915375603885651	0.5827994929048576
4.76361111109145	5.963844230807608	0.5096988948186234
4.874722222331911	5.959437991996533	0.5089554245320907
4.988611110951752	5.96164111140205	0.5177489766858899
5.105277777649462	5.970453589024243	0.5642267497990597
5.224722222250421	5.988078544268587	0.4988048842730825
5.346944444580004	5.990281663674104	0.4150179227896044
5.471944444463588	6.0145159771350825	0.4705444688692621
5.599722222250421	6.029937812973911	0.5537550348638223
5.730277777765878	6.025531574162876	0.5811589421558079
5.863611111184582	6.034344051785028	0.5622172810172515
5.999722222331911	6.062984604057125	0.6082096926781073
6.138611111207865	6.071797081679274	0.5804215337587695
6.280277777812444	6.093828275734697	0.5158627504101811
6.427500000048894	6.109250111573524	0.6171088751165118
6.57750000001397	6.122468828006749	0.5893937089440318
6.730277777882293	6.135687544440018	0.6704740308766716
6.885833333479241	6.153312499684403	0.5788170737041965
7.046944444533438	6.153312499684403	0.4671857351830299
7.210833333316259	6.1731405743342656	0.5404367812897457
7.377500000002328	6.175343693739824	0.5482564593962153
7.549722222145647	6.22381232066178	0.6588392525856526
7.724722222192213	6.210593604228511	0.5564646507723389
7.905277777696028	6.2061873654174775	0.7387946597421441
8.088611111103091	6.2392341565006095	0.5839687420617908
8.277500000142027	6.254655992339394	0.6469050856603387
8.469166666734964	6.2943121416392005	0.4919087863293151
8.666388888959773	6.287702783422609	0.691125331499588
8.866388888913207	6.331765171533448	0.7743978086847951
9.071944444498513	6.314140216289062	0.6809830262422104
9.283055555541068	6.331765171533448	0.7439312001557249
9.499722222215496	6.342780768561157	0.6791612576892252
9.719166666793171	6.378030679049889	0.688863556304819
9.944166666653473	6.393452514888674	0.6684117505274607
10.17472222214565	6.404468111916427	0.7947665456041196
10.41083333344432	6.435311783593997	0.7499814103097333
10.65249999985099	6.459546097054975	0.8133366568676729
10.89972222223878	6.4551398582439425	0.7652356786259892
11.15250000008382	6.494796007543707	0.7830519998244828
11.41083333338611	6.5080147239769754	0.7376409900404512
11.67472222214565	6.514624082193608	0.7444697913583757
11.94416666671168	6.541061515060106	0.6992400467858164
12.22194444446359	6.565295828521084	0.8244047932685575
12.50527777784737	6.585123903171029	0.7335807861158498
12.7941666666884	6.585123903171029	0.7316419848059825
13.09138888888992	6.618170694254159	0.7761704476651969
13.3941666665487	6.631389410687428	0.8450207037269978
13.70527777774259	6.6578268435539645	0.729517018423125
14.02194444439374	6.675451798798308	0.7725624260813111
14.34694444458	6.688670515231577	0.7719588217645211
14.6802777776029	6.706295470475964	0.7262848822947467
15.01916666678153	6.750357858586803	0.7970588506993982
15.36638888879679	6.745951619775769	0.7799459635832721
15.72194444434717	6.77679529145334	0.7287310254978981
16.08583333343267	6.77679529145334	0.9109002468965723
16.45805555570405	6.7988264855088	0.8282074667493255
16.8386111111613	6.8296701571863725	0.7575434351747402
17.22750000015367	6.842888873619642	0.7547024893596267
17.62750000006054	6.884748142325008	0.6804944902232821
18.03583333315328	6.889154381136126	0.710580531905723
18.45250000013039	6.897966858758276	0.6536204535561224
18.88027777784737	6.92881053043589	0.8480511580660438
19.31638888875023	6.913388694597062	0.8000485009481301
19.76361111109145	6.942029246869158	0.8006238184277938
20.22194444434717	6.961857321519018	0.8648864304146552
20.68861111113802	7.014732187252093	0.9077601782662711
21.16638888884336	7.047778978335265	0.8873826842742083
21.65527777781244	7.0521852171463415	0.9699644416353452
22.15527777769603	7.074216411201804	1.0223524649702516
22.66638888884336	7.11387256050161	0.8914161826412591
23.19138888898306	7.094044485851665	0.7682447497701275
23.72750000003725	7.140309993368063	0.8655967635797015
24.27472222235519	7.171153665045717	1.0021111806987746
24.83583333331626	7.197591097912255	0.8511854675336578
25.41083333344432	7.206403575534406	1.020605850748062
25.99694444448687	7.230637888995425	0.9325255648601285
26.59694444434717	7.281309635322944	0.9424021438274414
27.21083333319984	7.2901221129450935	0.9182466217817159
27.83861111104488	7.305543948783921	0.8649473267697744
28.48305555561092	7.334184501055977	0.9880311509210588
29.1413888889947	7.367231292139108	0.7970049750754825
29.81361111119622	7.389262486194609	1.0240211292995658
30.50249999994412	7.387059366789052	0.9577842042393586
31.20805555558763	7.437731113116568	0.9064370803824043
31.9302777776029	7.448746710144277	0.9129159559119449
32.6691666666884	7.5060278146884265	0.8209187308355953
33.42472222214565	7.508230934093945	0.9935829129953269
34.19694444449851	7.525855889338287	0.9069115739811136
34.98583333339775	7.561105799826976	0.9069963271961627
35.79416666674661	7.563308919232536	0.6456580182104552
36.62194444454508	7.598558829721267	0.8705258979377651
37.46916666679317	7.631605620804396	0.9406080034742118
38.33583333331626	7.642621217832105	0.7948369795920062
39.22194444446359	7.644824337237665	1.0048634924979805
40.12750000006054	7.695496083565181	0.8327477091438654
41.05527777783573	7.728542874648353	0.8510854235532029
42.00250000006054	7.732949113459428	0.8686482833058958
42.97194444446359	7.781417740381425	1.000371941873742
43.96361111104488	7.7792146209758695	0.853802834514412
44.97750000015367	7.816667650870117	0.8522729841182131
46.0163888889947	7.8320894867089415	0.9401067729740895
47.08027777774259	7.8629331583865145	0.8867403014604832
48.16638888884336	7.882761233036416	0.8863677284707964
49.27749999985099	7.915808024119589	0.9914922601095094
50.41638888884336	7.94004233758061	1.0191881861962002
51.58027777774259	7.977495367474858	0.9783384635881077
52.77194444445195	7.975292248069298	1.0320287953575487
53.99138888879679	8.036979591424524	1.0125988702048532
55.23861111095175	8.059010785479945	0.9128120700961199
56.51361111109145	8.081041979535405	0.9284538843897553
57.81916666659527	8.114088770618537	1.016162368637754
59.15250000008382	8.142729322890633	0.7990785503774582
60.51916666666511	8.14493244229619	0.7954259920870238
61.91638888895977	8.186791711001513	0.7566587525060906
63.34416666679317	8.204416666245816	0.849009127201131
64.80527777789393	8.217635382679084	0.9309317036610413
66.29972222226206	8.239666576734587	0.9398861460252933
67.8302777778008	8.252885293167857	0.9629363682054252
69.39694444451015	8.307963278306405	1.0681703355219823
70.9997222222155	8.356431905228407	1.0401831552159182
72.63861111109145	8.360838144039441	1.1676119104665976
74.31638888904126	8.40930677096148	1.3178330911670264
76.03027777781244	8.451166039666804	1.1637727437757628
77.78583333338611	8.457775397883395	1.1667779411875778
79.58027777785901	8.510650263616471	1.1399216556471572
81.41638888895977	8.559118890538429	1.1744127251195147
83.2941666666884	8.578946965188331	1.1138649248101269
85.21638888894813	8.629618711515848	1.2813764822798908
87.18305555556435	8.62741559211029	1.2087705193089102
89.19416666671168	8.68469669665448	1.0870087173615814
91.25249999994412	8.713337248926535	1.1400269065370876
93.35805555561092	8.759602756442934	0.9904599948041002
95.51361111109145	8.79705578633718	1.2378504472253375
97.71638888900634	8.816883860987128	1.058713308308741
99.97194444446359	8.849930652070258	1.1111434832667537
102.2775000000838	8.865352487909043	1.0607050355966474
104.6386111111497	8.922633592453234	1.0688894856977178
107.0525000001071	8.938055428291978	1.111222170311513
109.5219444445102	8.979914696997344	1.109431077923116
112.0497222222621	9.015164607486073	1.1802338859347656
114.6358333333628	9.054820756785881	1.0865955941896066
117.2802777778124	9.085664428463453	1.1927869639429713
119.9858333333395	9.118711219546624	1.1359520816602628
122.7552777778474	9.15175801062975	1.1155612096763183
125.5886111111613	9.187007921118441	1.1040706481663842
128.485833333456	9.228867189823806	1.1113599112150365
131.4497222222854	9.257507742095903	1.1176889818469162
134.4830555555527	9.288351413773515	1.1862311183712313
137.5858333334327	9.325804443667762	1.2282718108756063
140.7608333334792	9.358851234750892	1.1812897341075532
144.0080555556924	9.394101145239622	1.1442275798335606
147.3302777778008	9.44477289156714	1.3016456783956951
150.7302777778823	9.491038399083537	1.2735652423075698
154.2080555555876	9.521882070761192	1.3239444228312676
157.7663888889947	9.541710145411052	1.2684133424263484
161.4052777779289	9.612209966388473	1.2148977613022172
165.1274999999441	9.643053638066128	1.264729881579572
168.935833333293	9.689319145582525	1.307195607291243
172.8330555557041	9.711350339637946	1.3141164282980116
176.8191666666535	9.748803369532235	1.1977233684246542
180.8969444443937	9.808287593481904	1.3102018632371906
185.0691666666535	9.850146862187227	1.3169280342117913
189.3386111111613	9.872178056242648	1.3412850926333495
193.7052777777426	9.914037324948008	1.3832060353233235
198.1747222222039	9.973521548897677	1.3037879397667949
202.7469444445451	10.021990175819674	1.302584349775909
207.4247222221457	10.050630728091772	1.4225196349262867
212.2080555557041	10.099099355013688	1.3436215673918968
217.1025000001537	10.138755504313496	1.333408087090264
222.1108333333978	10.18061477301886	1.3063698234421492
227.2330555556109	10.233489638751893	1.349162857889512
232.4747222222504	10.255520832807312	1.3736054208503994
237.8358333333163	10.312801937351503	1.4075855105037092
243.3219444444403	10.354661206056782	1.4242024195333796
248.9330555554479	10.394317355356591	1.3890040450358736
254.6747222221457	10.449395340495185	1.4750845102427008
260.5497222222621	10.497863967417146	1.4224515678631138
266.5580555554479	10.544129474933584	1.4139540801291817
272.705277777859	10.588191863044502	1.4068482992387756