0.007155000001148437	0.25071237610960956	0.20139834017985575
0.01431000000047789	0.46620038594685054	0.42036002576919673
0.02146500000071683	0.6626134797120492	0.5725468197715713
0.02862000000095577	0.845322587157251	0.7113819299438158
0.03577500000119471	1.0172758609600776	0.8387793567992996
0.04293000000234315	1.1803742910168982	0.9566741712946606
0.0500850000016726	1.3359570159088892	1.066576863130086
0.05724000000191154	1.4850229027257773	1.1696535682837168
0.06439500000215048	1.6283475432920842	1.2669004472778973
0.07225237836701126	1.779861960552317	1.367823792770084
0.08106850189506076	1.9433312380561827	1.4745538737350643
0.0909603551890541	2.1194275682585904	1.5871610005070014
0.1020591971318936	2.3088332666103124	1.705726302271895
0.1145123026135479	2.5122394417643066	1.8303258195203913
0.1284849167759603	2.7303461946993033	1.9610398453709144
0.1441624477238293	2.963863447049144	2.0979665273085097
0.1617529267623468	3.2135142805803083	2.2412388585737673
0.1814897688636847	3.4800396885450984	2.391048010607411
0.2036348699330119	3.7642073007802126	2.5476694114961926
0.2284820820041205	4.066822155655637	2.7114955847151334
0.2563611124860472	4.3887430073473634	2.883062791667814
0.2876418991745595	4.73089925729566	3.063085404764429
0.3227395191042888	5.094315208103217	3.2524770407215917
0.3621196963676994	5.480131899301075	3.4523952076651954
0.406304981989706	5.889641692507844	3.664300512396697
0.4558816878679863	6.324323804976226	3.8901373616581667
0.5115076667661924	6.785920605132407	4.1326632455222105
0.5739210416286369	7.276549124930574	4.396153493407665
0.6439500000196858	7.798939925524589	4.6874180032547486
0.7225237836701126	8.356783198817942	5.017329095367819
0.8106850189487886	8.955320258589746	5.40215768868902
0.9096035518878125	9.601998429401995	5.864668234844789
1.020591971318027	10.307316203754722	6.433200232033095
1.145123026130023	11.085268043670277	7.138357480522616
1.284849167764151	11.953428134598244	8.006479870292111
1.44162447722556	12.931891297964887	9.050324492604501
1.617529267620739	14.041207860531456	10.260058330046775
1.814897688644123	15.299244774521009	11.59619203838232
2.03634869932921	16.717485056397965	12.990351424748491
2.284820820040295	18.29805870724203	14.352287783662947
2.563611124858653	20.031649882524885	15.585432699522572
2.876418991745595	21.89810951577805	16.604730977509078
3.227395191042888	23.868474165302008	17.3522338568264
3.621196963676084	25.909180896749433	17.807381421399064
4.063049819906155	27.98646863028747	17.986289325954413
4.558816878682592	30.070441086927936	17.93542767035602
5.115076667665562	32.1380220878574	17.718323830542328
5.739210416290007	34.17395714359495	17.402687607758942
6.439500000199587	36.17080026469689	17.049318236482385
7.225237836701126	38.127351467943406	16.705073174745756
8.10685018949971	40.04701403399827	16.400911765943967
9.096035518879944	41.935772153685875	16.15251718070533
10.20591971316935	43.800684156706026	15.963948051129993
11.45123026130023	45.648698214518504	15.831150129535867
12.84849167763969	47.48595314827664	15.745822248012097
14.41624477225741	49.31748660297863	15.698069332053667
16.17529267620557	51.14714916987159	15.678305477031294
18.1489768864376	52.97775410041505	15.678269854788269
20.3634869932821	54.81122802246445	15.691361450088605
22.84820820040113	56.64883991132431	15.712673475294476
25.6361112485838	58.49136134545385	15.738710243862167
28.76418991744959	60.33923117846213	15.767128097382159
32.27395191042524	62.192656801943095	15.796400333687586
36.21196963675084	64.05170182844108	15.825591362630426
40.630498199057	65.91633548145552	15.854141006193663
45.5881687868241	67.78647043190041	15.881736808612343
51.15076667665016	69.6619825763385	15.908209911140345
57.39210416289552	71.54272445230528	15.933478947933283
64.3950000019895	73.42853154213013	15.957509659400122
72.25237836700762	75.31922561178199	15.980294922858732
81.06850189499073	77.21461546952906	16.001842197130014
90.96035518879307	79.1144962627088	16.022168172707076
102.0591971316871	81.01864768045208	16.041295634490613
114.5123026129941	82.92683103184743	16.059378347693624
119.1420531590993	83.58462619094576	16.06597645631252