0.002777777728624642	2.6383008029759494	1.2484335289987185
0.005555555457249284	4.012121876183343	2.7155772695765643
0.008333333185873926	5.287183026284628	3.191390941313571
0.01111111108912155	6.214820875459359	3.4604372563022916
0.01388888864312321	7.027826671028755	3.7463543138644027
0.01666666654637083	7.726200412993018	4.129175074366321
0.01944444444961846	8.401647744236215	4.51075418528821
0.0222222221782431	9.018897263649007	4.7599711264600675
0.02499999990686774	9.593821101730684	4.849263248484282
0.02777777763549238	10.101729277704676	4.97523860345795
0.03055555553874001	10.56731177234745	5.2398999614537995
0.03333333309274167	11.057584247766803	5.427098815227009
0.03611111099598929	11.496713191577623	5.507496182185089
0.03888888889923692	11.918206434833802	5.6557245578006246
0.04166666662786156	12.277974726148665	5.7942294857180165
0.0444444443564862	12.681832268850219	5.782894540146425
0.04722222208511084	13.039836990109666	6.0206945267282
0.04999999998835847	13.369624590481616	6.026220351053406
0.05277777754236013	13.702939330964591	5.847401553651621
0.05555555544560775	14.022145511003751	6.026142442295211
0.05833333334885538	14.277863169046235	5.92581423783022
0.06111111107748002	14.605887199362716	6.00108336059519
0.06388888880610466	14.833387736517764	5.97672198845019
0.0666666665347293	15.101450384948468	6.112692051372099
0.06944444443797693	15.355404472935438	6.04657647907184
0.07222222199197859	15.584668580145902	6.115609115749377
0.07499999989522621	15.815696257411846	6.158782970876745
0.07777777779847383	16.059068925066068	6.078101878005767
0.08055555552709848	16.251298061111775	6.265564652424114
0.08333333325572312	16.473507888100407	6.262110720260263
0.08611111098434776	16.665737024146058	6.184702912833101
0.08888888888759539	16.868547580524577	6.317765730244218
0.09166666644159704	17.085466697346803	6.342905576675434
0.09444444434484467	17.26006013283788	6.180693673049128
0.0972222222480923	17.44876212877265	6.3064804915740815
0.09999999997671694	17.639227694762884	6.3850268828135395
0.1027777777053416	17.799712569810207	6.357124241995631
0.1055555554339662	17.937271034136486	6.464010982296341
0.1083333333372138	18.117155179793933	6.429139683270552
0.1111111108912155	18.29703932545139	6.353105273872354
0.1138888887944631	18.462814910665113	6.456201386498483
0.1166666663484648	18.61800907554605	6.5980575014402545
0.1194444444263354	18.757331109927797	6.517097237465944
0.12222222215496	18.926633835252478	6.553748031762522
0.1277777777868323	19.205277904015944	6.441498163911851
0.1333333332440816	19.46275913211389	6.47590852791461
0.1388888888759539	19.743166770932827	6.48268708938192
0.1444444443332031	19.99359371880888	6.488579192905139
0.1499999997904524	20.233439246352155	6.650106062012423
0.1555555552477017	20.487393334339163	6.612629443432565
0.161111111054197	20.707839591272315	6.833262389422765
0.1666666666860692	20.944157978704656	6.82459348757246
0.1722222221433185	21.164604235637814	6.667739449482781
0.1777777777751908	21.393868342848265	6.912830528844932
0.1833333332324401	21.635477440447016	6.968810656677457
0.1888888886896893	21.810070875938052	6.932428504595298
0.1944444441469386	21.975846461151757	7.0191937073757495
0.1999999999534339	22.220982698861445	6.9470459614110105
0.2055555555853061	22.411448264851686	6.947359324422742
0.2111111110425554	22.58251456023182	7.017999990712217
0.2166666666744277	22.767689416055678	7.244858152395848
0.222222222131677	22.945809991657637	7.13479288682082
0.2277777775889263	23.139802697758828	7.221614358600169
0.2333333330461755	23.291469722528813	7.225615913254414
0.2388888888526708	23.50309812918464	7.304279871128857
0.2444444443099201	23.631838743233637	7.38311058586774
0.252777777495794	23.905192101830718	7.296273058539178
0.2611111110309139	24.12211121865294	7.526283765044983
0.2694444443914108	24.365483886307125	7.365705985400672
0.2777777777519077	24.60532941385039	7.422703842008555
0.2861111109377816	24.80108569000702	7.436353544367687
0.2944444444729015	25.044458357661224	7.556809478549678
0.3027777776587755	25.247268914039715	7.51814624284956
0.3111111108446494	25.427153059697208	7.694362098538765
0.3194444443797693	25.640545036408444	7.770381563263059
0.3277777777402662	25.843355592786946	7.460152695993524
0.3361111111007631	26.028530448610802	7.689604968491774
0.344444444286637	26.250740275599387	7.834028267221804
0.3527777776471339	26.40417087042492	7.764984097941342
0.3611111110076308	26.614035707025273	7.815247193710154
0.3694444441935048	26.73748561090782	7.804336674536732
0.3805555554572493	27.014366109615846	7.809998056787238
0.3916666665463708	27.21541309593887	7.880761725572316
0.4027777776354924	27.455258623482138	7.805133102679503
0.4138888888992369	27.659832749916106	8.041313074867142
0.4249999999883585	27.86440687635005	7.9263290973789475
0.43611111107748	28.076035283005893	8.157402208067955
0.4472222219919786	28.282372979495346	8.006015510381541
0.4583333332557231	28.472838545485594	8.067811225245745
0.4694444443448447	28.68093981203046	8.085522612746917
0.4805555554339662	28.869641807965248	8.306544615209283
0.4916666663484648	29.074215934399195	8.2438089932734
0.505555555340834	29.278790060833185	8.333420430555993
0.5194444443332031	29.497472747710855	8.311990162298342
0.5333333333255723	29.74613612553143	8.419636750188612
0.5472222221433185	29.94894668190994	8.267718739536473
0.5611111111356877	30.165865798732142	8.513367845336814
0.5749999999534339	30.366912785055177	8.573998097674888
0.5888888885965571	30.53445194032439	8.606288682969044
0.6027777775889263	30.777824607978562	8.597895200220828
0.6194444443099201	30.98768944457892	8.713736884756436
0.6361111110309139	31.23458925234403	8.728712371372696
0.6527777777519077	31.449744799110825	8.972239662704142
0.6694444444729015	31.6948810368205	8.885870211954408
0.6861111108446494	31.906509443476263	9.062459295891696
0.7027777777402662	32.12166499024306	9.060746005285003
0.719444444286637	32.329766256787934	9.123762597630549
0.7361111110076308	32.539631093388294	9.247349129178632
0.7555555554572493	32.79005804126434	9.23901051817344
0.7749999999068677	33.0210857185303	9.24715905643914
0.7944444443564862	33.241531975463445	9.264734951904186
0.8138888888061047	33.48314107306218	9.370957896122366
0.8333333332557231	33.69829661982896	9.520337321746396
0.8527777777053416	33.93108786715035	9.522553449019147
0.8749999998835847	34.155061264194416	9.543342266925764
0.8972222222364508	34.38432537140489	9.709717311973924
0.9194444442400709	34.622407328892706	9.624256554346932
0.941666666592937	34.88341569710155	9.791478612944191
0.9638888885965571	35.10915266420106	9.814606311785806
0.9888888888526708	35.34723462168892	10.039791410613566
1.013888888759539	35.61000655995322	10.154127428841619
1.038888888841029	35.83221638694181	10.27911974631717
1.063888888747897	36.089697615039746	10.108301784017765
1.088888888829388	36.329543142583	10.229154877525735
1.116666666639503	36.6028965011801	10.312766618203796
1.144444444449619	36.85508701911161	10.386396114038583
1.172222222085111	37.11785895737596	10.64603778749572
1.199999999895226	37.333014504142675	10.62546911993793
1.227777777705342	37.58344145201877	10.642311420136862
1.258333333244082	37.83210482983935	10.743329180421732
1.288888888782822	38.101931048325525	10.764742989813424
1.319444444146939	38.37704797697808	10.918638460017918
1.349999999860302	38.61865707457681	11.089991502219734
1.383333333302289	38.87613830267471	11.082409330042656
1.416666666395031	39.158309511549184	11.249989294022754
1.449999999837019	39.40168217920334	11.323677902343416
1.486111111007631	39.7085433688543	11.323064610019173
1.522222222178243	39.97131530711862	11.494487161123537
1.558333333348855	40.225269395105585	11.507118261955599
1.594444444344845	40.49509561359177	11.52780562439493
1.633333333244082	40.7843211026881	11.693282859682236
1.672222222143319	41.059438031340626	11.68953596043202
1.711111111042555	41.34160924021511	11.929645459120751
1.752777777495794	41.59909046831299	11.957628048583322
1.794444444472902	41.883025247242905	12.069301788912759
1.836111111100763	42.16166931600638	12.137412507488722
1.880555555457249	42.45971265538001	12.275493924457882
1.924999999988359	42.77186455519735	12.126043441444812
1.969444444344845	43.02405507312885	12.354970042138978
2.016666666604579	43.329152692724364	12.336956288807944
2.063888888689689	43.62366889198702	12.454303060621388
2.113888888852671	43.93582079180437	12.398697735813807
2.163888888841029	44.188011309735884	12.39143342314663
2.213888888829388	44.48429107905405	12.666326540084393
2.266666666546371	44.764698717873046	12.567142916808795
2.319444444437977	45.07155990752396	12.708214624314282
2.374999999883585	45.35373111639837	12.735290034471339
2.430555555503815	45.66059230604933	12.9161769720234
2.488888888852671	45.98861633636587	12.859042361160434
2.547222222201526	46.26373326501846	12.994565172783817
2.608333333279006	46.59881157555685	12.96500795434606
2.669444444356486	46.9074363352632	13.046951720634466
2.733333333337214	47.205479674636834	12.990503764767249
2.797222222143319	47.49117802362221	13.034384552159636
2.863888888852671	47.80332992343957	13.260239696722296
2.9305555553874	48.103136832868664	12.993815131675445
3.0	48.40118017224223	13.059933667252494
3.069444444437977	48.69216923139399	13.112741578918046
3.141666666604579	49.02372040182151	13.265524663954817
3.216666666674428	49.357035142304404	13.192785892975717
3.291666666395031	49.62157065062416	13.297756729480282
3.369444444193505	49.94783111088524	13.487415253048086
3.447222221991979	50.24763802031431	13.465608482141775
3.5277777776937	50.568607770408974	13.456365668765777
3.611111111124046	50.86136039961622	13.499192621409222
3.694444444379769	51.18233014971085	13.674158080035609
3.78055555553874	51.5191720303047	13.69265605439576
3.869444444426335	51.81016108945646	13.725961852556892
3.961111111042555	52.14171225988393	13.717473678441443
4.052777777658775	52.47502700036685	13.877195263593958
4.147222222178243	52.78012461996235	13.930832825179232
4.244444444426335	53.10814865027886	13.903120745283903
4.344444444403052	53.422064120151674	13.898476524610594
4.447222222108394	53.7447974403018	13.81066159129211
4.549999999988359	54.067530760451895	13.674185288836824
4.655555555247702	54.40260907099029	13.882938031839094
4.763888888759539	54.732396671362295	13.80246210878365
4.875	55.01985859040316	13.973410319695226
4.988888888794463	55.32671978005405	14.013668707806007
5.105555555492174	55.631817399649535	13.788425737406188
5.224999999743886	55.98629498079808	13.853921519513165
5.347222222248092	56.294919740504454	13.681949454450105
5.472222222131677	56.64587018154205	13.851355267693247
5.599999999743886	56.97389421185856	13.76610524019995
5.730555555433966	57.247247570455606	13.827015509158562
5.863888888852671	57.598198011493224	13.546251953492181
6.0	57.88742350058953	13.595463469003334
6.138888888875954	58.21192039079514	13.61149877125154
6.280555555480532	58.495855169725	13.622896292737769
6.42777777754236	58.81506134976423	13.765877780206328
6.577777777682059	59.10428683886054	13.683627672810433
6.730555555550382	59.42172944884424	13.698643420167704
6.886111110798083	59.772679889881815	13.637673499938769
7.047222222201526	60.104231060309246	13.74281187808143
7.211111110984348	60.40932867990477	13.711850934825863
7.377777777495794	60.739116280276754	13.804554065928821
7.549999999988359	61.03363247953947	13.684899602323453
7.724722222192213	61.34402080930131	13.414253734698354
7.905277777696028	61.65617270911861	13.286080806503547
8.088611110928468	61.96479746882507	13.267349393749019
8.277499999967404	62.27518579858693	13.204556095960847
8.469166666385718	62.564411287683235	13.23619180921993
8.66638888878515	62.855400346834976	13.13119068739209
8.866388888913207	63.1534436862086	12.982435308457895
9.07194444432389	63.45325059563768	12.967631310786894
9.283055555541068	63.77069320562142	12.822036626020918
9.499722222215496	64.07226368510594	12.879965914759687
9.719166666618548	64.35796203409134	12.777422536682124
9.94416666647885	64.63307896274391	12.717597256821078
10.17472222214565	64.9381765823394	12.726555220589649
10.41083333326969	65.21329351099197	12.434399522399008
10.65250000002561	65.51662756053197	12.440750038269712
10.89972222223878	65.7829266389072	12.124315758976774
11.15249999973457	66.06862498789258	12.060885854291469
11.41083333303686	66.37019546737712	11.95725576060938
11.67472222214565	66.61885884519774	11.880113649579291
11.94416666653706	66.91866575462676	11.700497226288345
12.22194444446359	67.13382130139355	11.784027473574781
12.50527777767275	67.3948296696024	11.634428184270412
12.7941666666884	67.67523730842136	11.410423573722852
13.09138888888992	67.93271853651932	11.575009122840065
13.3941666665487	68.19372690472815	11.158921715029004
13.70527777774259	68.47942525371343	11.412038062468152
14.02194444439374	68.72985220158957	11.368557357456123
14.34694444423076	68.98027914946559	11.127443671868436
14.68027777777752	69.2677410685064	11.061711061903724
15.01916666643228	69.4723151949404	11.063473290659156
15.36638888879679	69.74390498348204	10.962085571912008
15.72194444434717	69.99433193135808	10.841378271085405
16.08583333308343	70.22006889845764	10.950488504175441
16.45805555552943	70.4616779960564	10.60946964228657
16.83861111098668	70.72268636426521	10.70597235794192
17.22749999997905	70.98369473247404	10.699522243592241
17.62749999988591	71.20766812951815	10.637385925672977
18.0358333333279	71.48278505817069	10.604703285129611
18.45249999978114	71.69088632471565	10.638942220974537
18.88027777767275	71.91838686187062	10.563640684205964
19.31638888875023	72.18821308035679	10.293166622809933
19.76361111109145	72.42453146778912	10.221762296833203
20.22194444434717	72.6432141546668	9.831871286410406
20.68861111113802	72.89187753248738	9.83717346498648
21.16638888884336	73.13525020014163	9.732579598304573
21.65527777763782	73.33453361640916	9.556943454704712
22.15527777769603	73.54087131289855	9.420147252386837
22.66638888884336	73.72604616872245	9.468807215127647
23.19138888863381	73.93591100532281	9.268600940798633
23.72749999968801	74.13872156170129	9.262247642140581
24.27472222218057	74.36798566891174	9.208915587936303
24.83583333331626	74.57255979534573	8.977846990504938
25.41083333326969	74.8018239025562	9.152862619063157
25.99694444413763	75.0046344589347	9.147950551541454
26.59694444434717	75.24624355653347	8.949071585893595
27.21083333319984	75.43318198241273	8.83194393838396
27.83861111104488	75.58661257723821	8.785656943351604
28.4830555554363	75.81234954433778	8.616391444503295
29.14138888882007	76.02045081088268	8.58324278999348
29.8136111110216	76.17740854581903	8.30322971328532
30.50249999994412	76.38021910219756	8.210412848690476
31.20805555523839	76.57421180829873	8.288311077645808
31.93027777777752	76.76467737428895	7.957567017835452
32.6691666666884	76.96043365044562	7.9267274417517335
33.42472222214565	77.13855422604759	7.870473172078907
34.19694444432389	77.30432981126134	7.839862030999831
34.98583333322313	77.47539610664143	7.725261389279001
35.79416666657198	77.62529956135597	7.596163734234417
36.62194444437046	77.82634654767901	7.372932413382087
37.46916666661855	77.97095929222718	7.429700183480194
38.33583333331626	78.16671556838382	7.3533280295345556
39.22194444446359	78.33425472365302	7.2760912518432095
40.12749999988591	78.49473959870033	7.410024000427704
41.05527777748648	78.63935234324849	7.055351922304315
42.00249999988591	78.8298179092387	6.994010145951397
42.97194444446359	78.97795779389776	6.826402025024865
43.96361111104488	79.13138838872327	6.727782521585968
44.97749999997905	79.31127253438075	6.541809117351364
46.01638888882007	79.43119529815232	6.411726486843472
47.08027777774259	79.56169948225676	6.233094611714801
48.16638888884336	79.7186572171932	5.969287207494893
49.27750000002561	79.86326996174131	5.752362643921071
50.41638888884336	79.98142915545749	5.503988375873956
51.58027777774259	80.09606120906277	5.582513339589985
52.77194444427732	80.24596466377729	5.491345161255193
53.99138888879679	80.33414316655053	5.211908179575957
55.23861111112637	80.43819379982295	5.103867904951222
56.51361111109145	80.56164370370553	5.2848044570371275
57.81916666659527	80.69920216803182	5.278086056747445
59.15249999973457	80.80854351147065	4.9378892994792585
60.51916666666511	80.90201272441031	5.289841966594133
61.91638888878515	81.02193548818194	5.2127636032512825
63.34416666661855	81.1806567931738	5.14301649564335
64.80527777771931	81.2935252767236	4.911109020901827
66.29972222208744	81.36583164899767	4.96610743547305
67.83027777762618	81.53337080426687	4.99116953380458
69.39694444433553	81.61978573698467	4.836461378464614
70.9997222222155	81.72736351036798	4.541319417691681
72.63861111109145	81.81201487303032	4.6752593743763295
74.31638888886664	81.93370120685745	4.652068112682059
76.03027777763782	82.03246112996348	4.451592928765393
77.78583333303686	82.11711249262584	4.601636554363027
79.58027777768439	82.20881813551003	4.462998862711982
81.41638888878515	82.35166731000268	4.424422663354341
83.2941666666884	82.4186829721104	4.223684813528999
85.21638888877351	82.54036930593749	4.224190084642538
87.18305555556435	82.66029206970914	4.092516634209695
89.19416666653706	82.73612558209408	3.898239210242067
91.25249999994412	82.81195909447909	3.4855388471907425
93.3580555554363	82.88779260686412	3.6037639295932977
95.51361111109145	82.98655252997017	3.3075701176503634
97.71638888883172	83.04122320168959	3.059242156769
99.97194444446359	83.08883959318715	2.958738513497868
102.2774999997346	83.13821955474019	2.9054386869881026
104.638611110975	83.23168876767983	2.694349532265876
107.0524999999325	83.28635943939926	2.5630522865342202
109.5219444443355	83.349847961396	2.398781130739832
112.0497222220874	83.40275506305997	2.3525954740021424
114.6358333333628	83.46624358505673	2.6206872410014204
117.2802777776378	83.49446070594414	2.198490476064093
119.9858333333395	83.56323993810732	2.2858454523044482
122.7552777776728	83.58087563866196	2.2565216010267726
125.5886111109867	83.6179106098267	2.179319494010363
128.4858333332813	83.72725195326558	2.0847458724302075
131.4497222219361	83.72548838321006	2.1498650083367403
134.4830555553781	83.79955832553964	2.1904345316063516
137.5858333330834	83.85599256731454	2.3093937557329727
140.76083333313	83.8912639684238	2.2476363104584487
144.0080555555178	83.93358964975496	2.0055677518772113
147.3302777776262	83.97591533108613	2.211720024161553
150.7302777775331	84.05351241352666	1.9752023295836716
154.2080555552384	84.09760166491323	2.0087889791505367
157.7663888888201	84.12052807563428	1.971058439917168
161.4052777775796	84.1751987473537	2.0357997488730986
165.1274999999441	84.21928799874036	2.1170149154447886
168.935833333293	84.24045083940591	1.9057484872786918
172.8330555555294	84.30393936140268	1.8907478298991536
176.8191666664789	84.33039291223464	1.996060503032142
180.8969444443937	84.38682715400952	2.029688912427855
185.0691666664789	84.44678853589535	2.358837214428814
189.3386111109867	84.4767692268383	2.881452551500346
193.7052777777426	84.51733133811398	3.3745283816156766
198.1747222220292	84.56318415955603	3.7788183559747632
202.7469444443705	84.62490911149732	3.9921086491584763
207.4247222221457	84.74130473515801	3.7121818705653826
212.2080555555294	84.87709962942884	4.089825176364107
217.1024999999791	85.04816592480896	4.232735354705145
222.1108333332231	85.16279797841422	4.339066848227818
227.2330555554363	85.26508504163117	4.317820092654268
232.4747222220758	85.26332147157575	4.078745767638452
237.8358333333163	85.37618995512554	3.6388476259747304
243.3219444444403	85.44849632739961	3.308254881756593
248.9330555554479	85.51727555956269	2.916828696007961
254.6747222221457	85.5737098013376	2.6954861525112515
260.5497222220874	85.63543475327891	2.801286344656568
266.5580555554479	85.67423329449916	2.4995730749962335
272.7052777776844	85.7712296475497	2.5590318156364757
278.9941666665254	85.79944676843716	2.31961763839655
285.4302777777775	85.85235387010111	2.3648040980589444
292.0136111110915	85.87351671076668	2.405024306149736
298.7497222220991	85.91936953220878	2.3591608824175565
305.6413888888783	86.00402089487112	3.225596090151926
312.6913888886338	86.0198930253703	6.76798705398258
319.9024999999674	86.08514511742253	8.51777060925028
327.2802777776378	86.15392434958565	11.64245993189327
334.8274999998976	86.18214147047311	18.51157814362833
342.5497222220292	86.46254910929207	31.28404124034607
350.4497222219361	87.24204707380767	16.123929760807496