0.01666666654637083	3.5909322254935243	4.858379718893889
0.03333333344198763	7.247332677522881	5.68647879625895
0.06666666670935228	4.469843166737743	684.3892825414079
0.0833333334303461	279.22034946990345	552.9176721905583
0.1333333332440816	277.9077115278589	6.357299968074144
0.1499999999650754	279.2154393529134	5.195658067136581
1.100000000093132	24.067756780256115	30.26211900521942
1.133333333360497	21.447391013157155	1180.6299978542527
1.166666666453239	21.304997620441636	1212.651655178703
1.199999999895226	26.912351223240464	1240.2327333832477
1.233333333337214	36.13355093082057	1272.105227701863
1.266666666604579	279.3218252210341	1078.136550551685
1.300000000046566	279.08122948851496	1233.5367125923426
1.333333333313931	279.09432313382206	1292.9424770997205
1.366666666755918	279.15815465469456	1170.0191335686175
1.466666666732635	279.1254205414265	0.10588478230799736
1.966666666790843	103.29413112266242	111.92226240759106
2.016666666604579	106.15018250529046	108.83219137399253
2.066666666592937	108.85893037821296	106.02356214215588
2.116666666755918	111.45638226602426	102.7765598119984
2.166666666744277	113.92289770076407	99.17430336312499
2.216666666732635	116.23392609748078	95.58911141271906
2.283333333441988	119.10798124240627	90.93605462157495
2.349999999802094	121.73162042083212	85.71501904478768
2.416666666511446	124.14248786301619	80.5133886569254
2.483333333395422	126.31439627834435	75.61968190250188
2.550000000104774	128.28498989707452	70.73279271932788
2.616666666639503	130.08209271548475	66.26863247992831
2.683333333348855	131.7269819071989	62.262869856676595
2.750000000058208	133.24748146849498	58.29649183629483
2.816666666592937	134.60431046345124	54.95138304382718
2.883333333302289	135.87439405824762	51.96364226244092
2.950000000011642	137.0380917849231	49.57692017187443
3.033333333441988	138.39164736855258	46.32746335498504
3.116666666697711	139.62572343875397	44.0588550698762
3.200000000128057	140.7730541087955	41.91461954751487
3.283333333209157	141.85327984663766	40.21128614743308
3.366666666639503	142.8582171239634	38.50819958794792
3.449999999895226	143.82387346536797	37.17355170998734
3.533333333150949	144.70933122926579	36.11294439212636
3.616666666755918	145.55878146856884	35.162855597220066
3.716666666732635	146.5064340476759	33.9335453125157
3.816666666709352	147.41316898519793	32.921147970251724
3.916666666511446	148.29862674909592	32.10009151347017
4.016666666662786	149.12679981477493	31.15687703530704
4.116666666639503	149.9058717105519	30.443109122750354
4.216666666790843	150.66366643270484	29.697651118386084
4.316666666592937	151.38054351327284	28.907480015350203
4.416666666744277	152.0597763635827	28.3399872952164
4.533333333441988	152.78483697246762	27.696872207397114
4.649999999965075	153.49516723038207	26.992658386444752
4.766666666662786	154.17440008069195	26.417770552315783
4.883333333360497	154.84708610834818	25.9583571272237
5.000000000058208	155.47721778875606	25.71017100693651
5.116666666755918	156.07788876722284	25.60032722530458
5.25	156.7473013835523	25.196043026161394
5.383333333244082	157.39380012059436	24.749897433603795
5.516666666662786	158.02065838967548	24.507712280668112
5.683333333348855	158.80955051943292	24.12330388386797
5.816666666592937	159.3742139733049	23.906903933630527
5.966666666732635	159.98961530274218	23.572094577025062
6.116666666697711	160.6017432208528	23.29896055721709
6.266666666662786	161.16968008605176	22.800889879000056
6.416666666453239	161.73598024558717	22.57066788385915
6.566666666592937	162.2629994692009	22.462912106267655
6.733333333453629	162.8423932740436	22.29119857460475
6.899999999965075	163.40542002225237	22.065286894935404
7.066666666651145	163.94062277418323	21.855363511010736
7.233333333337214	164.4823723487675	21.696213777725063
7.416666666744277	165.0470358026398	21.480553856250307
7.599999999802094	165.59205878855101	21.371419320300603
7.783333333209157	166.1207147178283	21.2438384354394
7.966666666790843	166.61990994516458	21.02844759658248
8.166666666744277	167.15020258010503	20.948314965914317
8.36666666669771	167.67394839239222	20.985240030872703
8.566666666651145	168.187873970699	20.902828705632505
8.766666666604578	168.67397555272805	20.812971750136114
8.98333333345363	169.20099477634201	20.773212689070586
9.200000000128057	169.732924116946	20.613868268305747
9.416666666453239	170.25175981224308	20.455509530088598
9.64999999984866	170.77714233019358	20.32180603085378
9.883333333244082	171.28452108584662	20.183609051229634
10.1166666666395	171.77389607920242	19.8694114485875
10.35000000003493	172.22235343097321	19.53373034081058
10.59999999980209	172.69863477902192	19.19983311126264
10.85000000009313	173.17491612707053	18.867899552118093
11.11666666675592	173.65283418078246	18.803910869707032
11.38333333324408	174.0849244759194	18.489318699773655
11.64999999990687	174.5170147710562	18.44590241700578
11.93333333329065	174.9687455341538	18.404712475374684
12.21666666649981	175.38937888964682	18.218732475680753
12.50000000005821	175.86402353203212	18.191135309515815
12.79999999981374	176.28302018186173	18.299684650526853
13.10000000009313	176.72656741664238	18.341350609142506
13.41666666674428	177.19139182504725	18.445888228495626
13.73333333339542	177.6202087088572	18.658032260569573
14.06666666659294	178.0850331172622	18.566468980132004
14.39999999996508	178.53676388035953	18.68695525485123
14.73333333333721	178.97212758682352	18.69318295997467
15.08333333343035	179.43695199522816	18.595012972118504
15.43333333334886	179.8968662866428	18.585939570141505
15.79999999981374	180.35678057805745	18.56434695093774
16.16666666645324	180.78887087319427	18.482118512634944
16.54999999981374	181.2373282249652	18.509218416366704
16.93333333334886	181.65796158045833	18.521409894669816
17.33333333343035	182.0835050529415	18.462187524346415
17.73333333333721	182.51886875940528	18.404725042465373
18.14999999996508	182.9444122318884	18.364432363429852
18.58333333331393	183.39777970064958	18.203910243896324
19.01666666666279	183.8544205807373	18.213705023668208
19.46666666673264	184.306151343835	18.120779350270308
19.91666666645324	184.7382416389719	17.980770823443383
20.38333333324408	185.16214840579158	18.01474122445558
20.86666666675592	185.56968811597773	17.91235968358145
21.35000000009313	185.99032147147068	17.734306612902596
21.84999999980209	186.38804094767625	17.251397366633967
22.36666666675592	186.7972173635255	16.92204916778396
22.8833333333605	187.22112413034546	16.754543138854586
23.41666666651145	187.63684736884827	16.815778556899506
23.96666666673264	188.0509339016878	16.959840249349934
24.53333333315095	188.3848218570208	17.19939903743111
25.10000000009313	188.73671357465125	17.332034537514016
25.68333333340706	189.11479258289611	17.37345986480546
26.28333333344199	189.52724241007215	17.394236755454546
26.89999999984866	189.98388329015987	17.29426626513219
27.53333333315095	190.43561405325755	17.641165601755745
28.18333333334886	190.8726144653847	17.910919011840146
28.83333333319752	191.3014313491948	17.91790785262985
29.50388888869202	191.71715458769768	17.890741984735445
30.18722222233191	192.09850700726895	17.45472187525291
30.88722222234355	192.50277330612815	17.222160298553664
31.60388888890157	192.91685983896772	17.101493781504285
32.33722222218057	193.2933021415492	16.669161716017776
33.08722222218057	193.69265832341804	16.47697067306428
33.85388888890157	194.038003218395	16.36208474346825
34.63722222234355	194.4242657549567	16.283857711971745
35.43722222233191	194.82034852549882	16.085862534927134
36.27055555558763	195.15259977516845	15.992817972583515
37.12055555538973	195.52249525509615	15.788116576516378
37.98722222208744	195.87602367838994	15.904148783700784
38.87055555568077	196.259012803625	15.74110043785196
39.77055555564584	196.62236146089896	13.655578286626227
40.70388888887828	196.9775265898564	13.838658453153354
41.65388888883172	197.3277816018234	13.878572675382417
42.62055555568077	197.69604037608764	14.254034148143715
43.60388888890157	198.03974856540103	14.072360347778364
44.62055555538973	197.95954998789463	13.958935424570058
45.65388888894813	198.3261720564957	14.116060978468324
46.72055555559928	198.6993409477503	14.299934319745509
47.80388888897141	199.13143124288706	14.337027750674354
48.9205555554363	199.46859260954687	14.5314954260353
50.05388888897141	199.79593374222645	16.326288187190908
51.22055555559928	200.182196278788	16.15079471920629
52.40388888894813	200.5651854040228	16.148826304400657
53.62055555538973	200.93835429527743	15.651858418255907
54.87055555544794	201.32298012617588	15.759247238956851
56.13722222205252	201.64377443620182	15.86642419084378
57.4372222222737	201.9662054518909	15.647339402012058
58.77055555558763	202.3311908148284	15.367736619175831
60.13722222234355	202.64707500786423	15.194744657999687
61.53722222219221	203.0022401368216	15.006582145121508
62.97055555548286	203.34922173746173	15.04738490412005
64.43722222204087	203.67983628146806	15.008066568421796
65.93722222204087	203.9973571801671	14.847902927089066
67.47055555548286	204.32633501850987	14.853563617320544
69.03722222219221	204.66185967950625	14.795623657924219
70.63722222234355	204.98756410652211	14.685877457544736
72.27055555558763	205.2952647712411	14.673442571852242
73.9372222222737	205.6160590812667	14.750020899970382
75.65388888894813	205.92703315731237	14.714758890232636
77.40388888888992	206.26092111264538	14.656663191064899
79.2038888889947	206.576805305681	14.57098304532337
81.03722222219221	206.89596291004335	14.68017407231675
82.92055555555271	207.22330404272304	14.754636119133757
84.83722222218057	207.53591482443184	14.854601234429635
86.80388888897141	207.85179901746744	14.813875307712266
88.820555555576	208.15295285953266	14.835829841543523
90.87055555544794	208.477020580885	14.748915808609027
92.97055555548286	208.80763512489156	14.600348342356966
95.12055555568077	209.13170284624417	14.552178777026906
97.32055555534316	209.44922374494325	14.536826621063174
99.57055555534316	209.7601978209885	14.731811000471769
101.8705555556808	210.05316813473667	14.5655848909097
104.2205555554829	210.33959162583136	14.40682354618929
106.6372222223436	210.6358353509062	14.608113512297162
109.1038888888434	210.94026260429783	14.680728066283214
111.6205555556808	211.27251385396775	14.818867413101707
114.2038888888783	211.55402722807185	14.929604948319955
116.8538888887852	211.8437241304934	16.428353946862387
119.553888888855	212.200525965114	15.605552030307349
122.3205555556342	212.52459368646652	16.301071305601315
125.1538888889481	212.85684493613618	16.30313964965143
128.0538888889714	213.16454560085498	16.802920224541975
131.0205555553548	213.75048622835112	17.205509721234584
134.0538888889714	213.86996574177914	17.160169942027924
137.1538888889481	214.30696615390613	17.300906763607035
140.3205555556342	214.62939716959545	17.4322317949302
143.570555555576	215.00256606085006	17.782067733684464
146.8872222220525	215.3708248351143	16.471540228428687
150.287222222134	215.6998026734572	17.655863001968044
153.7538888887502	216.04351086277057	17.53326029661419
157.3038888889714	216.38885575774756	17.60183944941116
160.9372222222737	216.74074747537776	17.83799925888275
164.6538888888317	217.09591260433518	17.93590498942521
168.4538888889947	217.40688668038047	17.97313204450089
172.3538888887852	217.7375012243867	18.453736812247268
176.3372222221806	218.16140799120663	18.424398439870906
180.4038888888317	218.47565547857886	18.587237755145647
184.5705555556342	218.8684648377942	18.59757335202056
188.8319444444496	219.24654384603912	18.703179506149247
193.1986111112055	219.60498238632312	18.97431934173821
197.6652777777636	220.0272524474794	18.596578918018995
202.2319444442983	220.35132016883193	18.656187395659394
206.898611111159	220.71466882610622	18.150085400235863