1.716510382721026e-05	0.010506899859373798	0.19664801419722897
0.008350498413847163	1.2272059035759606	6.469739242113262
0.01668383172386712	6.190665397148724	4.879289220247195
0.02501716503388707	7.623806537968537	2.353390259406762
0.03335049834390702	8.058792192147045	1.6902765381150249
0.04168383165392697	8.466459906691131	1.8181657000208742
0.05001716496394693	8.796376562275737	1.8195211077170508
0.05835049827396688	9.07796147850726	1.8688374068461764
0.06668383158398683	9.332228455104282	1.897840896507961
0.07501716489400678	9.554974732123261	1.8409371423813479
0.08335049820379936	9.744098929592148	1.7881503877097138
0.09168383151381931	9.931121747089145	1.847370508218936
0.1000171648238393	10.067711445261168	1.884701491659095
0.1083504981338592	10.235821843011227	1.8622987697002602
0.1166838314438792	10.372411541183245	1.8960901778278076
0.1250171647538991	10.506899859383376	1.8156531672604317
0.1333504980639191	10.61617161792097	1.832358278200191
0.141683831373939	10.725443376458571	2.6527862772536523
0.150017164683959	10.832613755024282	2.5842288581260813
0.1583504979939789	11.109995911311943	1.637918484526652
0.1666838313039989	11.17513869044015	2.0608839666329755
0.1750171646140188	11.109995911311943	0.6069124746815279
0.1833504979238114	11.17513869044015	0.997532034326916
0.1916838312338314	11.24238284954018	1.0559470709336705
0.2000171645438513	11.299120108780828	1.441446943965308
0.2083504978538713	11.364262887909042	1.5605403622544294
0.2166838311638912	11.433608426980957	1.3355938805678778
0.2250171644739112	11.471433266474746	1.206900112590197
0.2333504977839311	11.549184325434146	1.098644911330055
0.2416838310939511	11.557589845321711	0.9433228053314505
0.250017164403971	11.574400885096678	0.9298736011348478
0.258350497713991	11.612225724590473	0.7714460619342859
0.2666838310240109	11.633239524309298	0.7976433744707591
0.2750171643338035	11.650050564084266	0.9012970004497363
0.2833504976438235	11.68367264363428	0.9612293519568738
0.2916838309538434	11.727801623043742	0.8597486102861336
0.3000171642638634	11.74461266281879	0.8151555854133564
0.3083504975738833	11.771930602453127	0.8924702202942413
0.3166838308839033	11.799248542087545	0.9566045989100787
0.3250171641939232	11.811856821918731	0.6567638372465324
0.3333504975039432	11.818160961834401	0.55974449852442
0.3416838308139631	11.847580281440635	0.48433272549640544
0.3500171641239831	11.887506500906314	0.28838147620939386
0.3583504974340031	11.889607880878204	0.010606965712960112
0.5000171637038875	11.710990583268694	0.15942250287509657
0.5166838303239274	11.708889203296804	0.3672706216476144
0.5333504969439673	11.725700243071847	0.3920414972420254
0.5500171635640072	11.74881542276249	0.3740824041455109
0.5666838301838197	11.763525082565646	0.2576193145273919
0.5833504968038596	11.767727842509341	0.30051738838306563
0.6000171634238995	11.778234742368715	0.22122022071341255
0.6166838300439395	11.786640262256283	0.15641824466279416
0.6333504966639794	11.776133362396912	0.042656427374095515
2.158350492393993	9.311214655385534	0.23632898103613356
2.208350492253885	9.35324225482311	1.2198848874382333
2.266683825424025	9.41628365397935	1.6696475897167322
2.325017158593937	9.452007113501255	1.7574794898087354
2.383350491763849	9.477223673163781	1.8451442007903207
2.441683824933989	9.538163692348217	1.8690275549248312
2.500017158103901	9.582292671757601	1.8985106242655951
2.558350491273814	9.620117511251394	1.7798715414203827
2.625017157753973	9.674753390520232	1.8657738604840235
2.691683824233905	9.71467960998584	1.933812016420347
2.758350490713838	9.769315489254678	1.8289709775955645
2.825017157193997	9.819748608579653	1.8706717007849596
2.89168382367393	9.849167928185967	1.947545085562312
2.966683823463882	9.905905187426699	1.8389335490130057
3.041683823253834	9.947932786864191	1.9124945935533688
3.116683823044014	9.983656246386014	1.9709052588991176
3.191683822833966	10.03829212565485	1.9395267469469961
3.266683822623918	10.095029384895504	1.9664235902174758
3.35001715572389	10.122347324529924	1.952445041681971
3.433350488823862	10.179084583770655	1.9763265621669086
3.516683821923834	10.246328742870595	2.0777426208098255
3.600017155023807	10.288356342308175	2.0335632306653895
3.683350488124006	10.324079801830077	2.016746445686103
3.775017154533998	10.374512921155135	2.116432080351456
3.86668382094399	10.420743280536414	2.0842353938850184
3.958350487353982	10.479581919748954	1.980801349129351
4.050017153763974	10.521609519186448	2.0197218926257876
4.150017153483987	10.576245398455285	2.1129869107683548
4.250017153203999	10.624577137808457	2.1727779592438705
4.350017152924011	10.670807497189733	2.1449491263554226
4.458350485953815	10.714936476599195	2.163675584202867
4.566683818983847	10.767470975896064	2.210001930153933
4.675017152013879	10.826309615108608	2.192538153387575
4.783350485043911	10.887249634293042	2.212333713591391
4.900017151383963	10.92717585375872	2.216338252256768
5.016683817723788	10.990217252914967	2.392478281901735
5.13335048406384	11.042751752211915	2.3452337609172385
5.258350483713912	11.093184871536975	2.3067616877959756
5.383350483363984	11.145719370833842	2.282105540881927
5.508350483013828	11.191949730215198	2.335681698454801
5.64168381597392	11.276004929090192	2.3765006678844007
5.775017148934012	11.31593114855587	2.3643616533837215
5.908350481893876	11.364262887909042	2.358488390837277
6.050017148163988	11.42100014714969	2.5026392433621307
6.191683814433873	11.471433266474746	2.4934630024651634
6.341683814014004	11.544981565490444	2.3425725150674577
6.491683813593909	11.595414684815502	2.444962018629377
6.641683813173813	11.64164504419678	2.5167706285465132
6.800017146063965	11.727801623043742	2.486289138308846
6.958350478953889	11.771930602453127	2.5442806912576046
7.125017145153834	11.82026234180629	2.5343037505563824
7.291683811354005	11.883303740962619	2.5764847475459014
7.46668381086397	11.950547900062636	2.6198255911438233
7.641683810373934	11.998879639415808	2.5653161945871923
7.825017143193918	12.064022418543939	2.6581927413638824
8.008350476013902	12.133367957615938	2.696279839609691
8.200017142143906	12.19430797680037	2.6264421417554504
8.39168380827391	12.251045236041017	2.742399500021243
8.591683807713935	12.324593535056716	2.708808159083016
8.791683807153959	12.38973631418485	2.7538788188299566
9.000017139904003	12.446473573425495	2.770767927005118
9.20835047265382	12.492703932806858	2.780669876219516
9.425017138713883	12.585164651569412	2.817453195402187
9.650017138083967	12.6271922510069	2.849157660951255
9.875017137453824	12.700740550022603	2.769205663286234
10.10835047013393	12.774288849038298	2.865422997556271
10.34168380281381	12.83522886822273	3.026133013846599
10.58335046880393	12.900371647350866	2.933228249354781
10.83335046810385	12.980224086282234	3.0800748480586604
11.08335046740399	13.02645444566351	2.9798466568050115
11.34168380001393	13.104205504622904	3.0281059664066574
11.60835046593388	13.188260703497974	3.1239224604580205
11.88335046516386	13.259707622541782	3.1116000127231307
12.15835046439383	13.33325592155748	3.1280762306009704
12.44168379693383	13.383689040882537	3.200622236197275
12.73335046278385	13.46774423975761	3.19264880453883
13.03335046194388	13.551799438632676	3.186726504864482
13.34168379441394	13.614840837789	3.1925387594325656
13.650017126884	13.696794656692175	3.2447335338793444
13.96668379266384	13.759836055848417	3.335863456516058
14.29168379175394	13.83548573483601	3.328090625086423
14.62501712415383	13.917439553739184	3.257694324413527
14.96668378986396	13.988886472782992	3.428161456260792
15.31668378888389	14.075043051629951	3.3897236889574955
15.67501712121384	14.146489970673759	3.472737835730644
16.04168378685381	14.228443789576934	3.4652564312021044
16.4166837858038	14.29568794867704	3.4789960558385085
16.80001711806381	14.396554187327078	3.528884764220666
17.19168378363384	14.47010248634278	3.604344157162158
17.59168378251388	14.552056305245955	3.6148157518074466
18.00001711470395	14.62560460426165	3.6464832137375014
18.41668378020381	14.709659803136717	3.7439671570968134
18.84168377901392	14.791613622039906	3.6972693085248958
19.28335044444384	14.894581240661914	3.6813455366384757
19.73335044318401	14.968129539677529	3.768742099845567
20.19168377523397	15.056387498496377	3.8233405908217994
20.65835044059395	15.144645457315232	3.814781681735931
21.14168377257397	15.235004796105894	3.904047141448267
21.63335043786401	15.304350335177803	3.83593033437538
22.13335043646384	15.40521657382792	3.892145045122807
22.65001710168394	15.491373152674802	3.941427365751752
23.17501710021384	15.573326971578062	3.9772475507386815
23.716683765364	15.676294590199992	3.993584585721366
24.26668376382395	15.762451169046866	4.051940266207167
24.83335042890394	15.848607747893912	4.135977204866972
25.40835042729395	15.947372606572138	4.155425735309539
26.00001709230401	16.04403608527839	4.261310858272866
26.60001709062385	16.13649680404094	4.201605817522271
27.21668375556396	16.2184506229442	4.259818582117993
27.85001708712389	16.338229281341096	4.282465682705271
28.50001708530385	16.428588620131844	4.32117812026282
29.15835041679384	16.533657618725655	4.343122511527765
29.83335041490386	16.621915577544506	4.4370665356199215
30.52501707963393	16.72068043622273	4.533139117408035
31.2333504109838	16.811039775013395	4.454411641345609
31.95835040895395	16.918210153579103	4.470611826963564
32.7000170735439	17.019076392229223	4.517318963161073
33.4583504047539	17.132550910710524	4.659755524988983
34.23335040258394	17.235518529332534	4.588261957396973
35.02501706703379	17.33638476798257	4.7410344262615745
35.8333503981039	17.428845486745114	4.736203286277534
36.66668372910385	17.544421385198387	4.757274785098881
37.51668372672384	17.664200043595283	4.780646968340382
38.38335039096387	17.74615386249855	4.764740751462147
39.27501705513396	17.870135280839218	4.85028128980351
40.18335038592386	17.975204279433033	4.93819973002956
41.11668371664382	18.08027327802693	4.982803132245709
42.06668371398382	18.197950556452017	4.967993576584064
43.04168371125388	18.296715415130237	5.10308288337415
44.041683708454	18.41649407352713	5.185258549285817
45.05835037227394	18.52786721203662	5.131433022751294
46.10001703602393	18.65184863037729	5.1944617534121456
47.16668369970398	18.767424528830563	5.205432662866241
48.25835036331387	18.878797667340063	5.381010890412785
49.37501702685381	19.019590125455778	5.378018270640066
50.51668369032382	19.112050844218334	5.466591406607593
51.68335035372388	19.229728122643415	5.4620991305313815
52.8833503503638	19.349506781040468	5.4856482910973305
54.10835034693378	19.48609647921241	5.593720896267737
55.35835034343381	19.60377375763749	5.572219445234127
56.64168367317393	19.734059315893838	5.624376033687867
57.95001700284388	19.855939354262706	5.725515918796847
59.29168366575391	19.975718012659673	5.830490124510535
60.66668366190379	20.110206330859807	5.800068766364965
62.06668365798396	20.244694649059852	5.909487389276277
63.50001698730398	20.34766226768186	5.850652702596726
64.96668364986385	20.48635334582569	5.982627208557535
66.4666836456638	20.627145803941403	6.066161852225801
68.00001697470384	20.755329982225867	6.054263552855561
69.57501697029397	20.896122440341664	6.022181408139301
71.18335029912396	21.011698338794847	6.301159091954417
72.8250169611938	21.160896316798134	6.16191204591247
74.50835028981396	21.297486014970072	6.296674244438894
76.233350284984	21.42777157322643	6.301944941713068
77.99168361339389	21.553854371538986	6.3213683783091765
79.79168360835388	21.715660629373534	6.533564889006002
81.63335026986397	21.82283100793924	6.454725122549235
83.51668359792393	21.990941405689394	6.568667340476465
85.45001692584401	22.119125583973833	6.626877790951672
87.42501692031396	22.262019422061535	6.681988194678905
89.44168358133402	22.421724299924115	6.709535903716541
91.50835024221396	22.552009858180455	6.9045240421255745
93.62501690295403	22.711714736043117	6.796498670860337
95.79168356355399	22.852507194158832	6.98531608638426
98.00835022401384	22.989096892330863	6.956223520916829
100.2750168843338	23.15510591010904	7.044062289050345
102.5916835445139	23.30220250814051	7.102786196843964
104.9583502045539	23.44509634622804	7.125748435693932
107.3833501977638	23.61110536400627	7.17710782866885
109.8666835241438	23.745593682206398	7.400014878251675
112.408350183694	23.922109599844024	7.293287014294173
115.0083501764138	24.062902057959842	7.327411806645306
117.6666835023038	24.224708315794302	7.409035936578679
120.383350161364	24.373906293797596	7.435617497940161
123.1666834869038	24.554624971378903	7.668454966693115
126.0083501456138	24.695417429494636	7.504237130963962
128.916683470804	24.8467167874698	7.753469356894203
131.8916834624738	25.004320285360567	7.831779736099435
134.9333501206238	25.172430683110708	7.926401185216992
138.050016778564	25.353149360692115	7.831373468575025
141.2416834362939	25.491840438835936	7.918874332427411
144.500016760504	25.68096463630484	7.9809149159576185
147.833350084504	25.85537917397056	7.9331713147939125
151.250016741604	26.02138819174882	7.789492773421964
154.7416833984939	26.17899168963966	7.648778504937809