0.009999999999990905	0.428426341469218	0.5713544963986665
0.01999999999998181	0.824445511661384	1.3460415387413525
0.02999999999997272	1.5539128645369455	1.291388505255946
0.03999999999996362	1.8217526138058409	1.952981411425114
0.04999999999995453	2.434348546128165	1.8526502239044034
0.05999999999994543	2.639083694249242	2.694832517892946
0.06999999999993634	3.2592438231920795	3.2673997406575097
0.07999999999992724	3.6080031184441497	3.4524092126872876
0.08999999999991815	4.101819317989239	3.749223187719427
0.1009816608871006	4.483389479881676	3.6695549296008587
0.1133032870613988	4.946560102688429	4.86623219008678
0.1271283790159714	5.6035725169280575	5.807740471820262
0.1426403873214213	6.283436180762813	5.79567008461002
0.1600451469033715	6.937622698474405	5.316677173394853
0.1795736083470274	7.507183672175112	6.355252406906482
0.201484902470952	8.400332373452102	7.530861114270506
0.2260697788356083	9.240400119093842	8.338702000917047
0.2536544638135183	10.319342119502476	9.47325564791018
0.2846049894147882	11.420380415562942	10.535571386634055
0.3193320503097539	12.743588257747202	10.335380244486009
0.3582964534975872	13.798406738666301	11.189015210800143
0.4020152329352413	15.317715528798043	12.666416614807163
0.4510685102638945	16.712185821704544	13.238759484805431
0.5061071926705836	18.36275676864995	14.572349745845415
0.5678616100314002	20.063556827939852	15.235465522394463
0.6371512059448605	21.866112222098035	16.283263948897137
0.7148954112508363	23.807230994819957	16.442985396298862
0.802125844319221	25.645858694875585	17.505744434651714
0.8999999999987267	27.830350587458764	18.260204425204023
1.009816608870324	29.841520437048764	18.696874664486717
1.133032870613079	32.125120936866786	20.27796280848223
1.271283790158577	34.498182601250555	19.846202710642878
1.426403873212848	36.68125029728519	20.29143146338754
1.600451469032578	39.15465914247344	20.490836466610023
1.795736083469251	41.38179743585407	19.55032481127495
2.014849024708383	43.637306202871194	19.717690505100823
2.260697788355174	45.90053407052949	18.91695226043759
2.53654463813416	47.970195171654915	18.843899518169106
2.8460498941472	50.213718836138256	18.844842775812715
3.193320503097311	52.28078454295648	17.500209865109085
3.582964534975986	54.213552572591205	16.832937318861536
4.020152329352527	56.124614078439706	14.894230821305841
4.510685102638604	57.61173899185225	13.834161929281953
5.061071926705495	59.2768444329534	13.718147203313379
5.678616100313207	60.73416617364345	12.913525740237422
6.371512059447696	62.2118190463822	12.213631685077146
7.148954112507795	63.50615482764207	11.357796170942075
8.021258443191641	64.78494111953889	11.947903551435525
8.999999999986471	66.2075310654871	11.129365537762508
10.09816608870244	67.29696138176489	8.617790966856337
11.33032870613045	68.1481305743141	8.302789704142146
12.71283790158566	69.16076683449243	9.301719882719368
14.2640387321286	70.2304769967561	8.988160818024518
16.00451469032623	71.16709897739551	8.596205795962591
17.95736083469285	72.14194519611326	8.227370300348312
20.14849024708474	72.99002715137469	8.587944385929063
22.60697788355219	74.03504407318765	8.577054575173397
25.36544638134194	74.87356972010069	6.948177502643521
28.46049894147257	75.5528116516214	6.655959225754745
31.93320503097368	76.31757724474315	7.268422337533572
35.82964534976077	77.11977278195864	7.948332367975398
40.20152329352607	78.01839021762748	7.6160795732372835
45.10685102638649	78.73878662016024	6.869469640304767
50.61071926705506	79.46460486562196	6.839501532062672
56.78616100313172	80.16519637189268	6.7663217107075395
63.71512059447628	80.86068421741871	7.240442716910276
71.4895411250775	81.64070156831202	7.276174316426374
79.58954112507752	82.06527693946073	7.217635756284331
87.68954112507754	82.79536059741301	6.258947378257151
95.78954112507756	83.33744330811479	6.674913348201648
103.8895411250776	83.6558139755268	6.788643740544573
111.9895411250776	84.05767272284503	5.987587773536917
120.0895411250776	84.5397867957852	6.969903597636818
128.1895411250777	84.75582261620353	6.46011419040751
136.2895411250777	85.20832969388243	6.892513455263951
144.3895411250777	85.51068081903597	6.676603317042852
152.4895411250777	85.65712612191057	6.571041206426176
160.5895411250777	86.1405477275729	6.490293675813509
168.6895411250778	86.31935361611413	7.026534520928811
176.7895411250778	86.39771487747785	7.241439138543547
184.8895411250778	86.76086496022955	6.868178918319512
192.9895411250778	87.04980532498423	6.9528144854952005
201.0895411250779	87.06104207383272	7.2531837316340875
209.1895411250779	87.38582163543617	7.617729882469148
217.2895411250779	87.7024884564472	7.607863278471146
225.3895411250779	87.78788818757714	6.845531282730215
233.489541125078	87.9703051961472	8.02533013278645
241.589541125078	88.12953019896808	7.220797572363038
249.689541125078	88.22422001594224	6.6476136475190595
257.789541125078	88.5584344317649	6.168034704408661
265.889541125078	88.59551495799164	7.8361245558976735
273.9895411250781	88.78915682682859	6.679720158050813
282.0895411250781	88.87566694143156	7.964846614283251
290.1895411250781	88.88559339347316	8.154046296506346
298.2895411250781	89.29861124257472	8.225965850956417
306.3895411250782	89.14934463673337	6.7144717430862455
314.4895411250782	89.5351010339465	7.182121837326636
322.5895411250782	89.41198933233035	6.912357611593084
330.6895411250782	89.7731539938761	7.867269235203746
338.7895411250782	89.81744047828171	7.667869175352976
346.8895411250783	90.01016828888083	8.102983675783621
354.9895411250783	90.11421105111874	7.280339486260366
371.1895411250783	90.13977876086905	7.2311266061255814
387.3895411250784	90.30543214077835	8.71139632189025
403.5895411250784	90.58809040616777	8.359739520305242
419.7895411250785	90.71952304353775	7.011307456474285
435.9895411250785	90.96753426586844	7.190602829103776
452.1895411250785	91.13000027403163	8.926985916563751
468.3895411250783	91.31752671720523	8.496691805946822
484.5895411250781	91.5432301521974	8.611121933022458
500.7895411250779	91.61131760268908	7.166684357909847
516.9895411250777	91.60122330922039	8.042740184779543
533.1895411250775	91.75586047104291	7.798028353540082
549.3895411250774	92.07191894478193	7.465432615259023
565.5895411250772	92.18811523258341	7.243268229088654
581.789541125077	92.16745194860323	7.694438423502913
597.9895411250768	92.38544672840935	7.604528395236046
614.1895411250766	92.22640003110264	7.216442995184481
630.3895411250764	92.35562800812907	7.445141500694014
646.5895411250763	92.5217123609027	8.663150778993938
662.7895411250761	92.63686187724959	8.307339858550653
678.9895411250759	92.66531432128232	7.935959589569592
695.1895411250757	92.80876072102369	8.316448178470091
711.3895411250755	92.79931232033702	7.4348132859627745
735.6895411250753	93.02116285557518	7.605218146982009
759.989541125075	93.19401007247436	7.720239696733582
784.2895411250747	93.16726362196816	9.310109906574558
808.5895411250744	93.28290558992714	9.364089354766456
832.8895411250742	93.51792811103425	8.877856532990796
857.1895411250739	93.55760485404606	9.165747227551185
881.4895411250736	93.79925307785766	8.289142478682077
905.7895411250734	93.71291817072671	10.306507519727267
930.0895411250731	93.81432333141203	10.637946928089322
954.3895411250728	93.80130238511457	13.94629480616601
978.6895411250725	94.00518075857899	11.721859568368544
1002.989541125072	94.19776209057154	3.420488961316212