0.01000000000021828	0.828179160304435	0.6939832472449289
0.02000000000043656	1.5957264914108362	1.5206871795487966
0.03000000000065484	2.310353448005279	2.088715944539452
0.04000000000087312	2.977830489407825	2.590866737129888
0.05000000000109139	3.6028194377589453	3.029480612699626
0.06000000000130967	4.189224245296103	3.411497007073053
0.07000000000152795	4.74055210640618	3.743858886654395
0.08000000000174623	5.259833518686722	4.031391701790734
0.09000000000196451	5.749480521644697	4.281218505470663
0.1009816608893743	6.256339462842262	4.5164550841709685
0.1133032870638999	6.789442774207176	4.73890287931828
0.1271283790192683	7.347523994225056	4.944890811435564
0.1426403873247182	7.9280597995274515	5.130100332006963
0.1600451469075779	8.528789361116997	5.2924331392891935
0.1795736083513475	9.146706218862382	5.428661838781729
0.2014849024762953	9.778806419542278	5.539247171645008
0.2260697788424295	10.42218961307179	5.623330885404449
0.2536544638205669	11.073654238699422	5.68420187899514
0.2846049894233147	11.73105727967414	5.724077479209298
0.3193320503196446	12.391707761573539	5.748371898602273
0.3582964535089559	13.054709402669847	5.762098848001945
0.4020152329485427	13.718525742777567	5.771219291094255
0.4510685102795833	14.383633173991806	5.782054014811174
0.5061071926884324	15.04995077434035	5.799492839945401
0.5678616100522049	15.71908102678743	5.8293061021859325
0.6371512059686211	16.392271877955988	5.874332163063909
0.7148954112781212	17.07177960293248	5.938462854660439
0.8021258443495753	17.759748565258914	6.022271251837451
0.900000000032378	18.458567308419582	6.127112981885948
1.009816608908295	19.170692727311398	6.252049420400263
1.13303287065537	19.898297652800444	6.396554476115898
1.271283790205416	20.643718348973103	6.558984489944181
1.426403873265372	21.408749731204434	6.737899305524863
1.60045146909215	22.195397124506428	6.931313014507357
1.795736083535303	23.0049989060014	7.13708793102233
2.014849024782961	23.839069055197477	7.353707271053303
2.260697788438847	24.698597703872622	7.579705747942178
2.536544638227497	25.584762644135953	7.813360005796428
2.846049894251337	26.498158539381453	8.052750310986644
3.193320503214636	27.439522741355646	8.296678226885685
3.582964535107749	28.4091758155229	8.54395491802509
4.020152329499979	29.40758357382526	8.793263335320544
4.510685102803109	30.434765811574596	9.04334216024108
5.061071926889781	31.490900864656165	9.292742169049527
5.67861610052023	32.57567815040715	9.53985218565148
6.371512059680754	33.688908893684086	9.783656746995414
7.148954112768479	34.830053141394394	10.023186462960604
8.02125844348484	35.99870409752497	10.257230502094224
9.000000000314685	37.194048769868004	10.484360362559107
10.09816608907022	38.41535800909654	10.703941718744156
11.33032870654279	39.6616802188363	10.9154845221387
12.71283790204871	40.932181876716875	11.117882315035533
14.26403873264826	42.22566561749181	11.309576528977198
16.00451469090876	43.540948741389435	11.490676694138656
17.95736083534575	44.87687000215203	11.661301741233324
20.14849024781688	46.2322856305553	11.821324017594371
22.60697788437392	47.606016763097166	11.970542054719978
25.36544638226405	48.99688493875991	12.109029961101816
28.46049894250791	50.403739664243595	12.237200416147404
31.93320503213545	51.82550792598732	12.354231121029814
35.82964535106476	53.260856978792035	12.457478823146142
40.20152329498887	54.70810673408401	12.550903430760217
45.10685102802745	56.16684137796973	12.640863899595104
50.61071926889599	57.63684843802269	12.724395358999228
56.78616100519685	59.11701449668167	12.797228855129566
63.71512059679299	60.60611734668634	12.860875779638672
71.48954112767751	62.1033620286003	12.916595212191927
80.21258443483384	63.60777341477676	12.965873612281742
90.00000000313776	65.11884359451831	13.01084028420714
100.9816608906967	66.63601762889752	13.051279963580896
113.3032870654242	68.15864515286381	13.086773398828457
127.1283790204798	69.68596106846786	13.117934726152425
142.6403873264735	71.21732434841068	13.145421416919948
160.045146909084	72.75196695940797	13.169589998820276
179.5736083534612	74.28915195235804	13.190843003212692
201.4849024781761	75.82800254180519	13.209483945675885
226.0697788437446	77.3676263607236	13.225838699616448
253.6544638226442	78.90697336767546	13.240166542089483