0.4999999700594344	3.503540925848595	3.012847639889668
0.9999999700594344	5.3269353486071305	2.222695548323026
1.499999970059434	6.14087827468672	2.7485946000895862
1.999999970059434	7.097904474943805	3.319989020305529
2.499999970059434	7.855550546249782	3.350586174361216
2.999999970059434	8.478567172544086	2.9797564810045203
3.499999970059434	8.873881604498525	2.6268748443901684
3.999999970059434	9.180464019962704	2.2142298724456957
4.499999970059434	9.485555850707811	1.9211232947895645
4.999999970059434	9.658768294002916	2.085615355706367
5.499999970059434	9.808886144525816	1.155724592910033
5.999999970059434	10.053478446596118	1.1453712509826168
6.499999970059434	9.85521903647762	1.3233054257977621
6.999999970059434	9.976223480645222	1.3928787953730901
7.499999970059434	10.049186108237658	1.3837014322881005
7.999999970059434	10.247536746728482	2.264943248488928
8.499999970059434	10.380681428260033	2.0298140501236004
8.999999970059434	10.537072749850969	2.185362663554721
9.499999970059434	10.728773882611593	2.1168900839074616
9.999999970059434	10.799286724313339	2.2351346222313366
10.49999997005943	10.847448614803387	2.0644195808536874
10.99999997005943	10.919701746311878	1.9957367863772928
11.49999997005943	11.038429999148722	1.8037607575047674
11.99999997005943	11.219167393011366	2.230443066758019
12.49999997005943	11.231219269180452	2.3677386924237207
12.99999997005943	11.309564978927256	2.567467591263904
13.49999997005943	11.471467797467097	2.460437439654798
13.99999997005943	11.485249624227308	2.682448367378609
14.49999997005943	11.693754241206806	2.662252726863437
14.99999997005943	11.767013578219574	2.9863044048955527
15.49999997005943	11.883392657027843	3.212596134972952
15.99999997005943	11.922192778837326	3.071452214380837
16.49999997005943	12.056727172573492	2.9316559258527857
16.99999997005943	12.228406544793216	2.5177969907947735
17.81583397006034	12.384617234207022	3.435578647110352
18.31583397006034	12.514980406109412	3.127148924576615
18.81583397006034	12.58579039165241	3.6413722827921196
19.31583397006034	12.647110975677807	3.6482802561804224
19.81583397006034	12.597881105042868	3.5935109564046894
20.31583397006034	12.548656881878498	3.6667642002426315
20.81583397006034	12.582335964172437	3.338283768406098
21.31583397006034	13.112916354524732	3.2097815617521044
21.81583397006034	13.067091039859518	3.0944867980428574
22.81583397006034	13.362880096271423	3.4843369235335286
23.81583397006034	13.54547177196403	4.2870014264689384
24.81583397006034	13.563648721048839	4.047927123402399
25.81583397006034	13.716018609104943	3.026120894646288
26.81583397006034	13.949873244872235	2.4621049776248305
27.81583397006034	14.091980462350344	2.500521352447082
28.81583397006034	14.188189469349576	2.3440355631612513
29.81583397006034	14.231533893593374	2.6630959718062526
30.81583397006034	14.26447854404828	2.1716754801885183
31.81583397006034	14.291356333977372	1.5087658503811254
32.81583397006034	14.462199619886153	1.8055500780678466
33.81583397006034	14.53853734971673	1.83893481975366
34.81583397006034	14.646994851748383	2.48373775974731
35.81583397006034	14.578446547880844	2.4535142407728863
36.81583397006034	14.563697092185128	3.3079887455304435
37.81583397006034	14.561961841659997	3.3493212319251655
38.81583397006034	14.806694027234446	2.9526106009900692
39.81583397006034	14.898721473184521	2.7646052519128275
40.8116669700612	15.17144634628164	2.7090208954747586
41.8116669700612	15.180134675806345	3.141760352309738
42.8116669700612	15.478250403248424	3.07362686743259
43.8116669700612	15.488683888092972	3.435890519117333
45.3116669700612	15.594771363896541	3.812341351411203
46.8116669700612	15.644345730242211	3.80368118308161
48.3116669700612	15.737421694284425	3.735532686953528
49.8116669700612	15.693925744058445	3.027251729175785
51.3116669700612	15.800933670696422	3.0127232076232917
52.8116669700612	16.270166195395838	2.8087601986647046
54.3116669700612	16.377316438294567	3.0073554442657997
55.8116669700612	16.546371300569707	3.8108117684426928
57.3116669700612	16.561188525913305	3.862871791199586
58.8116669700612	16.76868268006452	3.8608609144013384
60.3116669700612	16.74601043121394	3.702317581588572
61.8116669700612	16.697181965417098	1.9859316651109666
63.3116669700612	16.793100258003317	1.869385994938091
64.8116669700612	17.171748048297317	1.9804581109788162
66.62277797006027	17.11763537452472	2.1507607146486714
68.62277797006027	17.3280143435761	1.7783130448054174
70.62277797006027	17.348970543301764	2.227252325332699
72.62277797006027	17.101053792460903	1.8941280266450564
74.62277797006027	17.32452177394812	0.6244542417041493
76.62277797006027	17.405731793932414	0.8748900921811674
78.62277797006027	17.495691831197984	0.18969216791707633
80.62277797006027	17.651200409681728	0.7584614319898313
82.62277797006027	17.530632732206985	0.8206757622597801
84.62277797006027	17.552472283228916	1.4345211843830181
86.62277797006027	17.412718323335106	2.2683871217468696
88.62277797006027	17.442412289674795	3.9754001926136584
91.12277797006027	17.369927698753266	3.776081753946972
93.62277797006027	17.588291409368505	2.972450614730034
96.2102779700599	17.7018836786136	2.609399063319021
98.7102779700599	18.142551470453963	3.598798433517608
101.2102779700599	18.8736032548582	2.713273591998338
103.7102779700599	18.807890155033203	2.4376460551937638
106.2102779700599	18.647591305046607	2.520410281596638
108.7102779700599	18.654597644038677	2.463925378415865