3.0	76.02823442569212	230.46518813765874
3.5	57.96829698945525	81.0294134455951
4.600000000000364	60.14348701088413	6.76157425751427
5.100000000000364	60.63643815678629	0.8792734481599056
5.600000000000364	61.40861337833937	0.5042857363548636
6.600000000000364	59.91597109739071	1.1467128132188276
12.10000000000036	58.76460268668192	1.3352802114067557
12.60000000000036	58.73013057857685	1.0074000312263012
13.10000000000036	58.86457180018661	0.8310942592888679
13.60000000000036	58.7542610542505	1.173133221125376
14.10000000000036	58.96454091369114	0.9331075613094758
14.60000000000036	59.15413750826905	0.9563652460109769
15.10000000000036	59.07140444881691	1.101352546725167
15.60000000000036	59.08519329205893	0.9796131758595847
16.10000000000036	59.14379587583747	1.1726581565604455
16.60000000000036	59.08519329205893	0.7281825444157496
17.10000000000036	59.188609616374	0.40436117482416795
17.60000000000036	59.192056827184715	0.447359991124486
18.10000000000036	59.17826798394256	0.7253970589019393
18.60000000000036	59.2541066217736	4.272675392510208
25.10000000000036	58.26130990834832	1.0982477384191214
27.10000000000036	58.28544038402192	3.4407295092757875
28.10000000000036	58.140657529980494	4.202775456787684
29.10000000000036	59.68845518389738	5.524099179749456
30.10000000000036	59.88149898928562	3.998556656857634
31.10000000000036	60.10212048115812	0.8980362003206447
32.10000000000036	60.098673270347504	0.9427394094087364
33.10000000000036	60.19864238385207	2.2791108340889665
50.10000000000036	58.46814255697861	2.3818014980190947
51.60000000000036	58.3923039191473	3.6105977218086895
53.10000000000036	58.347490178610826	3.528149668011284
54.60000000000036	58.26475711915879	2.557547743262609
56.10000000000036	58.31991249212685	3.712096710388918
57.60000000000036	59.39199505419393	3.076681924003688
59.10000000000036	59.71603287038145	1.96260505790482
60.60000000000036	59.62640538930822	1.8768610535701413