0.002755824709652188	4616.060527728876	5020.701330432579
0.005533602612899813	11919.264993764367	15935.953617567264
0.008311380341524455	19694.39924032863	34147.88976999249
0.0110891580701491	32605.401980036437	47442.29148461953
0.01386693579877374	43661.78554166386	61130.77817023244
0.01664471370202136	56549.01111242243	84919.0791899735
0.01942249143064601	71504.8503818071	100767.73013580916
0.02220026915927065	84938.95083840861	112409.16869018957
0.02497804706251827	98372.97066526163	122148.97274294481
0.02775582479114291	112389.17530708555	136489.24976326688
0.03053360251976756	125307.00616096357	142294.12577825377
0.0333113802483922	139251.5777296602	146883.9810143033
0.03608915815163982	150163.68253598586	154536.30421165598
0.03886693588026446	161792.11807357927	156136.02523278084
0.04164471360888911	173038.51055449655	163973.00754558816
0.04442249151213673	183644.23984582027	167889.8689782316
0.04720026924076137	194432.45508081286	170157.13757459685
0.04997804696938601	204717.2202715056	172323.46734151663
0.05275582469801066	213347.7924595008	168143.84279845018
0.05553360260125828	222266.0503870943	166801.52191877508
0.05831138032988292	230992.51782162164	163536.6070236141
0.06108915805850756	238112.73987671756	160971.8962767606
0.0638669357871322	244321.95708974698	159330.86944360074
0.06664471369037983	251609.9958262747	155968.508344441
0.06942249141900447	257987.02972073728	151537.88436951142
0.07220026914762911	264112.3885081606	149700.8911978709
0.07497804705087674	269358.7042011449	148312.42774904906
0.07775582477950138	274869.742245612	142244.4236945684
0.08053360250812602	280140.12360691215	135856.0414819531
0.08331138023675067	284808.8632603028	132796.12309697596
0.08608915813999829	289164.74922557897	130060.06331527852
0.08886693586862293	292967.1248195777	126794.38507783212
0.09164471359724757	296552.90939872747	122709.32371554474
0.0944224915004952	299609.24927491526	116801.69713469145
0.09720026922911984	303267.23085901525	112450.84742285544
0.09997804695774448	306395.76774015254	109582.68548669912
0.1027558246863691	309789.02697277087	106966.1702960327
0.1055336025896168	312460.31615589594	103481.18233967299
0.1083113803182414	315300.0650172365	100805.13079642171
0.111089158046866	317490.04083403206	100257.12513815814
0.1166447136787383	321990.3208092077	92945.63560261509
0.1222002691359876	326514.6664526985	88167.67526209017
0.1277558247678599	329907.92568531825	81870.6246967829
0.1333113803997321	333565.90726941614	80675.48160825901
0.1388669358569814	336381.5904624411	76094.91546653913
0.1444224914888537	339726.7183584264	71775.6554213697
0.149978046946103	341844.4971702728	70807.16349612732
0.1555336025779752	344876.77137814584	67033.68073030467
0.1610891580352245	346903.17319699115	66785.89579879293
0.1666447136670968	348835.44488180947	63394.26715312797
0.1722002691243461	350816.0233587457	61951.21474863853
0.1777558247562183	353038.13579628547	59991.56411081812
0.1833113803880906	354608.1065401997	57841.1709186191
0.1888669358453399	356878.5257698613	56545.08049144543
0.1944224914772121	357820.50821620785	55920.801670452856
0.1999780469344614	359366.3255640609	54515.55857636938
0.2055336025663337	361395.21083311905	55294.17474472041
0.211089158023583	362143.96611098474	53597.143316005015
0.2166447136554552	363858.8572312612	52440.799724282966
0.2222002692873275	364873.2998657903	50295.98939220495
0.2305336024732014	366708.9579663652	49808.662670211896
0.2388669358336983	368303.0821063402	48439.17424729561
0.2472002691941952	370525.19454387994	46747.944185996406
0.2555336025546922	371853.63132719335	45146.458125904006
0.2638669359151891	373520.2156553454	44622.284527935735
0.272200269275686	374413.89130957576	44792.45144201921
0.2805336024615599	375645.71450864617	42900.08267270033
0.2888669358220568	376660.15714317287	39565.68844891521
0.2972002691825537	377795.3667580054	39169.33057793363
0.3055336025430506	379075.49674919544	38665.61954051221
0.3138669359035475	380065.78598766366	37240.98129664883
0.3222002692640444	381490.8363552168	37576.32674251512
0.3305336026245413	382022.2110685429	36674.97979332181
0.3416447137136629	383133.26728731324	35979.09554755883
0.3527558248027845	384268.47690214246	34216.96357396252
0.363866935891906	385331.2263287907	34940.78362559274
0.3749780469810276	386393.9757554407	32948.14593586102
0.3860891580701491	387215.19122148707	32640.307315296297
0.3972002691592707	388591.93479692045	30717.429634891487
0.4083113802483922	388833.4687575229	31263.317815251587
0.4194224915121367	389364.8434708471	30261.451649625265
0.4305336026012583	390862.3540265804	30057.168655243626
0.4416447136903798	391200.50157142384	29109.74859035789
0.455533602508126	392263.2509980725	29299.65697106654
0.4694224915004952	392770.4723153382	27279.17250191223
0.4833113803182414	393784.9149498663	29058.34781008113
0.4972002691359876	394437.0566434928	28566.410000246957
0.5110891581283568	395306.57890166115	26199.846175100243
0.524978046946103	395958.72059528594	27603.155621733476
0.5388669359384721	396755.7826652716	26137.683800957348
0.5527558247562183	397383.7709628382	27284.876031729433
0.5694224914772121	398277.4466170672	25818.57913301647
0.586089158023583	398712.2077461498	25369.147835426975
0.6027558247445768	399460.9630240159	24835.267871919674
0.6194224914655706	400306.3318861249	26524.88113779023
0.6360891580119414	400765.2464112682	24151.583961254244
0.6527558247329353	401514.00168913393	23409.1684017319
0.6694224914539291	401972.91621427797	22287.90960096538
0.6888669359035475	402480.1375315436	21970.148619967207
0.708311380353166	403180.58601728914	20939.730176145713
0.7277558248027844	404364.10242423974	22080.447569770422
0.7472002692524029	404412.40921635967	20925.03786497474
0.7666447137020214	404823.01694938424	19591.818707650094
0.7860891581516398	405233.6246824062	20056.849720670427
0.8083113803298829	405547.6188311905	20774.130139044377
0.830533602508126	405958.2265642131	20140.083130306466
0.8527558246863691	407141.74297116365	17164.54526967158
0.8749780470392352	407214.2031593457	18271.44694937838
0.8972002692174783	407528.19730812736	18150.380364480654
0.922200269124346	408156.1856056946	19472.439926343133
0.9472002692058368	408832.4806953792	19335.235427043168
0.9722002692873275	409291.3952205233	19254.841518633002
0.9972002691941952	409726.15634960664	19249.830014247036
1.024978047004311	409943.53691414976	17458.043450951474
1.052755824814426	410329.9912511109	18351.574905516245
1.080533602624541	411151.2067171594	18495.908166144276
1.108311380260034	411682.5814304857	17775.256351780954
1.138866935798774	411755.0416186645	16497.102343032766
1.169422491512137	412334.7231241096	16722.642529834215
1.199978047050877	412769.4842531927	16892.914284498253
1.230533602589617	412841.9444413749	17396.297720758856
1.263866935856981	413494.0861350014	18797.535763070908
1.297200269124346	414073.76764044585	16735.328160467503
1.330533602566334	414339.4549971068	17232.472240597413
1.366644713736946	414605.1423537712	18759.977899260954
1.402755824732935	415088.21027497447	17500.15448865138
1.438866935903548	415571.2781961793	18371.333855515568
1.477755824802784	415933.57913708116	19107.712725794547
1.516644713702021	416778.9479991891	17223.64203287906
1.555533602601258	416875.5615834295	17187.032096934836
1.59720026922912	417576.0100691759	17700.14529259846
1.638866935856981	418131.5381785614	17905.76439378802
1.680533602484843	418252.3051588629	19276.68942402918
1.724978047015952	418976.9070406686	19489.98717501672
1.769422491372438	419290.9011894527	20133.35950519008
1.816644713632172	419315.05458551197	17069.91965835606
1.863866935891906	419846.42929883616	18860.31139250603
1.913866935880265	420305.34382398106	17694.87493781293
1.963866935868623	420619.33797276224	18804.79061321756
2.013866935856981	421513.0136269907	18750.32613855746
2.066644713573965	422068.54173637566	17576.027701190505
2.119422491465571	422599.9164497019	17040.374716230614
2.174978046911178	422406.6892812178	19367.932681620227
2.230533602531409	423082.98437090503	19028.496090453555
2.288866935880265	423372.8251236288	18758.35013574767
2.34720026922912	424242.34738179523	18011.4241472524
2.4083113803066	424387.2677581564	19143.058542123046
2.46942249138408	424701.26190694043	17825.33378601378
2.533311380364808	424846.18228329957	18172.499334196284
2.599978046899537	425570.7841651079	19618.90489388411
2.666644713608889	425981.3918981303	17650.38093492563
2.736089158046866	426319.53944297397	18091.36151836442
2.805533602484843	426391.99963115435	17392.751779718204
2.877755824826068	427599.6694341656	17945.974682014512
2.952755824721294	427720.4364144666	18321.4848243517
3.027755824791143	428324.27131597087	17198.421596805394
3.105533602589617	428589.95867263386	18626.171788907686
3.186089158116715	428638.26546475524	18914.711448454495
3.269422491372438	429048.87319777923	20391.469530689497
3.352755824802784	429652.70809928456	21257.79489861741
3.438866935787132	429990.855644126	16570.53644817367
3.527755824674728	430401.46337715036	17782.196472683743
3.619422491465571	430208.23620866914	16327.33654084778
3.713866935810415	431322.2517873676	18007.86197115024
3.808311380329883	431782.75720218854	18416.508660671792
3.905533602577975	432534.108142158	19507.607255845687
4.005533602554692	432873.4279214995	18308.490911691668
4.108311380260034	432655.2937776369	17855.570043674237
4.213866935868623	433018.85068407404	17190.611715484334
4.322200269205837	433479.3560988939	18317.01711714969
4.433311380271675	433721.7273698525	20963.946220653474
4.547200269240761	434376.1298014385	17074.609394344912
4.663866935938472	434448.84118272655	17169.081267280642
4.783311380364808	435127.4807414093	16563.836340375416
4.905533602519768	435345.61488527275	16441.506963962776
5.030533602577975	435660.69753751665	18190.09317689823
5.158311380364808	435757.64604590036	18501.16226438509
5.291644713608889	436508.99698587065	17431.24567847324
5.427755824756218	437163.3994174574	18204.350164629253
5.566644713632172	436969.50240069086	17342.62466262262
5.708311380236751	437405.7706884145	19101.224973470547
5.855533602473201	437938.9874845223	18370.4130018535
6.0055336026129	438205.5958825775	18785.87013940025
6.1583113803066	438544.9156619192	19613.244342453454
6.316644713632172	438956.94682254654	19217.349064704806
6.477755824686369	439078.13245802576	17703.283626651006
6.644422491372438	439562.87499994243	18103.2287499501
6.813866935787132	439853.7205250906	19969.60377505537
6.988866935833698	440459.6487024875	19295.480793530565
7.166644713608889	440871.6798631164	19164.980229128683
7.349978047015952	441186.7625153606	19745.218008313197
7.538866935880265	441719.9793114687	20529.302584262707
7.730533602473201	441695.7421843736	19845.63545338617
7.927755824698011	441889.6392011399	19635.30136610005
8.130533602554692	442277.43323467264	20872.674782716193
8.338866935868623	443053.02130173764	20593.740288637062
8.552755824814426	443392.3410810793	20967.66008265675
8.772200269217478	443537.7638436533	20846.797208992644
8.997200269252403	443998.2692584739	19662.883993294963
9.227755824744577	444410.3004191027	19612.300790649446
9.463866935868623	444943.51721521147	19101.27938974704
9.705533602624541	445137.4142319767	20221.388354166247
9.952755824837709	445331.31124874426	20871.694375971063
10.20553360250813	445816.0537906605	20218.58949669312
10.46664471371366	446203.84782419266	18684.13993989806
10.73331138037645	446567.40473062976	17940.362976735334
11.00553360249648	447027.9101454499	15372.309075680885
11.28608915815164	447052.14727254654	19110.449203769775
11.57220026926404	447318.7556706	21039.897100700753