0.06753234134521335	5.150484803655431	44.62783135470861
0.2341990082059056	38.577912815755646	9.171786832711334
0.4008656747173518	39.39197878649808	7.9264140870457345
0.567532341403421	43.57705951249059	3.7763727384378964
0.7341990080894902	42.971707084808784	0.14625477377653967
1.234199008147698	42.570079031827554	0.9105913254515665
1.400865674833767	42.704786577547964	0.8985525750782657
1.567532341345213	42.78793938354822	0.5933792147816875
1.734199008205906	42.83367342684837	0.3980544672698184
1.900865674717352	42.89770108746856	0.25038794014728316
2.067532341403421	42.8852281665685	0.11467905218951888
3.067532341345213	42.82369509012837	1.386382772972419
3.234199008205906	42.81870592176832	0.43247910353805424
3.400865674717352	43.10142546216916	0.8022128340221033
3.900865674600937	42.863608437008494	0.7850973190636169
4.067532341461629	42.71892255456801	10.269806346352885
4.234199008147698	41.40261363558409	22.013889608708133
4.400865674833767	43.22033397474956	30.79159813708748
4.567532341345213	45.15280518619533	42.74988967482417
4.734199008205906	47.16842920364139	56.066181537736995
4.900865674717352	49.047682619246984	51.783317702683355
5.067532341403421	51.406727725474056	46.396894241433024
5.23419900808949	54.49918058062334	33.993379335683876
5.400865674600937	54.837612501044354	27.60341615161162
5.567532341461629	54.92658600346459	21.212368994750907
5.734199008147698	54.791046929684235	13.250783436558923
5.900865674833767	54.73949218996404	2.5139520198185443
6.067532341345213	54.754459695044105	2.394533159998524
6.234199008205906	54.71620940428397	3.8474883928751082
6.400865674717352	54.79270998580423	5.181533530063225
6.567532341403421	55.04133687574494	5.4255972371670165
6.73419900808949	55.27749084478566	6.762669067629764
6.900865674600937	55.70489626762696	6.4981134151913595
7.067532341461629	55.9543546856277	6.978934633563627
7.234199008147698	56.080746950748086	6.777231017088257
7.567532341345213	56.23457964184853	4.991246193445851
7.900865674717352	56.39506455742905	1.865766995569487
8.23419900808949	56.382591636528986	0.991484799675744
8.567532341461629	56.38425469264898	1.1979699210478187
8.900865674833767	56.33519453710882	2.4707737845474687
9.234199008205906	56.35265662636888	2.5654106926705786
9.567532341403421	56.50482626134935	8.877654976223866
9.900865674600936	56.855731102670404	14.12836197719416
10.2341990081477	57.125146194111196	16.57873900124871
10.56753234134521	57.106852576791184	13.345314393614418
10.90086567471735	58.72750076573601	15.680995826728298
11.23419900808949	59.815139468219265	19.405105784353353
11.56753234146163	60.11698415400018	20.521874086894762
11.90086567483377	59.335347777597796	23.333567953702815
12.23419900820591	60.214272937020475	16.90441540416104
12.56753234140342	61.365939300123905	16.065267073326353
12.90086567460094	61.73680081488502	15.093840147870434
13.2341990081477	61.70686580472493	15.062903412065058
13.56753234134521	62.66561765790785	19.74533037073737
13.90086567471735	62.657302377307786	17.42000869329227
14.23419900808949	63.40900374355003	14.146536708705167
14.56753234146163	63.35661747576985	12.718265070582584
15.06753234134521	63.81063179653122	13.052229476904643
15.56753234140342	64.2072706811524	12.84760823516387
16.06753234146163	64.62552929533372	8.522956440393623
16.56753234134521	64.67126333863384	10.228302527365237
17.06753234140342	64.83174825421432	9.412898556543277
17.56753234146163	65.41132331203605	9.088171734164144
18.06753234134521	65.3032246642357	7.625752584201687
18.56753234140342	65.6624447861568	8.850764861908734
19.06753234146163	65.83124498233735	9.483104234777306
19.56753234134521	65.98175156119777	8.8630909003966
20.06753234140342	66.28193319085865	8.027011729502913
20.56753234146163	66.37173822133894	8.938097880157741
21.06753234134521	66.59375621335955	8.005675884299261
21.56753234140342	66.8390569910603	8.30593654155396
22.06753234146163	66.90890534810056	8.430160194973727
22.73419900820591	67.26978852614164	7.532144662121346
23.40086567460094	67.39036009484197	7.914572005921996
24.06753234134521	67.53088833698239	7.216567933283035
24.73419900808949	67.75456938512308	7.244515511513827
25.40086567483377	67.86848872934343	6.943072437437333
26.06753234140342	68.01733225208388	6.317062756604274
26.7341990081477	68.21689898648442	6.601988328542769
27.40086567471735	68.28508428740467	6.0880376609095
28.06753234146163	68.42977016984513	6.253302085348773
28.73419900820591	68.55200479466544	6.337422913909799
29.40086567460094	68.6966906771059	5.551225723296388
30.23419900820591	68.88461601866643	6.044739741355716
31.06753234146163	68.8970889395665	6.5096743364306455
31.90086567471735	69.14322124532723	7.657914124023274
32.7341990081477	69.26711892626759	7.470615234972752
33.56753234140342	69.21805877072744	9.065820733895878
34.40086567483377	69.53320790546839	8.72140193648622
35.23419900808949	69.69286129298887	9.415199546947198
36.06753234134521	70.06455433581	8.781905124305968
36.90086567460094	70.12941352449019	8.622255106870798
37.90086567471735	70.56430269987146	9.590769450377234
38.90086567483377	70.71397775067193	8.690350129735306
39.90086567460094	70.88028336267244	8.131138769539593
40.90086567471735	70.98505589823273	6.967595830124087
41.90086567483377	71.05823036751292	6.455339480547411
42.90086567460094	71.18794874487335	3.855405945113042
43.90086567471735	71.2711015508736	3.7301314976224806
45.06753234134521	71.38335783897395	3.2563201024837825
46.2341990081477	71.51390774439432	2.7403622047365643
47.40086567460094	71.48646731841423	2.759145785787244
48.56753234140342	71.35841199717386	2.1231643144282586
49.73419900820591	71.47399439751418	1.8266594935145533
50.90086567483377	71.37753714255393	2.8404969294500715
52.2341990081477	71.52222302499436	1.895133810215497
53.56753234146163	71.48813037453424	5.203876188038014