0.0002000000000066393	18.220780562179087	9.701768281772083
0.000300000000009959	18.220780562179087	37.04963186719778
0.0004000000000132786	36.441561124486775	73.6532431018241
0.0005000000000165983	54.66234168653728	91.71710453059677
0.0006000000000199179	72.88312224884493	109.83457649083881
0.0007000000000232376	91.10390281089542	127.98213815200779
0.0008000000000265574	109.32468337320313	146.14832064877262
0.0009000000000298769	127.54546393538223	236.53676020025893
0.001009816608899428	163.98702505974035	316.5305815737942
0.001133032870654915	200.4285861840986	395.66381892667954
0.001271283790188704	255.09092787063588	553.9300852429083
0.001426403873253435	327.9740501193523	712.1969120795173
0.001600451469073505	419.0779529302477	870.4643979149553
0.001795736083494148	528.4026363034507	1107.866089111276
0.002014849024746468	674.1688808008832	1503.535957864471
0.002260697788400989	874.5974669849824	2057.475397839447
0.002536544638189753	1147.9091754177964	2769.686123426739
0.002846049894216662	1512.3247866613785	3877.5733169837877
0.003193320503186214	2040.7274229648292	5381.140552704268
0.003582964535056021	2751.3378648900707	7359.530706952205
0.004020152329431426	3735.260015247999	9971.020731807326
0.004510685102744105	5047.15621572528	12978.217406369704
0.005061071926817817	6723.468027446397	16222.860647986607
0.005678616100439626	8782.416230973275	19467.551983532518
0.006371512059573092	11205.780045743875	22474.889373405076
0.007148954112665251	13957.11791063381	24928.325432342263
0.008021258443363877	16945.325922832188	26353.026236893722
0.009000000000199293	20024.637837841386	26828.115770562647
0.01009816608890901	23122.17053341283	26195.28307828907
0.01133032870637862	26055.7162039247	24533.64498041785
0.01271283790185862	28770.61250769026	22238.86168771199
0.01426403873243487	31175.755541898685	19310.904263152825
0.016004514690664	33216.482964863404	16224.602394042835
0.01795736083506938	34911.015557146595	13217.365235629835
0.02014849024750731	36259.353318748224	10447.483321734562
0.0226069778840241	37316.15859135511	8073.248022285179
0.02536544638186911	38117.872936091284	6094.675554463315
0.02846049894206715	38719.15869464331	4590.935342387586
0.03193320503163477	39174.6782086979	3403.737912226803
0.03582964535051758	39502.65225881725	2612.2787731941157
0.04020152329434268	39775.963967249925	2137.409632033923
0.04510685102729894	39994.61333399621	1741.6793541250004
0.05061071926809291	40176.82113961816	1504.2630480404382
0.05678616100429679	40340.80816467791	1425.1838376429732
0.06371512059578777	40504.7951897374	1425.2827503222459
0.07148954112653882	40668.78221479711	1425.3937322091924
0.08021258443356771	40832.76923985681	1425.518255976551
0.09000000000172292	40996.756264916294	1404.2942787033535
0.100000000001728	41142.52250941402	1353.973046086997
0.1100000000017332	41270.06797334926	1334.4627505256205
0.1200000000017525	41379.392656722215	1365.4481182599568
0.1300000000017434	41488.717340095434	1360.0573787740109
0.1400000000017485	41598.04202346847	1391.4881190569872
0.1500000000017536	41689.14592627937	1354.400938775319
0.1600000000017445	41780.24982909039	1381.4908706913086
0.1700000000017639	41853.132951339125	1399.5118341919303
0.180000000001769	41944.236854150186	1298.6833521421634
0.1900000000017741	42017.11997639885	1377.0857440694324
0.2000000000017792	42071.78231808546	1253.1147065527857
0.2100000000017843	42144.6654403341	1264.2078087721318
0.2200000000017894	42199.32778202069	1267.002352199144
0.2300000000017946	42253.990123707146	1324.787477705092
0.2400000000017997	42308.652465393876	1318.5138660831833
0.2500000000018048	42363.31480708028	1287.8443182404849
0.2600000000018099	42417.977148766775	1339.6119432035778
0.270000000001815	42472.63949045339	1299.8434299129888
0.2800000000018201	42509.08105157786	1366.940277930643
0.2900000000018252	42563.74339326439	1308.5394069744505
0.3000000000018304	42600.184954388744	1259.8891202821096
0.3100000000018497	42654.84729607529	1330.8315536766027
0.3200000000018406	42691.28885719963	1301.2157919301076
0.3300000000018457	42727.73041832398	1275.9575730341996
0.3400000000018508	42764.17197944829	1314.8420931989572
0.3500000000018417	42800.6135405727	1282.7518064685626
0.3600000000018611	42837.05510169709	1319.374332628303
0.3700000000018662	42873.496662821526	1262.07113311412
0.3800000000018713	42909.93822394574	1323.176255100551
0.3900000000018764	42946.3797850702	1286.4471217670678
0.4000000000018815	42982.82134619453	1298.2976919829389
0.4100000000018866	43001.04212675677	1259.0872852076902
0.4200000000018918	43037.48368788105	1267.0741368576535
0.4300000000018969	43073.92524900552	1243.4761079433688
0.440000000001902	43092.14602956772	1250.038087693264
0.4600000000019122	43146.80837125423	1307.0572233065222
0.4800000000019224	43201.47071294081	1202.985290938891
0.5000000000019469	43256.13305462743	1291.0641786095866
0.5200000000019429	43310.79539631392	1254.330400832455
0.5400000000019389	43347.23695743819	1229.931890228648
0.5600000000019634	43401.899299124816	1275.890844598798
0.5800000000019736	43438.340860249176	1221.4207031122774
0.6000000000019838	43474.78242137341	1263.6830390696562
0.6200000000019941	43529.44476306013	1237.0086161283878
0.6400000000020043	43565.88632418446	1241.0449130056038
0.6600000000020145	43602.32788530894	1280.1657405312876
0.6800000000020248	43638.76944643323	1319.3078569494628
0.700000000002035	43675.21100755765	1197.5626817839798
0.7200000000020452	43711.65256868195	1232.1357699809391
0.7400000000020555	43748.09412980634	1266.7264520087836
0.7600000000020657	43784.535690930585	1257.7902620633715
0.7800000000020759	43802.756471492925	1202.0502497148866
0.8000000000020862	43839.19803261715	1248.552670131928
0.8200000000020964	43875.63959374168	1243.8026701784001
0.8400000000021066	43893.86037430383	1237.7446452581528
0.8600000000021168	43930.301935428164	1205.6613305759026
0.8800000000021413	43948.52271599034	1255.5487012182853
0.9100000000021424	44003.18505767693	1213.7802444054346
0.9400000000021578	44039.6266188014	1267.7569382721547
0.9700000000021731	44076.06817992568	1242.6885428102341
1.000000000002189	44112.50974105009	1297.5040127498419
1.030000000002204	44148.951302174304	1178.5342645079988
1.060000000002219	44185.39286329885	1213.3316208587642
1.090000000002235	44221.834424423345	1248.153632429541
1.12000000000225	44258.27598554752	1187.5218611293055
1.150000000002251	44276.49676610957	1257.1054586734138
1.180000000002281	44312.93832723407	1217.1598673411268
1.210000000002296	44349.37988835853	1214.0297326999064
1.240000000002311	44367.6006689206	1178.1166306613777
1.270000000002327	44404.04223004513	1207.681891405763
1.300000000002328	44440.48379116933	1264.009773149664
1.330000000002357	44458.70457173154	1268.2345519144856
1.370000000002378	44495.14613285603	1268.2635636695393
1.410000000002398	44531.58769398034	1220.3551898356966
1.450000000002433	44568.02925510468	1211.191581087578
1.490000000002425	44604.47081622908	1284.8135925442273
1.530000000002445	44640.91237735338	1275.773232514263
1.57000000000248	44659.13315791571	1219.277747148772
1.610000000002501	44695.574719039956	1224.3204962765033
1.650000000002521	44732.01628016431	1231.8695739797201
1.690000000002542	44750.23706072655	1241.6662952206837
1.730000000002562	44786.67862185102	1227.7506309492903
1.770000000002582	44804.89940241299	1224.1775926668754
1.820000000002608	44841.34096353752	1229.5817127300918
1.870000000002619	44877.78252466178	1184.9577822106012
1.920000000002659	44914.22408578629	1231.9936358488812
1.970000000002685	44932.44486634845	1207.5587741744105
2.020000000002725	44968.886427472746	1219.5820111137791
2.070000000002736	45005.32798859717	1236.0375668752304
2.120000000002762	45023.548769159424	1229.4390790403593
2.170000000002787	45059.99033028365	1230.5656542937597
2.230000000002818	45078.21111084571	1264.814277132927
2.290000000002834	45114.65267197016	1200.0595413375943
2.350000000002879	45151.09423309472	1255.6065404058686
2.41000000000291	45187.535794218886	1239.8811656710736
2.470000000002941	45205.756574781255	1191.08553182183
2.530000000002971	45242.198135905455	1274.6507114898584
2.590000000003016	45260.41891646765	1213.6405395745412
2.650000000003033	45296.86047759209	1226.1252020406096
2.720000000003068	45333.302038716465	1159.7172878095112
2.790000000003104	45351.52281927869	1232.3611891451997
2.860000000003126	45387.9643804032	1227.7941475614434
2.930000000003176	45406.18516096521	1223.5375875665027
3.000000000003212	45442.626722089524	1219.564895878945
3.070000000003248	45460.8475026519	1156.297201694225
3.150000000003288	45497.28906377608	1233.981569465013
3.230000000003329	45533.73062490049	1233.9768013857697
3.31000000000337	45551.951405462605	1234.0317332686473
3.390000000003425	45588.39296658711	1234.141116946563
3.470000000003452	45606.613747149146	1234.3002870003038
3.560000000003498	45643.05530827365	1238.108078081039
3.650000000003544	45679.49686939786	1241.8050024230563
3.74000000000359	45697.717649960156	1245.3979855893147
3.830000000003636	45734.159211084596	1248.8933862252352
3.920000000003697	45752.37999164658	1252.2970531090857
4.020000000003734	45788.82155277111	1258.8697234161245
4.120000000003785	45825.26311389557	1184.294189892074
4.220000000003836	45843.48389445761	1271.4182004586205
4.320000000003887	45879.92545558215	1195.436860757118
4.420000000003938	45898.14623614421	1272.0963110063
4.530000000004009	45934.58779726852	1199.7534361111855
4.640000000004051	45952.808577830845	1209.9042185858518
4.750000000004107	45989.250138955074	1206.797333508144
4.860000000004163	46007.47091951738	1204.137139395808
4.980000000004225	46043.91248064161	1203.0584761156488
5.1000000000043	46062.13326120378	1214.2000171570344
5.220000000004347	46098.57482232832	1214.7954364776147
5.350000000004414	46116.79560289031	1216.5716205580818
5.480000000004495	46153.23716401484	1214.2642702518858
5.610000000004547	46171.457944576934	1221.3013316624317
5.740000000004613	46207.89950570137	1222.1691808457385
5.880000000004685	46226.12028626348	1228.1097570503875
6.020000000004757	46262.56184738798	1230.1784034971238
6.160000000004828	46280.782627950066	1236.1282268666844
6.310000000004905	46317.224189074535	1239.9434948766125
6.460000000004982	46335.44496963654	1240.4927416845055
6.610000000005059	46371.88653076108	1244.895791394968
6.77000000000514	46390.10731132327	1246.2287710492194
6.930000000005222	46426.548872447456	1243.936019318119
7.090000000005304	46444.76965300981	1169.856864158128
7.260000000005391	46481.21121413401	1254.482430322348
7.430000000005478	46499.431994696344	1172.9509653601574
7.610000000005556	46535.87355582072	1259.1521005491443
7.790000000005662	46554.0943363827	1179.3808942938433
7.970000000005754	46572.31511694505	1261.5201886745688
8.160000000005851	46608.75667806946	1181.547950327696
8.350000000005949	46626.97745863172	1265.4034567248789
8.550000000006051	46663.41901975597	1186.897300075783
8.750000000006168	46681.63980031823	1187.7128536127548
8.96000000000626	46718.081361442506	1272.5715815479955
9.170000000006354	46736.302142004686	1190.9913977023455
9.39000000000648	46772.74370312907	1277.2599868588372
9.610000000006593	46790.96448369125	1197.131142960103
9.840000000006711	46809.18526425354	1201.0316515454315
10.07000000000683	46845.62682537772	1205.8158265520067
10.31000000000694	46863.84760594004	1206.2969207156589
10.55000000000707	46900.28916706441	1212.270048548077
10.8000000000072	46918.509947626466	1214.0343543326157
11.05000000000733	46936.73072818874	1221.0755121532786
11.31000000000746	46973.17228931316	1223.9915755915351
11.5800000000076	46991.39306987539	1228.08614066281
11.85000000000774	47027.83463099961	1232.1448605640815
12.13000000000788	47046.05541156181	1237.3006830400016
12.41000000000803	47064.27619212412	1238.4280075473848
12.70000000000817	47100.717753248435	1240.7463579002033
13.00000000000833	47118.938533810746	1247.9203495394845
13.30000000000848	47155.38009493494	1160.815864796792
13.61000000000864	47173.60087549722	1255.6734444179392
13.9300000000088	47191.82165605938	1256.6958277049423
14.26000000000899	47228.26321718365	1167.5379026253459
14.59000000000914	47246.483997745905	1265.1763373464573
14.93000000000932	47264.70477830812	1143.6139790474508
15.28000000000949	47301.14633943248	1244.373888791239
15.64000000000968	47319.367119994604	1248.7505111141193
16.01000000000988	47337.58790055679	1156.241344804892
16.38000000001006	47374.02946168115	1257.0732185113648
16.76000000001025	47392.25024224338	1228.7412055328434
17.15000000001047	47410.47102280551	1236.5112738632477
17.55000000001066	47446.91258392995	1173.4829819213346
17.96000000001087	47465.13336449211	1201.5286212192277
18.38000000001108	47483.35414505444	1256.9103304239552
18.8100000000113	47519.795706178666	1031.979405839901
19.25000000001153	47538.01648674077	1025.3850269858726
19.70000000001174	47557.160119533095	1335.3459113179565