3.016989389211631	4.299926090983473	8.844515847586688
4.015878278306445	6.448848999539808	3.2885718695494983
5.015044945069349	6.448848999539808	6.523357476860651
6.01393383398954	8.597771908096142	13.026350308785169
7.012822722560486	10.746694816652479	15.182897028046561
8.01198938932339	12.897697999079632	7.587605209126628
9.010878278418204	12.897697999079632	10.827421608618574
10.00976716716377	15.046620907635958	17.34104684168524
11.00865605590934	15.046620907635958	11.955286606739445
12.00782272267225	17.19554381619228	13.034079635388593
13.00671161176706	17.19554381619228	14.11399645880098
14.00560050051263	19.34446672474862	15.203563427053457
15.0044893892582	19.34446672474862	16.28696842211259
16.0036560560211	21.49546990717577	17.37019373595664
17.00254494494129	21.49546990717577	8.141440560463225
18.00143383386148	23.64439281573209	19.53465607786987
19.00060050062439	21.49546990717577	12.766068829424453
19.99948938936996	25.793315724288416	11.719756426809662
20.99837827829015	25.793315724288416	6.52123763144194
21.99726716721034	25.793315724288416	22.842069185366174
22.99643383397324	25.793315724288416	9.437711279031229
23.99532272271881	25.793315724288416	19.604818289190874
24.994211611639	27.94223863284474	18.14029361302651
25.99337827840191	27.94223863284474	18.870790337466648
26.9922671673221	30.091161541401075	17.401661727425417
27.99115605606767	30.091161541401075	9.065358425121214
28.99004494498786	30.091161541401075	18.50972735948418
29.98921161175076	30.091161541401075	7.965072778710604
30.98810050032171	30.091161541401075	8.201532941271552
31.98698938941652	32.242164723828246	17.475193288112212
32.98615605617943	32.242164723828246	18.02539485102025
33.98504494509962	32.242164723828246	18.577121197203162
34.98393383367056	32.242164723828246	19.12888026286409
35.98282272276538	34.391087632384554	8.728591260751356
36.98198938952828	34.391087632384554	9.003720345775028
37.98087827827385	34.391087632384554	18.693611944511847
38.97976716701942	34.391087632384554	19.197338503508238
39.97893383378232	34.391087632384554	13.47276867233181
40.97782272287714	34.391087632384554	17.949479633302268
41.9767116116227	36.54001054094092	16.825025990008882
42.97560050036827	36.54001054094092	18.859013114679698
43.97476716713118	36.54001054094092	17.646291878613905
45.97254494497156	38.68893344949725	19.595391008736353
47.97060050048003	38.68893344949725	10.281525494510761
49.96837827832042	38.68893344949725	18.344627148385978
51.96643383382889	38.68893344949725	10.676071720095369
53.96421161166927	38.68893344949725	11.052501028233062
55.96226716717774	40.83993663192441	18.07378302755767
57.96032272286084	40.83993663192441	18.744410346211353
59.9581005005266	40.83993663192441	19.416366265460937
61.95615605620969	42.98885954048072	24.600127794413897
63.95393383387545	42.98885954048072	17.720042834757145
65.95198938938393	42.98885954048072	18.287964429851108
67.94976716722431	42.98885954048072	18.85666174120877
69.94782272273278	45.13778244903703	19.427389231736132
71.94560050057316	45.13778244903703	19.998504770241055
73.94365605608164	45.13778244903703	18.496888468926734
75.94171161159011	45.13778244903703	19.01898608111724
77.93948938943049	47.28670535759336	19.542514990036146
79.93754494493896	47.28670535759336	19.383443704657644
81.93532272277935	47.28670535759336	19.50635357638513
83.93337827828782	47.28670535759336	18.78158163239147
85.9311560561282	47.28670535759336	27.759061536474242
87.92921161163667	49.435628266149685	18.02157162871506
90.92615605589071	49.435628266149685	19.922975360776917
93.923100500494	49.435628266149685	19.31451371641563
96.91976716725458	51.58663144857684	28.082868254590853
99.91671161168324	51.58663144857684	18.790791560944275
102.9136560559373	51.58663144857684	19.380945285167922
105.9106005005406	51.58663144857684	19.972765117792516
108.9075449449692	53.735554357133175	10.098309062907896
111.9044893893979	53.735554357133175	10.424940197127283
114.9011560559839	53.735554357133175	19.560263596064157
117.8981005005871	53.735554357133175	20.105188927883603
120.8950449450158	53.735554357133175	17.751545120130427
123.8919893894445	53.735554357133175	8.942930128362836
126.8889338336985	53.735554357133175	16.881243093585933
129.8858782783018	55.88447726568949	19.83245818788676
132.8828227227305	55.88447726568949	19.62932149086049
136.8786560560793	55.88447726568949	19.667059696128735
140.8744893894282	55.88447726568949	19.780011852193287
144.870322722777	58.03340017424583	19.56253751347286
148.8661560561259	58.03340017424583	19.345569124301914
152.8619893894747	58.03340017424583	19.91028410399624
156.8578227228236	58.03340017424583	20.477400483339878
160.8536560561724	58.03340017424583	28.18046067141237
164.8494893895213	60.18440335667296	18.29579661323924
168.8456005005382	60.18440335667296	18.38206313393872
172.8414338338871	60.18440335667296	18.50089100778439
176.837267167236	60.18440335667296	18.648681580226814
181.831989389505	62.333326265229296	28.37094068003077
186.8269893892675	62.333326265229296	18.762615476013472
191.8217116117112	62.333326265229296	21.4969263924818
196.8164338339802	62.333326265229296	27.215464565851306
201.8114338339174	62.333326265229296	40.82437323092345
206.8061560560118	64.48224917378568	2.8483300302570473