0.00666666665347293	8.18135096196308	20.714620441760758
0.007500000006984919	11.480743546134645	20.361131711696675
0.01083333324640989	11.05010854001874	2.180116676115655
0.0116666664252989	10.912276771892094	3.7065539791414666
0.01249999995343387	11.548588198839461	8.26271851916825
0.01333333313232288	12.621247865814725	6.511981987182863
0.01416666666045785	13.105444439855466	3.514388180248885
0.01666666654637083	12.459849007801122	1.3174405371004876
0.01749999989988282	12.696234060909523	3.011228891769078
0.01833333325339481	13.014746851502693	2.813955158874896
0.0191666666069068	13.371823971001778	3.42278566948621
0.01999999996041879	13.4882311119585	2.8967845281427205
0.02083333331393078	13.38325043882577	3.11970387928796
0.02166666666744277	13.457522479681565	3.0703420385594824
0.02249999967170879	13.513940664562442	3.761478462138818
0.02333333319984376	13.76032387701681	3.305913295692192
0.02416666637873277	14.02313263696813	3.0465542703344584
0.02499999990686774	14.24380629681857	3.9847396393048844
0.02583333308575675	14.094548060867933	3.3794130293195344
0.02666666661389172	13.996708930125177	3.7377722317582447
0.02749999979278073	14.090263135433943	3.013568116729921
0.0283333333209157	14.304509407133413	1.9802926553322258
0.02916666649980471	14.518041524593858	2.602277895041326
0.02999999985331669	14.640876053701552	3.4752181246205183
0.03083333320682868	14.687296079236447	3.856309103857661
0.03166666656034067	14.672298840217467	3.5967520916008047
0.03249999991385266	14.71371978607937	2.7916604890726657
0.03333333326736465	14.81870045921209	2.466396328033641
0.03416666662087664	14.957246381577743	2.8256896597574794
0.03499999997438863	15.057942129276485	3.5706011514818394
0.03583333332790062	15.13649909556629	3.4402955718620514
0.03666666633216664	15.182204966862184	3.652724354791136
0.03833333303919062	15.307181958686858	3.2578163168028684
0.0399999997462146	15.483578055719413	3.28862833970255
0.04166666645323858	15.617124898412044	3.505833479924996
0.04333333316026256	15.734246193607774	3.667814517403508
0.04499999986728653	15.887075200753369	3.459739282394035
0.04666666657431051	16.024192814641005	3.6511833639643436
0.04833333328133449	16.152026423421674	3.74806557200105
0.04999999998835847	16.254150479598415	3.6165769068535503
0.05166666652075946	16.400552098593035	3.609285240335131
0.05333333322778344	16.50981769715976	3.6640383973790667
0.05499999993480742	16.62336822116047	3.6374284476329684
0.0566666666418314	16.72549227733722	3.7753464921444877
0.05833333317423239	16.82475971655797	3.7244642624421456
0.05999999988125637	16.94330932023164	3.713752607302086
0.06166666658828035	17.037577679779407	3.8071529284750145
0.06333333329530433	17.145414969868156	3.792743538043363
0.0650000000023283	17.248967334522874	3.824055488633342
0.06666666636010632	17.33680830591967	3.7830472588499986
0.0683333330671303	17.44464559600838	3.8406466961565235
0.06999999977415428	17.526059179254176	3.893243831833905
0.07166666648117825	17.615328459128943	3.8381495674749706
0.07333333318820223	17.69602788813573	3.816662590932757
0.0758333332487382	17.830288885067397	3.7688325017161914
0.07833333330927417	17.96669234471603	3.8517525602895493
0.08083333302056417	18.08024286871674	3.8976050975137078
0.08333333325572312	18.197364163912443	3.914047846086738
0.0858333331416361	18.305201454001182	3.9486103621167303
0.08833333320217207	18.419466132240892	3.867408859759572
0.09083333326270804	18.537301581675596	3.969109716796016
0.093333333323244	18.638711483613307	3.868481931618778
0.09583333320915699	18.750119544897036	3.937264782048456
0.09833333309506997	18.842245441727815	3.897775702721455
0.1008333333302289	18.955081811489528	3.92525180450552
0.1033333332161419	19.02863969810634	3.8756645206166875
0.1058333332766779	19.13362037123907	3.873106780186853
0.1083333333372138	19.21717641720184	3.8059642527805204
0.1108333330485039	19.30073246316464	3.7870882168387077
0.1141666664625518	19.429280226184304	3.7636679451396
0.1174999998765998	19.531404282361027	3.8410628209039857
0.1208333332906477	19.63067172158178	3.8660384935632894
0.1241666665300727	19.72422592689054	3.9098515560151426
0.1274999999441207	19.837776450891255	3.7958381619751043
0.1308333331835456	19.946327895218996	3.859123432665291
0.1341666665975936	20.04131040900573	3.8816094954449705
0.1375000000116415	20.13772123127048	3.9794276818434673
0.1408333330764435	20.22127727723328	3.960749985020912
0.1441666664904915	20.314831482542044	3.926038667581819
0.1474999999045394	20.406243225133807	3.9111823543138238
0.1516666666720994	20.50836728131054	3.884097009664185
0.1558333332650363	20.621203651072246	3.9670257067809964
0.1599999998579733	20.725470169965977	3.9958080295718768
0.1641666666255333	20.829736688859732	4.01846317645113
0.1683333332184702	20.917577660256494	4.020385276240751
0.1724999998114072	21.023272487628223	4.018741533613252
0.1766666665789671	21.12182577260998	4.0983702358368825
0.1808333331719041	21.218950749113734	4.024009197897807
0.185833333292976	21.333215427353448	3.995149468639005
0.190833333239425	21.432482866574173	3.9903586424251865
0.1958333330112509	21.550318316008873	4.089247692657
0.2008333331323229	21.63744513316666	4.003475141794713
0.2058333332533948	21.733141801192403	3.9819220967183004
0.2108333331998438	21.83098093193516	3.996541518382792
0.2158333333209157	21.91025205246398	3.9963604976635865
0.2208333332673647	22.027373347659637	4.015325457426424
0.2266666665673256	22.11949924449042	4.052278337190707
0.2324999998672865	22.223765763384147	4.087159520269609
0.2383333333418705	22.323033202604915	4.040103168201399
0.2441666666418314	22.413016636718684	4.135267801169816
0.2499999999417923	22.52656716071939	3.9690184319651434
0.2558333330671303	22.613693977877148	4.098088360618934
0.2624999998952262	22.722245422204868	4.136480416202695
0.2691666665486991	22.812943010557653	4.077875509254868
0.2758333332021721	22.91935199216836	4.178578077710931
0.282499999681022	23.000051421175172	4.056028725060259
0.2891666665091179	23.112173636697868	4.071072462248427
0.2966666663414799	23.226438314937585	4.086189504225837
0.3041666665230878	23.312136823617372	4.140418077654086
0.3116666665300727	23.427115656096085	4.115619755516199
0.3191666665370576	23.511385856297863	4.204808020347821
0.3266666663694195	23.60279759888965	4.152558078578029
0.3349999999045394	23.712777351695337	4.180915866842863
0.3433333332650363	23.814187253633083	4.211601573402501
0.3516666666255333	23.912740538614838	4.204088860603972
0.3599999998114072	24.012722132074583	4.270252107395817
0.3683333331719041	24.10984710857832	4.242417292816971
0.377499999885913	24.226254249535053	4.2643036659486375
0.3866666664252989	24.315523529409813	4.41576132414662
0.3958333333139308	24.424074973737525	4.354927890523766
0.4049999998533167	24.52048579600228	4.37474280573425
0.4149999997462146	24.61046923011605	4.329825879909728
0.4249999999883585	24.71973482868276	4.285317317898513
0.4349999998812564	24.85042505441944	4.3652255975852325
0.4458333333022893	24.93755187157723	4.353074192205489
0.4566666665486991	25.044675007426935	4.428939254299013
0.467499999969732	25.133230133062707	4.463439733940793
0.4783333332161419	25.231783418044465	4.4059454591413685
0.4899999999906868	25.33962070813317	4.26806141301995
0.5016666664159857	25.446029689743906	4.417632596911922
0.5133333331905305	25.560294367983623	4.406219905319021
0.5258333333185874	25.656705190248374	4.417915776292825
0.5383333332720213	25.750973549796143	4.498051882079031
0.5508333332254551	25.847384372060883	4.513937489336208
0.564166666532401	25.966648129973578	4.5164894748466216
0.5774999998393469	26.068058031911335	4.49269268289934
0.5908333333209157	26.156613157547095	4.586837539152088
0.6049999999813735	26.27659106969881	4.553419865246792
0.6191666666418314	26.383714205548515	4.587382211685172
0.6341666664811783	26.492265649876224	4.556675808388457
0.6491666666697711	26.602245402681955	4.584048453551153
0.6641666665091179	26.715081772443657	4.673384256223326
0.6799999998765998	26.80149443536244	4.614461681167104
0.6958333332440816	26.905760954256195	4.66917207663332
0.7124999999650754	27.016454861300904	4.60293949026089
0.7291666665114462	27.12286384291163	4.641830740469357
0.746666666585952	27.235700212673336	4.680122402649474
0.7641666666604578	27.339252577328093	4.854538478153372
0.7824999999138527	27.461372952196747	4.804063229233486
0.8008333333418705	27.550642232071517	4.792853172305693
0.8199999997741543	27.670620144223225	4.859930428691452
0.8391666665556841	27.792740519091915	4.835362659492289
0.8591666663414799	27.91914581939457	4.854754772606383
0.8791666666511446	28.01127171622536	4.809962170134039
0.8999999999650754	28.117680697836096	4.907645414229986
0.9208333331043832	28.23765860998777	4.849010181397051
0.942499999946449	28.34263928312049	4.845244470207373
0.9649999997927807	28.452619035926222	4.802202620338095
0.9874999999883585	28.560456326014926	4.921869810178904
1.010833333188202	28.672578541537668	4.9830176332045495
1.034166666388046	28.77470259771441	4.94978964744304
1.058333333290648	28.895394664105094	5.013869579342195
1.083333333197516	29.010373496583806	5.041539332312078
1.108333333104383	29.128208946018507	5.176793620861747
1.134166666539386	29.24604439545321	5.161096995734601
1.160833333327901	29.35959491945389	5.273859922690373
1.188333333295304	29.479572831605598	5.219958522735433
1.215833333262708	29.59169504712832	5.29099305778789
1.244166666583624	29.72952681525494	5.351557099120575
1.273333333258051	29.836649951104675	5.353007080852226
1.303333333285991	29.96591186836335	5.446174558423367
1.334166666667443	30.075177466930064	5.3651248468448784
1.364999999699649	30.20301107571075	5.441739019930949
1.396666666434612	30.334415455686397	5.376207460325162
1.429166666523088	30.45153675088209	5.495594012757923
1.462499999965075	30.584369439335784	5.462056122564917
1.496666666585952	30.683636878556513	5.543097358862312
1.531666666560341	30.81361295005418	5.609645373392142
1.567499999888241	30.936447479161874	5.510139447151724
1.604166666569654	31.06928016761553	5.621270694031172
1.641666666604579	31.189258079767235	5.5534496366806705
1.679999999993015	31.314235071591902	5.698584191805805
1.719166666560341	31.457065919391535	5.658305552759319
1.759166666481178	31.56561736371925	5.6492482328460865
1.799999999755528	31.7063057488019	5.725431599350722
1.841666666558012	31.821998735519603	5.639572698933776
1.884166666539386	31.951260652778267	5.663005682450258
1.928333333227783	32.071952719168955	5.692394711796789
1.97333333309507	32.19121647708165	5.788976769745363
2.019166666490492	32.33904640455427	5.76134679510662
2.065833333239425	32.43759968953602	5.8576536539704795
2.11416666652076	32.56686160679469	5.8306994268289225
2.163333333330229	32.71469153426732	6.040140857271673
2.213333333318587	32.842525143047986	6.090398572365387
2.264999999839347	32.97678613997964	5.985136833328126
2.317499999888241	33.1124754453893	6.1520948555257755
2.37166666664416	33.23602412873596	6.223370846848093
2.426666666578967	33.40027960370556	6.152071668037095
2.483333333220799	33.52954152096422	6.25348737183202
2.540833333216142	33.65237605007193	6.304229632410563
2.599999999918509	33.78735120124258	6.257932822788668
2.659999999974389	33.92875374056423	6.3427250798673445
2.721666666388046	34.05944396630089	6.30288403249447
2.784999999857973	34.20870220225151	6.343377277671153
2.849999999860302	34.35224720429013	6.448327908549866
2.915833333216142	34.475795887636814	6.522698478501313
2.983333333104383	34.61505596424146	6.515064036309747
3.052499999699649	34.76859912562607	6.522938691191295
3.123333333001938	34.90428843103571	6.530270221452594
3.195833333011251	35.04854758731335	6.529994167597053
3.269999999727588	35.197091669024964	6.637220187251132
3.345833333150949	35.335637591390615	6.831145731695653
3.423333333281335	35.466327817127265	6.680790139312958
3.502499999944121	35.6141577445999	6.712737712860863
3.583333333313931	35.754131975443535	6.810188131123066
3.666666666569654	35.89981944019918	6.820986963572686
3.751666666532401	36.07835799994872	6.807972030871385
3.838333333202172	36.19690760362241	6.959063235825253
3.927499999932479	36.33759598870506	6.914070551061134
4.018333333020564	36.49970900095763	7.050295699723108
4.111666666518431	36.648253082669264	7.135250433829519
4.206666666548699	36.7817999253619	6.910390882797264
4.304166666639503	36.9417704748975	7.124169894382283
4.40416666661622	37.07817393454617	7.2376105346630855
4.505833333299961	37.244571872232726	7.182196052051325
4.609999999869615	37.404542421768326	7.25805947364346
4.716666666499805	37.532376030548996	7.401401352509994
4.825833333190531	37.69377488856259	7.3822377442032945
4.937499999941792	37.854459592337165	7.5213230349893525
5.051666666578967	38.002289519809786	7.442092808221087
5.168333333276678	38.162974223584364	7.476457897659952
5.288333333039191	38.32365892735896	7.678716028015958
5.410833333211485	38.47648793450459	7.685290094069876
5.53583333309507	38.63788679251817	7.789781205157971
5.664166666567326	38.78500256575179	7.795644987562835
5.794999999925494	38.94854388648236	7.899333729149182
5.929166666523088	39.11494182416892	7.9262308420030525
6.066666666360106	39.27419821946554	8.028414029538215
6.206666666606907	39.452022624976074	8.001897035339962
6.349999999918509	39.5969959354927	8.306025141482802
6.49666666664416	39.77482034100324	8.054534750490797
6.646666666434612	39.936219199016854	8.327854294155197