0.009330494121968513	2.675456072744974	0.9724722747881601
0.02933049412240507	5.020294950188763	3.1221113833759606
0.04933049412284163	6.897183335821644	5.276175422268058
0.05933049412305991	8.550269312327567	5.306097200882369
0.07933049412349646	10.127059012994755	6.541191735085788
0.09933049412211403	11.459700630978002	7.5456882512248065
0.1093304941223323	12.61940402372677	7.536283054720386
0.1293304941227689	13.707897559026051	9.113700555981996
0.1493304941232054	14.89811946211032	8.973050604003424
0.1593304941234237	15.895057466403125	9.976127636559484
0.1793304941220413	16.927600399420676	10.333288088505595
0.1993304941224778	17.934711240491993	11.88071496867554
0.2093304941226961	18.870612224113792	11.088249772576061
0.2293304941231327	19.618315727333385	11.388228100329915
0.2493304941235692	20.49317969028423	12.217816033201391
0.2593304941219685	21.388389326792037	12.462865187112842
0.2793304941224051	22.125919993233126	12.387613540120194
0.2993304941228416	22.878709914842013	12.768923837981506
0.3093304941230599	23.468734447994912	12.802835089581627
0.3293304941234965	24.22152436960373	13.816320199770612
0.349330494122114	24.87767234181685	13.107384292546516
0.3593304941223323	25.488042548526746	13.710554799087317
0.3793304941227689	26.103499173625856	13.696963406584121
0.3993304941232054	26.724042217114253	13.843671171745012
0.4093304941234237	27.400535862884357	13.949978726275658
0.4293304941220413	27.99056039603725	14.427145572902589
0.4493304941224778	28.47377014301589	14.83709788581842
0.4793304941231327	29.557177259925954	14.402151872969448
0.4993304941235692	30.040387006904584	14.822527703588532
0.5293304941224051	30.96611515374788	14.602925073434804
0.5493304941228416	31.434065645558814	15.183828255608786
0.5793304941234965	32.38522588434838	15.48552035182371
0.599330494122114	32.822657865823814	16.046004476117975
0.6293304941227689	33.55001569548641	16.134435851619052
0.6493304941232054	34.05865753441131	16.371339361920768
0.6793304941220413	34.88774373185889	16.918177012594686
0.6993304941224778	35.25396585588483	17.21406426650339
0.7293304941231327	36.13900265561414	17.28784561970246
0.7493304941235692	36.39332357507659	17.31310462372079
0.7793304941224051	37.263101119638186	18.033431059303854
0.7993304941228416	37.507249202322114	18.169367480507724
0.8293304941234965	38.41263167560844	18.919103809763584
0.849330494122114	38.7483352892989	19.234248002502397
0.8793304941227689	39.50621162929697	19.1191003898075
0.9093304941234237	40.22339662218113	20.143157160398157
0.9493304941224778	40.86428533922648	19.925580359641547
0.9793304941231327	41.510260474661095	20.611330971810972
1.009330494121969	42.21218621237746	20.73731584230236
1.049330494122842	42.93954404204005	21.44913943952672
1.079330494123497	43.72285247398442	21.155713416566854
1.109330494122332	44.3535683542513	21.446681756840597
1.149330494123205	44.96393856096115	21.900196951382497
1.179330494122041	45.77267908485175	21.43799783699341
1.209330494122696	46.19485181115938	21.435269117152462
1.249330494123569	46.906950385654255	22.02110143502557
1.279330494122405	47.41559222457917	22.095871198666305
1.30933049412306	48.025962431289045	21.758912348351437
1.349330494122114	48.67702398511292	21.65828296221793
1.399330494123205	49.47050525383581	20.668421914559246
1.449330494122478	50.20803592027685	20.180501352713478
1.499330494123569	51.184628251012654	19.996324756171717
1.549330494122842	51.64749232443434	18.75641372735851
1.599330494122114	52.31889955181519	18.191576466097853
1.649330494123205	53.0259117079208	17.72763531154278
1.699330494122478	53.544726383624194	16.825707365799722
1.749330494123569	53.987244783488855	16.283888360324365
1.799330494122842	54.30768914201153	15.816601558259878
1.849330494122114	54.9790963693924	15.059356088500488
1.899330494123205	55.19272594174088	14.598353424957784
1.949330494122478	55.5487752289883	13.205636792952356
1.999330494123569	55.76749121972603	13.021894289191206
2.049330494122842	55.96077511851746	12.736961760040195
2.099330494122114	56.28121947704017	11.929951905418823
2.149330494123205	56.51519472294563	11.075222611343317
2.199330494122478	56.77460206079735	10.159266813016403
2.259330494121969	57.10013283770928	9.47327936766969
2.329330494123497	57.48161421690296	8.794149566180268
2.399330494123205	57.75628080992239	7.524579834670546
2.459330494122696	58.01568814777405	7.077128574675287
2.529330494122405	58.10215726039132	6.606427215564954
2.599330494122114	58.33613250629678	6.00497299162516
2.659330494123424	58.62605835448398	5.6917061718473025
2.729330494123133	58.74304597743671	5.035239234335733
2.799330494122842	58.88546569233568	4.52005836159652
2.879330494122769	58.84477434522168	3.9672969374241753
2.949330494122478	58.87529285555717	3.658585863448982
3.029330494122405	58.85494718200018	3.3843173446210733
3.099330494122114	58.89055211072492	2.791675501545273
3.179330494122041	58.84986076361094	2.4115266532185458
3.259330494121969	58.987194060120665	2.4584430071024483
3.349330494122114	58.931243457838896	2.0172637675868232
3.429330494122041	58.946502713006666	1.5577136433781935
3.509330494121969	58.96176196817438	1.4306245936436888
3.599330494122114	58.95667554978515	1.2029297164225883
3.699330494122478	58.9719348049529	1.220685278260579
3.799330494122842	59.07874959112714	1.3068780128163042
3.899330494123205	59.26186065314011	1.456149600215188
3.999330494123569	59.18556437730133	1.3335600877933054
4.099330494122114	59.25168781636156	1.4219748701341
4.199330494122478	59.34832976575732	1.173967150110105
4.299330494122842	59.39919394964983	1.1552272886953037
4.399330494123205	59.38393469448206	1.2721598109737016
4.509330494121969	59.46023097032081	1.2575820881399031
4.629330494122769	59.4907494806563	1.25086190517793
4.749330494123569	59.439885296763784	1.1273222303310038
4.859330494122332	59.516181572602505	1.2286984716104463
4.979330494123133	59.57721859327352	1.0208883619387212
5.099330494122114	59.60773710360898	0.6028338303086833
5.229330494123133	59.59247784844129	0.7921002148726034
5.359330494122332	59.58739143005204	0.787096195869929
5.499330494123569	59.59247784844129	0.6630473402763685
5.629330494122769	59.62299635877674	0.4987685928338837
5.759330494121969	59.62299635877674	0.4103159534022494
5.899330494123205	59.58739143005204	0.36124805630104445
6.049330494122842	59.57721859327352	0.28776920645799414
6.199330494122478	59.58230501166275	0.33369219908387143
6.349330494122114	59.64334203233376	0.2648329296577601
6.499330494123569	59.63316919555523	0.5149493287796371
6.649330494123205	59.58739143005204	0.2925629622082517
6.80933049412306	59.612823521998294	0.47731936074848863
6.979330494123133	59.67386054266925	0.6146647988854436
7.149330494123205	59.704379053004736	0.5751715224996666
7.329330494123497	59.668774124279985	0.4921577869015069
7.499330494123569	59.60773710360898	0.5524719708477186
7.679330494122041	59.653514869112264	0.6277362822163286
7.859330494122332	59.64334203233376	0.6745718175446893
8.049330494122842	59.61790994038752	0.6442776780300656
8.24933049412357	59.658601287501526	0.7169582303882632
8.449330494122478	59.8467987679037	0.7707901953808906
8.649330494123205	59.760329655286455	0.8116169023685719
8.849330494122114	59.84171234951449	0.8678605328536109
9.05933049412306	59.90783578857474	0.7033589903560656
9.279330494122405	59.89257653340694	0.6259802337600137
9.49933049412357	59.8773172782392	0.6777004468793034
9.729330494123133	59.90783578857474	0.8617668950945258
9.959330494122696	59.91292220696394	0.7746643469646693
10.19933049412248	59.92818146213171	0.7924933571935996
10.44933049412248	59.91800862535319	0.8510701483772151
10.69933049412248	60.014650574748956	0.7707683346691834
10.94933049412248	60.03499624830591	0.41146347151997403
11.2093304941227	60.009564156359694	0.5583147434855463
11.47933049412313	60.06551475864144	0.5475102490612408
11.74933049412357	60.04008266669519	0.5133745787834586
12.02933049412241	60.029909829916654	0.5130515968515157
12.30933049412306	60.019736993138196	0.5433775846539293
12.59933049412211	60.05534192186292	0.47427488730864675
12.89933049412321	60.05534192186292	0.4946058656226952
13.19933049412248	60.05534192186292	0.49594855009872646
13.50933049412197	60.060428340252194	0.6064844778244933
13.8293304941235	60.060428340252194	0.27892361631705054
14.14933049412321	60.060428340252194	0.265321080282063
14.47933049412313	60.050255503473686	0.35221159701589144
14.8293304941235	60.126551779312415	0.19577111640655273
15.17933049412204	60.17232954481565	0.1432572576206656
15.54933049412284	60.157070289647905	0.17393671205387878
15.90933049412342	60.157070289647905	0.16659029155963798
16.27933049412241	60.15198387125863	0.14074253143081483