9.999999997489795e-05	0.04991203684007239	0.7353535103082784
0.0001999999999497959	0.48405239798512034	0.5173109364017491
0.0005999999998493877	0.3886872281397149	0.17056723487456812
0.0006999999998242856	0.14061378700989824	0.22958817771895865
0.0007999999997991836	0.40997555180948675	0.13819524735950747
0.0008999999997740815	0.291588139867497	1.3422520465679622
0.001009816608529945	0.45426825833882983	0.5266277347586309
0.001133032870257011	0.7570871750095232	0.8975763906956401
0.001600451468448227	0.009831611060325278	0.4230477812842382
0.002014849023908027	0.8469382635292977	0.771838804946872
0.002846049893150848	0.20995920916507202	1.4362954056828874
0.003193320502077768	0.42178649186006206	1.4599417068197837
0.003582964533734412	1.0278783497215824	1.6305952662560987
0.004020152327939286	1.0376022198531099	0.5760155355840019
0.005678616098066414	0.7184541427757329	1.2671211487296234
0.006371512056830397	0.9975916508777078	1.6664847731411332
0.00714895410965255	1.5444011800487545	0.8006132327740415
0.008021258440066958	1.454491493081008	0.7880806213762602
0.008999999996376573	1.0871497020617886	0.9210809997244069
0.01009816608461733	1.3605145513812829	0.6972016497752421
0.01133032870143325	1.968568978857223	1.8347215804449948
0.01271283789628797	1.775560903959639	2.2437539069049333
0.0142640387261963	1.9320640113519292	1.486025109219314
0.01600451468357278	2.393789566052904	2.713920784203739
0.01795736082704025	2.6528982725081907	3.220073549936155
0.02014849023839815	3.0253503113512434	2.9499322361620153
0.02260697787369281	3.4149395598297123	3.46817086207727
0.02536544637018778	3.752259567754662	3.2171255159450944
0.02846049892900737	4.250018497749099	2.074483868586671
0.03193320501691233	4.506858798925989	3.289472474111573
0.03582964533393351	4.370255250970911	2.3405118993795786
0.04020152327575488	5.267075850987269	4.847807231498386
0.04510685100649425	5.327824804894772	4.635798625917736
0.05061071924478711	6.739273433938474	4.566098547418339
0.05678616097816303	6.505034368226914	7.157581034806241
0.06371512056648498	7.369758545563003	4.9723550053469525
0.07148954109356964	8.623840611655247	8.031901379245781
0.08021258439657686	9.028988692357307	6.304392901898853
0.08999999996012775	10.20364112292216	6.805543289629088
0.1009816608425354	10.272844435485279	6.497870521518036
0.1133032870113766	11.757666217630284	7.24805240390073
0.1271283789599238	12.021097871868081	9.280058347266744
0.1426403872585524	13.541161179202568	7.965848796860662
0.1600451468327719	14.545980981454555	9.37112444456701
0.1795736082679014	15.425620869923335	7.903983522353933
0.2014849023821626	16.336087549904143	9.059975654318341
0.2260697787360186	17.18052081075583	9.284465468787166
0.2536544637018778	18.717505170289023	8.036913053860019
0.284604989289619	19.70040716196303	8.348426181748906
0.3193320501693506	20.03646621100931	7.128216933021549
0.3582964533400173	21.024236572126856	6.788770243245008
0.4020152327584583	21.99922547782031	8.533570189396258
0.4510685100653973	22.825751311215598	8.997194359910166
0.5061071924478711	23.964957549556924	8.660679644161796
0.5678616097814029	25.165937636065028	7.096637024246827
0.6371512056643951	25.985869340937068	6.786262198077746
0.7148954109361512	26.092431592702237	6.012089531423386
0.8021258439662233	27.088545223829257	4.419052108840484
0.8999999996026418	27.932771167041885	5.306277606754403
1.009816608426036	28.01953769194707	5.009871673751573
1.133032870114676	28.534386845783377	3.6970368018544675
1.271283789599465	29.393579335392538	4.339319149801071
1.426403872585524	29.633545148576857	4.898009319382279
1.600451468328856	30.015867070209804	4.551591121937757
1.795736082679696	30.787215126564565	3.488496550544182
2.014849023822535	31.48650534238885	5.298224254170747
2.260697787361096	31.23782090974675	3.1305242221063145
2.536544637018778	32.451755549463854	2.9986334522722218
2.846049892895735	32.22582774382523	5.11188415400238
3.193320501693052	32.864687362176326	4.036075327368601
3.5829645334004	33.58595342959834	4.023173231983767
4.020152327584583	34.30468120737314	5.345761607917005
4.510685100654882	34.07347256442942	4.1847450850311905
5.06107192447962	35.31832700726788	2.5226966162643714
5.67861609781562	35.50478639126719	4.3779272573084755
6.371512056645315	35.46224024165681	4.131822509857888
7.148954109363558	36.080704774334585	3.3745383649232013
8.021258439663825	37.20868247527209	5.535178380268499
8.999999996028237	37.04873459018311	4.797690326529773
10.09816608426127	37.99526622117411	3.989485259554774
11.33032870114744	38.272632978273556	3.9256456653163467
12.71283789599465	39.029534862102444	4.294679381400863
14.26403872585524	38.84050114472921	5.0530437737723215
16.00451468328743	39.951837555403756	3.481748135294748
17.95736082679514	40.568083798937394	4.985206931979572
20.1484902382233	40.61189206236939	3.0894428514982546
22.60697787360959	41.10536930943255	3.476397074840976
25.36544637018619	41.34992272910533	4.26445193095627
28.46049892895576	42.13616867315978	4.955947420531589
31.93320501692961	42.53141760174256	5.106688417340352
35.82964533400309	43.33193655874625	4.133123245953293
40.2015232758456	43.638884701889666	4.328049005024616
45.1068510065486	43.98605101251298	2.378399900792737
50.61071924479666	44.459753413877706	3.3335556001313194
56.78616097815734	44.3882383866675	3.9101979849063304
63.71512056645452	45.11121031417915	2.7458671463087927
71.48954109363649	45.69259122778435	5.039283479595549
80.2125843966387	45.65932652313112	5.561047802263706
89.99999996028237	46.579031517937764	3.9481785326243903
99.99999996028237	47.38373838215503	6.404467207593486
109.9999999602824	46.92598668679103	4.676299566359206
119.9999999602824	47.56712922087142	4.138128388930658
129.9999999602824	48.35051839560444	2.7821641922264404
139.9999999602824	47.99984638162154	5.488371410743203
149.9999999602824	48.835132563484024	5.953160169800196
159.9999999602824	48.72907310568163	3.806608960836755
169.9999999602824	48.712517087272154	4.725577962710715
179.9999999602824	49.337875889039445	4.043898371579113
189.9999999602824	49.928080552215086	4.217534052292254
199.9999999602824	49.431515760318725	3.2821996036610996
209.9999999602824	49.46888707181259	3.922696779305392
219.9999999602824	50.41327016239836	5.581512211949211
229.9999999602824	49.785383491385105	3.0129973189756636
239.9999999602824	50.3868067432456	3.9595094089291654
249.9999999602824	50.6223673511706	3.26898903704839
259.9999999602824	50.322800062330394	3.9995256112526634
269.9999999602824	50.428426334411476	5.87339977896098
279.9999999602824	50.843427026583655	5.474288177847464
289.9999999602824	51.185213935235254	2.8560378086504876
299.9999999602824	50.6317704156665	5.023741473569988
309.9999999602824	51.14581748586952	3.868365250542566
319.9999999602824	50.78716595050469	2.543041782652665
329.9999999602824	51.40455831382186	4.017616158701616
339.9999999602824	51.16109405110887	4.064840494303715
349.9999999602824	51.88641489337659	4.08571356509403
359.9999999602824	51.91319091717896	4.489577361211572
369.9999999602824	51.97387253623159	2.5648135500804963
379.9999999602824	51.67729421385242	2.093246399160034
389.9999999602824	51.85772720240882	3.617190138781699
399.9999999602824	52.00711631506426	4.704562328651225
409.9999999602824	52.01535984204099	3.444748269852808
419.9999999602824	51.461050356586426	4.5379718973166066
429.9999999602824	52.23764896181826	3.120390566257933
439.9999999602824	52.376796817372444	2.048402573478689
459.9999999602824	52.106400525078065	1.2006740493168089
479.9999999602824	52.453318702628216	2.2194464166038466
499.9999999602824	51.95718408320964	1.1357029585374516
519.9999999602824	52.08881717044384	1.703885580973402
539.9999999602824	52.69871100025685	0.22282736628134686
559.9999999602824	52.62989870257674	2.81880102180666
579.9999999602824	52.23173219690425	1.3632986532542728
619.9999999602824	52.37420476789818	0.8734680014215437
699.9999999602824	52.10210551840868	0.09721780449257064
909.9999999602824	51.92707047488067	0.5561994726313574
969.9999999602824	51.90820078382806	5.931016795202197