0.005052804679507972	1.0515098100138773	7.115496104696261
0.01505280467790726	9.008881345254029	7.463693535548934
0.03505280467834382	15.431616941555006	11.920205373339646
0.05505280467878038	21.854352537855995	28.87046249806716
0.06505280467717967	27.576081594147713	28.46514800665948
0.08505280467943521	32.70100778529644	20.36945394148936
0.1050528046798718	37.21018498859918	24.934451929641167
0.1150528046764521	41.122559326758925	23.606894499800546
0.1350528046787076	44.54233447464191	21.56016431330779
0.1550528046791442	47.54529492305989	24.779411992308713
0.1650528046793625	50.207225162824756	23.658088778419508
0.185052804679799	52.613382746099774	21.095942775551208
0.2050528046784166	54.78271379558787	24.131706835109657
0.2150528046786349	56.762583618046406	24.36517598521882
0.2350528046790714	58.619303642935805	27.549790335073734
0.255052804679508	60.28656244079563	24.921361179310463
0.2650528046797263	61.86856368649219	24.12876838911397
0.2850528046783438	63.365307380025435	27.574620406099616
0.3050528046787804	64.77679352139542	22.81582446690733
0.3150528046789987	66.11249517195361	24.380209995641586
0.3350528046776162	67.39135845440292	24.85830530188859
0.3550528046798718	68.58496418468891	22.759617542129185
0.3650528046782711	69.73120460821758	22.300530592831734
0.3850528046768886	70.83955278634029	24.824876991922313
0.4050528046791442	71.88158953500269	22.802261691088024
0.4150528046793625	72.89520709961069	24.209185401335642
0.435052804679799	73.87093241881273	24.884079213351985
0.4550528046784166	74.80876549260893	25.176266493256247
0.4850528046790714	76.580227965335	24.500186125839058
0.505052804679508	77.43280348696786	25.62472422344968
0.5350528046783438	79.03375085536737	24.8979680326274
0.5550528046787804	79.81054188618843	25.123131877234357
0.5850528046794352	81.28833945701875	25.017907572027585
0.6050528046780528	81.97987293567651	25.193673194395558
0.6350528046787076	83.34399377028912	24.95583983150543
0.6550528046773252	84.00710806489248	25.235581917009466
0.685052804679799	85.25755216328737	25.967129942672926
0.7050528046765976	85.84488196707888	25.361195191899366
0.7350528046790714	87.04796075871639	25.94673577027762
0.755052804679508	87.62581750115646	26.061203405178205
0.7850528046783438	88.72469261792772	26.183515778686925
0.8050528046787804	89.26465711496186	26.46859586437131
0.8350528046794352	90.28774774092132	25.807701952285758
0.8550528046798718	90.78981999254957	25.605065194300078
0.8850528046787076	91.77501837310307	25.59026893317018
0.9150528046793625	92.7317975696022	26.12634267564185
0.9550528046784166	93.63173839799246	26.069125320811484
0.9850528046790714	94.52220616503125	26.095087523091454
1.015052804679726	95.35583556396116	25.072395337668667
1.05505280467878	96.19893802424257	25.6613031677202
1.085052804677616	97.00414823911808	26.480957900712546
1.115052804678271	97.80935845399354	25.570078780954333
1.155052804679144	98.54825723940867	25.909196040803067
1.185052804679799	99.29662908617534	26.802954917110352
1.215052804678635	99.99763562618456	25.766098670878645
1.255052804679508	100.7175882888968	25.490367594245967
1.285052804678344	101.40912176755451	26.384992392288247
1.315052804678999	102.0911821848608	25.911456591110024
1.355052804678053	102.72587729540967	25.790004913214645
1.405052804677325	103.68265649190883	26.402802909655883
1.455052804676598	104.61101650435366	25.58682102963861
1.505052804679508	105.50148427139246	26.520879909583705
1.55505280467878	106.36353285437666	26.53875286311208
1.605052804679872	107.2066353146581	26.614146996588754
1.655052804679144	108.00237246818203	26.653362438994147
1.705052804678417	108.80758268305752	26.731332345779528
1.755052804679508	109.57490065252719	26.86935920936884
1.80505280467878	110.33274556064522	26.912355035508668
1.855052804679872	111.06217128470888	26.993894557264195
1.905052804679144	111.78212394742127	27.032960186587456
1.955052804678417	112.492603548782	27.168547329664616
2.005052804679508	113.17466396608812	27.478193638510387
2.05505280467878	113.82830519934001	27.34926952295008
2.105052804678053	114.49141949394352	27.46048693039293
2.155052804677325	115.12611460449241	27.3289618239284
2.205052804676598	115.76080971504116	27.70517503040109
2.265052804677907	116.56601992991675	27.522466454895635
2.335052804679435	117.35228402208932	27.566490180206404
2.405052804679144	118.12907505291032	27.836723501201682
2.465052804678635	118.88691996102847	27.745262650228657
2.535052804678344	119.61634568509226	27.65974147832326
2.605052804679872	120.34577140915587	27.81661475563559
2.685052804679799	121.2267661148431	28.210666784659903
2.755052804679508	121.91829959350082	27.818682348627704
2.835052804679435	122.75192899243095	28.261424401359573
2.905052804677325	123.40557022568258	28.552207822283854
2.985052804679071	124.20130737920678	28.253013105453068
3.05505280467878	124.82652942840427	28.598418400126857
3.135052804678708	125.59384739787386	28.37801500066925
3.215052804678635	126.32327312193752	28.554840733300168
3.30505280467878	127.07164496870391	28.57759060275293
3.385052804676889	127.78212457006488	28.835032671758956
3.465052804678635	128.48313111007414	28.697009228480116
3.55505280467878	129.14624540467742	28.651095626096822
3.655052804677325	129.96092868090426	28.864289953584848
3.755052804679508	130.7471927730769	28.8079559295723
3.855052804679872	131.4860915584921	28.581250971170345
3.955052804678417	132.23446340525874	29.16587328161825
4.05505280467878	132.94494300661933	29.016479523570954
4.155052804679144	133.65542260798006	28.93038907666252
4.255052804679508	134.3185369025835	29.053365489361685
4.355052804678053	134.9911242585382	29.090995509054288
4.465052804678635	135.75844222800788	28.944481254954358
4.585052804679435	136.5068140747746	28.970646653896306
4.705052804678417	137.2362397988381	28.95452860668608
4.815052804678999	137.92777327749607	29.098369953215904
4.935052804679799	138.62877981750523	29.132162003232683
5.05505280467878	139.29189411210848	28.84833329161145
5.185052804679799	140.02131983617224	29.036036870843073
5.30505280467878	140.68443413077554	29.210525259208982
5.435052804679799	141.39491373213644	29.146924055222797
5.565052804678999	142.0864472107942	29.366091550126626
5.705052804678417	142.77798068945174	29.630787709383444
5.855052804678053	143.55477172027284	29.831321074966564
6.005052804679508	144.3126166283909	30.160697114519905
6.155052804679144	145.03256929110327	30.295813129113693
6.30505280467878	145.77146807651835	30.42039690498546
6.455052804678417	146.48194767787913	30.778795733146463
6.605052804678053	147.18295421788838	30.78375505248346
6.765052804677907	147.9502721873579	31.13088802778644
6.935052804679799	148.7081170954762	31.40127781326348
7.105052804679872	149.44701588089117	31.45706149523053
7.285052804678344	150.23327997306367	31.51359506954908
7.455052804676598	150.92481345172146	31.614340525172853
7.635052804678708	151.72055060524548	31.59464413591343
7.815052804678999	152.4594493906606	31.76466631709923
8.005052804679508	153.20782123742748	31.980227818060634
8.205052804676598	153.96566614554536	31.991255488186315
8.405052804679144	154.7235110536636	32.13757400287214
8.605052804679872	155.47188290043036	32.04355717113066
8.80505280467878	156.2107816858455	32.107664899155324
9.015052804677907	156.9780996553151	32.048405338752396
9.235052804679071	157.73594456343298	32.18734666206205
9.455052804678417	158.4748433488481	32.16283764173965
9.685052804679799	159.25163437966924	32.17496547169033
9.915052804679362	160.00947928778746	32.22583850173004
10.15505280467914	160.73890501185102	32.030741804942025
10.40505280467733	161.51569604267198	31.981331535208636
10.65505280467914	162.2545948280873	32.02030491901643
10.90505280467914	162.99349361350235	31.914338987555634
11.16505280467936	163.760811582972	31.6902581591265
11.4350528046798	164.49023730703573	31.741917545671843
11.70505280467842	165.210189969748	31.55546177214903
11.98505280467907	165.95856181651462	31.58483914301588
12.26505280467973	166.67851447922692	31.434746360683306
12.55505280467878	167.3795210192361	31.117987326859645
12.85505280467987	168.1089467432998	31.148872685965028
13.15505280467914	168.8004802219575	31.040011484013387
13.46505280467864	169.5299059460212	30.837955447873533
13.78505280467834	170.24038554738192	30.670938799973293
14.10505280467805	170.91297290333665	30.57221478665292
14.4350528046798	171.62345250469735	30.292424515740706
14.78505280467834	172.33393210605814	30.163719843900186
15.13505280467871	173.02546558471585	29.77261080682758
15.48505280467907	173.69805294067072	29.57376238460833
15.85505280467987	174.380113357977	29.497057482619642
16.23505280467907	175.0432276525802	29.23812147482049
16.61505280467645	175.70634194718386	29.005198080392585
17.00505280467951	176.34103705773268	28.825570446003024
17.40505280467914	176.99467829098452	28.66323803449603
17.815052804679	177.65779258558797	28.556342389906597
18.23505280467907	178.3114338188399	28.462982457647183
18.66505280467936	178.94612892938855	28.349527166442382
19.10505280467987	179.59029710128925	28.334093926362872
19.55505280467878	180.2344652731893	28.165056135402033
20.01505280467973	180.87863344508986	28.00919420368957
20.48505280467907	181.50385549428742	27.780782346995416
20.96505280467864	182.13855060483613	27.7156424041615
21.45505280467842	182.76377265403352	27.50388774429275
21.95505280467842	183.3700485805282	27.30054311081442
22.46505280467864	183.98579756837415	27.109729213095076
22.98505280467907	184.57312737216554	26.970600211492872
23.53505280467834	185.1983494213631	26.79633143900254
24.08505280467944	185.7856792251546	26.510051905679994
24.65505280467733	186.38248209029757	26.400975572488417
25.23505280467907	186.9792849554406	26.221918882074284
25.83505280467762	187.57608782058344	26.012526304576767
26.4350528046798	188.16341762437514	25.79236224866167
27.05505280467878	188.72232824411216	25.662443767379962
27.6850528046798	189.30018498655235	25.596902391904802
28.33505280467944	189.87804172899243	25.45333724521538
29.00505280467951	190.42747928737808	25.242249119767003
29.6850528046798	190.98638990711507	25.091779217804177
30.38505280467689	191.5453005268522	24.94912385152377
31.10505280467987	192.12315726929216	24.781893703140096
31.83505280467762	192.68206788902958	24.633592843143898
32.58505280467762	193.22203238606357	24.65659065056513
33.35505280467987	193.7809430058005	24.526193324764815
34.13505280467689	194.30196138013181	24.414717119161796
34.9350528046798	194.84192587716583	24.158800177879314
35.75505280467951	195.38189037420017	24.07889889972272
36.58505280467944	195.9218548712341	23.94127105031603
37.4350528046798	196.44287324556558	23.800127062554825
38.30505280467878	196.96389161989688	23.915481882876033
39.20505280467842	197.4754369328765	23.827329394925666
40.11505280467827	198.00592836855904	23.662594332411224
41.05505280467878	198.50800062018723	23.589737170444874
42.00505280467951	199.01954593316728	23.505301960772382
42.98505280467907	199.55951043020121	23.51919944569978
43.98505280467907	200.07105574318084	23.571900632607594
45.00505280467951	200.56365493345768	23.545921784910846
46.05505280467878	201.08467330778913	23.57817366110547
47.13505280467871	201.58674555941718	23.597132850208318
48.23505280467907	202.10776393374846	23.51990307689052
49.35505280467805	202.61930924672825	23.430640207149136
50.50505280467951	203.1403276210593	23.550276195379915
51.6850528046798	203.6423998726874	23.494116765380568
52.88505280467689	204.15394518566723	23.67010466619242
54.10505280467987	204.66549049864707	23.617644982509344
55.35505280467805	205.14861662757224	23.574816120517415
56.63505280467689	205.66016194055203	23.55462139206297
57.95505280467842	206.16223419218028	23.607726496772457
59.30505280467878	206.69272562786287	23.65197073680916
60.6850528046798	207.1947978794914	23.659861891909085
62.08505280467944	207.687397069768	23.76833824063894
63.53505280467834	208.1989423827476	23.78672966478746
65.00505280467951	208.70101463437595	23.968800420738702
66.50505280467951	209.21255994735557	23.999445804597617
68.05505280467878	209.72410526033553	23.996834837039103
69.63505280467871	210.22617751196358	24.19870885735269
71.25505280467951	210.7377228249433	24.342671651271655
72.90505280467914	211.26821426062605	24.420267253913906
74.60505280467987	211.79870569630893	24.451599847037635
76.33505280467944	212.29130488658555	24.605994778442074
78.10505280467987	212.82179632226803	24.785761910520552
79.91505280467936	213.35228775795105	24.842576092872246
81.76505280467791	213.86383307093058	24.934615444009427
83.65505280467914	214.37537838391037	24.983135014164944
85.58505280467944	214.9058698195928	25.16201435969886
87.565052804679	215.43636125527544	25.28823588021147
89.58505280467762	215.94790656825523	25.335923564538213
91.65505280467914	216.4878710652893	25.50861385101005
93.78505280467834	217.01836250097242	25.730187586935486
95.9550528046766	217.53938087530324	25.75974144546186
98.1850528046798	218.08881843368914	25.88424504387963
100.4550528046766	218.61930986937185	26.148341560880038
102.7850528046783	219.15927436640595	26.290327101870602
105.1650528046794	219.70871192479146	26.445618437071534
107.6050528046799	220.239203360474	26.780293504350364
110.1050528046781	220.78864091885995	26.738161826770316
112.6550528046791	221.34755153859675	26.974555797786767
115.2550528046795	221.9064621583338	27.169846473886047
117.9150528046794	222.4558997167197	27.323880032081988
120.6350528046787	223.03375645915955	27.61948138223598
123.4350528046798	223.56424789484257	27.786951966686086
126.2850528046783	224.1326315759311	27.983064009005222
129.2050528046784	224.7010152570197	28.165984903562077
132.1850528046798	225.26939893810822	28.40079198175367
135.2350528046791	225.84725568054807	28.54852475314559
138.3550528046799	226.41563936163675	28.85641367882657
141.5550528046788	227.00296916542842	29.009398129748696
144.8350528046794	227.59029896921962	29.241692096957472
148.1850528046798	228.17762877301158	29.42425732911606
151.6050528046799	228.77443163815445	29.688816609600952
155.1050528046781	229.34281531924282	29.867164570994518
158.6850528046798	229.94909124573763	30.16056192828884
162.3550528046799	230.53642104952888	30.3475501080756
166.1050528046799	231.14269697602347	30.576100938814445
169.9550528046784	231.73949984116646	30.843628696844394
173.8850528046787	232.36472189036377	31.024048931262392
177.9050528046791	232.97099781685836	31.41073039665501
182.0150528046797	233.5962198660559	31.588177029316572
186.2150528046786	234.21196885390202	31.81602058713163
190.5150528046779	234.83719090309938	32.084549875603585
194.9150528046794	235.47188601364792	32.39866560322186
199.4150528046794	236.09710806284568	32.54569008406706
204.0150528046779	236.74127623474575	32.899606290892685
208.7350528046791	237.37597134529486	33.09268211646677
213.5550528046788	238.00119339449253	33.36276424765699
218.4850528046791	238.654834627744	33.59612547217631
223.5350528046783	239.30847586099597	33.827246081524976
228.7050528046766	239.95264403289647	34.055279029011835
233.9850528046791	240.6252313888511	34.24670064657611
239.3850528046787	241.278872622103	34.484475453515266
244.9150528046794	241.94198691670647	34.75475995981849
250.5650528046772	242.60510121131009	34.951563573392505
256.3550528046781	243.27768856726462	35.06296829847383
262.2850528046783	243.94080286186812	35.266652430607884
268.3350528046794	244.6133902178228	35.37680289233947
274.5350528046783	245.28597757377784	35.53114690635273
280.8850528046769	245.95856492973232	35.72960495057973
287.3650528046765	246.6406253470386	35.79862676047933
294.0050528046795	247.30373964164232	35.90566713843307
300.7850528046783	247.97632699759706	36.06030920678242
307.7350528046791	248.6583874149032	36.12390487635806
314.8350528046794	249.33097477085792	36.26695095953312
322.1050528046799	250.02250824951585	35.74320656747152
329.5350528046783	250.685622544119	36.33648832536982