0.6641666666836556	5.738460324142635	1.765249400197497
1.66555555548976	8.652174674773207	4.579386155659464
2.354166666569569	10.416714154289929	6.071992550035531
3.020833333313846	12.0996992881147	7.67765445489649
3.725277777761136	13.864238767631443	9.596699275236844
4.405277777812358	15.621364215721616	11.065782928588847
5.103055555431553	17.311763380972934	12.00911311994236
5.880277777556245	19.068888829063127	13.812847838023957
6.685833333351098	20.98912296853721	15.816057638047067
7.443888888694261	22.746248416627395	17.33379937765578
8.1411111111519	24.280952921921365	18.617996231768174
8.882777777791404	26.038078370011554	19.763404596971075
9.567777777614452	27.498642561040114	21.132827323027595
10.3944444442167	29.255768009130293	21.911567508635144
11.08333333331385	30.71633220015884	22.827399311915304
11.81722222227828	32.169482359760856	23.697681466630772
12.48361111083059	33.474351890832054	24.15331343796809
13.16666666662778	34.77180739047671	25.013051889214214
13.96805555548045	36.232371581505255	25.455784056742075
14.72444444429121	37.61138142684186	25.67049981290891
15.50194444443324	38.9088369264865	25.98123317109207
16.20611111103781	40.05801179760035	25.647736920594276
16.9272222222061	41.133046354448766	25.50463178431244
17.7422222220338	42.35636153982801	25.577671850545645
18.44388888875247	43.2757014367191	25.05638196978963
19.13277777750037	44.19504133361014	24.794945149755726
20.00888888892942	45.34421620472397	24.278954367268323
20.71611111110533	46.11527547308424	24.272436400885887
21.48499999986953	46.95306102428338	23.663918527147
22.1166666664648	47.64256594695165	23.14626861020504
22.9019444442819	48.413625215311896	22.456454914768333
23.64805555535705	49.177270452245615	22.310125520688423
24.44388888875247	49.866775374913914	21.71696540136866
25.87055555556427	51.015950246027764	20.886022948995418
27.04527777770991	51.935290142918824	20.150593919807758
27.74694444425396	52.39496009136437	19.646132939397994
28.53222222207106	52.9287703540753	19.358478877428873
29.33916666638098	53.462580616786234	18.761554223174553
30.67138888884793	54.3077801994119	18.00056700520977
31.5702777777914	54.767450147857446	17.62350034562232
32.39083333325098	55.22712009630297	17.055616715185934
33.75111111102152	55.84248470470587	16.35959852309646
35.22972222219678	56.53198962737415	15.780503595063092
36.58583333319976	57.06579989008508	15.157466749203342
37.95972222211995	57.59961015279607	14.514525727337505
39.36388888891079	58.14083444693354	14.043646040292243
40.72916666662778	58.60050439537908	13.765057944027339
42.13055555551537	58.97861999813266	13.21543235924865
43.5269444442819	59.3641496323128	12.804844460512028
45.07055555545949	59.82381958075834	12.37667275552484
46.56833333324167	60.20934921493844	11.730184054877196
48.11750000005114	60.58746481769202	11.694573205681849
49.90972222213159	60.97299445187213	11.61073285876165
51.58694444439598	61.35852408605228	10.648076028624747
53.08138888893873	61.58835906027504	10.75171387600924
54.57083333336041	61.89233434876323	10.515976142425425
56.03166666661846	62.1963096372514	10.41174563937424
57.44222222222007	62.352004297208744	10.093527380126373
58.94305555557358	62.65597958569694	9.743504902131763
60.94805555557824	62.96736890561165	9.765385992156261
62.39361111097961	63.19720387983442	9.53013088747428
64.4536111110937	63.50117916832258	9.850979626148677
65.99861111096098	63.656873828279934	9.43816328862697
68.24416666669995	63.96084911676812	9.036630641520368
69.91305555542922	64.19068409099087	8.825501561120374
71.53111111099125	64.34637875094825	8.776989153419878
73.7308333333348	64.65035403943641	8.826184058098452
75.52472222212228	64.80604869939377	8.868516451858076
77.79638888878972	65.03588367361654	8.712583026190705
80.1091666663996	65.26571864783932	8.666061885287794
82.40638888865934	65.49555362206208	8.204018824333442
84.56999999983228	65.72538859628484	8.528831723788795
86.81388888886423	65.95522357050761	8.358961814030867
89.1352777775027	66.10350419903843	8.264096157133663
91.47055555530815	66.3333391732612	8.33448833347512
93.77277777768896	66.48903383321857	8.28136243868799
96.20694444427491	66.71886880744131	8.249350297526913
98.95861111104014	66.87456346739866	7.916621569395877
101.9219444443587	67.10439844162144	8.161000036200525
104.803611110954	67.33423341584422	8.089887582777386
107.681111111131	67.56406839006699	8.165153128216538
110.679722222092	67.7123490185978	8.23956296700154
113.6138888889108	67.94218399282057	8.099510010913015
116.3750000000581	68.09787865277794	8.253695329156178
119.144722222234	68.25357331273527	7.950046033031736
121.9422222222201	68.48340828695805	8.017447258306532
125.085277777689	68.63168891548887	8.0349127450775
128.1225000000558	68.78738357544623	8.064417793909925
131.6305555552825	69.017218549669	8.14519453112276
135.3649999997578	69.17291320962634	8.149593772599433
138.8858333333045	69.40274818384913	7.674433319409051
142.8399999998509	69.55102881237991	8.081413614231346
146.377222222276	69.78086378660268	8.006376069402299
149.7938888889038	69.93655844656004	7.8128627891164495
153.4308333332882	70.09225310651745	8.303052926744266
157.6691666665719	70.24053373504823	8.08177240506852
161.7611111109726	70.470368709271	8.158006046114094
165.9338888889178	70.62606336922838	8.26691487235076
169.9783333333907	70.78175802918572	8.215785160514173
174.1027777777053	71.01159300340846	8.183584849282841
178.1186111108399	71.15987363193932	8.368049003145602
182.8883333332487	71.31556829189667	8.117142939129554
187.1611111111705	71.54540326611941	8.48151831823198
191.9613888887688	71.70109792607677	8.4128852189203
196.5258333332603	71.84937855460763	8.476980397150081
201.2499999997671	72.00507321456494	8.46383919815782
206.0894444442819	72.16076787452234	8.603973917985508
211.4830555556108	72.3906028487451	8.162281624029285
217.0158333331346	72.5388834772759	8.245093392893601
222.0966666665626	72.76871845149867	8.627770909328015
227.7283333333907	72.92441311145606	8.608185902425285
233.0641666665323	73.0801077714134	8.576885608714884
239.0650000000605	73.22838839994422	8.290626224185687
244.8658333332859	73.38408305990158	8.426420389066072
250.9544444443308	73.61391803412434	8.151487767077434
257.3719444443121	73.76961269408167	8.194203229199093
263.8030555554432	73.9178933226125	8.5010950974207
269.9538888889364	74.0735879825699	8.52501268848017
276.6372222220524	74.22928264252724	8.278201050258122
283.1113888886756	74.37756327105804	8.344435643808353
289.7374999998136	74.53325793101543	8.075414874420229
296.6249999999999	74.68153855954624	8.1528240962044
303.7722222221781	74.91137353376901	7.890470318564688
311.1238888889201	75.06706819372636	7.563684840750657
318.502499999944	75.14120850799175	8.360976932270486
325.9452777777914	75.2969031679491	8.232001767185258