0.003119999999967149	18436.85545644541	15802.771752015227
0.006239999999934298	35025.754447255254	32056.150459092147
0.009359999999901447	49954.571071787206	42590.93559610127
0.0124799999998686	63391.62325310218	50911.09098297126
0.01559999999983575	75487.42822038209	57215.90164084357
0.01871999999980289	86376.53116350144	61785.54649064953
0.02183999999977004	96179.45702205866	64886.8425268249
0.02495999999973719	105004.27266396125	66757.86704324714
0.02807999999970434	112948.02389072119	67596.11204461793
0.03150627819650254	120760.5314216153	67543.31327066943
0.03535062556284174	128515.275261785	66539.96574241457
0.03966405425262565	136098.2963517348	64523.83467877608
0.04450380084392691	143390.2263651571	61475.52735265338
0.04993408583345627	150272.54832626737	57435.02353815201
0.05602696580388056	156635.00189638883	52507.25688608823
0.06286328957048681	162383.13817168897	46864.930153866466
0.07053377099623503	167446.38628392984	40738.31710301696
0.07914019270924655	171783.27182228115	34399.57313350171
0.0887967566967518	175385.88374191153	28136.269171504086
0.09963159969595381	178279.00464130554	22222.0580397809
0.1117884934905078	180517.82511683914	16888.282321212195
0.1254287526750204	182180.52828609073	12299.546483029053
0.140733375201421	183360.36444644918	8543.184272842042
0.1579054441122025	184155.79075270702	5626.367785355512
0.1771728223286573	184661.8571885473	3489.5847937800154
0.1987911762535077	184963.43303284733	2023.7550791668305
0.2230473683088121	185130.5198717837	1094.3918913143582
0.2502632634259498	185217.04070651223	562.3630308661359
0.2807999999977255	185260.93665742205	300.83736206117726
0.3150627819654801	185286.87118135355	206.03352070834416
0.3535062556289859	185308.81546145942	200.50961056186634
0.3966405425269386	185333.52446993627	232.8434895036274
0.4450380084396102	185363.0604159048	272.50112913676014
0.4993408583350174	185397.09346142237	304.88512419784104
0.5602696580389193	185434.2887329962	325.3130233915758
0.6286328957050955	185473.2187621898	334.8464763842747
0.7053377099623503	185512.78796779897	336.8222912197246
0.7914019270928065	185552.34155292466	334.9719054669109
0.8879675669683138	185591.653521859	332.3990053079891
0.9963159969601065	185630.79669331101	331.1888451292085
1.117884934905533	185670.03838076047	332.5110763858272
1.254287526750204	185709.73293598328	336.7691973975675
1.407333752014552	185750.25095584383	343.91388851001255
1.579054441122366	185791.94437919545	353.6398350838142
1.7717282232868	185835.12113562986	365.54796262097506
1.987911762535418	185880.04815223083	379.2289692718172
2.23047368308869	185926.94533462415	394.3435378081933
2.502632634260408	185976.00780997175	410.65208505009167
2.807999999978506	186027.40693121552	427.9093037456011
3.150627819655824	186081.28682802588	445.85537156695005
3.535062556290995	186137.76273467284	464.3399676360674
3.966405425270409	186196.94792031922	483.5485701677477
4.450380084396784	186259.00904482885	503.150648519167
4.993408583351084	186323.97847577545	522.3044110309384
5.602696580389761	186391.80900992907	541.9192247944073
6.286328957051865	186462.7608637454	561.5522513850942
7.053377099624981	186536.66079175915	580.4584731162124
7.914019270930112	186613.56702238982	599.1272701892464
8.879675669684957	186693.40946801964	617.1482345119229
9.963159969602657	186776.11429457122	634.4889699490401
11.1788493490568	186861.5700288175	651.040530285877
12.54287526750318	186949.63567148475	666.7482117598838
14.0733375201462	187040.14127072718	681.5893958014743
15.63333752014614	187124.74377161733	694.3623152116601
17.19333752014609	187202.75824218537	705.2733827811297
18.75333752014603	187275.08735876868	714.6387642187984
20.31333752014598	187342.45406947905	722.757887524896
21.87333752014592	187405.44957729513	730.0549875313593
23.43333752014587	187464.5640236507	736.5397430466475
24.99333752014582	187520.2087915181	742.3458547811402
26.55333752014576	187572.7327537215	747.5787374340165
28.11333752014571	187622.43450318056	752.323317732803
29.67333752014565	187669.57172122342	756.648206022551
31.2333375201456	187714.36865438224	760.6092482521148
32.79333752014554	187757.02150190057	764.2532018847234
34.35333752014549	187797.70294982483	767.5936858568659
35.91333752014543	187836.56595805846	770.7165072811327
37.47333752014538	187873.74667363256	773.5863373131847
39.03333752014532	187909.36675344908	776.2993812324239
40.59333752014527	187943.53541631083	778.8366889263312
42.15333752014522	187976.3508525054	781.2162271552356
43.71333752014516	188007.9021149088	783.4531465532177
45.27333752014511	188038.2698184397	785.5603625009956
46.83333752014505	188067.52747366446	787.5501593378746
48.393337520145	188095.7420979437	789.4181015132484
49.95333752014494	188122.97494269672	791.2022569396553
51.51333752014489	188149.28226452772	792.8954892956997
53.07333752014483	188174.71566008564	794.4889188957765
54.63333752014478	188199.32287059817	796.0228246327632
56.19333752014472	188223.14781584276	797.4861775791943
57.75333752014467	188246.23132094738	798.884272378398
59.31333752014461	188268.61122114657	800.2210940765016
60.87333752014456	188290.32252774018	801.5007394492914
62.43333752014451	188311.398036826	802.707706088196
63.99333752014445	188331.86818733686	803.8923041170037
65.5533375201444	188351.7611230669	805.0186921478679
67.11333752014434	188371.10337917754	806.111744903049
68.67333752014429	188389.9192736879	807.1459778335688
71.79333752014418	188426.06570773508	809.1369198446624
74.91333752014407	188460.370928192	810.9966323966505
78.03333752014396	188492.98492483096	812.7399728365225
81.15333752014385	188524.0419601479	814.3813049987266
84.27333752014374	188553.66034335055	815.9203008851766
87.39333752014363	188581.94627125253	817.3824992948744
90.51333752014352	188608.99553463058	818.7633664857051
93.63333752014341	188634.8946139989	820.088383778004
96.7533375201433	188659.72168524523	821.3532334419237
99.8733375201432	188683.5476886506	822.544664696559
102.9933375201431	188706.43723674555	823.6611360031114
106.113337520143	188728.45333285586	824.624162404318
109.2333375201429	188749.64438862106	825.5653503222812
112.3533375201428	188770.05742513223	826.4345119555239
115.4733375201428	188789.73683460863	827.2315401775769
118.5933375201424	188808.7215442478	827.8764268214734
121.7133375201424	188827.04900776086	828.5057727552872
124.8333375201423	188844.75731461175	829.1071923800895
127.9533375201422	188861.87933521796	829.6574943561614
131.0733375201421	188878.44565922327	830.1639572420005
134.193337520142	188894.48340856185	830.6531280216874
137.3133375201419	188910.0201029579	831.1419712006903