0.001356888887812602	69.94336339887208	1.6935014143062763
0.002745777752124923	70.67289277840118	0.3806534752377346
0.01385688884124647	70.67289277840118	0.04336524016827524
0.01524577770555879	70.69416185652155	0.04863408222029292
0.0166346667444941	70.69416185652155	0.054072265144153905
0.01941244447311874	70.69416185652155	0.17431127344282155
0.02080133333743106	70.69416185652155	0.18540585357176362
0.02219022220174338	70.73670001276233	0.1520060047611352
0.02357911089143272	70.73670001276233	0.16305595977533355
0.02635688896930333	70.73670001276233	0.07091357521521424
0.02774577783361565	70.73670001276233	0.07422126589861801
0.02913466669792797	70.73670001276233	0.09697881719815887
0.03052355538761731	70.76009599869467	0.07623867511834545
0.03191244442655261	70.76009599869467	0.08034413322138266
0.03330133329086493	70.76009599869467	0.28352533609463987
0.03469022215517725	70.76009599869467	0.20668785796587405
0.03607911119411256	70.76009599869467	0.21433366432682643
0.0374679998838019	70.80263415493546	0.17615267094091003
0.0388568889227372	70.80263415493546	0.21002807525391398
0.04024577778704952	70.80263415493546	0.2187029655222356
0.04719022228323411	70.80263415493546	0.33057286728067536
0.04857911114754643	70.80263415493546	0.339695750058258
0.04996799983723577	70.80263415493546	0.3488432193174405
0.05135688887617107	70.80263415493546	0.26131339340578086
0.05274577774048339	70.86856829710862	0.6724676299833118
0.05413466660479571	70.86856829710862	0.6909829077959955
0.05552355529448505	70.86856829710862	0.6532976443595153
0.05691244433342035	70.86856829710862	0.6675697403158549
0.05830133337235566	70.86856829710862	0.7856988036832
0.05969022223666798	70.95364460959019	0.5706404386188931
0.0610791111009803	70.95364460959019	0.5642174784900598
0.06385688882960494	70.95364460959019	0.5925802523279141
0.06663466673285257	70.99830967364295	0.41028778291216933
0.06941244428685422	70.99830967364295	0.38897167224324447
0.07219022219010185	70.99830967364295	0.4055711383764897
0.07496799974410351	71.04084782988372	0.3698581039332251
0.07774577782197412	71.04084782988372	0.5441231614407349
0.08052355555059876	71.04084782988372	0.5644211678746559
0.0833013332792234	71.08551289393651	0.5037195383455896
0.08607911118247102	71.08551289393651	0.47015824777103166
0.08885688873647268	71.12805105017729	0.43583831993392363
0.09163466663972031	71.12805105017729	0.45168021513395407
0.09441244419372197	71.12805105017729	0.6330383012847619
0.09719022227159257	71.14932012829767	0.7298413670178164
0.09996800000021722	71.14932012829767	0.5454988757817747
0.1027457777288419	71.14932012829767	0.5608722901699166
0.1055235556320895	71.21525427047088	0.9182514717994589
0.1083013331860911	71.21525427047088	0.8637015526050094
0.1110791110893388	71.25779242671166	0.8268650079215005
0.1138568886433404	71.25779242671166	0.8232100814209602
0.116634666721211	71.25779242671166	1.1475771289836934
0.1194124444498357	71.32372656888482	0.9983278110675343
0.1221902221784603	71.32372656888482	0.9835451606392529
0.1263568889460203	71.34499564700522	0.9807026587496664
0.1305235555389572	71.34499564700522	0.9936690175846287
0.1346902221318942	71.43219886729875	1.1490535364046144
0.1388568888994541	71.43219886729875	1.359732569757397
0.1430235554923911	71.47473702353948	1.7751529326008442
0.1471902220853281	71.47473702353948	1.8314095079104546
0.151356888852888	71.56194024383304	1.9800784840486778
0.155523555620448	71.64914346412662	1.885535790370792
0.1596902220387619	71.64914346412662	2.5003573215248527
0.1638568888063219	71.75761576254051	2.7092422783112147
0.1680235555738818	71.75761576254051	2.6858834364382145
0.1721902219921958	71.86608806095448	2.5706119639710474
0.1763568889343787	71.86608806095448	2.558633312786933
0.1805235555273157	71.97456035936844	2.6242399676145234
0.1846902222948756	72.05963667185001	2.5479337540648292
0.1902457777521249	72.05963667185001	2.788502404302107
0.1958013333839972	72.12557081402309	2.685545704470604
0.2013568888412465	72.21277403431677	2.6721572227888784
0.2069124444731187	72.21277403431677	2.4261662088778753
0.212467999930368	72.29997725461027	2.405108228450687
0.2180235553876173	72.36378448897142	2.7115302538937693
0.2235791111941126	72.45098770926501	2.932266902929201
0.2291346666513618	72.45098770926501	2.869103707813709
0.2346902222832341	72.49352586550573	2.9657416580723166
0.2402457777404834	72.53819092955852	2.701375443533514
0.2458013333723557	72.6253941498521	2.6125254885916047
0.2527457776939173	72.68920138421323	2.7673790744166804
0.2596902221901019	72.79767368262713	3.0714836658369378
0.2666346666862864	72.81894276074755	3.2830745312811374
0.273579111182471	72.81894276074755	4.001335959214674
0.2805235555040326	72.88487690292072	4.0611486652595
0.2874680000002172	72.97208012321431	4.204182297989468
0.2944124444964018	73.01461827945501	4.680440271705284
0.3013568886433404	73.10182149974865	4.606943584733572
0.3096902221784603	73.21029379816257	5.115283022931121
0.3180235555389572	73.44850747311082	5.415367995039713
0.3263568888994541	73.55697977152474	5.925269369715738
0.3346902220853281	73.6441829918183	5.7282773943634435
0.343023555620448	73.7739243683527	5.901712874867488
0.3513568888063219	73.86112758864624	6.232062310834963
0.3596902219921958	73.96959988706014	6.14792298964976
0.3680235555273157	74.03340712142128	5.494351036092446
0.3777457777521249	74.20781356200844	5.930151294711216
0.3874679999769342	74.2503517182492	5.991214781432617
0.3971902222017434	74.33755493854272	6.598394182514771
0.4069124444265526	74.48856539319743	6.729739789964266
0.4166346666513618	74.55449953537058	7.249777925348764
0.4263568888761711	74.62043367754379	7.3245474138021915
0.4374679997906696	74.81398228843928	7.323009163840263
0.4485791110544142	74.90118550873288	7.562876695907039
0.4596902221435357	75.13939918368115	8.069178412706869
0.4708013332326573	75.2478714820951	8.253969617863106
0.4819124444964018	75.44354700080252	8.697650354624278
0.4944124444498357	75.53075022109608	9.30348089868491
0.5069124444032695	75.72642573980356	9.597636567536611
0.5194124445313264	75.85616711633791	9.28567565883039
0.5319124444847603	75.92210125851115	10.442732685976269
0.5444124444381941	76.07311171316579	10.262760210333939
0.5583013332559403	76.26878723187332	10.991014444377758
0.5721902222483095	76.39852860840766	11.078520212045634
0.5860791108914327	76.5942041271152	11.54493043983275
0.5999679998838019	76.78775273801061	11.43336985453519
0.6138568888761711	76.87495595830413	11.745789791631651
0.6291346667328526	77.17910377542563	12.446620940809975
0.6444124442402881	77.35351021601276	13.047808907815176
0.6596902222715926	77.59172389096102	13.074277943450035
0.6749679999536511	77.76400342373609	13.537995708830351
0.6916346666746449	77.93840986432319	13.562040644274283
0.7083013333956387	78.08942031897791	13.194977518570683
0.7249679999420096	78.21916169551221	13.484317208308935
0.7430235555273157	78.48077135639288	14.22707688629658
0.7610791109379988	78.65305088916803	14.100812283262503
0.779134666697928	78.9146605500487	14.27356831849941
0.7971902222832341	79.06567100470339	14.154520298235958
0.8166346667328526	79.26134652341086	14.33881699216093
0.836079111182471	79.43362605618597	14.626328362326772
0.8555235556320895	79.52082927647953	15.245960680991374
0.8763568889460203	79.7377738733074	16.034500307804198
0.8971902220853281	79.97598754825566	16.06010861445372
0.9180235555738818	80.19293214508355	16.15128121217843
0.9402457777521249	80.38860766379106	15.90907521606328
0.962467999930368	80.56301410437814	16.69254795563798
0.9846902222832341	80.69275548091252	17.27718070532996
1.00830133332579	80.9309691558608	17.441426510785114
1.031912444193722	81.12664467456828	17.667563567182956
1.056912444449836	81.38612742763692	18.56404537531333
1.081912444531326	81.6477370885176	18.579082821607873
1.106912444438194	81.86468168534546	18.502508918910223
1.133301333383997	82.01569214000024	18.17541014004694
1.159690222155177	82.1879716727753	18.523513204264965
1.18746799979067	82.47085041177631	18.736468019523585
1.215245777775408	82.70906408672465	19.153128038653186
1.244412444449836	82.90473960543211	18.90789607689141
1.273579111124263	83.05575006008678	19.154197653649447
1.30413466648838	83.31735972096749	19.353644431846774
1.334690222201743	83.55557339591574	18.801648197160144
1.366634666604796	83.72785292869085	19.162752542490967
1.398579111182471	83.9022593692779	19.283437454518815
1.431912444449836	84.01073166769193	19.567206221597427
1.465245777542577	84.22767626451974	19.923392227750234
1.4999680000235	84.40208270510693	19.43580873652895
1.534690222155177	84.57436223788201	19.05246772351444
1.57080133332579	84.68283453629591	19.908437846353777
1.608301333186091	84.87851005500347	19.957540502490893
1.645801333395639	85.1167237299517	19.929210745381774
1.684690222294876	85.31239924865919	20.831935277785238
1.723579111194113	85.39960246895271	21.19342011399195
1.763856888783039	85.68035430014176	21.809163974690584
1.805523555585523	85.8760298188493	22.3002759407362
1.847190222038762	86.02704027350404	23.43996364532194
1.890245777705559	86.2014467140911	24.46709559585102
1.934690222236668	86.3971222327987	24.812928319319553
1.98052355563209	86.52686360933298	25.359124765163568
2.026356888852888	86.63533590774693	26.318745367075923
2.073579110937999	86.93948372486841	26.634324889780395
2.122190222236668	87.09049417952302	27.649821271484253
2.172190222225026	87.19896647793699	27.45785325608384
2.223579111077697	87.50311429505838	28.665173290367026
2.274967999930368	87.76259704812706	29.20741961817394
2.327745777821974	88.0242067090078	30.69085517417444
2.38191244440327	88.26242038395608	31.000517057318334
2.4374680000235	88.47936498078388	32.60420135189525
2.49441244433342	88.76011681197295	33.45092570120831
2.552745777682276	89.0642646290944	34.533201078095466
2.612468000070066	89.21527508374906	35.4794942566178
2.673579111147546	89.51942290087051	36.419925745935984
2.736079111089339	89.7363674976984	37.49859062792036
2.799968000070066	90.04051531481983	38.89195958837466
2.865245777740483	90.1489876132338	38.84150167665317
2.931912444449836	90.47440450847562	40.38810370077231
2.9999680000235	90.60414588500996	42.1477889702772
3.069412444286854	90.86362863807857	44.09525077940245
3.140245777589144	91.16777645519998	45.34736530316369
3.213856888969303	91.40599013014825	46.31912341158039
3.288856888689907	91.73140702539015	46.83606587687375
3.365245777798691	91.99301668627082	48.617098718036836
3.443023555597165	92.36097173775333	50.01415173331903
3.523579111124263	92.70765771111559	51.39275580073539
3.605523555341051	92.94587138606384	52.94999595312779
3.68885688894602	93.25001920318532	54.06440686700085
3.774967999930368	93.53289794218638	55.84114782357353
3.862467999953651	93.83491885149577	57.03790513907672
3.952745777705559	94.0965285123765	58.79626120699969
4.044412444496402	94.3772803435655	60.0224381950075
4.138856888841247	94.68142816068686	61.278252054158706
4.234690222225026	94.87710367939441	63.14262174257188
4.333301333337431	95.24505873087705	63.958133611049355
4.433301333139525	95.65767884641238	65.64250000881299
4.536079111194113	96.0043648197746	67.67512516145315
4.641634666628079	96.41698493530998	68.78037129306435
4.74996799979067	96.87214320708613	69.7938459403904
4.859690221992196	97.21882918044834	71.35325491679359
4.972190222271593	97.47831193351699	71.9428020315553
5.087467999930368	97.91220112717279	72.91074129860546
5.205523555492391	98.32482124270814	73.983419819188
5.326356888783039	98.69490320200279	75.43074914205378
5.449967999976934	99.08412733160569	77.42094673267792
5.576356888899454	99.5605546815023	79.79408398120398
5.705523555550599	99.97317479703771	81.63299783787805
5.837467999930368	100.40706399069347	83.56714333460434
5.972190222038762	100.75374996405563	85.50272967819818
6.111079111089339	101.18763915771143	87.45099036170187
6.252745777693917	101.6215283513672	89.72419068910249
6.397190222201743	101.96821432472935	91.57073409793803
6.545801333302507	102.40210351838513	93.49010511965615
6.697190222131894	102.81472363392051	95.01774514725085
6.852745777728842	103.20607467133551	96.5602646641778
7.011079111054414	103.57402972281811	97.28777443508731
7.173579111147546	104.00791891647387	98.2934012813971
7.340245777833616	104.44180811012959	100.35319400686825
7.50969022224831	104.80976316161221	101.96766696332004
7.68330133325594	105.15644913497441	103.31186254998232
7.861079111031131	105.63500339268303	104.16489924205929
8.043023555573882	106.06889258633885	105.72779579626572
8.229134666534947	106.39430948158059	107.4971595652473
8.419412444438194	106.74099545494282	107.53388481772923
8.613856888934379	107.10895050642547	109.49248676597733
8.813856888887813	107.6513119984951	110.67131834333003
9.018023555434183	108.1936734905648	112.06258923574401
9.226356888922737	108.73603498263454	113.06130838303183
9.440245777693917	109.34220370906536	114.17263543542492
9.658301333232657	109.9058342792555	114.70300913365983
9.88191244440327	110.49286083537798	116.33450969178733
10.11107911103113	111.05649140556808	117.39130784479677
10.34441244442655	111.64139105387851	118.465584861476
10.58330133327922	112.24968668812147	120.27619492189949
10.82774577758914	112.79204818019107	121.41719662062852
11.07774577770556	113.31101368632847	123.18929462662355
11.33330133327922	113.89804024245095	123.82898882249889
11.59580133334907	114.44040173452063	124.89575677765077
11.86385688887617	114.85089494224397	126.41782168528661
12.13746800003514	115.26351505777941	128.12379007504828
12.41802355534105	115.78460747172875	129.4848819007117
12.70552355549239	116.45671034033282	129.51003195557158
12.99857911110098	117.10754413081638	131.881755083223
13.29857911103113	117.6286365447657	133.71749499950027
13.60552355563209	118.17099803683539	134.55863614416145
13.91941244437999	118.75589768514592	135.07731997541762
14.24163466648838	119.2982591772156	134.73898470283166
14.57080133309296	119.66621422869815	137.12536678755643
14.90691244419372	120.40425123947537	138.78442260300974
15.25135688882961	120.94661273154514	140.17666516307685
15.60413466665136	121.51024330173527	140.39130433900112
15.96524577783362	122.05260479380499	142.12607700386891
16.33469022220174	122.70343858428856	143.14285814504476
16.71246799993037	123.1798659341851	143.75959956985236
17.09857911119411	123.89663386684202	142.07669647361982
17.49302355529449	124.41559937297922	142.2783808959165
17.89719022214354	125.02389500722211	141.86750941541746
18.31107911104277	125.7832010961197	142.16117354177268
18.73496800000953	126.32556258818933	143.1018256359085
19.16802355534105	127.08486867708699	144.58029016661072
19.61107911108934	127.6272301691567	144.71750567999467
20.06385688888781	128.23339889558753	145.82130443602378
20.52774577777541	128.90550176419157	147.7830082246627
21.00135688888781	129.59887371091594	149.60654869344444
21.48607911108934	130.2943725654524	149.92914380991283
21.98191244437999	130.7282617591082	150.60697131887943
22.48885688893438	131.57264416048727	149.96038588770332
23.00830133309296	132.2894120931442	150.87551230899354
23.54024577772884	132.94024588362777	151.6639164610177
24.08330133327922	133.4826073756975	152.20326777816715
24.63885688878304	133.7420901287661	153.00104939192855
25.20830133327922	134.58859943795724	154.0418276618603
25.79024577772884	135.30324046280217	153.9267014957872
26.38607911117083	136.14974977199319	156.164201955599
26.99580133325594	136.75804540623614	157.58587424975428
27.61941244433342	137.6896310279089	158.26554342648188
28.25691244440327	138.53614033710002	158.97545348878913
28.90969022215518	139.27205044006513	159.77785728647018
29.57635688889945	139.53366010094595	160.46532919428992
30.2596902221901	140.18449389142953	161.15958998911802
30.95830133333743	140.7268553834991	161.64459973311799
31.67357911103113	141.50743055051714	163.73413960016435
32.40413466658151	142.37520893782875	159.84862001800346
33.15274577754258	143.04731180643276	161.16831086603636
33.91802355557388	143.87042512969143	160.43846470055456
34.70135688884125	144.73820351700306	162.38507671142992
35.50274577769392	145.58471282619416	162.25138194899657
36.32219022213189	146.23554661667785	163.6971942856752
37.16107911119411	147.12459408210975	165.34499992058522
38.01802355549239	147.70949373042018	167.5398135691089
38.89580133327922	148.49006889743816	168.1242363700346
39.79302355534105	149.27064406445612	169.23892175698674
40.71107911089143	150.0512192314742	171.82717311683442
41.64996799993037	150.8551903844246	173.68816759363364
42.61107911114755	151.50602417490825	173.3048972300535
43.59441244419372	152.5886202512356	174.00010977214376
44.60024577778472	153.52233278072023	176.7207374059221
45.62941244440094	154.3029079477383	176.5257166239961
46.68219022223434	155.1919554131702	176.87512542112498
47.75996799979998	155.9299924239473	177.45180739638766
48.86135688893205	156.8615780456201	180.49428201673643
49.98913466666068	157.62088413451764	182.63402871711378
51.14191244429617	158.59713482024313	182.9306820875981
52.3224679999164	159.66058872626215	183.52806988804238
53.52941244448243	159.70312688250297	183.1756800122608
54.76413466668396	160.61344342605523	183.57654782287779
56.02802355555991	161.15580491812483	184.2494981165129
57.32107911111029	162.3277311225579	185.06553208528052
58.6433013333351	163.0870372114555	185.3429857337074
59.99607911109865	164.19302927371527	186.28307373186107
61.38080133326525	165.55850408904374	187.80914987731995
62.79746800000953	166.49221661852846	190.51866601921222
64.24607911115686	167.46846730425398	189.97810569760645
65.72802355539693	168.63826660087494	190.85389802770123
67.24469022229255	169.3975726897724	192.58999765658035
68.79607911114522	170.3100161411367	193.25803858497935
70.38357911099388	171.3926122174642	190.19825189112163
72.00719022218777	172.65174164219073	189.68671229375587
73.66830133324197	173.64926140603657	189.62977014010787
75.3683013331954	174.66805024800277	188.93727824011782
77.10719022204808	175.6230318556079	188.79190086304527
78.88635688883892	176.5992825413333	187.4825271425933
80.70580133339331	177.79247782388677	186.56827180247427
82.56691244440094	178.48584977061114	184.4773197423602
84.47107911090075	179.48336953445693	182.1563917332639
86.4196902222809	180.3936860780092	185.46213255338
88.41274577784293	181.24019538720052	184.8736046404956
90.45163466645113	182.30364929321954	185.77850134835467
92.53857911102182	183.43091043359956	183.1658546848168
94.67330133336304	184.4284301974455	182.97908689331666
96.85663466647907	185.4046808831709	180.2543963448232
99.09135688897163	186.81482076255216	178.77284714963548
101.3774679999676	187.57199994363788	178.61009308104937
103.7163568886806	188.61418477153643	177.0288758803938
106.1094124443241	189.84991821033066	176.81899377707768
108.5566346667235	190.7176965976422	171.60386968876912
111.0608013330837	191.26005808971192	173.2402396747352
113.6219124442775	192.17037463326417	173.04209531792247
116.2427457778592	193.0168839424553	173.5169318868199
118.9233013331302	193.83999726571406	172.33082160973552
121.6663568888669	194.62269934054405	173.46963700775447
124.4733013334096	195.35860944350907	172.9443818406355
127.3441346665838	196.00944323399276	170.00505345113228
130.2816346666421	196.61773886823568	171.9558529920303
133.2871902222739	197.26857265871945	172.86685778850367
136.3608013331302	198.07041690385773	172.54351755172712
139.5052457778127	198.9169262130489	172.85847709771508
142.7233013331768	199.71877045818718	172.04210174289483
146.0149679999211	200.41214240491166	171.2158535429685
149.3830235554249	201.21398665005012	171.11878158411574
152.8288568887272	202.08176503736152	171.14574349365188
156.3538568888669	202.7325988278452	170.2033940177585
159.9594124441844	203.73011859169114	171.07373977537566
163.6483013332816	204.619166057123	171.26576280738354
167.423301333363	205.3572030679001	171.925200741706
171.2844124444289	205.2274616913658	181.60320711743017
175.2344124443823	206.70140880510834	180.32990020831343
179.2760791111266	207.96053822983478	178.52703563339222
183.4108013331768	209.08779937021504	177.45650690652326
187.64135688896	209.88964361535324	181.30063297328
191.9691346666421	211.10410797602705	177.0827913047694
196.3969124444755	211.9931554414589	179.32074584308012
200.9260791109753	212.60145107570193	193.44961836099353
205.559412444394	213.70744313796155	190.3323015055269
210.2996902222856	214.90063842051498	173.18899557864273
215.1499680000468	215.74714772970617	179.42296431752138