0.0004000000008090865	11.896523586935421	12.084060664184447
0.0005000000010113581	5.948261793439015	77.78807166027363
0.0006000000012136297	35.689570760806255	74.73402993065562
0.0007000000014159014	35.689570760806255	47.738586217507226
0.000800000001618173	47.58609434779906	149.0874580663949
0.0009000000018204446	71.3791415216699	230.48957127615284
0.001009816610803682	101.12045048909462	258.329890705679
0.001133032872985496	130.8617594564618	387.49487634232594
0.001271283792902977	190.34437739125372	490.8268702213556
0.001426403876394033	243.8787335326065	542.4929197333058
0.001600451472768327	315.2578750542768	826.6559794337413
0.00179573608784267	434.2231109238603	1111.4754899395305
0.002014849029819743	571.1842745178094	1468.9309885545501
0.002260697794099542	772.4565345063404	1994.0761536839352
0.002536544644499372	1030.3366176167108	2513.0827102705207
0.002846049901108927	1351.1142819734544	3114.0378796003824
0.003193320510945341	1747.3690438259246	3796.941747286026
0.003582964543966227	2225.3906612988303	4397.897599589549
0.00402015233930797	2760.0201018934026	4944.221652584277
0.004510685113928048	3363.8368818590516	5490.546156149505
0.005061071939508111	4024.261484946488	5736.393400314607
0.005678616114892066	4684.686088033972	5900.292704198945
0.006371512075929786	5382.849239869299	6036.8760936663375
0.007148954131025676	6074.722633579975	5954.930434128154
0.008021258463941194	6754.016511041357	5872.985071355408
0.009000000023206667	7427.020630378087	5791.039972532524
0.01009816611485803	8087.44523346552	5572.513910401877
0.01133032873531192	8710.131287805174	5326.671866665242
0.01271283793448674	9313.948067770822	5272.043991167426
0.01426403876894256	9924.054605861193	5162.783682328619
0.016004514731776	10502.712353328237	5053.524097261516
0.01795736088115518	11087.659858920004	5026.213797239737
0.02014849029910693	11660.027848262516	4916.955018068271
0.02260697794190492	12219.816321355629	4916.962757990075
0.02536544644681271	12792.184310698116	4889.654508620849
0.02846049901472725	13345.683025666684	4862.3476903295605
0.03193320511309139	13911.761256884445	4944.308074109853
0.03582964544193601	14484.129246226896	4917.003251714254
0.04020152339717242	15043.917719320118	4917.017015793945
0.04510685114246371	15616.285708662577	5026.299519874863
0.05061071939735484	16201.233214254304	5053.633508866472
0.0567861611493754	16779.890961721394	4944.384644731663
0.06371512075838837	17339.679434814647	5026.358678898699
0.07148954130889251	17937.20645665562	5081.016431432707
0.0802125846380477	18509.57444599809	4971.774975608495
0.09000000023115717	19081.942435340578	5081.076612176535
0.1009816611467613	19679.46945718163	5163.064055256181
0.1133032873526645	20270.706720898022	5053.831386970611
0.1271283793425937	20843.074710240493	5108.5135638693555
0.1426403876880613	21446.891490206162	5163.1981298355295
0.1600451473145768	22031.83899579792	5063.532646141513
0.1795736088083686	22612.69614507324	5113.644472849598
0.2014849029887955	23209.16651951467	5181.5297048154425
0.2260697794167754	23805.636893956056	5124.035111670887
0.2536544644653986	24388.852371187662	5095.337881726785
0.284604990146363	24978.695297024296	5037.858802996883
0.3193320511304592	25548.655877046087	5037.972125632614
0.3582964544184506	26138.49880288257	5066.880692040193
0.402015233968541	26715.086831509303	5038.231843588749
0.4510685114232729	27298.30230874092	5067.1765521946045
0.5061071939712747	27881.517785972606	5067.35119511189
0.5678616114905708	28464.73326320425	5125.135265512607
0.6371512075820647	29061.20363764566	5125.35262954567
0.7148954130880156	29644.4191148773	5183.201758460083
0.802125846380477	30254.144386528536	5327.466099169467
0.9000000023115717	30870.497106784696	5356.589751027405
1.00981661146534	31486.849827040816	5414.563895149442
1.133032873524826	32116.45744450685	5530.194324938433
1.271283793425482	32759.31995918253	5645.895716594956
1.426403876878339	33415.4373710681	5646.432674947948
1.600451473145313	34058.299885743916	5819.949153701738
1.795736088083686	34754.181989258985	5964.697730718783
2.014849029886136	35430.18174695928	5850.246576667161
2.260697794164571	36099.55405605465	5937.639488012279
2.536544644652167	36795.436159569595	6140.459631021796
2.846049901460447	37511.2006088994	6170.454565147528
3.193320511302773	38213.710161019284	6027.585271101783
3.582964544182687	38896.337367324486	6115.659638514186
4.020152339682682	39618.72926525909	6290.416810212479
4.510685114229091	40341.1211631938	6176.851499424838
5.061071939710018	41037.00326670877	6207.938789247742
5.678616114904344	41766.0226132483	6296.911616674225
6.371512075819283	42481.787062578034	6270.774195411273
7.148954130876973	43204.17896051269	6187.008721441352
8.021258463802042	43900.06106402771	6190.500118228255
9.000000023111625	44622.452961962386	6351.250311023239
10.00000002311163	45291.82527105774	6328.719296140425
11.00000002311163	45882.39024480743	6306.446732218062
12.00000002311163	46418.38020057885	6254.284185063731
13.00000002311163	46926.52652228422	6314.706913585398
14.00000002311163	47378.98557585758	6383.893703154833
15.00000002311163	47824.483720914315	6489.003541671328
16.00000002311163	48235.17732338844	6619.291207543215
17.00000002311163	48645.870925862684	6536.525602280691
18.00000002311163	49021.759985754325	6609.399098018229
19.00000002311163	49355.88359454687	6595.684323128625
20.00000002311163	49696.96811185593	6669.6996041404955
21.00000002311163	50017.16990361541	6716.147731930993
22.00000002311163	50337.371695375085	6847.830853070078
23.00000002311163	50650.61257861806	6916.201175718258
24.00000002311163	50922.08801076191	6953.1952737601405
25.00000002311163	51207.485259939065	6952.430618888302
26.00000002311163	51485.921600599446	7031.1636247534025
27.00000002311163	51736.514307193844	7150.209463492501
28.00000002311163	51987.10701378837	7147.2766661287
29.00000002311163	52251.62153741574	7160.520330111585
30.00000002311163	52488.29242697712	7235.670495327773
31.00000002311163	52697.11968247249	7206.09358861987
32.00000002311163	52947.7123890669	7218.536282004068
33.00000002311163	53163.50055307881	7236.384517878359
34.00000002311163	53372.327808574184	7218.3277859779455
35.00000002311163	53567.23324703644	7380.516242620616
36.00000002311163	53769.09959401529	7397.08040261516
37.00000002311163	53977.92684951072	7320.881045027229
38.00000002311163	54158.910470939925	7443.336724293237
39.00000002311163	54353.81590940227	7503.463602529916
40.00000002311163	54555.6822563811	7610.998975766538
41.00000002311163	54715.78315226091	7553.6665755246295
42.00000002311163	54910.68859072328	7600.611966418748
43.00000002311163	55084.711303635995	7679.01490534421
44.00000002311163	55244.81219951587	7626.892055578119
46.00000002311163	55585.896716824886	7660.862957776624
48.00000002311163	55906.09850858448	7651.840964807385
50.00000002311163	56198.4566662779	7712.11925323948
52.00000002311163	56483.85391545488	7706.036035175618
54.00000002311163	56776.2120731484	7716.280482451288
56.00000002311163	57047.687505292386	7787.623954791707
58.00000002311163	57312.20202891978	7917.601624706788
60.00000002311163	57569.75564403077	7882.968226052491
62.00000002311163	57827.30925914162	7883.3570441243655
64.00000002311162	58057.01924018661	8062.091370288055
66.00000002311162	58307.611946781	7967.646207717746
68.00000002311162	58530.361019309355	8049.231220858174
70.00000002311162	58746.149183321286	8092.101859366619
72.00000002311162	58989.7809813992	8134.883030276202
74.00000002311162	59177.725511344994	8054.232777174105
76.00000002311162	59393.5136753569	8135.186214213678
78.00000002311162	59602.34093085229	8122.768608165991
80.00000002311162	59797.24636931457	8077.664544627709
82.00000002311162	59985.19089926027	8095.46086287732
84.00000002311162	60166.17452068968	8208.421478672664
86.00000002311162	60354.11905063549	8085.0396072705225
88.00000002311162	60514.21994651513	8121.650908416937
91.00000002311162	60792.65628717568	8213.042249513694
94.00000002311162	61043.24899377021	8239.394742771918
97.00000002311162	61265.9980662985	8167.742254020747
100.0000000231116	61516.59077289299	8309.535577630068
103.0000000231116	61760.22257097073	8255.61449116622
106.0000000231116	61976.0107349827	8330.228151865307
109.0000000231116	62177.87708196156	8384.97333910589
112.0000000231116	62400.62615448987	8295.629855092056
115.0000000231116	62609.45340998526	8269.203911775503
118.0000000231116	62818.28066548064	8285.00010533484
121.0000000231116	62999.26428690996	8351.130066084523
124.0000000231116	63194.16972537227	8392.125771546911
127.0000000231116	63368.19243828506	8294.716152574907
130.0000000231116	63556.136968230916	8272.075467573259
133.0000000231116	63723.19877262717	8384.331553017979
137.0000000231116	63966.83057070502	8363.699290979172
141.0000000231116	64182.6187347169	8384.814818728139
145.0000000231116	64384.48508169573	8443.323206021132
149.0000000231116	64621.155971257154	8439.161364985826
153.0000000231116	64809.10050120297	8398.485856663054
157.0000000231116	65017.9277566983	8511.513336538945
161.0000000231116	65205.872286644204	8431.339952266553
165.0000000231116	65407.73863362303	8505.092447568311
169.0000000231116	65567.83952950276	8470.9285977709
173.0000000231116	65755.78405944862	8517.61807619269
177.0000000231116	65950.68949791096	8482.90983150396
182.0000000231116	66138.63402785674	8515.33047962471
187.0000000231116	66347.46128335201	8408.736076632078
192.0000000231116	66563.24944736398	8536.525915077882
197.0000000231116	66751.1939773098	8560.716594978852
202.0000000231116	66939.13850725564	8466.794768904521
207.0000000231116	67127.08303720152	8613.881821159195
212.0000000231116	67294.14484159772	8517.588856605862
217.0000000231116	67475.12846302707	8505.837630963973
223.0000000231116	67690.91662703897	8594.113609315827
229.0000000231116	67885.82206550126	8614.141191103394
235.0000000231116	68087.68841248006	8524.557148355674
241.0000000231116	68254.75021687629	8719.59394484233
247.0000000231116	68449.65565533866	8701.101864948758
253.0000000231116	68637.60018528454	8618.482896211252
259.0000000231116	68811.62289819725	8599.31334566852
265.0000000231116	68964.76288556056	8574.986585105013
272.0000000231116	69180.55104957247	8611.276704085121
279.0000000231116	69368.49557951822	8706.712165851925
286.0000000231116	69542.51829243096	8583.650894434746
293.0000000231116	69709.58009682733	8622.450871251065
300.0000000231116	69883.60280974013	8758.888520659224
307.0000000231116	70036.7427971033	8513.923813216357
315.0000000231116	70252.53096111513	8548.00105302901
323.0000000231116	70416.18857254757	8656.081327300155
331.0000000231116	70598.43104886914	8686.342060591724
339.0000000231116	70780.6735251905	8693.41931852596
347.0000000231116	70919.17780719488	8733.204129387805
356.0000000231116	71108.70998256904	8524.521987494321
365.0000000231116	71298.24215794342	8733.038230183813
374.0000000231116	71465.90523615915	8637.081494779686
383.0000000231116	71633.56831437476	8719.7343013448
392.0000000231116	71793.94169353764	8614.078251871315
402.0000000231116	71968.89447080607	8756.426591533818
412.0000000231116	72121.97815091618	8716.32324555959
422.0000000231116	72311.51032629037	8721.130233963097
432.0000000231116	72457.3043073477	8703.19567707811
442.0000000231116	72632.2570846162	8641.10114990798
453.0000000231116	72785.34076472613	8655.139352785422
464.0000000231116	72953.00384294183	8721.819101008397
475.0000000231116	73106.08752305176	8819.903494669323
486.0000000231116	73273.75060126746	8683.891534408307
498.0000000231116	73426.83428137767	8676.681419781891
510.0000000231116	73572.62826243477	8664.58359268324
522.0000000231116	73725.71194254469	8743.817551052502
535.0000000231116	73900.66471981336	8681.690734525293
548.0000000231116	74061.0380989762	8635.373353502786
561.0000000231116	74206.83208003332	8636.830590028369
574.0000000231116	74338.04666298465	9352.484681207903
588.0000000231116	74505.7097412005	8938.022985359006