0.01666666648816317	0.7477718086796858	1.6750295761324492
0.03333333303453401	2.0924279216945116	2.2050780578554883
0.04999999993015081	3.049260730369738	2.5926901487176983
0.06666666647652164	3.8424805825267376	2.9423519214170097
0.08333333319751546	4.530866947729464	3.2774247011701068
0.09999999991850927	5.156837999890013	3.616675977655215
0.1166666662902571	5.737966982486318	3.859303306972409
0.1333333331858739	6.263346365083797	4.0815398351795515
0.1499999997322448	6.759033025942805	4.280856284679613
0.1666666664532386	7.2165433302808735	4.439893015238136
0.1833333331742324	7.6504206520107445	4.617394360284698
0.1999999998952262	8.05581719982819	4.776253862685277
0.21666666661622	8.445458425906825	4.908290029400836
0.2333333329879679	8.813890565029405	5.031147568516039
0.2499999998835847	9.165355434587127	5.147583606898223
0.2666666664299555	9.498035112840908	5.247937347227084
0.2833333331509493	9.821625182399227	5.3212110234710615
0.2999999998719432	10.128247982392686	5.4147627362543
0.316666666592937	10.420327408473396	5.46007966340894
0.3333333331393078	10.70392319977171	5.52810858194044
0.3499999996856786	10.977217434548479	5.603625764440288
0.3666666665812954	11.23415037367345	5.675680201271955
0.3833333331276663	11.486841495407168	5.733122762481752
0.3999999998486601	11.735290799749697	5.775019189528898
0.4166666665696539	11.97222659974467	5.860235632139761
0.4333333332906477	12.202496686696273	5.920735607275089
0.4499999998370186	12.424283138865434	5.965937570468109
0.4666666663833894	12.643645695382501	6.003834892318482
0.4833333332790062	12.855736564943204	6.035984710729405
0.499999999825377	13.062373669286616	6.073457273547098
0.5166666665463708	13.260527138847594	6.092419167150551
0.5333333332673647	13.450196973626163	6.139110398128661
0.5499999996391125	13.64168473014384	6.143893841886449
0.5666666665347293	13.822870930139983	6.156822046678169
0.5833333330811001	14.002239208397018	6.164498739739462
0.599999999802094	14.181607486654071	6.211620495371551
0.6166666665230878	14.348856286650488	6.222158899472002
0.6333333332440816	14.513681190994795	6.26572617755486
0.6499999997904524	14.672446356208818	6.273500663603735
0.6666666663368233	14.834241390987964	6.2844777446389415
0.68333333323244	14.989370712723773	6.326046444071971
0.6999999997788109	15.14086419098142	6.315832691296354
0.7166666664998047	15.292963643152083	6.3356507082322215
0.7333333332207985	15.437185434453353	6.3651090680136315
0.7666666664881632	15.725629017055903	6.431869577800082
0.7999999999301508	15.99043961705026	6.457807666430726
0.8333333331975155	16.251008399653383	6.520863810352437
0.8666666662902571	16.51521302573472	6.533028406990923
0.8999999997322448	16.762450382251192	6.598887431428098
0.9333333331742324	17.002416051811288	6.6165616565481375
0.96666666661622	17.234504060501983	6.615848257342717
0.9999999998835847	17.458714408323303	6.619600575466407
1.033333333150949	17.671411251797014	6.613065142801412
1.066666666592937	17.8871379648359	6.628641878000731
1.099999999685679	18.088927277875058	6.611052073881965
1.133333333127666	18.284050877870914	6.604524970958854
1.166666666569654	18.474932660475538	6.619853373174262
1.199999999837019	18.66399652134106	6.574941004815756
1.233333333279006	18.840940903945974	6.580743350473413
1.266666666546371	19.015461390898782	6.5739881122217305
1.299999999639113	19.186952008286408	6.567464024915255
1.3333333330811	19.350564964804683	6.534608458699353
1.366666666523088	19.512965973496858	6.541376554854079
1.399999999790452	19.670519190884797	6.518422764352049
1.43333333323244	19.82201266914245	6.488415454396931
1.466666666499805	19.971688225660998	6.456292430394101
1.516666666488163	20.188626886525935	6.4308623315775995
1.566666666476522	20.395869964782364	6.391241682871212
1.616666666290257	20.592811486517324	6.345275173797812
1.666666666453239	20.783693269121958	6.300891981579037
1.71666666661622	20.96972726042232	6.253666696840526
1.766666666429956	21.14970151259239	6.206814344621373
1.816666666592937	21.31998018215398	6.173992216032745
1.866666666581295	21.486623008237387	6.1428002650336015
1.916666666569654	21.64781206910352	6.076734346783174
1.966666666383389	21.802941390839333	6.029779159535043
2.016666666546371	21.9532229212709	5.973522484244019
2.066666666534729	22.10047458213732	5.930888618577803
2.116666666523088	22.24227247778647	5.866448013295647
2.166666666336823	22.374374790827144	5.813216343380269
2.216666666499805	22.50829502560691	5.764318685084924
2.283333333034534	22.673119929951202	5.687227499786328
2.349999999918509	22.83673288646948	5.576859598605464
2.416666666453239	22.99125623429224	5.52570526205583
2.483333332987968	23.141537764723818	5.434106498742372
2.549999999871943	23.283335660372977	5.369337371411155
2.616666666581295	23.416649921239703	5.277781149667975
2.683333333290648	23.54996418210642	5.20656998729029
2.749999999825377	23.67600675601676	5.111416759373832
2.816666666534729	23.795383616883814	5.0362434748992975
2.883333333244082	23.912336582098668	4.910727556160627
2.949999999778811	24.02444175600933	4.887428178692242
3.033333333034534	24.159573938615164	4.8020323786555705
3.116666666290257	24.285616512525525	4.730513341806132
3.199999999895226	24.39832766034919	4.604991028878983
3.283333333150949	24.522552312520446	4.547844693479701
3.366666666581295	24.63768735599625	4.473583007871713
3.449999999837019	24.746762660341783	4.40886504136398
3.533333333267365	24.84796030381787	4.348685989844928
3.616666666523088	24.943098208163672	4.310157676254803
3.716666666499805	25.060657147291593	4.202736892297299
3.816666666476522	25.170944399463124	4.1211813885876625
3.916666666453239	25.276989834243498	4.058809051788031
4.016666666429956	25.37455163424141	4.008404871114005
4.116666666581295	25.470901486413265	3.9295467309318135
4.216666666383389	25.565433416846055	3.8741263664464456
4.316666666534729	25.655117555974538	3.813189438866642
4.416666666336823	25.73874195597277	3.73360817549697
4.533333333034534	25.833879860318575	3.6893559011344563
4.649999999732245	25.92598789509921	3.606944491706615
4.766666666429956	26.01506606031469	3.541208245256465
4.883333333127666	26.099902408139005	3.4741844018968533
4.999999999825377	26.176861095093866	3.4161776848929484
5.116666666523088	26.256849651613905	3.3694311811900346
5.249999999941792	26.33744418204696	3.303991471952167
5.383333333185874	26.419856634219116	3.231626048756086
5.516666666429956	26.496815321173994	3.169480504614279
5.64999999984866	26.569532190737682	3.120107698865517
5.783333333267365	26.64285503421436	3.068430400527328
5.93333333323244	26.719813721169235	2.9872176130500625
6.083333333197516	26.791924616819855	2.9465788110782434
6.233333332987968	26.862217590731422	2.907806471684372
6.383333333127666	26.92766277333871	2.8583923607434527
6.533333333267365	26.995531851598148	2.7927086011829214
6.699999999778811	27.054917295075146	2.732782145893864
6.866666666290257	27.1258162428997	2.6874454322987464
7.033333333150949	27.19186739942003	2.6336976560804577
7.199999999837019	27.251252842897046	2.5793052086732136
7.366666666523088	27.307608416808872	2.5215212051533196
7.549999999930151	27.36699386028588	2.521446485112341
7.733333332987968	27.425773329849825	2.4477934515988746
7.916666666569654	27.480916955935626	2.3818021753382403
8.099999999802094	27.53121279071716	2.2674935673824086
8.29999999993015	27.587568364629	2.2053006918944056
8.499999999883585	27.643317964627805	2.143050244822907
8.699999999837019	27.693613799409345	2.0913940093311583
8.916666666336823	27.745121582016957	2.0348252274266185
9.133333333185874	27.77845014723361	1.9844144518912565
9.349999999685679	27.822080268971817	1.948829245211
9.56666666653473	27.86328649505789	1.8957543812100586
9.79999999993015	27.909340512448207	1.8598758840228302
10.03333333315095	27.95236466027337	1.8136027461832414
10.26666666654637	27.99114699070735	1.8436221776391664
10.51666666648816	28.03780698201071	1.8141561366316679
10.76666666642996	28.080225155922854	1.800826875183076
11.01666666654637	28.121431382008904	1.7542252097851139
11.28333333303453	28.160819686355893	1.7415623078914564
11.54999999987194	28.19960201678985	1.7342750703203762
11.81666666653473	28.235354477658667	1.673185914247505
12.09999999991851	28.274742782005642	1.681859985668323
12.38333333312767	28.30807134722233	1.6721589744979828
12.68333333323244	28.348671599395356	1.6779343923052166
12.98333333298797	28.386241982003266	1.664814072578465
13.28333333326737	28.41654067765481	1.6732620288897866
13.59999999991851	28.460776773306012	1.656712163096225
13.91666666656965	28.499559103739994	1.6487564266823238
14.24999999994179	28.539553382	1.6204935844509125
14.58333333313931	28.574699868955765	1.5829122699177711
14.93333333323244	28.613482199389722	1.5943740211724053
15.28333333315095	28.64802271243247	1.561825004341256
15.64999999979045	28.68013932982308	1.551962699358857
16.01666666642996	28.712861921126738	1.528558180689613
16.39999999979045	28.741948668952197	1.4497675867904036
16.78333333315095	28.775277234168875	1.4080548521374388
17.18333333323244	28.811635668950704	1.3845811120724503
17.58333333313931	28.847994103732542	1.3653415595995075
17.99999999994179	28.881928642862256	1.35135887199586
18.41666666656965	28.89889591242712	1.3646288765762158
18.84999999991851	28.927376686339542	1.3359550218803644
19.29999999963911	28.957069408078052	1.3197617753300572
19.74999999988359	28.983732260251383	1.2928430795306678
20.21666666649981	29.01342498198989	1.277612509911429
20.68333333329065	29.043723677641413	1.3285446775477923
21.16666666645324	29.070386529814773	1.323765856630665
21.66666666633682	29.10250314720537	1.3490016018864903
22.16666666656965	29.13219586894389	1.3784939981672106
22.68333333317423	29.16188859068237	1.3729603537462378
23.21666666649981	29.1903693645948	1.3693551042320165
23.76666666654637	29.21763819068118	1.3864596597128562
24.31666666659294	29.251572729810906	1.385573048479043
24.88333333318587	29.28429532111455	1.3951283306396651
25.46666666649981	29.312170121113954	1.4032241918688186
26.06666666653473	29.341862842852443	1.4063851384204424
26.68333333329065	29.372161538503974	1.3615700146698424
27.29999999987194	29.403066208068537	1.3057294374826165
27.93333333317423	29.434576851546108	1.2592028984200982
28.58333333319752	29.465481521110693	1.2815398986105992
29.24999999994179	29.493962295023117	1.1170550350349828
29.93333333323244	29.510929564587975	1.0530993764656649
30.63333333324408	29.53274462545707	0.950791096050358
31.34999999980209	29.55516566023922	0.940737061122542
32.0833333330811	29.587282277629814	0.8323009456443227
32.8333333330811	29.581222538499514	0.7745813709107678
33.59999999980209	29.596977860238308	0.8208629989495513
34.38333333324408	29.606067468933784	0.8766505440596141
35.18333333323244	29.63515421675924	0.7138289171935495
35.99999999994179	29.64303187762865	0.6660814707168076
36.83333333319752	29.658181225454396	0.7624266505283859
37.68333333317423	29.684238103714716	0.7630950966067057
38.56666666659294	29.71696069501837	0.8066847941033022
39.46666666638339	29.70544719067078	1.1673840581832091
40.38333333324408	29.726656277626848	1.0286068881553356
41.31666666647652	29.740593677626556	0.7731810795120121
42.28333333315095	29.756348999365333	1.3730031248477557
43.26666666654637	29.77452821675626	1.5281068133774491
44.26666666648816	29.876331834145404	1.5207662905254502
45.29999999987194	29.855728721102373	1.4517610261459484
46.34999999980209	29.818158338494467	1.3764548509878776
47.43333333317423	29.96601597327392	1.4459275339393645
48.53333333326737	30.029037260229096	1.9645514359247025
49.66666666645324	30.01812972979456	1.6882782582117852
50.81666666653473	30.02358349501182	1.946826091957612
51.99999999988359	30.02055362544668	2.1166086936810515
53.19999999977881	30.05267024283728	1.3765314457321582
54.43333333329065	30.17507697326946	1.3632406710044702
55.69999999989523	30.21749514718158	1.5874786956145985
56.99999999994179	30.248399816746147	1.7322548129031274
58.31666666653473	30.26657903413708	1.5807947680269303
59.66666666656965	30.291423964571326	1.6735162742356802
61.04999999987194	30.290212016745254	1.7016972837762199
62.46666666661622	30.325358503701036	1.4421988117418492
63.91666666645324	30.350203434135263	1.4001114276613407
65.39999999973224	30.382320051525912	1.4354458221477602
66.91666666645324	30.401711216742882	1.5751981591326145
68.46666666661622	30.41989043413382	1.8110828605130636
70.04999999987194	30.456248868915623	2.0843743765525917
71.66666666656965	30.513816390653545	1.607440904962923