0.1730555552903752	17.52553685094027	8.292965966177087
0.3397222221510674	23.52443700672099	8.345537842240837
0.5063888888371366	26.723850423137428	2.168994010964275
0.6730555553485829	26.15520467920403	3.31179111490472
0.8397222220346521	27.799903138580568	8.868040573901215
1.006388888895344	29.614570435704216	9.996775749633516
1.173055555406791	31.139290891965192	10.497238929199787
1.33972222209286	32.59277440887623	10.855831333763657
1.506388888778929	33.85254344159014	9.621366401417262
1.756388888895344	35.09731522391466	7.776960127354079
2.006388888837137	36.08963329135009	6.985693053487798
2.256388888778929	36.85699260294366	7.0936926249967405
2.506388888895344	37.65059710271887	7.34534875836057
2.756666666505225	38.485444041065	6.70647470321471
3.006388888778929	38.90911636456704	6.457706217357646
3.256388888895344	39.397776773090015	12.11536532230141
3.506388888837137	39.835196576115656	5.729899269988627
3.756388888778929	41.926063234578436	3.992775424513319
4.006388888895344	40.55881390740672	11.275930230127534
4.256388888837137	40.923747000216736	3.4196394314656398
4.506388888778929	42.47721218639077	8.672416997532382
4.756388888895344	42.42722135175926	8.535369577645458
5.006388888837137	42.660928503661545	0.16404944332791652
5.256388888778929	43.22332539326601	1.2706853714486017
5.756388888837137	42.39097799665141	1.0021424933524559
6.256388888895344	42.73841429734038	1.202432859354218
6.756388888778929	43.08710036889514	5.104283458717871
7.256388888837137	43.41579010659729	4.729725001831979
7.756388888895344	43.86945693087821	4.8462907527407655
8.256388888778929	44.033176914296405	5.245153686910844
8.756388888837137	44.35811733940118	4.26638122762096
9.256388888895344	44.666810743250764	5.073460989388004
9.756388888778929	44.83178049753469	4.511325800485151
10.25638888883714	45.131725505323736	4.596772766426802
10.75638888889534	45.43791936744171	5.027413047271409
11.25638888877893	45.48166134774429	5.305121239281663
11.75638888883714	45.75036208388864	4.372775642452499
12.25638888889534	46.06405457120134	4.40332048355625
12.75638888877893	46.209027991632674	5.734641988799629
13.25638888883714	46.242771805008985	5.649360661084662
13.75666666656343	46.51647162461647	5.0966866920510006
14.25638888877893	46.817666403271325	5.217561234702672
14.75638888883714	46.97513753236051	5.602115573300184
15.25638888889534	47.133858432315556	5.273082808037115
15.75638888877893	47.31507520785479	5.600263350059723
16.25638888883714	47.43380344010459	5.124431878526531
16.75638888889534	47.47129656607826	4.826068212772876
17.25638888877893	47.652513341617436	4.879318645174294
17.75638888883714	47.927462932090705	4.981343141682482
18.25638888889534	48.04744093520631	4.505476766390592
18.75638888877893	48.08368429031417	6.0192279168109595
19.25638888883714	48.22865771074555	5.904694424799261
19.75638888889534	48.42112242407685	5.074643661047554
20.25638888877893	48.42112242407685	5.10975793810975
20.75638888883714	48.57734378230031	5.1307340253129965
21.25638888889534	48.87728879008936	5.491335350489417
21.75638888877893	48.997266793204986	5.386579706782997
22.75666666656343	49.17723379787836	6.083364316484277
23.75638888883714	49.37094828207547	4.949477946355659
24.75638888877893	49.527169640298915	5.639570231176458
25.75638888889534	49.82836441895376	5.620862792257067
26.75638888883714	49.98458577717724	6.443362337653321
27.75638888877893	50.28578055583203	6.030667596814868
28.75638888889534	50.44200191405547	5.61919613537017
29.75638888883714	50.74319669271032	6.046102166957595
30.75638888877893	50.66071181556836	6.544238380556361
31.75638888889534	50.93691117690741	5.547154960086928
32.75638888883714	51.11937772331239	5.699454762027764
33.75638888877893	51.27684885240165	5.260116497352237
34.75638888889534	51.5780436310565	6.419600752753202
35.75638888883714	51.615536757030085	6.257014931580316
36.75638888877893	51.771758115253554	7.464413810355154
37.75666666656343	51.91673153568493	7.334036509295903
38.75638888883714	52.111695790747774	6.840216648164499
39.75638888877893	52.269166919837026	7.928179668756184
40.75638888889534	52.69408901420484	7.994562388816277
41.75638888883714	52.876555560609816	8.070435326789207
42.75638888877893	52.9527915834229	8.200565733029777
43.75638888889534	53.110262712512146	7.637106988975335
45.25638888889534	53.45145015887218	7.6407934085325
46.75638888889534	53.635166476142956	6.528115021238829
48.25638888889534	53.81888279341374	7.196870644081128
49.75638888889534	53.89511881622678	8.105299437052139
51.25638888889534	54.11632825947121	7.710929173647139
52.75638888889534	54.300044576741975	6.905872867672092
54.25638888889534	54.561246687691636	7.642911982934703
55.75638888889534	54.90243413405161	8.961602337250763
57.25638888889534	55.091149534785536	10.290301169359829
58.75638888889534	55.18238280798806	10.306381266960134
60.25638888889534	55.286113789848415	10.326505402024118
61.75666666656343	55.58730856850327	11.52354875967917
63.25638888889534	55.876005638500196	8.007630444485338
64.75638888889534	56.35841719269423	7.616806360147943
66.25638888889534	56.50214084225982	5.71688225690538
68.25638888877893	56.712102347712126	4.861853388556866
70.25638888883714	57.289496487706046	5.676648480510503
72.28472222221626	56.805835162646225	4.134554732816889
74.2569444441151	56.48714359187036	3.8819628855445747
76.25694444417331	56.52713625957555	3.4806986744310664
78.25694444440614	56.85957530987509	4.158703788374243
80.2569444441151	56.89831820671448	2.667576316290958
82.25694444417331	57.24325496567193	5.157307714412657
84.25694444440614	57.429470824674226	7.344626353400517
86.2569444441151	57.55819722385037	8.095286576587286
88.25694444417331	57.58444241203191	6.731712004103163
90.7569444441151	57.78315597969218	8.138954167910603
93.25694444440614	57.96937183869452	6.634347573066176
95.75694444417331	58.15558769769688	6.498858979868577
98.2569444441151	58.343053327565066	6.6489965918434475
100.7569444444061	58.370548286612376	6.637526778753716
103.2569444441733	58.71548504556976	6.370104449314029
105.7569444441151	58.71548504556976	6.418929988533156
108.2569444444061	58.86295800773269	6.316769250133327
110.7569444441733	59.02167890768772	5.71960526111915
113.7569444441733	59.06167157539296	5.614005522089869
116.7569444441733	59.209144537555886	5.506917508039354
119.7569444441733	59.36786543751089	6.143905767538583
122.7569444441733	59.51533839967387	4.797607407429769
125.7569444441733	59.55533106737906	5.7498243932006785
128.7569444441733	59.55533106737906	6.595974847387846
131.7569444441733	59.86152492949703	6.018906919934832
135.2569444444061	60.0077481207942	5.626606966408771
138.7569444441151	59.889019888544375	14.471703503994776
142.2569444441733	60.23520641836754	7.3640038962910905