0.002777777903247625	6909.158916638679	27927.98272584708
0.005555555631872267	20807.685697086363	12194.19281135116
0.008333333535119891	23884.206035335075	5651.352664281138
0.01111111108912155	24969.125046304307	3594.288953273807
0.01388888899236918	25519.33397329583	2329.976707088917
0.0166666668956168	25852.55909809375	1790.3994664356494
0.01944444462424144	26108.290007822055	1431.202066989259
0.02222222235286608	26193.53364439826	1453.741130680625
0.02499999990686774	26418.26686809898	1186.4040708326256
0.02777777798473835	26495.761083168283	957.1158582813807
0.03055555553874001	26658.498934813662	1129.2994168397358
0.03333333344198763	26666.24835632057	1093.6523148270112
0.03611111099598929	26782.48967892436	898.4081105577442
0.03888888889923692	26774.74025741757	837.4765689332306
0.04166666680248454	26906.48042303522	695.5894827989199
0.04444444453110918	26898.731001528304	706.313754619905
0.04722222243435681	27022.721745639003	767.7511573363779
0.04999999998835847	27045.970010159865	716.1581576213589
0.05277777789160609	27030.47116714593	770.404888768228
0.05555555544560775	27131.213646736032	738.4704533064337
0.05833333352347836	27100.215960708203	642.0011035898862
0.061111111252103	27138.96306824294	604.2073125439845
0.06388888880610466	27185.459597284516	531.9253658824445
0.06666666688397527	27154.461911256778	516.9010827160411
0.06944444443797693	27247.45496933985	614.1616996618566
0.07222222234122455	27247.45496933985	650.049100992224
0.07499999989522621	27278.4526553676	703.1385761816545
0.07777777779847383	27293.951498381393	474.02442560033546
0.08055555570172146	27324.94918440919	692.2488786402338
0.0833333334303461	27278.4526553676	615.5787255461037
0.08611111133359373	27355.946870436757	573.6430629676197
0.08888888888759539	27355.946870436757	582.0419324410349
0.09166666679084301	27355.946870436757	731.2325819333663
0.09444444434484467	27433.441085505954	569.7784169868565
0.09722222242271528	27394.693977971423	573.4920619045455
0.1000000001513399	27441.19050701296	528.2632214151488
0.1027777777053416	27495.436457561325	572.2194285068834
0.1055555557832122	27433.441085505954	568.2187676265858
0.1083333333372138	27549.682408109897	557.0025151837316
0.1111111112404615	27541.932986602864	497.20839857355156
0.1138888887944631	27518.684722082126	590.5619550255605
0.1166666666977108	27510.935300575235	573.9368114569658
0.1194444446009584	27495.436457561325	511.0023995093742
0.122222222329583	27557.43182961679	534.8011448329389
0.1277777777868323	27627.176623179057	627.6779708916002
0.1333333332440816	27611.67778016522	583.9864369892819
0.1388888890505768	27588.429515644424	565.2006802656905
0.1444444445078261	27642.67546619288	571.1247181811144
0.1500000001396984	27658.17430920679	383.6307177833389
0.1555555555969477	27642.67546619288	521.5072277771922
0.1611111112288199	27712.420259755247	600.6349304180499
0.1666666666860692	27689.171995234432	482.677832253553
0.1722222221433185	27782.16505331761	461.51667693700443
0.1777777779498138	27766.66621030384	388.8374163268359
0.183333333407063	27758.9167887968	458.3825488203327
0.1888888890389353	27789.914474824556	533.7644651765015
0.1944444444961846	27782.16505331761	462.1773756282337
0.2000000001280569	27789.914474824556	473.5294271310298
0.2055555555853061	27789.914474824556	584.2131211487409
0.2111111110425554	27844.160425373007	529.4917077530677
0.2166666668490507	27851.909846879895	609.3034031550262
0.2222222223063	27890.65695441454	498.64914145467765
0.2277777779381722	27851.909846879895	561.8428994787416
0.2333333333954215	27859.659268386775	593.5230941870365
0.2388888890272938	27867.408689893706	415.1723352099299
0.2444444444845431	27875.158111400608	540.6184172620566
0.25277777784504	27898.406375921444	558.4950810458486
0.2611111112055369	27913.905218935255	506.9683744322949
0.2694444443914108	27890.65695441454	531.7518483829064
0.2777777779265307	27944.90290496297	603.8841140488366
0.2861111112870276	28030.14654153908	507.9094011983706
0.2944444446475245	28006.898277018372	456.4527816989984
0.3027777778333984	28037.89596304609	429.6845624466889
0.3111111111938953	28030.14654153908	594.4821927470122
0.3194444445543923	28061.144227566776	668.3324834899727
0.3277777777402662	28037.89596304609	545.0595862339621
0.3361111111007631	28099.89133510149	538.6852797683847
0.344444444635883	28107.640756608384	505.44800957664495
0.3527777779963799	28115.39017811528	581.6259538274732
0.3611111110076308	28107.640756608384	576.7825659854434
0.3694444445427507	28107.640756608384	518.7716108841346
0.3805555556318723	28161.8867071568	462.2365671630342
0.3916666668956168	28115.39017811528	347.56694437769573
0.4027777779847384	28130.889021129067	379.8170403067184
0.4138888888992369	28169.63612866371	473.05394081438567
0.4249999999883585	28130.889021129067	462.71553648158374
0.436111111252103	28223.882079212162	408.5251222907856
0.4472222223412246	28278.128029760643	393.68818613850726
0.4583333334303461	28208.383236198268	492.00862865555115
0.4694444443448447	28208.383236198268	409.3974332646006
0.4805555557832122	28208.383236198268	409.4544821878994
0.4916666666977108	28270.378608253886	356.17345612318945
0.5055555556900799	28278.128029760643	376.80750398890405
0.5194444445078261	28208.383236198268	493.3665006242927
0.5333333335001953	28223.882079212162	275.99512105418495
0.5472222221433185	28247.13034373301	459.6675287298084
0.5611111111356877	28239.380922225984	484.1401986837969
0.5750000001280569	28309.12571578836	347.0397742416736
0.588888888945803	28324.6245588022	593.9374674219355
0.6027777779381722	28293.62687277458	401.3694764090927
0.619444444484543	28316.87513729528	244.26460225314682
0.6361111112055369	28347.872823322916	399.3076357195421
0.6527777779265307	28355.622244829905	387.17027555069325
0.6694444446475245	28363.371666336836	436.40930474880514
0.6861111111938953	28340.123401816	349.9833619606205
0.7027777777402662	28347.872823322916	399.55628026950944
0.719444444635883	28409.86819537839	483.75366849939394
0.7361111110076308	28433.11645989919	440.8020842291202
0.7555555556318723	28340.123401816	483.2626520950049
0.7749999999068677	28409.86819537839	336.3969825172338
0.7944444445311092	28440.865881406007	447.86183705382297
0.8138888888061047	28386.619930857665	377.533315848021
0.8333333334303461	28502.86125346148	323.5889870793977
0.8527777777053416	28479.61298894076	362.3365983005272
0.8750000000582077	28433.11645989919	270.719467208319
0.8972222222364508	28456.364724419942	392.6064348579026
0.9194444445893168	28448.615302913	390.2041663658929
0.941666666592937	28479.61298894076	333.36147191128026
0.963888888945803	28487.36241044755	481.59673748119985
0.9888888890272938	28526.10951798232	398.946507600773
1.013888888934162	28502.86125346148	285.73797324801365
1.038888888841029	28495.11183195458	285.71106444608074
1.063888889097143	28526.10951798232	450.8047745234671
1.088888889004011	28464.11414592684	473.5032482644639
1.116666666639503	28526.10951798232	315.6164685572847
1.144444444624241	28541.608360996128	481.46777920169126
1.172222222434357	28533.85893948909	216.2056017602283
1.199999999895226	28526.10951798232	255.36429827135152
1.227777777705342	28487.36241044755	255.81327946721655
1.258333333244082	28588.104890037535	438.02322681827235
1.288888888957445	28526.10951798232	388.4915686392791
1.319444444496185	28603.60373305148	254.39509193410905
1.350000000034925	28572.606047023757	317.7695066425427
1.383333333302289	28642.350840586136	292.38572923549094
1.416666666744277	28595.854311544546	271.6982890589369
1.450000000186265	28588.104890037535	260.31274595352176
1.486111111007631	28611.353154558386	273.4884102083017
1.522222222352866	28619.102576065296	313.0241621248648
1.558333333523478	28704.346212641492	371.9934140182536
1.594444444344845	28634.60141907908	366.5841765118686
1.633333333244082	28681.097948120663	265.4797630042282
1.672222222143319	28634.60141907908	254.7313591711557
1.711111111042555	28634.60141907908	229.86822939390166
1.75277777784504	28588.104890037535	384.23800573545753
1.794444444647525	28719.845055655307	187.96879611512227
1.836111111100763	28619.102576065296	233.8310008395401
1.880555555631872	28704.346212641492	326.68029897898464
1.924999999988359	28611.353154558386	187.7527154645245
1.969444444344845	28681.097948120663	169.60461355200863
2.016666666604579	28673.34852661378	213.5593812060713
2.063888889038935	28696.59679113449	197.50833146083835
2.113888889027294	28665.59910510682	238.29158339403668
2.163888888841029	28665.59910510682	202.69113336958793
2.213888889004011	28719.845055655307	187.82411954207316
2.266666666895617	28696.59679113449	91.92553979307813
2.319444444437977	28750.842741683045	180.81610025990508
2.375000000058208	28704.346212641492	99.81368468695194
2.430555555503815	28688.847369627707	238.41817035733465
2.488888889027294	28665.59910510682	188.50894743442726
2.547222222201526	28642.350840586136	205.15140894239184
2.608333333453629	28727.594477162213	318.64647980413787
2.669444444531109	28696.59679113449	199.39087292578012
2.733333333337214	28735.343898669234	259.1724050878596
2.797222222143319	28735.343898669234	197.2646375962126
2.863888889027294	28719.845055655307	335.38542147772415
2.930555555736646	28681.097948120663	212.6035606523271
3.0	28774.091006203762	213.39453751348486
3.069444444437977	28719.845055655307	139.39630168297847
3.141666666604579	28735.343898669234	88.5794278843593
3.216666666849051	28735.343898669234	282.4572088225588
3.291666666744277	28735.343898669234	220.04780042679553
3.369444444542751	28758.592163189947	178.48158692632688
3.447222222341225	28781.840427710664	196.448809182299
3.5277777776937	28743.093320176027	179.5984056071858
3.611111111298669	28743.093320176027	190.0564168574947
3.694444444554392	28781.840427710664	108.49612246508717
3.78055555553874	28750.842741683045	254.04453434396345
3.869444444600958	28758.592163189947	413.472530934523
3.961111111042555	28789.589849217587	89.80405820928296
4.052777777833398	28836.086378259144	181.2351086847858
4.147222222352866	28781.840427710664	128.57873832238644
4.244444444600958	28805.088692231475	199.96750148851294
4.344444444403052	28828.336956752177	197.2690900366061
4.447222222108394	28820.587535245322	198.30683609304165
4.549999999988359	28812.83811373838	376.92538731523877
4.655555555596948	28805.088692231475	153.06566563247696
4.763888888934162	28781.840427710664	282.64468114282505
4.875	28719.845055655307	159.8309992738433
4.988888888794463	28836.086378259144	318.9376025428258
5.105555555492174	28859.334642779962	218.56556297168038
5.225000000093132	28859.334642779962	272.4050753953523
5.347222222422715	28805.088692231475	174.8496614150298
5.4722222223063	28820.587535245322	138.50289566576723
5.600000000093132	28859.334642779962	226.79184485838306
5.730555555783212	28820.587535245322	443.06307572010735
5.863888889027294	28758.592163189947	377.4171466735506
6.0	28820.587535245322	466.8802976894867
6.138888889050577	28820.587535245322	489.03322571520783
6.280555555655155	28898.08175031459	286.46933478897694
6.427777777891606	28781.840427710664	229.559219422307
6.577777777856682	28805.088692231475	78.68444290623746