0.01666666637174785	5.251987817763065	0.034520819932772936
0.03333333326736465	5.313654381125766	0.14343162533451462
0.04999999998835847	5.384711791701071	0.19244482858704173
0.06666666636010632	5.44356110089998	0.22136517781851683
0.08333333325572312	5.4958368170500735	0.25284498676742556
0.09999999980209395	5.544669222555564	0.2934007431162458
0.1166666665230878	5.593188599820635	0.3145923300216175
0.1333333330694586	5.63513438403689	0.3225274541982468
0.1499999999650754	5.673949885848943	0.34403399658037614
0.1666666665114462	5.711513274699316	0.3796810997645157
0.1833333330578171	5.752833002434718	0.41822832353458866
0.1999999999534339	5.787892165361744	0.4377206621415131
0.2166666664998047	5.82608161069295	0.4572706096486798
0.2333333332207985	5.857697462975345	0.49588769649802644
0.2499999997671694	5.893695710623622	0.5105604912782252
0.2666666666627862	5.928754873550649	0.5381488338348198
0.283333333209157	5.961622838794707	0.5481615891348997
0.2999999997555278	5.992612634596281	0.5783023099947485
0.3166666666511446	6.022976373916991	0.586267936399698
0.3333333331975155	6.056783423882335	0.6206955459244354
0.3499999999185093	6.085582022000947	0.6352296155172928
0.3666666664648801	6.115319704840835	0.6582050479301503
0.3833333330112509	6.145370415921134	0.6578190258344072
0.3999999999068677	6.173855985799322	0.6711846609662642
0.4166666664532386	6.202341555677522	0.6916922752557461
0.4333333331742324	6.2283228996323725	0.7068164794238709
0.4499999998952262	6.253678187106377	0.7261436342947961
0.46666666661622	6.281537700503745	0.7389813655308559
0.4833333331625909	6.308145100939412	0.755200199184481
0.4999999997089617	6.33443947313467	0.7872609680664537
0.5166666666045785	6.3601077888491	0.7876557106314184
0.5333333331509493	6.381706737438066	0.8026612470451597
0.5499999998719431	6.40894019435459	0.7979523122238743
0.566666666592937	6.4355475947902585	0.8203929414135286
0.5833333333139308	6.45745957161965	0.8253843472218724
0.5999999998603016	6.481249717891553	0.8373757682239907
0.6166666664066724	6.501596553518833	0.8386920562906611
0.6333333333022892	6.527577897473684	0.8374267875312963
0.6499999996740371	6.548550789581794	0.8598962706109056
0.6666666665696539	6.568271568728252	0.8490608298497263
0.6833333332906477	6.58987051731721	0.8689952738394192
0.6999999996623956	6.609278268223245	0.8828427771867197
0.7166666665580124	6.631816301533464	0.8773587933200114
0.7333333331043832	6.654041306603277	0.8750019758170174
0.7666666663717479	6.690352582491966	0.9111295163799289
0.7999999999883585	6.731046253746532	0.9100973856803651
0.8333333332557231	6.765166331952292	0.9187155034228892
0.8666666665230878	6.806173031447283	0.9324782949794083
0.8999999999650754	6.838414940210524	0.9283319350790784
0.9333333330578171	6.873474103137533	0.95705302890951
0.9666666664998047	6.906029040141183	0.9281287041913302
0.9999999997671694	6.937018835942759	0.959580947494206
1.033333333209157	6.970199829427253	0.9520577774122425
1.066666666651145	6.999624484026705	0.96300169328739
1.099999999918509	7.02685794094323	0.9621738777987485
1.133333333011251	7.05941287794688	0.9764041937310352
1.166666666453239	7.084768165420886	0.9609775693614003
1.199999999895226	7.113879791779928	0.9589452120341164
1.233333333162591	7.138609022773104	0.9770507680871499
1.266666666604579	7.166781564410867	0.9756502054455927
1.299999999871943	7.1893195977211	0.9728983075128641
1.333333333313931	7.212796715752576	0.9695966267274583
1.366666666406672	7.237838974986158	0.9839736209638835
1.399999999674037	7.26256820597932	0.9778455129402337
1.433333333290648	7.287297436972478	0.9723591697929745
1.466666666558012	7.306079131397672	0.9838328950349442
1.516666666371748	7.340825266084265	0.990905550296773
1.566666666360106	7.3711890054049976	0.9897418830781209
1.616666666523088	7.402491829446954	0.9813249448356132
1.666666666511446	7.432229512286847	0.989688818808984
1.716666666499805	7.4619671951267215	0.9959789204191173
1.766666666662786	7.491391849726174	1.0137588289823107
1.816666666651145	7.517999250161866	0.9996311997796632
1.86666666646488	7.543041509395451	1.0060372764412915
1.916666666453239	7.571840107514059	1.0175148589488423
1.96666666661622	7.599699620911417	1.015323182178003
2.016666666604579	7.621611597740807	1.0239515588348023
2.066666666592937	7.646340828733969	1.030586562160254
2.116666666406672	7.6682528055633545	1.0377178708883328
2.166666666569654	7.697051403681989	1.0173463890485035
2.216666666558012	7.719589436992209	1.0399599388071061
2.283333333267365	7.750892261034186	1.0530336522225943
2.349999999802094	7.778438746191129	1.0625270370214508
2.416666666511446	7.805672203107644	1.0589941771372167
2.483333333220799	7.839479253072978	1.0693279271839495
2.549999999755528	7.86608665350866	1.0743758046097784
2.61666666646488	7.891128912742256	1.0866192381514879
2.683333333174232	7.920553567341708	1.1124924331053931
2.749999999708962	7.947473996017812	1.1071224662282175
2.816666666592937	7.972203227010961	1.1038837400509893
2.883333333302289	7.999123655687064	1.1179140373386918
2.949999999662396	8.023226830199393	1.127984285382157
3.033333333267365	8.055468738962634	1.1264480905734968
3.116666666523088	8.089588817168378	1.1438037996181292
3.199999999953434	8.115883189363638	1.155902860601563
3.283333333209157	8.143429674520585	1.1686749507059337
3.36666666646488	8.172228272639208	1.16500231435127
3.449999999895226	8.203531096681191	1.1731556128616039
3.533333333150949	8.230138497116863	1.1916064319479385
3.616666666406672	8.25799801051423	1.2177226259681913
3.716666666558012	8.290239919277468	1.2612516593047578
3.816666666360106	8.320290630357764	1.2306405556931599
3.916666666511446	8.355349793284788	1.2464163005924647
4.016666666662786	8.386965645567185	1.2687328528495536
4.11666666646488	8.421711780253775	1.2928197772164536
4.21666666661622	8.444249813563996	1.2820201206375919
4.316666666592937	8.472735383442204	1.292410968534414
4.416666666569654	8.50372517924376	1.290862879920834
4.533333333267365	8.540036455132446	1.2827644301005516
4.649999999965075	8.573843505097784	1.2814087860637215
4.766666666662786	8.602955131456829	1.3208278723542193
4.883333333011251	8.632692814296703	1.3369777876861686
4.999999999708962	8.664621694819534	1.3282818516279031
5.116666666406672	8.691229095255203	1.3276403670459709
5.25	8.726914314663055	1.335402267888458
5.383333333069459	8.760095308147552	1.339268216117439
5.516666666662786	8.793589329872475	1.3574639409555216
5.649999999906868	8.823640040952773	1.3811085437961255
5.783333333150949	8.856194977956422	1.4058796485650886
5.933333333290648	8.89188019736429	1.4019143421561582
6.083333333255723	8.921930908444587	1.4234624260056161
6.233333333220799	8.956050986650332	1.4044100755035536
6.383333333011251	8.99361437550071	1.4312749016358257
6.533333333150949	9.026169312504372	1.4388330058241308
6.699999999662396	9.059976362469705	1.455820805660403
6.866666666523088	9.097226723079645	1.4820128237433507
7.033333333209157	9.125399264717437	1.5010331731509514
7.199999999895226	9.161084484125297	1.5164652229398219
7.366666666406672	9.194578505850208	1.5181831726410162
7.549999999988359	9.232454922941004	1.5291671711783992
7.733333333220799	9.267201057627595	1.5266336652332897
7.916666666453239	9.303825361756719	1.5981322670945382
8.099999999860302	9.343266920049597	1.586071818952841
8.299999999988358	9.378013054736213	1.6065072649795693
8.49999999976717	9.412133132941959	1.5765589988647968
8.699999999895226	9.446566239388137	1.5947500941077795
8.916666666569654	9.491955334248999	1.6157391928367661
9.133333333069459	9.525449355973931	1.5995485405893606
9.34999999991851	9.564264857785968	1.6411844092906458
9.566666666592937	9.592437399423753	1.655793988796596
9.799999999988358	9.631252901235795	1.6670184307401243
10.03333333320916	9.67257262897121	1.6351151769617827
10.26666666660458	9.707944820138641	1.6739637790431707
10.51666666637175	9.751455745556997	1.6179976265109053
10.76666666666279	9.78808004968612	1.6735926547027815
11.01666666660458	9.824078297334383	1.7136008297528935
11.28333333326737	9.861015629703928	1.7323336967206944
11.54999999975553	9.90202232919891	1.764650606569678
11.81666666659294	9.927064588432492	1.7654087619945373
12.09999999980209	9.968697344408328	1.7797578194420378
12.38333333301125	10.01439946750961	1.820602055273036
12.68333333329065	10.060101590610897	1.8097402225595463
12.9833333332208	10.102986459548408	1.8004327461401792
13.28333333315095	10.144306187283824	1.8571350343138833
13.59999999980209	10.183747745576705	1.896019634961162
13.91666666645324	10.22851078395675	1.8528282722196383
14.25	10.262317833922081	1.7971130070509915
14.58333333319752	10.300507279253303	1.8423139332570546
14.93333333329065	10.33932278106534	1.9290776078247893
15.28333333320916	10.388155186570833	1.8162348290512254
15.64999999967404	10.424779490699954	1.8767791196762018
16.01666666666279	10.45639534298235	1.8646635244166472
16.39999999967404	10.509297115613288	1.8502010258221926
16.78333333320916	10.569398537773885	1.9396183764491897
17.18333333329065	10.583797836833195	1.9791588028157345
17.58333333319752	10.641082004830018	2.1159501405414773
18.0	10.671445744150738	2.1169970608865905
18.41666666645324	10.70587885059692	1.9973577296681333
18.84999999980209	10.76316301859373	1.9836493796824304
19.29999999987194	10.819821130109704	2.3199450992234367
35.19583333306946	12.486070453864196	4.7841900843871645
36.01249999995343	12.541163424178086	6.274264551298427
36.84583333320916	12.728980368429948	5.4827064520199045
37.69583333301125	12.877355754388919	5.023426288313062
38.57916666660458	12.89707653353538	6.935947388362029
39.47916666656965	13.00694944592272	6.527913387240924
40.39583333325572	13.238903372073773	7.779924645070959
41.32916666666279	13.324986138189214	8.195226302080581
42.29583333316259	13.415764327910948	6.728536041808598
43.27916666655801	13.658674242476698	7.845482378077053
44.27916666649981	13.807049628435678	7.955862732027795
45.31249999970896	14.11506941700875	8.438010984756744
46.36249999998836	14.38145644960597	9.189552853023535
47.44583333301125	14.233081063647006	8.793831237877107
48.54583333310438	14.476304006453168	9.381773666468135
49.67916666646488	14.605897697986952	11.134750127221155
50.82916666637175	14.853190007918586	12.611299383075082
52.01249999989523	15.087648159993002	12.68763316719958
53.21249999996508	15.292055600987116	13.658235591459407
54.44583333330229	15.369686604611227	16.46309076336313
55.71249999990687	15.760032820414686	19.129564051774537
57.01249999995343	16.36511640914611	20.12622067197063
58.32916666637175	16.793339042040387	24.193262866981026
59.67916666640667	17.107619395421843	23.765802271424942
61.06249999970896	17.593439224553336	26.08384528544371
62.47916666645324	18.09710166338877	30.246923837101466
63.92916666646488	18.95323390093686	31.198847169525312
65.41249999991851	19.313529405660034	30.33404429401518
66.92916666646488	20.496150097965966	32.900914952292204
68.47916666645324	20.620422309412618	35.42805951780033
70.06249999970896	21.35165627903323	21.54223394574459
71.67916666640667	22.377136794648422	24.979654518442935
73.34583333326736	22.98315946810113	21.448743981839602
75.0458333332208	23.363175751970736	24.889617096627624
76.77916666661622	24.379891476854176	24.531830731756344
78.5625	25.244162448653185	29.409082841550344
80.37916666665114	22.579040009719186	30.7259277775314
82.24583333329065	23.85713431535315	31.66779260670719
84.14583333319752	23.89939312780983	34.034991370191825
92.21249999996508	28.221061015045294	4.218654095225296
94.34583333326736	29.439053898518672	3.5693498218809405
96.52916666655801	30.53277457054539	8.467956921412021
98.7624999996624	20.634195551991088	10.264268945632026
101.0458333331044	21.51881335941739	10.231131778467763
103.3791666663601	22.59250022405723	9.525938110096773
105.7791666664998	23.694046602094446	10.202378090284727
108.2291666664532	24.819383126403547	9.287169149979608
110.7291666665697	25.966318599301623	8.637017062282196
113.2958333332208	27.09228118009158	57.769712691819564
115.9124999998603	28.15689022575926	58.036340679617325
118.5958333332092	29.218368989022732	57.3742189215044
121.3458333332674	30.251675210648425	56.509801918490275
124.1458333333139	31.2530525517513	55.29034640413195
127.0124999998952	32.20465840262743	53.71415797614763
129.9458333330113	33.12903079658704	50.25164991176107
132.9458333330113	34.03775177852565	45.45276264378851
136.0124999998952	34.93301254612624	40.71270670580866
139.1624999998603	35.81011767578246	36.75934362655144
142.3791666663601	36.635260117529015	32.45117398636115
145.6624999999185	37.40750078664462	28.94195737017698
149.8491666663322	37.92462343981806	23.398154909035625
153.4563888888806	37.92462343981806	19.248699286453267
157.2063888888806	37.92462343981806	15.544049260481643
161.2063888886478	38.06204283736238	11.530736013466539
165.2063888885896	38.068303402170756	8.29369995458362
169.2063888888806	38.19539286778119	5.189709826951477
173.2063888886478	38.24234710384418	3.437159038516748
177.2063888885896	38.27615415380951	3.8778986404160642
181.7063888885896	38.37162776713752	4.034769887877399
186.2063888885896	38.402617562939106	3.89389849041847
190.7063888885896	38.49809117626714	4.247624528914747
195.2063888885896	38.562888022034016	4.122714055954094
200.2063888886478	38.65836163536206	4.174225660570872
205.2063888888806	38.753835248690066	3.9079321689766138
210.2063888885896	38.78482504449163	5.465924052499571
215.2063888886478	38.88061168606009	5.263587220893911