0.02499999990686774	17.3414707839639	1.853867218456474
0.03333333326736465	17.826343076319215	1.7326990640123563
0.04166666662786156	18.221129806160437	1.883351178257081
0.04999999981373549	18.581472056216814	2.1536512795309575
0.05833333334885538	18.936515155537048	2.3770350179653352
0.06666666670935228	19.2624129258086	2.6381507651404217
0.0750000000698492	19.593609846816314	2.735008036800054
0.08333333325572312	19.874464835830928	2.786123341952604
0.09166666661622003	20.15267024947745	3.014396214940813
0.09999999997671694	20.420277361651667	3.094983303055684
0.1083333331625909	20.68788447382587	3.343612563440343
0.1166666666977108	20.910448804743137	3.5498396745144465
0.1250000000582077	21.18335506765351	3.614802843408065
0.1333333334187046	21.427116001514996	3.8699597917959854
0.1416666666045785	21.652329907800347	3.9584675660381565
0.1499999999650754	21.88284296482165	4.071050621136149
0.1583333333255723	22.113356021843142	4.263398862877497
0.1666666665114462	22.330621202024247	4.298397831792983
0.1750000000465661	22.55053595757323	4.385024008563765
0.183333333407063	22.749254110177972	4.457479495772489
0.191666666418314	22.940023536678286	4.652115250326332
0.1999999999534339	23.13874168928303	4.850805946177348
0.2083333333139308	23.33216069115143	4.895487966181422
0.2166666666744277	23.541477145228292	5.148782550273633
0.2249999998603016	23.75609275004131	5.13121333292206
0.2333333333954215	23.920366422861026	5.392518628199113
0.2416666667559184	24.12703330157002	5.547306239733147
0.2499999997671694	24.286007823653787	5.4611654132707175
0.2583333333022893	24.487375551626403	5.780397893045947
0.2666666666627862	24.65164922444612	5.843863436641202
0.2750000000232831	24.8715639799953	5.901829221156724
0.283333333209157	25.033188077447146	6.2547261398005105
0.2916666667442769	25.218658353211286	6.169316783809652
0.2999999999301508	25.37763287529506	6.576686472792741
0.3083333331160247	25.560453575691326	6.441914365939016
0.3166666666511446	25.756522152928	6.580775557145406
0.3250000000116415	25.89959922280328	6.7372867420379885
0.3333333333721384	26.10891567688014	7.089836319276236
0.3416666665580124	26.259941472859666	7.154820987083434
0.3499999999185093	26.421565570311508	6.997884607374708
0.3583333332790062	26.609685421443942	7.140746789372653
0.3666666664648801	26.77130951889556	7.4249925907398735
0.3833333333604969	27.126352618215808	7.56069859413788
0.3999999999068677	27.417805908702515	7.757436354996643
0.4166666666278616	27.746353254342356	7.8769374214331895
0.4333333333488554	28.056353572405452	7.941663520505124
0.4500000000698492	28.382251342676984	8.198722410192287
0.46666666661622	28.663106331691605	8.441215166222607
0.4833333331625909	28.957209197546405	8.609548238001265
0.5000000000582077	29.246012912665254	8.656410995454737
0.5166666666045785	29.553363655360442	8.916181500076352
0.5333333333255723	29.836868219742936	9.326086882835218
0.5500000000465661	30.123022359493508	9.40327031143537
0.566666666418314	30.39592862240407	9.577563976429817
0.5833333333139308	30.65823658384213	9.81338140627074
0.5999999998603016	30.98943350484984	9.95162400981137
0.6166666667559184	31.23584401407961	10.241038439715915
0.6333333333022892	31.498151975517665	10.565641316198109
0.6500000000232831	31.786955690636308	10.888482539359295
0.6666666667442769	32.05191322744265	10.738983736443576
0.6833333331160247	32.33276821645705	11.12589951034192
0.7000000000116415	32.61362320547167	11.287466631868025
0.7166666665580124	32.89182861911817	11.395618463432019
0.7333333332790062	33.15943573129238	11.642046663551996
0.7583333333604969	33.53567543355707	11.86634753075746
0.7833333332673647	33.92251343729423	12.037616323444425
0.8083333333488554	34.274906961246394	12.152722896847449
0.8333333332557231	34.68029199255972	12.45879898562351
0.8583333331625909	35.04858296872036	12.67442362657006
0.8833333334187046	35.41687394488096	12.996720157229072
0.9083333333255723	35.763968318096964	13.208658808847401
0.933333333407063	36.14550717109798	13.596137088398544
0.9583333333139308	36.487302393577814	13.81981175655336
0.9833333333954215	36.86089252047459	14.058625594619954
1.008333333302289	37.181491140009975	14.27339280582079
1.033333333209157	37.58687617132353	14.449636542656869
1.058333333116025	37.933970544539505	14.574798857463636
1.083333333372138	38.28106491775569	15.013220840565554
1.108333333279006	38.6175609894996	15.09389334308415
1.141666666720994	39.05209134986158	15.507290395990852
1.174999999813736	39.48397213485572	15.537385284028701
1.208333333255723	39.95294697500256	15.778970216552814
1.241666666697711	40.37157988315628	16.14781245877699
1.274999999965075	40.803460668150436	16.393915207873103
1.308333333407063	41.2273927270403	16.731262398838
1.341666666674428	41.64602563519403	16.849604792780042
1.374999999767169	42.077906420187965	17.063770007477803
1.408333333209157	42.480641876133404	17.220020182766564
1.441666666651145	42.883377332078865	17.601117310949082
1.474999999918509	43.29406151412834	18.000542324876598
1.516666666720994	43.80013040942832	18.16676854536151
1.558333333348855	44.25585737273475	18.430970288161156
1.599999999976717	44.769874994138746	18.79009445533913
1.641666666604579	45.286542190910815	19.18326336329189
1.683333333407063	45.73961957884937	19.446227153685868
1.724999999860302	46.211243994364295	19.982218607825857
1.766666666662786	46.693466711351526	20.279965032080696
1.808333333116025	47.15714240076241	20.41042037051067
1.858333333279006	47.73474983099969	20.472017572641334
1.908333333267365	48.29381023366083	20.9954691666866
1.958333333255723	48.84492191021773	21.20969434062505
2.008333333418705	49.36953783309382	21.464632795925304
2.058333333407063	49.87825630376187	21.67655976285063
2.108333333395422	50.38962434979755	21.995452860652993
2.158333333209157	50.91953942341002	22.04097485556187
2.208333333372138	51.422958743341674	22.23922448189821
2.266666666720994	52.003215748947255	22.665737747648823
2.325000000069849	52.60466935749727	23.08926692961526
2.383333333418705	53.184926363102825	23.514132418954134
2.441666666418314	53.70954228597895	23.860720600769948
2.499999999767169	54.2897992915845	24.178350971673034
2.558333333116025	54.838261392773326	24.665007726011034
2.625	55.47415948110815	25.064944442477444
2.691666666709352	56.11270714481108	25.28256845692776
2.758333333418705	56.75920353461802	25.826407356057775
2.824999999953434	57.35270841706381	26.00943439010396
2.891666666662786	57.99125608076668	26.36562099356196
2.966666666558012	58.69339355330314	26.73143117511249
3.041666666627862	59.32929164163796	27.034239708323113
3.116666666697711	59.98903590828513	27.113569151675023
3.191666666418314	60.616985270515926	27.7334822868283
3.266666666662786	61.25553293421862	27.900906294164106
3.349999999918509	61.96561913285928	28.10236431717377
3.433333333348855	62.662457454659545	28.472113026944566
3.516666666604579	63.31425299520264	28.828012151164078
3.599999999860302	64.04288622141965	29.504849792281192
3.683333333116025	64.70792963880317	29.69514839993648
3.774999999906868	65.42861413891593	30.06360429285827
3.866666666697711	66.12545246071622	30.508776867150043
3.958333333313931	66.84083781009281	31.03417133185313
4.049999999930151	67.60391551609467	31.187132873312922
4.149999999906868	68.32460001620741	31.447644985099934
4.250000000058208	69.079728996105	31.798866709470182
4.349999999860302	69.84015712673859	32.432380657334164
4.458333333372138	70.63767931252526	32.898889602737945
4.566666666709352	71.42195362147154	32.988584343751945
4.675000000046566	72.16118514916069	33.444719508216885
4.783333333209157	72.9110149783221	33.9449002934496
4.899999999906868	73.76152867147	34.39864397557814
5.016666666604579	74.58554661093727	34.55471105565395
5.133333333302289	75.36717134451541	35.0990046324366
5.258333333360497	76.18589013324635	35.73007549060358
5.383333333418705	77.04965170323459	36.17301533141581
5.508333333302289	77.90016539638246	36.40760595413015
5.641666666720994	78.71358503437742	36.835214760299685
5.774999999965075	79.60384235804608	37.37481724257617
5.908333333209157	80.46230477729816	37.874001439740226
6.049999999813736	81.34196379949469	38.17076429739985
6.191666666418314	82.21367409558697	38.43450128512437
6.341666666558012	83.14897420051281	39.12583546089005
6.491666666697711	84.06837685323008	39.50926644395396
6.641666666662786	84.95863417689898	39.851263841073326
6.799999999813736	85.89128470645647	40.34183335755492
6.958333333313931	86.80273863306977	40.68121181949364
7.125	87.76453449167614	41.06923170949404
7.291666666511446	88.7316295010187	41.528330683002345
7.466666666558012	89.70402366109738	41.974179455625034
7.641666666604579	90.673768245808	42.414052976813664
7.825000000011642	91.6461624058865	42.93227433474934
8.008333333418705	92.63710359354158	43.46313771591346
8.200000000011642	93.67308756245379	43.98281074755942
8.391666666604578	94.67197747621312	44.38266779485827
8.591666666558012	95.705311869757	44.882149731681295
8.791666666511446	96.73069753719689	45.48527059020792
9.0	97.80377556126204	46.06291480700691
9.20833333331393	98.87420400995889	46.41865885917434
9.424999999813735	99.91813670497534	46.96940656057145
9.650000000023283	101.01771048272089	47.64342413583155
9.875000000058208	102.09873723288997	48.00242421421482
10.10833333327901	103.22745633968438	48.36489142648202
10.34166666667443	104.30583351448556	48.70995107830911
10.58333333325572	105.42660389517548	49.30306173525279
10.83333333337214	106.60036578322702	49.823018103707895
11.08333333331393	107.69464041023627	50.34071324108093
11.34166666661622	108.82865866776685	50.76657128374566
11.60833333327901	109.99182225434585	51.45577561898101
11.88333333330229	111.17618244386951	51.81230073819254
12.15833333332557	112.3552434826568	52.00915845842623
12.44166666670935	113.55020197365279	52.635723826385124
12.73333333327901	114.76370749222494	53.20477383589202
13.03333333320916	116.01695664131822	53.64314217940858
13.34166666667443	117.22781258452221	54.26019571872797
13.64999999996508	118.41747192478208	54.60058613498772
13.96666666661622	119.65482362166696	55.091887414479935
14.29166666662786	120.91072234612813	55.441295854799215
14.625	122.1586723444853	55.75325095123835
14.96666666655801	123.45961385020365	56.33148639756796
15.31666666665115	124.72346130076905	56.8412648068993
15.67499999993015	126.02970195722345	57.348459016070066
16.04166666674428	127.31474601073337	57.770819160390246
16.41666666674428	128.6236362425558	58.316793639339636
16.79999999993015	129.94312477585072	58.81240005542866
17.19166666665115	131.25201500767312	59.35908811833316
17.59166666655801	132.60064887001647	59.88829567660223
18.0	133.94133400625566	60.43371238125889
18.41666666662786	135.29526701933528	61.0193637377365
18.84166666661622	136.6836445121995	61.58039784828049
19.28333333332557	138.06672285432768	61.77781709281318
19.73333333339542	139.48159610087265	62.38061582905138
20.19166666665115	140.87262316910528	62.715947299625334
20.65833333326737	142.29014599101808	63.44778392691331
21.14166666660458	143.73151499124359	63.63687645753188
21.63333333330229	145.07220012748292	64.16626999858536
22.1333333333605	146.5374153060211	64.58099653258533
22.64999999996508	147.95228855256602	65.15065951350583
23.17499999993015	149.46254651236117	65.76680317834445
23.71666666661622	150.9012659372188	66.0166883439563
24.26666666666279	152.37707941722906	66.73978901520127
24.83333333325572	153.87673907555194	67.854586604799
25.40833333320916	155.3790483092429	68.47526007786645
26.00000000005821	156.9343490502953	69.04929044560073
26.59999999991851	158.39956422883333	69.75450429174582
27.21666666667443	159.88597601031603	70.52513046578352
27.84999999997672	161.5949521227157	71.45401409817971
28.5	163.13700498692762	72.27626013867607
29.15833333320916	164.75589553681337	72.93763771093245
29.83333333331393	166.3244441547059	74.15077095140718
30.52499999996508	167.956582581432	75.2983984992829
31.23333333316259	169.63906294015132	75.47955601545134
31.95833333325572	171.3109449973983	76.53136020132624
32.70000000006985	172.99342535611737	77.32169616610985
33.45833333325572	174.7182989207253	78.27176195230017
34.23333333316259	176.4405229099657	79.2802721202
35.02499999996508	178.16274689920562	79.99836059060551
35.83333333331393	179.90086834065417	80.82908045919265
36.66666666674428	181.68668213872778	81.64357716470482
37.51666666672099	183.44864975848873	82.4280367407977
38.38333333341871	185.2768567624514	83.22270327064503
39.27500000002328	187.09976461567783	84.34889994600354
40.18333333334886	188.9279716196407	84.9628307123432
41.11666666675592	190.7694265004433	85.68415665753248
42.06666666670935	192.6373771349269	86.39323664719127
43.04166666674428	194.5132764955145	87.25483105333876
44.04166666651145	196.46601354177602	87.88036927293304
45.05833333334886	198.31541714868305	89.14113713116623
46.09999999991851	200.22311141368743	89.93056310713911
47.16666666674428	202.1122586511157	91.05739961067259
48.25833333330229	204.10473932789785	92.29436444554014
49.37499999976717	206.03098062047886	92.8577105826151
50.51666666666279	208.10294855830296	94.3562146003381
51.68333333311603	210.07688220750913	95.70614081329119
52.8833333333605	212.16739717290963	97.04600733116743
54.10833333316259	214.27910874125473	98.14221226056104
55.35833333339542	216.31133304855825	99.5302258417593
56.64166666672099	218.46013867205625	100.40217128669445
57.94999999995343	220.62219217239468	101.83436481249234
59.29166666662786	222.76569864515653	102.64831509015958
60.66666666674428	224.96219662527943	103.79847777641753
62.06666666641831	227.14279715319444	104.95035169534455
63.50000000005821	229.36049173626225	105.80501225984443
64.96666666661622	231.60203249764223	106.30997649600839
66.46666666661622	233.8144279299738	108.34976713676731
68.00000000005821	236.11955850018754	109.62769145566925
69.57499999995343	238.36109926156757	110.51664832519536
71.18333333311602	240.64238365346893	111.47041125632784
72.82500000006985	242.86537738727276	112.01791469207954
96.30083333328366	273.1314768166416	130.18682099254113
98.5258333333768	275.7519068556547	131.65466450802603
100.8008333332837	278.4147301005567	133.29358098282674
103.1258333333535	281.0590063178821	135.1177735164863
105.5091666665976	283.7615731933052	136.39097535443867
107.9425000000047	286.46678964409625	137.4301920940557
110.434166666586	289.2117497254082	138.94240596996838
112.9841666666907	291.9593593820881	140.5952530463695
115.5924999997951	294.7732084229697	142.44225014239353
118.2591666665976	297.60295491605945	144.43771124218608
120.9924999999348	300.39295777862856	146.25891641090334
123.7841666664463	303.15116573678097	148.7756787918225
126.6424999998417	306.0286045864957	149.80991091733136
129.5674999999465	308.9351887652594	150.9540935123997
132.559166666586	311.92655935580126	152.952698643228
135.6174999999348	314.9311778231831	154.5984106835918
138.7508333333535	317.9437450166693	156.35805902144207
141.950833333307	321.11263715687113	156.6555880068402
145.2258333333302	323.97947770511405	159.16046527672782
148.5758333334234	326.87016443166914	165.77055873172208