0.4999999997089617	1.9540723968150198	0.140399914913825
0.9999999999417923	2.0515008863696527	0.514187748750644
1.5	2.3492889607559064	0.9093502348107847
1.999999999708962	2.6477244005212643	1.1161719067114773
2.499999999941792	2.911849475194285	1.2444570443412335
3.0	3.1494325693241905	1.7626054318582258
3.499999999708962	3.483473104940077	2.980183413125977
3.999999999941792	3.97967866802065	2.921881252533834
5.133333333302289	4.350619030245267	1.7910992346047472
5.633333333011251	4.525407682602421	2.046556072194284
6.133333333244082	4.712496277162477	2.6797028840822494
6.633333333302289	4.899584871722538	2.919665319652758
7.133333333011251	5.2074071094848495	3.3756428025615275
7.633333333244082	5.393524655976261	3.9144937094856864
8.13333333330229	5.670597038231294	3.7523588245510564
8.633333333011251	5.928895824492412	3.979334429895259
9.133333333244082	6.1386422073209905	3.6874502046303763
9.63333333330229	6.339649157531721	3.552463023955024
10.13333333301125	6.499224723480003	3.4827287003730527
10.63333333324408	6.682752808455015	3.4057936875915686
11.13333333330229	6.860130922328566	3.360011356360451
11.63333333301125	6.9993144788351795	3.412687355247366
12.13333333324408	7.136879621894048	3.3655361605062457
12.63333333330229	7.271855303436512	3.1764146533641653
13.13333333301125	7.404241523462578	3.2387143047940623
13.63333333324408	7.534685647351335	3.0085154547082538
14.13333333330229	7.632761502285075	2.9489287714681174
14.63333333301125	7.75770302045148	2.8477251343838286
15.13333333324408	7.822763241051082	2.8239942494875843
15.63333333330229	7.917602269089318	2.779635685095129
16.13333333301125	8.012441297127545	2.8375924578133738
16.63333333324408	8.075559421589853	2.8371538096295073
17.13333333330229	8.199853574377158	2.9911412908523176
17.63333333301125	8.262648016149916	3.0839168661675473
18.13333333324408	8.355544948050836	3.0086391801953476
18.63333333330229	8.448441879951773	3.3600524910265666
19.13333333301125	8.541015129163148	3.1552460304834615
19.63333333324408	8.630998916858125	3.293149140062828
20.13333333330229	8.692822310562232	3.2649982692159303
20.63333333301125	8.81549804990178	3.3266206435142474
21.13333333324408	8.87699776091633	3.4596707358660397
21.63333333330229	8.969571010127716	3.604189016270216
22.13333333301125	9.031070721142267	3.684931114016487
23.13333333330229	9.184496315989099	4.149720302052928
23.68333333334886	9.307172055328657	4.169090793530172
24.68333333329065	9.49167118837231	4.347948190679902
25.68333333305782	9.73443320553502	4.434389599254222
26.68333333334886	9.887858800381846	4.2650642420363125
27.68333333329065	10.04096071253913	4.1470334457132765
28.68333333305782	10.16363645187869	3.780183445731555
29.68333333334886	10.31641468134641	3.7474940958128413
30.68333333329065	10.43909042068597	3.8671581993478643
31.68333333305782	10.55852933313002	3.981955659319933
32.68333333334886	10.681205072469583	3.9375757759494423
33.68333333329065	10.833983301937305	4.05237414959443
34.68333333305782	10.956335358587323	4.153302954031287
35.68333333334886	11.07868741523731	4.279368034649368
36.68333333329065	11.201039471887322	4.246024886340626
37.68333333305782	11.323715211226881	4.234350290713438
38.68333333334886	11.443154123670931	4.189040072561583
39.68333333329065	11.565506180320938	4.29311059608625
40.68333333305782	11.657432064153207	4.443458429551871
41.68333333334886	11.779784120803214	4.54699948020676
42.68333333329065	11.871386321945948	4.514214121562536
43.68333333305782	11.993738378595946	4.60186805886522
45.18333333305782	12.177590146260508	5.244886391334334
46.68333333305782	12.358205087029559	5.027890506221394
48.18333333305782	12.511306999186848	5.056126677668168
49.68333333305782	12.756011112486858	5.280988621662588
51.18333333305782	12.940186562840951	5.129803247500287
52.68333333305782	13.031788763983693	4.9461130439029075
54.18333333305782	13.15381713794414	5.10119587693145
55.78333333320916	13.337992588298249	4.71305627649148
57.28333333320916	13.487857673560022	4.562749308689338
58.78333333320916	13.579783557392302	4.8294376891580555
60.28333333320916	13.732238104170477	4.9008441774730525
61.78333333320916	13.854266478130947	4.6073460455886694
63.28333333320916	13.976618534780943	4.43241960675751
64.78333333320916	14.098646908741404	4.681049414896901
66.28333333320916	14.218085821185447	4.280840290324615
68.28333333326736	14.340114195145896	4.172682611468286
70.28333333315095	14.462466251795902	3.840330175029903
72.28333333320916	14.615244481263646	3.754752141159547
74.28333333326736	14.675773144209536	3.6116426945553384
76.28333333315095	14.797477835480446	3.5584850694099788
78.28333333320916	14.858330181115889	3.6977676718121155
80.28333333326736	14.97776909355995	3.504866088007773
82.28333333315095	15.069047612013131	3.890056316481069
84.28333333320916	15.160973495845393	3.7127049265742076
86.28333333326736	15.283001869805862	4.07041941475204
88.28333333315095	15.374280388259033	3.9186465292268218
90.78333333326736	15.527058617726762	3.945854754730238
93.28333333320916	15.618337136179946	3.789437457110446
95.91666666656965	15.76820222144172	3.5335680215722216
98.41666666651145	15.859480739894893	3.603175068183869
100.9166666664532	15.951082941037619	3.4893286862967843
105.1663888888434	16.07311131499809	3.2363719592692157
109.1663888887852	16.225889544465822	3.421013370914252
113.1663888889016	16.378020408554452	3.5492654134023667
117.1663888888434	16.50004878251489	3.408039982759869
125.1997222219943	16.802044731865315	3.1636819080219065
129.1997222221107	16.862897077500755	3.307855225969025
133.1997222222271	16.954175595953938	3.3357271676389697
137.1997222219943	17.07620396991439	2.748006757898032
141.1997222221107	17.197908661185284	3.0397775550804886
145.1997222222271	17.289187179638482	2.843900363573296
149.1997222219943	17.408302409392974	2.8929539609111092
153.1997222221107	17.438404899521153	2.7766770365631257
157.1997222222271	17.529359735284782	2.6322929426841295
161.1997222219943	17.59053576360978	2.534195777647327
165.1997222221107	17.68149059937341	2.3856153960477475
191.2780555554782	18.101630730409678	2.365577166771675
197.1833333332907	18.191938200794194	2.3823256752483366
203.1830555554479	18.22268805630148	2.56336322064073
209.1830555554479	18.344069064882827	2.3162420619087185
215.1830555554479	18.432434439130034	2.1516557874802698
221.1833333332907	18.493286784765505	2.4817967581229357
227.1830555554479	18.523389274893667	2.1413656695336596
233.1830555554479	18.64444660078547	1.9204610003099214
239.1830555554479	18.67487277360322	2.021859193062043
245.1830555554479	18.76582760936684	1.9678244155294116
251.1830555554479	18.76582760936684	1.94930545235147
257.1830555554479	18.82603258962318	1.769019156911371
263.1833333332907	18.916987425386814	1.891971777210817
271.1830555555061	18.974602944126758	1.5850740145361806
279.1830555553897	19.0050291169445	1.8354075499753466
287.1833333332907	19.095983952708114	1.6662992609661702
295.1830555555061	19.12608644283629	1.4518090731393514
303.1830555553897	19.18629142309264	1.7533736920935576
311.1830555554479	19.246820086038554	1.6437046482034565
319.1830555555061	19.307025066294887	1.299094102211198
327.1830555553897	19.306377700915803	1.3804993860647703
335.1830555554479	19.394743075163035	0.8867772640373164
343.1830555555061	19.42484556529119	0.26436310185767176