0.0166333333691	0.16808690301931145	0.2596682211622027
0.03329999974084785	0.5194811766541856	0.7527711064168155
0.04996666663646465	0.883448880042482	0.9491716503251136
0.06663333318283549	1.1673436886853474	1.060175965103564
0.08330000007845229	1.4168270053714982	1.2752461879161106
0.09996666662482312	1.6729279166647155	1.499021883429501
0.1166333333458169	1.9164553982045225	1.2453879577965299
0.1333000000668108	2.0441749741207764	0.7823875089954859
0.1499666664385586	2.1182920337198383	0.9731810958740118
0.1666333333341754	2.2532909637038556	1.38197080199399
0.1832999998805462	2.395569247755637	1.6844144202731979
0.1999666666015401	2.5371857723467213	1.8504558757144889
0.2166333333225339	2.719169624040863	1.9593731851148086
0.2333000000435277	2.8607861486319472	2.0574031446649217
0.2499666665898985	3.002402673223031	2.132940233206775
0.2666333331362694	3.130784008599982	2.195027355418354
0.2833000000318862	3.286297481865896	2.2859122334724735
0.299966666578257	3.4073994631750963	2.527316612513525
0.3166333332992508	3.5423983931591003	2.510043964406305
0.3333000000202446	3.6906325123572508	2.612913589917045
0.3499666667412384	3.812396253127148	2.6667137533293572
0.3666333332876093	3.9407775885041127	2.617517757039945
0.3832999998339801	4.042026785992113	2.6378951576936753
0.3999666667295969	4.163128767301313	2.6603972882285305
0.4166333332759677	4.264377964789325	2.671656332294409
0.4332999999969616	4.378862351491458	2.6687608817562913
0.4499666667179554	4.480111548979484	2.6923988038977087
0.4666333330897032	4.581360746467498	2.651910695681151
0.48329999998532	4.6627571601343245	2.6282574346201226
0.4999666665316909	4.764006357622349	2.6682355174263446
0.5166333332526847	4.838123417221412	2.639881175663191
0.5332999999736785	4.9327550201023715	2.662667358480272
0.5499666666946723	5.006872079701447	2.7195242949652934
0.5666333334156661	5.094224328514629	2.6867160018043186
0.583299999787414	5.175620742181469	2.693832004855601
0.5999666666830308	5.249737801780531	2.553119656700251
0.6166333332294016	5.323854861379607	2.488708110735613
0.6332999999503954	5.397971920978681	2.357876226217981
0.6499666666713892	5.458853791363623	2.224824521286442
0.6666333333923831	5.505838713073749	2.0916148943390516
0.6832999999387539	5.553485394244583	1.9274231796524073
0.6999666664851247	5.600470315954708	1.7186828695461487
0.7166333333807415	5.634220048450711	1.580709756108937
0.7332999999271124	5.674587375553769	1.4073549806580012
0.7666333333691	5.7354692459387255	1.2675728946762401
0.7999666666364647	5.775836573041783	1.1646089847734147
0.8333000000784523	5.802968710930733	1.1649329551726213
0.8666333333458169	5.849953632640857	1.1286822675801633
0.8999666664385586	5.897600313811692	1.2303602474904514
0.9332999998805462	5.95120283012887	1.317246033117191
0.9666333333225339	5.992231916692639	1.4234921062751278
0.9999666665898985	6.04583443300983	1.5269864077383664
1.033300000031886	6.086201760112888	1.5589993801529765
1.066633333299251	6.153701225104898	1.6534829275795846
1.099966666741238	6.194730311668665	1.766100360948608
1.13329999983398	6.254950422592922	1.7809321659965647
1.166633333275968	6.309214698370812	1.9871881256577348
1.199966666717955	6.362817214687988	2.0575086978519908
1.23329999998532	6.417081490465879	2.236547730284318
1.266633333252685	6.464066412176016	2.344302033211297
1.299966666694672	6.538845231235787	2.492417649049589
1.333299999787414	6.606344696227785	2.6130044466959252
1.366633333229402	6.6738441612198045	2.769353649187439
1.399966666671389	6.740681866751103	2.932162872889548
1.433299999938754	6.815460685810876	2.9916218614342776
1.466633333380742	6.8895777454099525	3.005030152982142
1.5166333333691	6.990826942897965	3.145396551126281
1.566633333182836	7.092076140385995	3.2684630968552684
1.616633333345817	7.193325337873997	3.364348806436982
1.666633333334175	7.287295181294253	3.3855097992715413
1.716633333322534	7.3958237328500305	3.513990078755429
1.766633333136269	7.503690524945111	3.6416990924999313
1.816633333299251	7.611557317040176	3.7042529151812413
1.866633333287609	7.698909565853368	3.8502873809647786
1.916633333275968	7.807438117409148	3.94481125441494
1.966633333089703	7.915304909504229	4.047223014500624
2.016633333252685	8.009936512385174	4.053205222859774
2.066633333415666	8.111185709873189	4.229077546948403
2.116633333229402	8.2117731479005	4.31664867130702
2.166633333392383	8.320301699456282	4.320409655448133
2.216633333380742	8.428168491551352	4.307704251875389
2.283299999740848	8.549270472860549	4.435216654349964
2.349966666624823	8.684269402844565	4.485102617331206
2.416633333334175	8.806033143614476	4.478516837209937
2.483300000043528	8.920517530316609	4.522030700310337
2.549966666578257	9.048898865693564	4.561222105232429
2.616633333287609	9.16338325239571	4.556496512482399
2.683299999996962	9.278529398558552	4.584167640744467
2.749966666531691	9.399631379867738	4.642516858228448
2.816633333415666	9.507498171962807	4.624657145318704
2.883299999950395	9.615364964057886	4.531175482340862
2.949966666485125	9.72389351561366	4.529464722821281
3.033299999740848	9.851613091529927	4.558872482715278
3.116633333345817	9.973376832299822	4.521559104983701
3.19996666660154	10.08124362439489	4.513858504591797
3.283300000031886	10.195728011097033	4.480559728134292
3.366633333287609	10.317491751866932	4.461237243511189
3.449966666717955	10.425358543961995	4.456987126756739
3.533299999973679	10.533225336057075	4.525938834514047
3.616633333229402	10.641092128152161	4.602736253006797
3.716633333380742	10.762855868922056	4.631270896027183
3.816633333182836	10.877340255624194	4.628402523601675
3.916633333334175	11.005721591001146	4.643339161444777
4.016633333136269	11.12748533177105	4.677245575045434
4.116633333287609	11.241969718473182	4.716463536661133
4.216633333089703	11.349836510568261	4.714182519004145
4.316633333415666	11.471600251338169	4.786941923379964
4.416633333392383	11.57284944882618	4.777034731653957
4.533299999740848	11.700569024742434	4.788914908800986
4.649966666438559	11.822332765512325	4.878321672085193
4.766633333136269	11.936817152214463	4.938530211120292
4.88329999983398	12.05858089298437	4.968081943647483
4.999966666531691	12.179682874293553	4.951417672236319
5.116633333229402	12.288211425849338	5.033739447239912
5.249966666648106	12.42982795044042	5.112105877018932
5.383300000066811	12.557547526356664	5.111583302373663
5.516633333136269	12.685928861733624	5.380717256082747
5.649966666729597	12.793795653828715	5.656649309601526
5.783299999973679	12.928794583812728	5.927839892002653
5.933299999938754	13.070411108403803	6.135966068846683
6.083300000078452	13.185557254566639	6.378959594806956
6.233300000043528	13.374158700867854	6.638990503059818
6.38329999983398	13.563421906629763	6.956678579189876
6.533299999973679	13.738788163716851	7.162180933908483
6.699966666485125	13.927389610018045	7.384579314409169
6.866633333345817	14.110035221172897	7.746468906538408
7.033300000031886	14.298636667474106	7.779327408459402
7.199966666717955	14.481282278628955	7.778252524610555
7.366633333229402	14.663266130323105	7.7950345934743535
7.549966666636465	14.851867576624302	7.867991348418167
7.733300000043528	15.047748376993274	7.910554741016463
7.916633333275968	15.237011582755185	7.917048128021432
8.09996666668303	15.418995434449323	7.952422068396456
8.299966666636465	15.608258640211234	7.991711344435282
8.499966666589899	15.803477681119503	8.0198148173049
8.699966666717955	15.986123292274364	8.042611212891323
8.916633333392383	16.181342333182627	8.009871378387018
9.13330000006681	16.37722313355158	8.06665595084029
9.349966666741238	16.573103933920557	8.102995136415228
9.566633333415666	16.755087785614695	8.085168931894483
9.799966666636465	16.957586180590734	8.151168818443432
10.03330000003189	17.139570032284876	8.149033494828316
10.26663333325269	17.335450832653855	8.14013984938955
10.5166333333691	17.531331633022806	8.1015819561616
10.76663333313627	17.719933079324008	8.104623189344661
11.01663333325269	17.915813879693008	8.109252573382632
11.28329999974085	18.105077085454916	8.094276054625068
11.54996666657826	18.29367853175611	8.049400898431063
11.81663333341567	18.475662383450253	8.034806897934992
12.09996666662482	18.664925589212153	7.975438168427099
12.38329999983398	18.860806389581125	7.972473074971932
12.68329999993875	19.042790241275267	7.920848006578048
12.98330000004353	19.23139168757649	7.899715847575435
13.28329999997368	19.41403729873133	7.841589663812071
13.59996666662482	19.5894035558184	7.827392937081865
13.91663333327597	19.785284356187383	7.693758243008059
14.24996666664811	19.96065061327446	7.720937756686194
14.58330000002025	20.1426344649686	7.628043099094515
14.93329999993875	20.318000722055704	7.557469014525078
15.28330000003189	20.49998457374984	7.558261071720528
15.64996666667139	20.66873323622988	7.440884875913712
16.01663333313627	20.8513788473847	7.360965309342295
16.39996666667139	21.020127509864725	7.309945353502232
16.78330000003189	21.188876172344774	7.239421260393152
17.18329999993875	21.364242429431854	7.168620890916819
17.58330000002025	21.532991091911864	7.10137810177659
17.99996666664811	21.687842805717086	6.975765085403161
18.41663333327597	21.8565914681971	6.887648752528225
18.84996666662482	22.012104941463022	6.826832492954491
19.29996666669467	22.18085360394303	6.717854805676669
19.7499666665899	22.329087723141175	6.60610402557885
20.21663333338074	22.48393943694637	6.587139751505877
20.68329999999696	22.626217720998152	6.3755699553858065
21.16663333333418	22.781069434803342	6.340207883834986
21.66663333339238	22.92996531346221	6.184870039734302
22.16663333327597	23.071581838053277	6.1569846720483135
22.68329999988055	23.219815957251427	5.988969486740697
23.21663333338074	23.341579698021313	5.971665907975494
23.76663333325269	23.489813817219467	5.792702567362997
24.31663333329925	23.618195152596435	5.685943921945571
24.88330000006681	23.7598116771875	5.565117730972741
25.46663333338074	23.874296063889645	5.450993741808378
26.06663333341567	24.015912588480703	5.393518559201744
26.68329999999696	24.131058734643542	5.257917196595421
27.29996666657826	24.252160715952744	5.192652329618609
27.93329999988055	24.366645102654896	5.045616563454397
28.58330000007845	24.48840884342479	5.018092905477869
29.24996666664811	24.596275635519852	4.847897699867833
29.93329999993875	24.7114217816827	4.766113714635522
30.6332999999504	24.825906168384837	4.646885780840383
31.34996666668303	24.933772960479907	4.5871342876145516
32.08329999978741	25.041639752574998	4.467318156381353
32.83329999978741	25.142888950062996	4.412354880067138
33.59996666668303	25.237520552943966	4.328643239780462
34.3832999999504	25.33215215582491	4.182046534827477
35.18329999993875	25.43340135331291	4.125694316447461
35.99996666664811	25.52737119673317	4.011306731808895
36.83330000007845	25.622002799614126	3.929825911438148
37.68329999988055	25.716634402495064	3.8982434568167945
38.56663333329925	25.797369056701207	3.840667929535458
39.4666333330897	25.89200065958217	3.753608686809443
40.3832999999504	25.972735313788295	3.6369371704427897
41.31663333318284	26.054131727455154	3.54756546498987
42.28330000003189	26.141483976268304	3.485013706809063
43.26663333325269	26.222880389935163	3.431251377889987
44.2666333333691	26.303615044141274	3.3428921044154354
45.29996666657826	26.371114509133307	3.3426095055735923
46.34996666668303	26.445231568732353	3.251316121998117
47.43329999988055	26.526627982399194	3.2263598120307315
48.53329999997368	26.594127447391195	3.166929273861726
49.66663333333418	26.668244506990288	3.1071476177473167
50.81663333341567	26.748979161196402	3.106685886998426
51.9999666665899	26.80986103158137	3.078465458212898
53.19996666648513	26.890595685787467	3.0211366451348574
54.43329999999696	26.958095150779503	3.0205944493496073
55.69996666660154	27.025594615771524	2.9363694451602895
56.99996666664811	27.09309408076352	2.8463473305127596
58.31663333341567	27.16059354575554	2.875505053547005
59.66663333327597	27.228093010747518	2.7595353422542064
61.04996666657826	27.29559247573954	2.8160407024097127
62.46663333332253	27.349856751517446	2.760133737044942
63.91663333333418	27.410076862441684	2.6742014500334657
65.39996666643856	27.477576327433678	2.643284955002515
66.91663333333418	27.531840603211567	2.6138342926099964
68.46663333332253	27.612575257417717	2.5542040613884693
70.04996666657826	27.666839533195606	2.553586901483403
71.66663333327597	27.71382445490574	2.5567435121788944
73.33329999978741	27.774706325290673	2.5273507277868057
75.03329999974085	27.83558819567562	2.4964169494910076
76.76663333313627	27.889190711992832	2.3788426138973175
78.54996666669467	27.943454987770693	2.3203536099487856
80.36663333334582	28.004336858155646	2.3765548782921333
82.23329999998532	28.06521872854061	2.3488149352416654
84.13330000006681	28.11220365025073	2.2890054106213156
86.08329999978741	28.16580616656792	2.2907249634553626
88.08330000002024	28.206835253131693	2.291013208416016
90.11663333334582	28.267055364055917	2.2591584443372565
92.19996666648512	28.321319639833806	2.171712524657241
94.33329999978741	28.368304561543937	2.2012761341121374
96.51663333325268	28.42256883732183	2.1724361337872264
98.74996666653169	28.476833113099723	2.2583280669464494
101.0332999999737	28.530435629416914	2.1433336373221716
103.3666333332294	28.57080295651998	2.1426175276528916
105.7666333333691	28.625067232297855	2.1136050235758765
108.2166333333225	28.672052154007996	2.140799542204716
110.7166333330897	28.732934024392925	2.021903855093138
113.2832999997409	28.766683756888927	2.0241111313743265
115.8999666667296	28.820948032666827	2.02349484609017
118.5833000000785	28.86131535976989	1.9644464043114873
121.3332999997874	28.92219723015485	1.9956519100235495
124.133299999834	28.948667608583097	1.9351539799298896
126.9999666665899	29.002931884360972	1.9634632512946548
129.9332999998806	29.04329921146406	1.934724976418447
132.9332999998806	29.08366653856709	1.934377878965073
135.9999666665899	29.137930814344987	1.8745515321922133
139.1499666667296	29.18491573605513	1.9365293366170413
142.3666333332294	29.225283063158173	1.8481769010350495
145.6499666664386	29.272929744329016	1.8760525993660657
149.0166333332527	29.313297071432086	1.8189878424709722
152.4666333333225	29.360281993142184	1.7865256783680932
155.9832999999271	29.401311079705994	1.7581152653965437
159.5832999997874	29.435060812201986	1.7888074805537686
163.2666333332527	29.48204573391209	1.7286242838993475
167.0332999999737	29.509177871801047	1.7276153342510463
170.8999666666714	29.55616279351117	1.7030628773112042
174.8499666666248	29.596530120614236	1.7056160421400868
178.883299999834	29.64417680178505	1.6366825549052726
183.0166333333691	29.677926534281085	1.7093149848828315
187.2499666665317	29.71829386138414	1.887784988373961