0.0002703587587853801	7.089600860117016	4.83316967138639
0.0005481367587854419	53.927640033284995	4.800577626769132
0.0008259147587853927	88.54982270032221	4.146578914426721
0.001103692758785399	109.83917493961499	3.219292194357856
0.001381470758785405	132.18881378290337	2.084671319929192
0.00165924775878544	146.87875191186825	1.3622221820846838
0.001937025758785335	152.417800473332	0.8351605620808187
0.002214803758785397	148.6047197090399	0.8388965747313737
0.002492581758785348	145.40567187644305	0.6780383200197678
0.00277035975878541	140.19163005228071	0.410638501922633
0.003048136758785389	136.22895830719585	0.05911672645544701
0.004159247758785442	144.42010194697033	0.05723772410168539
0.004437025758785393	146.39628086205212	0.2158025165097044
0.004714803758785399	147.00519579274152	0.17959248635096173
0.004992581758785405	147.04904966737135	0.3355219214965194
0.00527035875878544	146.87875191186825	0.37213717759313725
0.005548136758785335	146.56398040260808	0.32373297597180895
0.005825914758785397	146.44792912353415	0.2924242250851223
0.006103692758785348	146.47367469639104	0.2479247255647787
0.00638147075878541	146.81427020739727	0.15541876524442944
0.006659247758785389	146.93291970141834	0.09968515102878468
0.006937025758785395	147.17029737633985	0.0886861366843318
0.007214803758785401	147.59852194972615	0.09113439424074118
0.007492581758785408	147.70433800075833	0.091074967694941
0.007770358758785442	147.94943137565284	0.10556324357848251
0.008048136758785393	148.13004330406633	0.13063124542903673
0.0083259147587854	148.23837862517703	0.13447249914173331
0.008603692758785406	148.39828377888068	0.1386064294529839
0.008881470758785412	148.56086583441044	0.14615575156859031
0.009159247758785335	148.70274137321996	0.14538166170682013
0.009437025758785397	148.82398908218855	0.14930827376978126
0.009714803758785348	149.03554249737397	0.14899747782459002
0.00999258175878541	149.08199458695094	0.1506998632085724
0.01027035975878536	149.27551838724256	0.14207159336551045
0.0105481367587854	149.270321957348	0.14577533569334897
0.0108259147587854	149.45864958573463	0.14369037424980108
0.01110369275878541	149.72177257552298	0.1425203065400495
0.01138147075878541	149.64437899917397	0.14969587484246685
0.01165924775878539	149.87144275917458	0.15167956408209093
0.0119370257587854	149.9668662084071	0.1507958322774502
0.01221480375878541	150.09331008928055	0.1518460840417889
0.01277035875878534	150.37965912385738	0.1579459524399802
0.01332591475878535	150.61703679877854	0.15679196300985532
0.01388147075878536	150.85441447369988	0.16159553427045387
0.0144370257587854	151.04526137216513	0.1687184312469255
0.01499258175878541	151.25169730232471	0.16576843481059678
0.0155481367587854	151.52513446502337	0.16427675680942277
0.01610369275878541	151.69023579063182	0.18201497527910052
0.0166592477587854	151.88375959092343	0.17719446977723388
0.01721480375878541	152.14436331063308	0.1826034726489102
0.01777035975878542	152.31458237925733	0.1844059031372559
0.01832591475878541	152.51582187952218	0.19381309752703463
0.01888147075878542	152.7041495079088	0.1927844185086287
0.01943702575878541	152.88216296338499	0.19340451540788897
0.01999258175878542	153.15308059801552	0.19317926561450754
0.02054813675878535	153.08859889354446	0.20068153192634625
0.02110369275878536	153.50650955201039	0.20265478137615484
0.0216592477587854	153.54264772666676	0.21267694728575842
0.02221480375878542	153.80317275949764	0.20501409596417253
0.02277035975878543	153.94764625526503	0.20924658752148065
0.02332591475878536	154.21856388989525	0.20995263082128543
0.02388147075878537	154.1979360600542	0.21448240076185576
0.02443702575878541	154.46105930783233	0.2131692893505734
0.02527035975878537	154.64686715016077	0.21763159676595376
0.02610369275878542	154.89967648301837	0.2409271770596065
0.02693702575878536	155.1550837728334	0.23069322497111275
0.02777035875878535	155.4491487653734	0.24557367945529301
0.02860369275878542	155.57039621635215	0.23687710997536854
0.02943702575878542	155.77683214651145	0.2420425440141566
0.03027035975878543	155.97547368981873	0.26412846276878665
0.03110369275878537	156.14829097339017	0.26625261199899014
0.03193702575878536	156.42440477992562	0.2750786332667815
0.03277035975878544	156.68233159780894	0.27621167404207936
0.03360369275878543	156.88357109807376	0.2755453188137411
0.03443702575878536	157.13386090286295	0.2906166280354569
0.03527035875878541	157.18543047746576	0.29608807074408633
0.03610369275878538	157.4563481120963	0.3104053545915931
0.03693702575878542	157.66018582730865	0.3032723486428242
0.03804813675878536	157.98267303654177	0.3146637048522142
0.03915924775878536	158.27162028606585	0.31520258770167786
0.04027035975878533	158.50632105916068	0.31845076032193714
0.04138147075878544	158.7050412893474	0.32779875752489424
0.04249258175878538	159.13066764778617	0.3229031125740014
0.04360369275878544	159.27262187347503	0.3398156543311117
0.04471480375878544	159.61313869760207	0.32911899590918703
0.04582591475878538	159.6982482319141	0.3321783008894975
0.04693702575878538	159.97947978146507	0.32366928342136375
0.04804813675878543	160.14977753696814	0.32709664684350714
0.04915924775878537	160.3793608250371	0.32874045450517175
0.05054813675878538	160.67090628950876	0.3216783500556209
0.05193702575878544	160.89537183456198	0.31175614754886166
0.05332591475878538	161.13267082260424	0.3165658112982789
0.05471480375878533	161.3003703631599	0.31696076624931957
0.05610369275878539	161.49901190646736	0.33836282586484684
0.0574925817587854	161.65899574704991	0.3401585297984101
0.05888147075878535	161.89637342197102	0.32618808383458686
0.06027035975878541	162.08722032043627	0.3232934604109272
0.06193702575878533	162.18532067149528	0.3488667568935589
0.06360369275878534	162.4587578341939	0.3522362077006032
0.06527035875878544	162.72447903892993	0.3505782340526881
0.06693702575878539	162.9979946305177	0.35083401652659346
0.0686036927587854	163.23017613353414	0.3599913051739258
0.07027035875878544	163.315285667846	0.38682358136053985
0.0719370257587854	163.46747512157646	0.3856885952645952
0.07360369275878535	163.8105901606507	0.4092605482449985
0.0755481367587854	164.0892234952542	0.41625197491260896
0.07749258175878536	164.22857950599578	0.4231858169948777
0.0794370257587854	164.4117107044876	0.41753519424770796
0.08138147075878537	164.623264119673	0.4269449426135454
0.08332591475878541	164.99480163343077	0.45577841306139966
0.08527035875878534	165.13667691425067	0.4679750172565903
0.08749258175878542	165.41790846380147	0.4521342805949166
0.08971480375878542	165.69394384144758	0.472200111061906
0.09193702575878536	165.94163543128948	0.492863453717555
0.09415924775878541	166.11445245687122	0.5222679752842166
0.09638147075878538	166.36214404671313	0.547049042467761
0.09888147075878544	166.6717193840682	0.54813740105883
0.1013814707587854	166.88587101420092	0.5818224488831629
0.1038814707587854	167.08191408457122	0.5923266231656035
0.1063814707587854	167.43282376848776	0.5806833829453075
0.1088814707587853	167.6650050135142	0.6155343107374548
0.1116592477587854	168.00040435261536	0.62100701029509
0.1144370257587854	168.3409211767426	0.6251790083666723
0.1172148037587854	168.65829090094994	0.6464412653586613
0.1199925817587853	168.9652677653678	0.7044126733169287
0.1227703587587854	169.21547888327822	0.756707252380907
0.1258259147587854	169.39609055370155	0.7680893468632349
0.1288814707587854	169.7985698122212	0.7979904836134375
0.1319370257587854	169.97138709579286	0.7925826596621479
0.1349925817587854	170.20616655576666	0.8296071478352891
0.1383259147587854	170.57510559658712	0.8460436925475324
0.1416592477587854	171.06017486135042	0.8639720402857478
0.1449925817587854	171.4832032628317	0.9138519397686327
0.1486036927587854	171.8108869019597	0.9835919418041168
0.1522148037587854	172.1798259427805	1.0117486411360543
0.1558259147587854	172.3836636579926	1.0868533672777267
0.1594370257587854	172.8222021462998	1.1655081465518993
0.1633259147587854	173.16531744336393	1.2328868278829306
0.1672148037587855	173.52906031227968	1.2653123921168756
0.1711036927587854	173.98830531730698	1.2821014035332492
0.1752703597587854	174.44755032233422	1.3476908477571425
0.1794370257587853	174.89388345548338	1.4708714188453509
0.1836036927587854	175.43563977987517	1.529192090128316
0.1880481367587855	175.95936674736316	1.6732301049600744
0.1924925817587854	176.4340431523369	1.78539623019767
0.1969370257587854	176.8571502406975	1.8952758903250915
0.2016592477587855	177.37575946516972	2.018370128075123
0.2063814707587854	178.01813566868896	2.134431899229645
0.2113814707587854	178.6218544274734	2.2916435958929338
0.2163814707587854	179.38807655490834	2.4975725138000135
0.2213814707587854	180.04076667334826	2.6924515933123048
0.2266592477587854	180.78116454104736	3.0288681704272413
0.2319370257587854	181.52164109562554	3.278570841562276
0.2374925817587854	182.2801475230873	3.53787733991776
0.2430481367587854	183.19596063131573	3.8222588317662805
0.2488814707587854	184.28466996798397	4.1881668937182965
0.2547148037587855	185.2624455106047	4.567462509547538
0.2608259147587854	186.6272686538082	4.958188865531045
0.2669370257587855	187.76494935013227	5.277908862245553
0.2733259147587855	189.01883895727792	5.763724230287094
0.2797148037587854	190.29839519241136	6.214953341358464
0.2863814707587855	191.94956737019197	6.578329074219277
0.2930481367587854	193.49492349694017	7.094699057268906
0.2999925817587855	195.1641255476044	7.387200587373891
0.3069370257587853	196.57532209350617	7.90113927639989
0.3141592477587853	198.4045079847526	8.305227114349682
0.3216592477587855	200.30841055052198	8.797204367634876
0.3291592477587854	202.08342865221834	9.175350482596093
0.3369370257587853	204.1653451894436	9.613040535317497
0.3447148037587854	205.9171372463515	10.011683958767433
0.3527703587587853	208.0068479124389	10.493817112059247
0.3611036927587853	209.95980104072254	10.952038963373736
0.3694370257587853	212.07533596654577	11.377115582536065
0.3780481367587853	214.20118480729016	11.881928877151728
0.3869370257587854	216.437967442082	12.212635845598221
0.3961036927587853	218.6179840723763	12.81009253080151
0.4052703597587852	220.7721767009245	13.1972209469636
0.4147148037587853	223.13020678669534	13.74353583425482
0.4244370257587855	225.5088649602966	14.228791527500078
0.4344370257587855	227.94948531030096	14.716687148107821
0.4447148037587854	230.26877926445766	15.298504269224091
0.4549925817587852	232.77128336197518	15.804176530628553
0.4655481367587855	235.13191166269303	16.357078890517553
0.4763814707587855	237.67567116190307	16.833385432044526
0.4874925817587854	240.24785313579625	17.27604948290032
0.4988814707587854	242.80192654992675	17.827895668605684
0.5105481367587854	245.53401367752343	18.368953183833284
0.5224925817587853	248.12422526631053	18.826062574480126
0.5347148037587852	250.7505750297538	19.399302287582277
0.5472148037587854	253.40786653795917	19.854974014334733
0.5599925817587854	255.99555859867814	20.44364450058734
0.5730481367587854	258.76378390093095	20.87761003098065
0.5863814707587853	261.4158789792414	21.264219153769936
0.5999925817587852	264.073170487447	21.735100293018363
0.6138814707587854	266.76400169737144	22.224483811058395
0.6280481367587853	269.40066537573534	22.670039075914904
0.6427703597587855	272.2514806842323	22.981305212530042
0.6577703597587854	274.8803497177542	23.348585978944666
0.6730481367587855	277.53252374093336	23.89159865609481
0.6886036927587855	280.16399098940286	24.1784153016652
0.7047148037587856	282.8754500291686	24.540620331228546
0.7211036927587855	285.51731013742744	24.84835328592495
0.7377703597587855	287.9398219276689	25.028414885942006
0.7549925817587855	290.55325956124454	25.371459359581944
0.7724925817587855	293.27243455897315	25.72157740355014
0.7905481367587852	295.70785873707223	25.925174990047985
0.8088814707587855	298.24390253630895	26.15344438538731
0.8277703587587852	300.6845228863134	26.404477679276095
0.8469370257587854	303.05286714499437	26.717244864906682
0.8666592477587856	305.48057536513056	26.92801515377626
0.8866592477587856	307.9469410300019	26.86159030646338
0.9072148037587855	310.194037579714	27.276280612842193
0.9283259147587855	312.54175400855416	27.428690624830466
0.9499925817587853	314.85073404779035	27.636155310544428
0.9719370257587852	317.02815246313736	28.035716811769543
0.9944370257587856	319.2494250111037	28.129574419955187
1.017492581758785	321.33141997721765	28.182974211112924
1.041103692758785	323.5733990419044	28.33658321909885
1.065270358758786	325.6914532378066	28.603010048279277
1.089992581758785	327.7631345469902	28.892395721359204
1.115270359758785	329.93535679043254	28.949844134715583
1.141103692758785	331.89098656255226	29.061562879349054
1.167492581758786	333.83102730297804	29.613845223444223
1.194437025758785	335.7117827688278	29.642665933669974
1.222214803758785	337.74212947346	29.677432327154204
1.250548136758785	339.7390151632519	30.016211860055066
1.279437025758785	341.4959247051861	30.049734691781214
1.309159247758785	343.2914919498443	30.59650000707224
1.339437025758785	345.2857794246889	30.767718588126506
1.370548136758785	347.0246593517293	30.91341238530911
1.402214803758785	348.69897888741934	31.130018275389883
1.434714803758786	350.5487926085068	31.24724711011241
1.468048136758785	352.22830857409184	31.628868283230744
1.501937025758785	354.0729258652849	31.742350546754125
1.536659247758786	355.7163036562131	31.811485695497204
1.572214803758785	357.24622838301497	32.1335203853285
1.608603692758785	358.91535174680007	32.409771697290644
1.645825914758785	360.5458960947392	32.65174680142847
1.683881470758786	362.11188005132885	32.86233293662527
1.722770358758786	363.58755830170134	33.0035898955416
1.762770359758785	365.16393511808053	33.24372793460804
1.803603692758786	366.6499270253838	33.78264870594949
1.845270358758785	368.09726174594186	33.922759268072
1.888048136758785	369.6555300025583	33.96723049561283
1.931659247758785	371.0460984606288	34.79035200530693
1.976381470758785	372.5243749259484	35.019405335528596
2.022214803758785	373.92006112703507	35.261952983841454
2.068881470758786	375.34416954481486	35.531802720646525
2.116659247758785	376.6805704713254	36.011122013438346
2.165548136758785	377.9731175232059	36.11842202115995
2.215548136758785	379.5287875648747	36.79327077329382
2.266659247758785	380.7696863552735	36.865694629272916
2.319159247758786	382.0751452790323	37.201331950760185
2.372770358758785	383.33415237120346	37.79371357595094
2.427492581758785	384.62921895115215	38.44542667015038
2.483603692758786	385.8494896537201	39.13552212436997
2.541103692758785	387.2323426698073	38.46441734302104
2.599714803758785	388.3701020530104	39.42658796019729
2.659714803758785	389.5594310108164	39.44020277152196
2.721103692758785	390.8596937626698	39.9953200339358
2.783881470758785	392.11870085484173	40.23848885108947
2.848325914758785	393.3389718153991	41.05275391712632
2.914159247758785	394.3322574448449	40.697470481057415
2.981381470758785	395.58347015016426	41.76139485070363
3.050270358758785	396.57927530767864	42.168012091551795
3.120825914758785	397.74545716556463	42.31409998522918
3.193048136758785	398.8341662442434	42.38729991503539
3.266937025758785	400.0286129450647	42.929106326601314
3.342492581758785	400.9419067832148	43.796864920136905
3.419714803758785	402.1518638288512	44.14221145383331
3.498603692758785	403.1451494582974	44.869174058359874
3.579437025758785	404.19260313528343	45.01731396081872
3.662214803758785	405.17549616293	45.83430672201157
3.746937025758785	406.2797158444136	45.61308690546732
3.833603692758785	407.2291475992298	46.65192847276228
3.922214803758786	408.3101412359251	46.232650219128864
4.012770359758786	409.23886647402117	46.93261494606679
4.105548136758785	410.1676706569862	47.722808518925966
4.200270359758786	411.1815056873837	45.56645643217712
4.297214803758786	412.06125956582457	47.93562017071408