0.01666666672099382	1.0705714648258335	0.5745899436403028
0.03333333309274167	1.575087276835938	0.8852698409129142
0.04999999998835847	1.968720492799866	1.0955940256773011
0.0666666665347293	2.2974873900767885	1.216042565378892
0.08333333325572312	2.5940983345003112	1.3843352528553334
0.09999999997671694	2.833050328979818	1.5481171463493613
0.1166666666977108	3.0559243470326263	1.7028352224404733
0.1333333334187046	3.28822338574937	1.8666718907946562
0.1499999997904524	3.514978294663806	1.9803684752071107
0.1666666666860692	3.7361890737759333	2.1144474017723316
0.1833333332324401	3.9474204192438966	2.257519492192476
0.1999999999534339	4.152553221929324	2.4039143287080726
0.2166666666744277	4.348261003950833	2.5464484692261147
0.2333333333954215	4.528445222525852	2.665447489766342
0.2499999999417923	4.708075028120681	2.775476807652726
0.2666666664881632	4.8832695298736155	2.887571255015188
0.28333333338378	5.046266946061501	2.9831505968646628
0.2999999999301508	5.215917318012167	3.0938271078061756
0.3166666666511446	5.384458864002359	3.1827486473735176
0.3333333333721384	5.555772474893686	3.2660066676371637
0.3500000000931323	5.7220963689629505	3.359227921153312
0.3666666666395031	5.888974676012445	3.4437266867326506
0.3833333331858739	6.042547071536395	3.533353365867506
0.4000000000814907	6.193347402159207	3.6278956192208534
0.4166666666278616	6.345256558742453	3.714228906041631
0.4333333333488554	6.4877406946618015	3.786322623804119
0.4500000000698492	6.630779243561372	3.863257832395325
0.466666666441597	6.77381779246095	3.9356718011343004
0.4833333333372138	6.9090945596372935	4.01611312045174
0.4999999998835847	7.045480152774067	4.09257191649588
0.5166666666045785	7.18297457187133	4.230074927814803
0.5333333333255723	7.311043970304663	4.432097608673625
0.5500000000465661	7.442439846619397	4.577409279571696
0.566666666592937	7.566073941210873	4.675962856351003
0.5833333331393078	7.6880447968616865	4.752406378990399
0.6000000000349246	7.816114195295017	4.87258514897458
0.6166666665812954	7.93420416008418	4.956983918866296
0.6333333333022892	8.056175015734974	5.041874535817814
0.6500000000232831	8.1803635233067	5.147997253036697
0.6666666667442769	8.296790249155181	5.222104717181224
0.6833333332906477	8.418206691825732	5.32832885086882
0.6999999998370185	8.528534874891704	5.396868902703711
0.7166666667326353	8.634427754115794	5.467658208743718
0.7333333332790062	8.74752800208288	5.555693998206434
0.7666666667209938	8.95931376053109	5.462246563950324
0.7999999999883585	9.169990693018802	5.526787930936932
0.8333333332557231	9.381776451467013	5.57941907478528
0.8666666666977108	9.655656463701071	5.626784953051434
0.8999999997904524	9.99828368548375	5.704011443266726
0.93333333323244	10.273826936658509	5.771574304155182
0.9666666666744277	10.518877473920572	5.877522858188844
0.9999999999417923	10.761155946281464	5.945060953093473
1.03333333338378	10.9934549849982	6.018955099859094
1.066666666651145	11.21688341603124	6.075780227496779
1.100000000093132	11.438094195143371	6.122420334161958
1.133333333185874	11.647662301670655	6.2136905112075675
1.166666666627862	11.85390393031653	6.2620282985392866
1.200000000069849	12.055710255120575	6.310135535715551
1.233333333337214	12.25086362416184	6.351368711194371
1.266666666604579	12.280247512114085	6.356992162481393
1.300000000046566	12.381705087496329	6.446420387267491
1.333333333139308	12.497577400364579	6.532467629308157
1.366666666581295	12.627310037738612	6.539262161734664
1.400000000023283	12.769794173657964	6.598965687819298
1.433333333290648	12.8962003331506	6.610270754562648
1.466666666732635	13.030368274366483	6.596581669227547
1.516666666720994	13.232174599170532	6.5105741283793925
1.566666666534729	13.43564416291526	6.490479944513434
1.616666666697711	13.642994617521582	6.490941983204535
1.666666666686069	13.847573007226785	6.481862033440175
1.716666666674428	14.05159698395176	6.4695325701229685
1.766666666488163	14.227900311665199	6.500637098161364
1.816666666651145	14.410856595141361	6.490345277654954
1.866666666639503	14.589931987755948	6.466865030911087
1.916666666627862	14.769007380370526	6.445133069114313
1.966666666441597	14.939766578281633	6.428099046760329
2.016666666604579	15.1077537112916	6.413691301177718
2.066666666592937	15.277404083242242	6.393490127720191
2.116666666581295	15.438183847509205	6.536676804232849
2.166666666744277	15.600072437736609	6.601936179078681
2.216666666732635	15.766950744786108	6.643510046522273
2.283333333092742	15.962658526807619	6.675528864893329
2.349999999976717	16.157257482868644	6.693350106158817
2.416666666686069	16.34742113508786	6.712271258857731
2.483333333395422	16.529268592603557	6.745112851037974
2.549999999930151	16.70557192031699	6.779312413430031
2.616666666639503	16.88797379081296	6.79782676626619
2.683333333348855	17.064277118526373	6.802531273806827
2.749999999883585	17.239471620279346	6.80396667415251
2.816666666592937	17.40468668838814	6.798710106163082
2.883333333302289	17.559922322852778	6.785225627772404
2.949999999837019	17.70961382751514	6.791873497672603
3.033333333092742	17.897005414833163	6.784249686569322
3.116666666697711	18.07053667764543	6.768022757149546
3.199999999953434	18.23630615873446	6.7527990329451955
3.28333333338378	18.404293291744434	6.730557088243753
3.366666666639503	18.57172601177417	6.711585143092863
3.450000000069849	18.728070472199267	6.6954870765899015
3.533333333325572	18.886078171565067	6.676735203711527
3.616666666581295	19.03576967622742	6.640457262460896
3.716666666732635	19.20597446115828	6.597075170732339
3.816666666534729	19.375624833108922	6.549636343936604
3.916666666686069	19.544166379099128	6.511260687726582
4.016666666488163	19.708272621247467	6.465039961009671
4.116666666639503	19.860736190810954	6.419229127377219
4.216666666441597	20.03260421468256	6.385659650520151
4.316666666592937	20.199482521732026	6.34626183808007
4.416666666744277	20.354718156196675	6.2911525464850415
4.533333333092742	20.53323913583102	6.24104352091263
4.649999999790452	20.698454203939836	6.170008540809861
4.766666666488163	20.855353077345182	6.37810513392732
4.883333333185874	21.005044582007507	6.625343948685561
4.999999999883585	21.149191956867533	6.7765045704472
5.116666666581295	21.289458440865968	6.893729287342638
5.25	21.439149945528307	7.003521917608739
5.383333333418705	21.590504689131333	7.097696004340757
5.516666666488163	21.72689028226811	7.161934531936788
5.650000000081491	21.864384701365367	7.20863813862659
5.783333333325572	22.006868837284728	7.254795641572547
5.933333333290648	22.15545151598662	7.279149529585264
6.083333333255723	22.286847392301315	7.303054722118236
6.233333333395422	22.418797681596253	7.321401445276711
6.383333333185874	22.547975905990068	7.35451775750557
6.533333333325572	22.661076153957158	7.356883933172279
6.699999999837019	22.786927900469585	7.356144420479561
6.866666666697711	22.905572278238978	7.353730482399254
7.03333333338378	23.017009287265378	7.356836717454702
7.200000000069849	23.134544839074337	7.340282570443922
7.366666666581295	23.241546544258888	7.315798528830598
7.549999999988359	23.35076590136437	7.3166700833480975
7.733333333395422	23.466638214232628	7.293907433207591
7.916666666627862	23.56088842087189	7.25820981218633
8.100000000034925	23.92901863974518	7.229990958646922
8.299999999988358	24.33595776723466	7.210792450045681
8.499999999941792	24.639221667420948	7.192822853611878
8.70000000006985	24.91032961475385	7.169253765438539
8.916666666744277	25.172012541422813	7.111197761032768
9.133333333418705	25.41041012292212	7.090305828468229
9.350000000093132	25.621087055409845	7.089727680679669
9.566666666592937	25.8140227725302	7.087612995358364
9.799999999988358	26.009730554551716	7.072477384855327
10.03333333338378	26.186588295245343	6.982863777305614
10.26666666660458	26.367881339780865	6.953004591120615
10.51666666672099	26.538086124711743	6.949847715439682
10.76666666648816	26.697757063018237	6.942727832484509
11.01666666660458	26.843567676818942	6.948668113909249
11.28333333309274	26.99547683340221	6.929055346312144
11.54999999993015	27.13408007845994	6.921518601968659
11.81666666659294	27.267139193715366	6.894695852046908
12.09999999997672	27.40740567771375	6.870115030691766
12.38333333318587	27.54711774873194	6.830936995247469
12.68333333329065	27.686275406769923	6.785125297299556
12.98333333339542	27.82709630374854	6.746605848741844
13.28333333332557	27.95183922430047	6.697636263401335
13.59999999997672	28.0632762333269	6.660329992261491
13.91666666662786	28.17914854619514	6.3875791873804335
14.25	28.298901749924994	6.098056753221823
14.58333333337214	28.414774062793285	5.896282812484833
14.93333333329065	28.52953754970109	5.72039132335023
15.28333333338378	28.628223060182176	5.631774245749519
15.65000000002328	28.73910565622837	5.489429430114946
16.01666666648816	28.839454405650127	5.382092816899256
16.40000000002328	28.953109066597477	5.261033754331037
16.78333333338378	29.06731814052503	5.132652110497139
17.18333333329065	29.184299279353752	4.986869535093694
17.58333333337214	29.281321550894138	4.911724266301663
18.0	29.370027627731094	4.893343596327757
18.41666666662786	29.475920506955177	4.759994286224831
18.84999999997672	29.5823677991595	4.588247267370837
19.30000000004657	29.70267541586962	4.1390406130445205
19.74999999994179	29.789163840785644	3.950031192585064
20.21666666673264	29.88008756954352	3.3113817472742006