0.008199925951885234	2.151967071884069	20.93729297687354
0.02486692595175555	16.329888423362934	4.621124345873688
0.04153292595128733	16.76541592820643	1.3487744372464245
0.05819992595115764	17.33147115677924	1.893211070681473
0.07486692595102795	17.852711866871676	2.1990347251589553
0.09153292595146922	18.32000111782263	2.4433335213021796
0.1081999259513395	18.74421621994294	2.6576735958984603
0.1248669259512099	19.1344941138936	2.8492869777243492
0.1415329259507416	19.4986664630984	3.0476510094491878
0.1581999259524309	19.8471754854557	3.228198372862422
0.1748669259523012	20.17741062649087	3.367084961123342
0.191532925951833	20.493287717915823	3.4757436956141254
0.2081999259517033	20.797417314205138	3.584970073322092
0.2248669259515737	21.088929230533957	3.6940788662376978
0.2415329259511054	21.34954958558018	3.83252292742086
0.2581999259509757	21.593636428954	3.946370794700212
0.2748669259508461	21.83119688614138	4.059875714535053
0.2915329259521968	22.070062620566027	4.158299484333178
0.3081999259520671	22.30066159915449	4.246154763403429
0.3248669259519375	22.532130762567835	4.381309359179238
0.3415329259523787	22.754462985320103	4.481849110866693
0.358199925952249	22.972879376360495	4.606201194950957
0.3748669259521194	23.18737993568902	4.72460429092696
0.3915329259516511	23.39448392400621	4.825071893070817
0.4081999259515214	23.5989773578488	4.911832611219475
0.4248669259513918	23.79737949791737	5.010626196056023
0.4415329259509235	23.99578163798595	5.081116969676719
0.4581999259507938	24.185481929805885	5.15815182474357
0.4748669259515737	24.367785650614504	5.222145923050192
0.4915329259511054	24.553135018310147	5.284360658887339
0.5081999259509757	24.733263277056597	5.347615192963222
0.524866925950846	24.906430057204176	5.399801386061823
0.5415329259521968	25.08307757665119	5.4586851243162835
0.5581999259520671	25.246672323725285	5.512051751662182
0.5748669259519374	25.41461799492367	5.560020277949113
0.5915329259514692	25.57473200269829	5.601363927085762
0.6081999259513395	25.73049508634862	5.641488591777366
0.6248669259512099	25.88712835482379	5.692099040489452
0.6415329259507416	26.032014128163357	5.742962726119538
0.6581999259524309	26.179945548389902	5.780135824717697
0.6748669259523012	26.324396229317028	5.811625127816259
0.691532925951833	26.467976725419287	5.855518900166244
0.7081999259517033	26.605901020159926	5.8943502255526035
0.7248669259524831	26.743825314900583	5.93569762569397
0.7581999259518852	27.01314751819542	6.009665020234807
0.7915329259512873	27.26941694911731	6.089971412391577
0.824866925951028	27.51959508626517	6.172659043424627
0.8581999259513395	27.765857391701154	6.253942101819673
0.8915329259507416	28.003852941300966	6.341096155032726
0.9248669259523012	28.23184136541485	6.424874138924255
0.9581999259517033	28.461570159178446	6.509971863507476
0.9915329259511054	28.683902381930732	6.596859849616278
1.024866925950846	28.902318772971118	6.680441264691603
1.058199925952067	29.113338593000186	6.778058877193692
1.091532925952379	29.327839152328696	6.88415860619173
1.124866925952119	29.537118602708055	7.003151861757164
1.158199925951521	29.742482221375514	7.110555101880135
1.191532925950924	29.939579084206795	7.2132488702374715
1.224866925951574	30.13667594703808	7.3211657126194165
1.258199925950976	30.329856978157462	7.419820262230443
1.291532925952197	30.51912217756497	7.527655431801491
1.324866925951937	30.710127746622216	7.614268048820922
1.35819992595134	30.897217483967584	7.703045324267379
1.391532925950742	31.083437036488064	7.780969058178488
1.424866925952301	31.26487057247183	7.872893837301757
1.458199925951703	31.44499883121828	7.956982949836108
1.508199925951885	31.721282513112023	8.081540602031888
1.558199925951158	32.002787303954925	8.207476341513871
1.60819992595134	32.27602533896164	8.358871660918544
1.658199925952431	32.54230189536945	8.504877028618317
1.708199925951703	32.79552567940433	8.632401361688109
1.758199925950976	33.04831437102677	8.759840225006606
1.808199925952067	33.294576676462775	8.87745799545535
1.858199925952249	33.53648805777445	8.974049942405394
1.908199925951521	33.76882740601264	9.076520913548974
1.958199925950794	34.000731661838415	9.171648026694232
2.008199925950976	34.22828499353985	9.256656433467004
2.058199925952067	34.45496814041643	9.320841764746817
2.10819992595134	34.681651287293036	9.371432409036142
2.158199925952431	34.901808047983145	9.45662812679016
2.208199925951703	35.137628135520785	9.510293324268586
2.274866925951756	35.439147177335514	9.602512061329689
2.341532925951469	35.72543798471515	9.688050214610495
2.408199925952431	36.007377867970504	9.762176901439465
2.474866925951574	36.28496682710152	9.833057117992553
2.541532925952197	36.5451520897353	9.897861939477618
2.608199925952249	36.80794790684367	9.960855613388071
2.674866925951392	37.06117169087853	10.015561086368923
2.741532925951105	37.306563811489674	10.037730790608194
2.808199925952067	37.54368917626461	10.08808124815488
2.87486692595121	37.780379448627095	10.106770914699291
2.941532925951833	38.02359610717607	10.128504086433626
3.024866925951756	38.313367653855174	10.126251177512557
3.10819992595134	38.60444447777155	10.131403224063929
3.191532925951833	38.87985797484041	10.175023407826297
3.274866925950846	39.14918017813525	10.1981466497281
3.358199925952249	39.41154090283119	10.202428562370187
3.441532925950924	39.66650505651579	10.223627787475703
3.524866925950846	39.91276736195178	10.237023550702329
3.60819992595134	40.15424365085103	10.248176256302912
3.691532925951833	40.3848426294395	10.240194142505063
3.791532925951287	40.65459992514674	10.236534174163165
3.891532925950742	40.91609046501781	10.227440140757468
3.991532925951105	41.17192480352729	10.191686238513949
4.091532925952379	41.42471349514975	10.156844276569094
4.191532925950924	41.67445653988519	10.101884547188694
4.291532925952197	41.92985578598221	10.050162077170649
4.391532925950742	42.17350753694362	9.996519164516618
4.508199925951885	42.452401773311934	9.91769210520474
4.62486692595121	42.71563268283274	9.830686009057237
4.741532925951105	42.97233720616705	9.725831142819054
4.858199925952249	43.22860663708895	9.615482876223446
4.974866925951574	43.46964783357577	9.476554673875834
5.091532925951469	43.6985064425145	9.280665495775693
5.224866925952483	43.954340781023994	9.091273393824771
5.35819992595134	44.20495401058429	8.880401607919639
5.491532925951105	44.44468992983381	8.6417311749106
5.624866925952119	44.67267835394767	8.376887285193426
5.758199925950976	44.89152983740049	8.105118793216766
5.891532925950742	45.09732854848043	7.813684469234287
6.041532925951287	45.32444678776944	7.490392011895425
6.191532925951833	45.53329114573633	7.208234874940439
6.341532925952379	45.73125819339248	6.929546231203783
6.491532925951105	45.91182154455136	6.625283555874045
6.641532925950742	46.067149535789255	6.319619340635544
6.808199925951158	46.22726354356389	5.974211151555918
6.974866925951574	46.3704089472537	5.6405009024616675
7.141532925951651	46.496150654446275	5.344955068840319
7.308199925952067	46.60361848031676	5.053036105487821
7.491532925952015	46.70412482758835	4.73296044812179
7.674866925952301	46.78461692388809	4.429899186592702
7.858199925952249	46.85727735676406	4.142088115963255
8.041532925952197	46.922541218628716	3.8728686046135166
8.241532925952015	46.987369988080985	3.5678176211692034
8.441532925951833	47.06742699196826	3.286830989201872
8.641532925951651	47.13573650071994	3.0277817193616023
8.84153292595147	47.18272648126252	2.795696719024632
9.058199925951158	47.23145683145481	2.5644200390640903
9.274866925950846	47.26669931686174	2.335682294276451
9.491532925951105	47.29672069331948	2.132432529557058
9.724866925952483	47.341970304212296	1.9555721538829014
9.958199925951703	47.38678482269269	1.813896587207199
10.19153292595092	47.42811860187364	1.6986578027489836
10.44153292595183	47.467712011404885	1.600256279110891
10.69153292595183	47.50730542093608	1.5220115636367681
10.94153292595092	47.545158460817625	1.4541489668959464
11.2081999259517	47.576050022100226	1.408804609786551
11.47486692595157	47.604766121320665	1.279378787400831
11.74153292595111	47.636962959840545	1.1824121521404323
12.02486692595176	47.669594890772885	1.1385932808127972
12.30819992595207	47.68656349485771	1.0799130682913083
12.60819992595134	47.69787589758093	1.052521748177317
12.90819992595243	47.709623392716566	1.0420412594265505
13.20819992595079	47.726591996801375	1.0183837207453144
13.52486692595176	47.747476432598035	0.9872004017512849
13.84153292595238	47.77097142286934	0.9441885584190173
14.1748669259523	47.7901154890163	0.8977110109509093
14.50819992595098	47.814045571699985	0.8605755764971562
14.85819992595134	47.837540561971274	0.8438217066263283
15.2081999259517	47.87278304737818	0.8297973405111128
15.57486692595194	47.8710426777285	0.8099029518037683
15.94153292595183	47.87800415632736	0.7906983860182117
16.32486692595194	47.899758776948914	0.7761957567098824
16.7081999259517	47.91020099484729	0.7605748350521476
17.10819992595134	47.92934506099426	0.7760051876448997
17.50819992595098	47.95371023609039	0.7913977432642262
17.9248669259523	47.98286142772327	0.7989089025344681
18.34153292595238	48.008096787644256	0.7788985684027113
18.77486692595176	48.02288992966692	0.750423739430548
19.20819992595079	48.032461962740385	0.7414548459520747
19.65819992595243	48.04856038200033	0.7129914110847936
20.12486692595121	48.076841388808376	0.704433818736153
20.59153292595238	48.09816091701751	0.6888476308274735
21.07486692595103	48.114694428689845	0.7537311141420973
21.57486692595194	48.135578864486554	0.7615062177793046
22.07486692595194	48.15863876234541	0.7473696015006048
22.59153292595147	48.166035333356746	0.7703559697465456
23.12486692595121	48.18691976915344	0.7973608926425658
23.65819992595152	48.208239297362574	0.8186182687888874
24.2081999259517	48.23042901039653	0.7732124198743544
24.77486692595176	48.238695766232716	0.7509882881941716
25.35819992595134	48.24478706000675	0.754634147270672
25.95819992595079	48.25827492479213	0.7806376526130707
26.55819992595207	48.264366218566174	0.7812530152924082
27.1748669259523	48.282205007475845	0.7613812949109707
27.80819992595116	48.307875459809274	0.7520383616694872
28.4581999259517	48.34703377692807	0.7500839804725493
29.12486692595121	48.35921636447611	0.7509449461850821
29.80819992595207	48.37183404443665	0.7465823062093379
30.50819992595098	48.39750449677008	0.7694900641523287
31.22486692595157	48.434052259414266	0.7765333301153596
31.95819992595079	48.47277548412062	0.7838298852380173
32.70819992595079	48.473210576533056	0.7671427079184054
33.47486692595157	48.485393164081124	0.7661266215747915
34.25819992595098	48.503231952990795	0.7611470968654612
35.05819992595207	48.530207682561546	0.7592836831111573
35.87486692595121	48.54761137905879	0.7704788546339921
36.7081999259517	48.563709798318754	0.7710920425121155
37.55819992595116	48.57937312516626	0.7581351526382779
38.4248669259523	48.59416626718893	0.7056991239220889
39.32486692595194	48.61635598022291	0.6802626079149473
40.24153292595111	48.63767550843204	0.6717731022305412
41.1748669259523	48.65986522146602	0.6540089524154324
42.12486692595121	48.68510058138699	0.616527282696407
43.10819992595225	48.71164121854532	0.5894611970457201
44.10819992595134	48.7242588985058	0.6231942601613322
45.14153292595074	48.732525654341984	0.6390351323474237
46.19153292595092	48.73557130122899	0.6546123127820076
47.25819992595189	48.7477538887771	0.6377812082845883
48.35819992595225	48.76646286251159	0.6499093556037547
49.47486692595248	48.783866559008835	0.6250145980081004
50.62486692595212	48.7899578527829	0.6276469960209211
51.80819992595116	48.789087667958036	0.5921019416377282
53.00819992595098	48.79822460861911	0.5795445964661908
54.24153292595111	48.81345284305416	0.5811989557745235
55.50819992595189	48.82694070783955	0.5646171972084376
56.7915329259522	48.848695328461105	0.5347684438833711
58.10819992595225	48.87088504149505	0.5248082740799895
59.4581999259517	48.89263966211664	0.5216816467868126
60.84153292595147	48.918745206862475	0.5463874545418282
62.25819992595189	48.934843626122465	0.5596452604671635
63.7081999259517	48.95920880121859	0.5622623753146898
65.19153292595183	48.96007898604346	0.5647110386018694
66.7081999259517	48.9779177749531	0.6062607272581907
68.25819992595189	48.97965814460283	0.6623817707910331
69.84153292595147	48.994451286625505	0.6604519366562043
71.4581999259517	49.01881646172162	0.6662756364624407
73.10819992595225	49.034914880981574	0.6822270126127661
74.80819992595207	49.04361672923022	0.6637815069811877
76.54153292595129	49.05014311541667	0.6088241303256496
78.30819992595207	49.05623440919072	0.5337695686743424
80.12486692595121	49.07450829051281	0.5178121274731651
81.97486692595157	49.09582781872192	0.5236080574512011
83.87486692595121	49.11671225451862	0.5016011095245343
85.82486692595194	49.13759669031535	0.5194479837209144
87.80819992595116	49.170663713660076	0.5191948531880782
89.84153292595147	49.206776383891864	0.5370570255057813
91.92486692595139	49.215478232140455	0.5314318406724609
94.05819992595207	49.23505739069987	0.5254862075227973
96.2415329259511	49.259857658208425	0.5022033172524163
98.47486692595157	49.27160515334407	0.4898609899437803
100.758199925951	49.259857658208425	0.509749893234645
103.0915329259524	49.23418720587504	0.5837956990882953
105.4748669259516	49.25115580995985	0.5828135720676008
107.9081999259524	49.27160515334407	0.5648989370015318
110.4081999259524	49.28248246365486	0.5842104850721251
112.9581999259508	49.30249671462671	0.5566908894909027
115.574866925951	49.319030226299084	0.5554147084897749
118.2415329259511	49.330777721434735	0.7261715862711052