0.01000000000021828	0.09563795125238447	0.07002680934737068
0.02000000000043656	0.1615090348460062	0.12003805675522315
0.03000000000065484	0.21611059778270905	0.1531411527323405
0.04000000000087312	0.26393704783397387	0.181483366540073
0.05000000000109139	0.30706977396784263	0.20651387625763568
0.06000000000130967	0.34668937150201545	0.2291128266691934
0.07000000000152795	0.3835444845229187	0.24985978320563987
0.08000000000174623	0.4181531801006709	0.2691249826856283
0.09000000000196451	0.45088280576134354	0.2871911324980237
0.1009816608893743	0.4849923096568296	0.30588237760232934
0.1133032870638999	0.5213119808374912	0.325634556989132
0.1271283790192683	0.5599690407685053	0.3465032616885938
0.1426403873247182	0.6010932527489954	0.36855444352190836
0.1600451469075779	0.6448270045452952	0.3918554778347216
0.1795736083513475	0.6913155500572573	0.4164812447685583
0.2014849024762953	0.7407184912319531	0.4425081967328723
0.2260697788424295	0.7931986533321151	0.47002115368172454
0.2536544638205669	0.8489351301264072	0.49910655593583886
0.2846049894233147	0.9081106050755089	0.5298599949935747
0.3193320503196446	0.9709261286153955	0.5623787742811103
0.3582964535089559	1.0375867257209246	0.5967699977133338
0.4020152329485427	1.1083180330183136	0.6331426590253639
0.4510685102795833	1.1833500839546254	0.6716161103418052
0.5061071926884324	1.262935892274867	0.7123123101780429
0.5678616100522049	1.3473334510654855	0.7553649729400075
0.6371512059686211	1.4368264181015353	0.8009117133000426
0.7148954112781212	1.5317043045571292	0.8491055776712209
0.8021258443495753	1.6322858089094183	0.900104081281426
0.900000000032378	1.738896479623944	0.9540855867255352
1.009816608908295	1.8518958111285344	1.0112301007053637
1.13303287065537	1.9716504834817672	1.0717400937709722
1.271283790205416	2.098566239754428	1.1358115671796623
1.426403873265372	2.2330544638567362	1.203651907713472
1.60045146909215	2.375568153686236	1.2754513839519248
1.795736083535303	2.52656193832072	1.3513824935955365
2.014849024782961	2.6865278855565666	1.4315920516442393
2.260697788438847	2.85595370143851	1.5161672155293597
2.536544638227497	3.0353507060853033	1.6051719995788096
2.846049894251337	3.2252204424948077	1.6985806535786443
3.193320503214636	3.426067317392372	1.796353383650001
3.582964535107749	3.638382641208791	1.8983466196968604
4.020152329499979	3.862636633573403	2.0044269452446573
4.510685102803109	4.09928867979872	2.114406453874592
5.061071926889781	4.348764490214136	2.228094692556585
5.67861610052023	4.6114783115482645	2.3452164386084116
6.371512059680754	4.8877912245960164	2.4655898631083764
7.148954112768479	5.1780743126660935	2.58921621496413
8.02125844348484	5.4826876044671495	2.716009851274895
9.000000000314685	5.801981196999996	2.845745049101923
10.09816608907022	6.136262036536168	2.9783637340079587
11.33032870654279	6.485865728576507	3.1141200902545623
12.71283790204871	6.85115652566218	3.2531934987426845
14.26403873264826	7.232510209530647	3.395729280164745
16.00451469090876	7.630323418179437	3.5420109362900516
17.95736083534575	8.045036013334396	3.692900292398613
20.14849024781688	8.477241224614492	3.8487420113301063
22.60697788437392	8.927456689031876	4.008450354469153
25.36544638226405	9.396025177953439	4.172357713532671
28.46049894250791	9.883538556571036	4.3441257227230246
31.93320503213545	10.391175820502692	4.5249174512836445
35.82964535106476	10.91979138690743	4.711218225936808
40.20152329498887	11.469754196792197	4.902714974182127
45.10685102802745	12.041840571809127	5.104318942157943
50.61071926889599	12.637535077429547	5.3179129070978695
56.78616100519685	13.258033697317623	5.541553698614729
63.71512059679299	13.904362226400846	5.775074545514243
71.48954112767751	14.577661151038841	6.01998066565465
80.21258443483384	15.279278948239439	6.276835199314375
90.00000000313776	16.010458770269203	6.54521821543785
100.9816608906967	16.772421752434955	6.824698462541946
113.3032870654242	17.56627538716194	7.114197432697434
127.1283790204798	18.39295105340987	7.41258781477068
142.6403873264735	19.253248250042528	7.718038182838827
160.045146909084	20.14762268129988	8.028728884642849
179.5736083534612	21.076392433679313	8.342270418377115
201.4849024781761	22.039394482031806	8.656351680565486
226.0697788437446	23.036336359062087	8.968194174098528
253.6544638226442	24.066330797718372	9.275376447747147
284.6049894250773	25.128431050473324	9.576480737004726