0.5000003300574463	15.043650611308538	0.14615017385099305
1.000000330057446	15.178023632862022	0.23981710428769012
1.500000330057446	15.287240997949441	0.24530758139191355
2.000000330057446	15.354024222960316	0.3661040308728376
2.500000330057446	15.460870562989365	0.2336652457917906
4.000000330057446	15.469512178841152	0.227600174120602
4.500000330057446	15.495436681080783	0.40115918321590643
5.000000330057446	15.561424125680604	0.33656062234322287
5.500000330057446	15.598344262024096	0.26885178696901985
6.000000330057446	15.614840173555447	0.09850259478162962
8.500000330057446	15.60934153637833	0.01880629397894925
9.000000330057446	15.575563860735764	0.26950835605585866
9.500000330057446	15.59441663937501	0.3176436281004695
10.00000033005745	15.612483651763357	0.4453354535998964
10.50000033005745	15.661970177751833	0.5158850247797605
11.00000033005745	15.698887637897345	0.41922671154311814
11.50000033005745	15.733447626632163	0.5242814781061783
12.00000033005745	15.733447626632163	0.2573979365715295
12.50000033005745	15.738945745835498	0.05656006899127239
13.00000033005745	15.721665880961506	0.0018623660926177829
20.1194443300592	15.639190898740067	0.013469860824564377
61.03333333005867	8.8693792900919	13.913526655830108
62.53333333005867	9.262455792436045	9.685052650056972
64.03333333005867	9.261666659355466	14.259802093573636