0.0275626043619468	0.07139660319435648	0.1548450620787601
0.1108959376176699	0.28694634807636854	0.4043627627517031
0.194229271222639	0.5698128902559152	0.6055141800464111
0.2775626044783621	0.8088215190446466	0.623425265370525
0.3608959379087082	0.9635141592990843	0.6177553506692726
0.4442292711644313	1.0964478347704834	0.6536548390597854
0.5275626045947774	1.210682399881453	0.7053869025282541
0.6108959378505006	1.3191372399719303	0.83932949036724
0.6942292711062237	1.4374516109797222	0.7740179638004254
0.7775626043619468	1.5098681656482837	0.9541122265642559
0.8608959376176699	1.6356621808002443	1.1664772090177693
0.944229271222639	1.7393572473444288	1.1716097152322213
1.027562604478362	1.8202733976313683	1.2107494188649972
1.110895937908708	1.9280482700723742	1.3323981776883798
1.194229271164431	2.023243740998184	1.522519582298127
1.360895937850501	2.241173372653341	1.6147081618853243
1.527562604361947	2.4217047835876437	1.1040678314664185
1.694229271222639	2.493101386781999	1.0258198232993134
1.860895937908708	2.6209353048823716	1.3416909572707745
2.027562604594777	2.7810676863325705	1.771062566831121
2.194229271106224	2.8868026558251687	2.1597753276812823
2.36089593761767	3.0710738888315587	2.5505485602153843
2.527562604478362	3.2570450409616187	3.0118950077033655
2.694229271164431	3.4800744299877997	3.217653364558142
2.860895937850501	3.670805355664154	3.522079066203875
3.027562604361947	3.865616087237327	3.505840701701876
3.194229271222639	4.074366155624641	3.57087194137093
3.360895937908708	4.24809789006424	3.6344268623275156
3.527562604594777	4.410950142112321	3.587611973411083
3.694229271106224	4.571762491211992	3.5385338638610158
4.194229271164431	5.030400670779551	3.688918597034007
4.694229271222639	5.449600726677846	3.5377252761308116
5.194229271106224	5.787204664639738	3.797821182554782
5.694229271164431	6.201644946991745	4.1931120275498515
6.194229271222639	6.586166652767064	4.4425516481163845
6.694229271106224	6.912211140687959	4.453485913226986
7.194229271164431	7.230096016815216	4.622231493967645
7.694229271222639	7.530641717880982	4.946884375713662
8.194229271106224	7.858386124925556	5.124703748255569
8.694229271164431	8.178990871650695	5.403293877101403
9.694229271106224	8.765462969318627	5.645175041346521
10.69422927122264	9.38593344946006	5.314205819140742
11.69422927116443	9.875170173253775	5.355712419310007
12.69422927110622	10.20359454794782	5.550061321864662
13.69422927122264	10.62551447444399	5.757554094197847
14.69422927116443	11.090612346681523	6.1967519527726385
15.69422927110622	11.505052629033521	6.557945948017716
16.69422927122264	11.871215208273155	6.7104425587179986
17.69422927116443	12.27613594353258	7.2105592589476375
18.69422927110622	12.662357568431572	7.369773596414559
19.69422927122264	13.093117074370864	7.551341387836146
20.69422927116443	13.439560591775859	7.390130912720319
21.69422927110622	13.778524465036696	7.439994520250502
22.69422927122264	14.093349486741326	7.167380042561613
23.69422927116443	14.391515301033955	7.150834928700184
26.69422927116443	15.213256205418531	7.242046325704277
29.69422927116443	15.973460037526051	7.482246638552194
32.69422927116443	16.663287217913453	7.476769393958926
35.69422927116443	17.333395336466193	5.563437654550548
38.69422927116443	17.88314918106275	4.865523640907897
41.69422927116443	17.897768485526356	5.184243844689521
44.69422927116443	18.239452229385066	4.271628265132483
47.69422927116443	18.712709713416224	6.677148168830142
57.86089593761767	20.006008182708285	6.178901829400185
61.19422927116443	20.242296940899138	5.628449652301826
80.0942292711295	21.40572158914242	4.097579146234446
94.51089593781558	21.968734802903633	4.144894560631901
104.4108959377807	22.36549592636943	3.255759509939888
108.1775626045017	22.507949148933413	3.880594931002637
118.6108959376177	22.69290034958927	3.5181110193493668
128.9275626045599	22.991406147706613	3.813628501762052
141.2608959377574	23.352808953399958	4.417152487365302
155.3108959378039	23.712851823794377	4.804596253125478