0.01319477228571486	0.5040412328612488	0.7654320405995861
0.02986177228558518	1.129229218182118	2.566989188223894
0.04652777228693594	2.7014841515633603	3.125665404642986
0.06319477228680626	3.569849924668165	3.1173807508019395
0.07986177228667657	4.325027491095408	3.6758189253416806
0.09652777228620835	5.055445137311846	4.188055525925404
0.1131947722860787	5.7584500147235875	4.724497124765737
0.129861772285949	6.435810689059959	5.216703662694619
0.1465277722854808	7.083990028862244	5.6776648955152424
0.1631947722853511	7.7233265400177755	6.113028106344623
0.1798617722852214	8.326407453721957	6.5119468692554845
0.1965277722847532	8.91091842726807	6.933140827202167
0.2131947722846235	9.4892394207615	7.311601015620512
0.2298617722844938	10.056064737014268	7.657610332224168
0.2465277722840256	10.596361567326941	8.02484488324292
0.2631947722838959	11.129584134722268	8.371076014335383
0.2798617722837662	11.652195307741554	8.715654807363533
0.2965277722869359	12.163310803520135	9.023978190025225
0.3131947722868063	12.662930622058044	9.321199924769902
0.3298617722866766	13.150170480490575	9.652683537816268
0.3465277722862084	13.633873207464468	9.948410144669076
0.3631947722860787	14.101658842874263	10.22070373613624
0.379861772285949	14.570328761148758	10.51438648567414
0.3965277722854808	15.015123042077201	10.7985932658532
0.4131947722853511	15.466107303058317	11.057499667025525
0.4298617722852214	15.90648016966342	11.31245203304472
0.4465277722865721	16.351274450591838	11.561763736516061
0.4631947722864425	16.7730773770389	11.818554664361871
0.4798617722863128	17.194880303485938	12.045200861742375
0.4965277722858446	17.601650421233572	12.296069642568257
0.5131947722857149	18.021684781951315	12.517641707983518
0.5298617722855852	18.421380636781635	12.73463273269839
0.5465277722869359	18.821960774476665	12.970428354107298
0.5631947722868063	19.21281380066026	13.174901313489464
0.5798617722866766	19.600129695385267	13.388187288459553
0.5965277722862083	19.979487044328174	13.589780134817563
0.6131947722860787	20.351770130353756	13.769512532859567
0.629861772285949	20.728474630702653	13.974784086810667
0.6465277722854808	21.090146322352293	14.166798612008881
0.6631947722853511	21.452702296866484	14.350041747893787
0.6798617722852214	21.818795402839367	14.54173813807619
0.6965277722865721	22.1742771144363	14.70293170192971
0.7131947722864425	22.524453128845124	14.875934539397376
0.7298617722863128	22.86313346601332	15.05639321855808
0.7631947722857149	23.543146988943676	15.373103177994734
0.7965277722869359	24.209896268903968	15.707657175314884
0.8298617722866766	24.858075608706244	16.018671965350162
0.8631947722860787	25.496527836997185	16.2952341383256
0.8965277722854808	26.11994725658873	16.584089365149413
0.9298617722852214	26.73010243321025	16.84271487018689
0.9631947722846235	27.32964621545571	17.103575207878862
0.9965277722840256	27.91946288618982	17.369592069618797
1.029861772283766	28.494246748224615	17.614541255480802
1.063194772286806	29.055766367289337	17.85216670544249
1.096527772286208	29.622591683542066	18.087788037954144
1.129861772285949	30.16554136244875	18.315618629318543
1.163194772285351	30.696111081250077	18.534723297283254
1.196527772286572	31.223143668592737	18.738800694691637
1.229861772286313	31.73956486155928	18.94479393080488
1.263194772285715	32.24891179160858	19.138062855374994
1.296527772286936	32.74853161014648	19.33994257907689
1.329861772286677	33.24549858009037	19.506104935155314
1.363194772286079	33.73185415565827	19.6866935880666
1.396527772285481	34.21113546830874	19.87716639710902
1.429861772285221	34.680689669447936	20.03234448845804
1.463194772286443	35.147591021993094	20.21222526947558
1.513194772285715	35.838215939299474	20.421176705956672
1.563194772286806	36.50938663358312	20.663171540587523
1.613194772286079	37.16906165062611	20.895348510425226
1.663194772285351	37.811051010375685	21.11949303179345
1.713194772284624	38.43889184429058	21.33741107749163
1.763194772283896	39.063195546746776	21.534178462079268
1.813194772286806	39.65920219753362	21.72828339883379
1.863194772286079	40.256977414049715	21.905036863670706
1.913194772285351	40.84944693337789	22.084217325889526
1.963194772286443	41.41361940103662	22.268139361435228
2.013194772285715	41.98221328301869	22.44309247401719
2.063194772286806	42.52693152765468	22.592856720897455
2.113194772286079	43.075186903749376	22.762755590099463
2.163194772285351	43.61902086552071	22.90655641378343
2.213194772286443	44.13897918994607	23.040694852767043
2.279861772285585	44.82960410725245	23.191056985757562
2.346527772286208	45.511386195912095	23.395121102103516
2.413194772285351	46.168408364361035	23.55499027928117
2.479861772284494	46.82100911848666	23.747583478997534
2.546527772286936	47.45061851813094	23.904088645491445
2.613194772286079	48.074037937722444	24.031165023345718
2.679861772285221	48.689498811531976	24.216776327154964
2.746527772285845	49.29611685669484	24.352054474819067
2.813194772286806	49.882396395970304	24.507124011690212
2.879861772285949	50.46956021811038	24.636992975635824
2.946527772286572	51.0337326857691	24.76011450534424
3.029861772285585	51.725241885940186	24.91519134636013
3.113194772286079	52.38137977152445	25.041980388129076
3.196527772284753	53.060509011590156	25.14357371305689
3.279861772283766	53.7113411999864	25.308154515569402
3.363194772286079	54.357751974059326	25.453679776515283
3.446527772286572	54.98559280797427	25.569293290442506
3.529861772285585	55.59309513600173	25.71712053410012
3.613194772286079	56.19529176684125	25.841233094248395
3.696527772286572	56.80633122632742	25.971986662845104
3.796527772286936	57.504030406551145	26.133915563946594
3.896527772285481	58.18934962666952	26.299700246328783
3.996527772284026	58.863173169547174	26.478766777856677
4.096527772286208	59.51312107507878	26.64921165873711
4.196527772286572	60.14980473764036	26.786279032960813
4.296527772286936	60.77587700582592	26.949459998871536
4.396527772285481	61.37365222234205	27.110462321522
4.513194772285715	62.09434275704718	27.294466100253697
4.629861772285949	62.80000048305293	27.419102777424325
4.746527772284026	63.464096914419244	27.56212601085999
4.863194772286079	64.14676328594359	27.641065729120623
4.979861772286313	64.80201688866326	27.82337244900686
5.096527772286208	65.45550192565351	27.98148782217062
5.229861772286313	66.193878117652	27.776539561898574
5.363194772286079	66.92871717819186	27.31313844344861
5.496527772284026	67.64587058143826	26.93860978804967
5.629861772285949	68.34710689312067	26.709581540025138
5.763194772285715	69.01474045594566	26.552764944128743
5.896527772285481	69.6691097758006	26.376566648611192
6.046527772286936	70.4295930394158	26.250588914195998
6.196527772284753	71.16177925136165	26.107447896085745
6.346527772286208	71.85328845153268	25.966566058813907
6.496527772285845	72.53860767165105	25.971877931540742
6.646527772285481	73.16644850556597	25.860335959650346
6.813194772286806	73.92781605204584	25.689567633870503
6.979861772284494	74.68122505274373	25.53182946900636
7.146527772285481	75.16669634544687	25.445549857189324
7.313194772286806	75.48857530818634	25.3669207380412
7.496527772285845	75.92098962900943	25.3001913093302
7.679861772285221	76.41884088181803	25.206223011640986
7.863194772286079	76.9467577520253	25.104688201364027
8.046527772286936	77.4516832677512	24.98566202201279
8.246527772285845	78.02823569551535	24.781481156503247
8.446527772284753	78.60213527468542	24.601153654664614
8.64652777228548	79.16365489375013	24.462153634935206
8.846527772286208	79.77734720183034	24.304125622612275
9.063194772286806	80.37512241834648	24.226229038928796
9.279861772283766	80.93929488600521	23.968903222780526
9.496527772285845	81.51231018231063	23.70868382119366
9.729861772286313	82.13572960190214	23.844200185366812
9.963194772284623	82.76887613300508	24.07804505444508
10.19652777228657	83.415286907078	24.076227273334013
10.44652777228657	84.06523481260963	23.796969938363272
10.69652777228475	84.67715855496046	23.349447881980982
10.94652777228657	85.26432237710057	22.83229109459272
11.21319477228644	85.87270898799274	22.192496637062433
11.47986177228449	86.46959992164422	21.495496262470162
11.74652777228585	87.05322661232569	20.796243250360153
12.02986177228559	87.65807609175921	19.94010015863051
12.31319477228681	88.24612419676399	19.19535783602881
12.61319477228608	88.83682515036276	18.410284355413665
12.91319477228535	89.42045184104423	17.632496729198536
13.21319477228644	89.97224434859761	16.85032414088507
13.52986177228559	90.45948420703016	15.939535203051692
13.84652777228621	90.85829577899574	15.02213013127922
14.17986177228522	91.17929045887055	14.097603079714185
14.5131947722839	91.42777394384251	13.252582279890866
14.86319477228608	91.63292756844572	12.371835479946663
15.21319477228462	91.79032991835678	11.553365347661055
15.57986177228668	91.92827804524508	10.677411488906243
15.94652777228475	92.0503090805694	9.81926069364388
16.32986177228668	92.16526585297633	8.926503813224667
16.71319477228462	92.27491692819532	8.087382642203975
17.11319477228608	92.36776662898552	7.283092883207553
17.5131947722839	92.47564913847515	6.496324857392425
17.92986177228522	92.57380453645337	5.71666222736996
18.34652777228621	92.64543144849156	5.064028454388509
18.77986177228559	92.72501690631177	4.52156251305944
19.21319477228644	92.79399096975588	4.11605633319957
19.66319477228535	92.87269214471145	3.8306409886715977
20.12986177228595	92.93989764242629	3.579770732813893
20.59652777228621	93.02213594884046	3.421870069129412
21.07986177228668	93.08845716369062	3.3094056450440705
21.57986177228668	93.14770411562348	3.230814333213731
22.07986177228668	93.19987680463893	3.1546692511120646
22.59652777228621	93.26619801948911	3.058710870233186
23.12986177228595	93.35108917449728	2.99826888988796
23.67986177228522	93.44128602669353	2.9186628386886038
24.22986177228449	93.51645007019034	2.8564807125845624
24.79652777228694	93.59161411368723	2.812998642828956
25.37986177228595	93.65616676280808	2.782731119151215
25.97986177228631	93.72071941192884	2.763997831025843
26.57986177228668	93.7923463239671	2.726702224002025
27.19652777228475	93.84009759865918	2.729565174316264
27.82986177228668	93.89934455059196	2.686807649853448
28.47986177228631	93.96566576544213	2.655923369073489
29.14652777228548	94.03994552607429	2.6093884894690365
29.82986177228668	94.10626674092454	2.590332473155906
30.52986177228559	94.15755514707526	2.5381879961022147
31.24652777228585	94.21238068468476	2.4515579265212413
31.97986177228631	94.27251191948223	2.3420455080607536
32.72986177228631	94.33175887141508	2.2488406225080544
33.49652777228585	94.37774158037786	2.2406582183440586
34.27986177228559	94.43875709804	2.217786837242281
35.07986177228668	94.49800404997279	2.231868093950805
35.89652777228548	94.55371387044697	2.28762749482162
36.72986177228631	94.6218036510265	2.374507171281213
37.57986177228668	94.67839775436525	2.429794923300769
38.44652777228475	94.72526474619269	2.4732367816445797
39.34652777228621	94.75533036359148	2.504760416027188
40.26319477228572	94.79689165823085	2.5387547454246517
41.19652777228657	94.83137868995298	2.5548355521018693
42.14652777228548	94.86232859021634	2.5516493258573534
43.12986177228595	94.88443566183312	2.582882399598346
44.12986177228595	94.90300560199117	2.630162899424472
45.16319477228535	94.97374823116466	2.693286755904597
46.21319477228644	95.02415235445075	2.7320882686322823
47.27986177228559	95.0966635493536	2.7829436848057583
48.37986177228595	95.20366177597857	2.885194413935099
49.49652777228585	95.3053543054155	2.9406678037219804
50.64652777228548	95.39908828907035	3.0196747040387417
51.82986177228668	95.49282227272525	3.0751490603880174
53.02986177228559	95.5865562563802	3.144208073817255
54.2631947722839	95.67410025998237	3.1649904813861753
55.52986177228559	95.73600006050918	3.194005939658077
56.81319477228681	95.78905703238932	3.2580122651922316
58.12986177228595	95.86864249020954	3.338540740721314
59.47986177228449	95.9579550595411	3.409291544932503
60.86319477228608	96.04284621454933	3.367503866921251
62.27986177228559	96.12862165242217	3.307362593519284
63.72986177228631	96.22058707034779	3.2711753373053853
65.21319477228644	96.33996525707806	3.158344259848396
66.72986177228631	96.4434263522443	2.9755654748850158
68.27986177228559	96.5495402960046	2.8726364044767694
69.86319477228608	96.63089431955413	2.75575934189278
71.4798617722845	96.70340551445697	2.6260749157071936
73.12986177228595	96.75734676920177	2.512678918341464
74.82986177228668	96.8104037410819	2.4255375518435973
76.5631947722868	96.88203065312004	2.281170479140135
78.32986177228668	96.95365756515828	2.049480370677607
80.14652777228548	97.01644164854973	1.7652002663700501
81.99652777228403	97.06065579178313	1.5004521456475035
83.89652777228548	97.07392003475321	1.4531237611873986
85.84652777228621	97.125208440904	0.8700908905553528