0.1266666665906087	0.32311288785557446	0.7994263765933975
0.1511111111612991	0.4901613355429484	1.0942247339991626
0.1844444444286637	0.741420507543956	1.2960060445122412
0.2177777778706513	0.9615583249073206	1.1084746280492406
0.251111111138016	1.092908748157393	1.3883602352321223
0.2844444442307577	1.3167079013604792	1.9519106247112574
0.3177777776727453	1.5482873932229773	2.004769217630394
0.3511111111147329	1.7835282209251921	1.9440716117414871
0.5177777776261792	2.3423396034629587	1.2596875428337095
0.6844444444868714	2.6576721526591216	1.293595660426404
0.8511111111729406	2.967055031115742	1.2876396532344665
1.01777777785901	3.177581841899829	1.332816773543696
1.517777777742595	3.847148633589222	1.7653331529720437
2.017777777626179	4.3666006558499655	1.8604368984612132
2.51777777785901	4.783077607618483	1.9483167039889389
3.017777777742595	5.144176854811197	2.013345035441768
3.517777777626179	5.453559733267815	1.7793286770334589
4.01777777785901	5.660882875192139	1.9004579980031153
4.517777777742595	5.917176383972767	1.8229777740770032
5.017777777626179	6.072783157161002	1.5706385113544754
5.51777777785901	6.277817964185514	1.674968841203587
6.017777777742595	6.3817083686376535	1.8767747763481852
6.517777777626179	6.535942140886	1.7028590324083528
7.01777777785901	6.68971824615438	1.7845770394095077
7.517777777742595	6.794523984566456	1.525882427682526
8.01777777762618	6.898872055998569	1.4558331804036386
8.51777777785901	6.951046091714624	1.348710636585874
9.017777777742594	7.055394163146744	1.425962381266338
9.51777777762618	7.107568198862792	1.2718706924180205
10.01777777785901	7.21145860331494	1.3684369178027864
10.51777777774259	7.262717305071068	1.2593725519853785
11.01777777762618	7.262717305071068	1.4467516715786515
12.01777777774259	7.41695107731941	1.4126836958675502
13.01777777785901	7.571184849567754	1.4522078748148348
14.01777777762618	7.673702253080009	1.4144804407419977
15.01777777774259	7.724960954836128	1.401817197013247
16.01777777785901	7.827936025328356	1.2601309292865475
17.01777777762618	7.930453428840598	1.2866074458943908
18.01777777774259	7.982169797576696	1.4174448143928169
19.01777777785901	8.033428499332823	1.1561089691625472
20.01749999995809	8.135945902845075	1.4973153119670342
21.01777777774259	8.187662271581166	1.2648033782308499
22.01777777785901	8.238920973337287	1.3272188122328539
23.01777777762618	8.341438376849542	1.1605878089608805
24.01777777774259	8.341438376849542	1.0388659140731071
25.01777777785901	8.392697078605664	0.9933873944247903
26.01777777762618	8.443955780361787	0.6624678807927324
29.01749999995809	8.495672149097883	0.41217926611483724
32.01749999995809	8.444413447341757	0.5107888780620902
35.01749999995809	8.546930850854013	0.4959882989259361
38.01749999995809	8.598189552610133	0.6239646020395944
41.01749999995809	8.649448254366266	0.5232824254598999
44.01749999995809	8.649448254366266	0.8510303507287307
47.01777777762618	8.700706956122383	1.1521215322484273
50.01749999995809	8.804139693594571	1.1089325801633705
53.01749999995809	8.907572431066749	1.1245881139889053
56.01749999995809	8.907572431066749	1.02916681982055
59.01749999995809	8.959288799802842	1.1332765225439887
62.01749999995809	9.011462835518898	1.2060036868281856
65.01749999995809	9.063179204254991	1.4383087860867276
68.01777777762618	9.218328310463264	1.6246920464692924
71.01749999995809	9.218328310463264	1.5112047540090516
74.01749999995809	9.270502346179319	1.5777542580218433
77.01749999995809	9.37301974969157	0.8970809099989767
80.01749999995809	9.37301974969157	1.4755398536394615
83.01749999995809	9.4242784514477	1.530536835162749
86.01749999995809	9.4242784514477	0.8473772562807446
89.01749999995809	9.521303851200361	1.2365268302431658
92.01749999995809	9.572562552956496	1.0011142990102664
95.01749999995809	9.623821254712617	1.0391539133991043
98.01749999995809	9.572562552956496	1.1395924641337039
101.0174999999581	9.675079956468744	0.3866774945786021
104.0174999999581	9.629770925452169	0.6775031507847254
107.0174999999581	9.681029627208293	0.4882836850068079
110.0174999999581	9.681029627208293	0.9773449836408052
113.0174999999581	9.629770925452169	0.42984806505517953
116.0174999999581	9.681029627208293	0.5344665387217206
119.0177777776262	9.73228832896442	0.8407092112282748
122.0174999999581	9.73228832896442	0.7430166039287985
125.0174999999581	9.783547030720543	1.102607440450325
128.0174999999581	9.783547030720543	1.2894610023148987
131.0174999999581	9.783547030720543	1.1609692656658233
137.0174999999581	9.834805732476667	1.2199348958742329
143.0174999999581	9.937323135988919	0.06814671374827065
149.0174999999581	9.937323135988919	1.108755506387813
155.0174999999581	9.988581837745043	0.9655586669262114
161.0174999999581	9.834805732476667	0.25440519148851026
167.0174999999581	10.091556908237267	0.052040147147190394
173.0174999999581	10.03984053950117	0.17904009664324463