0.03333333344198763	0.09736303087336302	0.11895717180351272
0.06666666670935228	0.26049446670754356	0.3517441026213418
0.09999999980209395	0.43071857366495075	0.13753325638393615
0.1333333332440816	0.4126645017149186	0.26225565912951077
0.1666666666860692	0.527436816254383	0.5894143601168116
0.1999999999534339	0.6460778604974229	1.204770769374941
0.2333333333954215	0.9039931740692463	0.4428419194429107
0.2666666666627862	0.8208154854423337	0.6534265125237753
0.3000000001047738	1.030371677719444	1.4047631599597392
0.46666666661622	1.030371677719444	0.5656213163790232
0.6333333333022892	1.3224607703395328	0.9463345373457017
0.7999999999883585	1.5416887868755873	1.246495357258148
0.9666666664998047	1.824750843520666	1.409970693595639
1.466666666732635	2.333488799541095	1.5042764299168905
1.96666666661622	2.8331997195865064	2.0085214831660507
2.466666666499805	3.3412928873230006	2.0684671851851357
2.966666666732635	3.696571231768194	2.8692864080611558
3.46666666661622	4.2672088630458545	3.689912889607712
3.966666666499805	4.766919783091269	3.36194792959883
4.466666666732635	5.129290798659684	3.56733846188405
4.96666666661622	5.556140642621056	4.129746971253683
5.466666666499805	5.91851165818947	4.5815326829866105
5.966666666732635	6.346006290434772	4.768876012017786
6.46666666661622	6.781238382087228	5.33609312706361
6.966666666499805	7.144254185939574	5.782496456413456
7.466666666732635	7.571748818184875	5.894251725058751
7.96666666661622	7.991505991023021	5.905426215810052
8.466666666499805	8.35452179487537	6.691598755968532
8.966666666732635	8.645321310927594	7.2082990431715075
9.46666666661622	9.145677019256944	7.795772115113865
9.966666666499805	9.564144615527233	8.372744799141053
10.46666666673264	9.990349671204674	8.013690820718404
10.96666666661622	10.344983227365931	8.15094048362789
11.96666666673264	10.988481934727636	8.28917786832943
12.96666666649981	11.704841718173386	9.115093805941905
13.96666666661622	12.413464042211977	9.456268527097922
14.96666666673264	13.129823825657727	10.132638969771307
15.96666666649981	13.701106245219306	10.330156217038297
16.96666666661622	14.416821240381136	10.632091415975324
17.96666666673264	14.988103659942718	10.933116460412503
18.96666666649981	15.632247155588368	10.881533891380426
19.96666666661622	16.138405958473054	11.527792004944052
20.96666666673264	16.70839880146681	11.547748403138828
21.96666666649981	17.213912816067577	12.502075365726178
22.96666666661622	17.856766735145353	12.893690442425964
23.96666666673264	18.290064461946027	13.483713974750433
24.96666666649981	18.99675242113283	14.605400765244886
25.96666666661622	19.495173764610392	14.912973047244426
28.96666666661622	21.265117603997037	16.927315145014248
31.96666666661622	22.899011115474558	17.804256029213605
34.96666666661622	24.649611306343306	18.984015569436153
37.96666666661622	26.135203512517037	19.21055626478886
40.96666666661622	27.75749083488384	19.629666692327817
43.96666666661622	28.970337596955336	20.117558683318787
49.96666666661622	31.596560277400453	21.961215191108113
52.96666666661622	33.058295317068755	22.744844800586268
55.96666666661622	34.19054354364909	24.777077759416773
58.96666666661622	35.51300431398863	24.1112848282259
61.96666666661622	36.84126817888353	25.12465645336381
64.96666666661622	37.965778946056695	24.49669376442102
67.96666666661622	39.08835534837806	24.319945420552962
70.96666666661622	40.000085981854454	24.22084191392481
73.96666666661622	40.98403290313096	24.974825419608415
76.96666666661622	41.95250490559317	25.06125019354399
79.96666666661622	42.920976908055394	25.91237832716858
82.96666666661622	43.95392773891056	25.015352046765614
85.96666666661622	44.850828241856554	25.052530255556363
88.96666666661622	45.74708395651868	25.08067186835432
91.96666666661622	46.37897647476963	24.779915630982035
94.96666666661622	47.14691932092974	25.326640234783877
97.96666666661622	47.83555320816654	26.01884790303471
100.9666666666162	48.59640338320343	25.275751366602574
103.9666666666162	49.4855664267423	26.097739136657285
106.9666666666162	50.23803435408809	24.77875293229259
109.9666666666162	51.06271856923399	24.279165071362314
112.9666666666162	51.608209457438406	25.164709867567897
115.9666666666162	52.30651516893415	24.2772411466551
118.9666666666162	52.65985914852753	23.29966597175537
121.9666666666162	53.14216078490686	22.21231465841998
124.9666666666162	53.76115753747921	21.216715758708634
127.9666666666162	54.37757513691588	21.06668803891726
130.9666666666162	54.91468377742925	20.332902208652037
136.9666666666162	55.867680861077126	20.712560319192086
142.9666666666162	56.49248070820486	18.995933074301888
148.9666666666162	57.24752778868638	15.329771475026929
154.9666666666162	57.921976333676675	13.57048944165022
160.9666666666162	58.60480712635811	13.98997396971989
166.9666666666162	58.62092683345638	10.865127177668656
172.9666666666162	59.02972260546771	9.927123769375205
178.9666666666162	59.63904753378111	10.145136018142146
184.9666666666162	59.83957669008326	11.449862857911445
190.9666666666162	59.79057278050461	12.544196241991402
196.9666666666162	60.198723764232014	12.955659295044532
202.9666666666162	60.872527520938405	12.579062728025425
208.9666666666162	61.40963616145171	13.997289614575964
214.9666666666162	61.562450984743016	14.881196483667892
220.9666666666162	61.97318112160617	15.425864534351058
226.9666666666162	62.440007839171116	14.074720574564537
232.9666666666162	62.91521680442726	12.493771560670321
238.9666666666162	62.99646012820239	12.34995494296713
244.9666666666162	63.342711436672545	11.663303664713203
250.9666666666162	63.74570411412852	10.598433251902248
256.9666666666162	64.01909434651468	7.880318173525029
262.9666666666162	64.09195542259867	8.019361704088054
271.9666666666162	64.22865053879177	8.836104967748804
280.9666666666162	64.49430331177075	6.940237161192447
289.9666666666162	64.30860428599901	7.600226700551302
298.9666666666162	64.77543100356408	6.859581459086487
307.9666666666162	65.12039273546637	6.128919955668204
316.9666666666162	65.26547009935054	4.7246984500391465
325.9666666666162	65.66717320023864	7.144957539164441
334.9666666666162	65.61107661953677	5.586200388453342
343.9666666666162	65.61107661953677	3.1805147350807896
352.9666666666162	65.81160577583887	3.2871339734495115
361.9666666666162	65.56207270995812	2.740781127354294
370.9666666666162	65.82772548293711	1.599342676936966
379.9666666666162	65.96442059913021	1.8350899733561585
388.9666666666162	65.77098411395131	2.7956704530603784
397.9666666666162	65.96442059913021	1.468736814122106
409.9666666666162	65.90767923014434	4.825564711332797
421.9666666666162	66.04437434633742	1.5949340218838872