0.01666666666665151	1.7021618595011103	1.460305083441109
0.03333333333330302	3.1180386174820525	2.6252247842895606
0.04999999999995453	4.32053333256798	3.344238133409929
0.06666666666660603	5.359719817878973	3.872521575747222
0.08333333333325754	6.268707802933612	4.268294948019406
0.09999999999990905	7.075708883240328	4.5683268256542355
0.1166666666665606	7.798205460193385	4.803974353203995
0.1333333333332121	8.452975323258737	4.997709178146225
0.1499999999998636	9.05114778989501	5.158632934840394
0.1683027681451677	9.653752708917514	5.311714715540083
0.1888388117689601	10.273851261465607	5.457471571954893
0.2118806316932478	10.909962401108137	5.600551993190443
0.2377339788689596	11.562942902890528	5.754668413315635
0.2667419115056191	12.234466764762788	5.921466997160182
0.2992893472451215	12.925767979127077	6.0965880891152775
0.3358081707850715	13.637515197506836	6.28981194440909
0.3767829647262033	14.373190659355421	6.497340940771136
0.4227574396894624	15.132586571967368	6.715639624243143
0.4743416490250638	15.918367924427246	6.958607355088161
0.5322200838501203	16.73352120161882	7.217374332391225
0.5971607558299183	17.578666024358046	7.4996393727276
0.6700253882261222	18.458553602924084	7.801995209606878
0.7517808504405821	19.373013981993996	8.11732944712378
0.8435119877851776	20.325153963177495	8.454229590960527
0.946436016719872	21.31677021414322	8.804455056120863
1.061918676575715	22.349064363071978	9.173722297137134
1.191492352085902	23.425134919252915	9.556650369291164
1.336876407200066	24.544933996794292	9.9537724226772
1.499999999999432	25.71166556481557	10.367681345515471
1.683027681452359	26.925860592076557	10.79378382241824
1.888388117690624	28.189645834918796	11.23088244744234
2.118806316933387	29.50325482037729	11.685596848420797
2.377339788690847	30.870303724767158	12.158723211391262
2.667419115057442	32.29117799651994	12.621276356389245
2.992893472452238	33.76281283576007	13.10677586413379
3.358081707851284	35.29322971299862	13.605371166621252
3.767829647262943	36.87707076139368	14.092838861368982
4.227574396895079	38.51674780127462	14.597819642830471
4.743416490250752	40.213403752295676	15.10519845016909
5.322200838501544	41.96592532957045	15.607595689249042
5.971607558300093	43.773694169351145	16.120480150798315
6.700253882261791	45.63903828610254	16.62435389539822
7.517808504406048	47.55681090111963	17.12302576492115
8.435119877851776	49.5300857036552	17.62998890777175
9.464360167199061	51.55667981196796	18.122609551350724
10.61918676575772	53.634387253535294	18.61245325075403
11.91492352085936	55.76349842023605	19.09789990829752
13.36876407200077	57.94128519269889	19.563900766476625
14.99999999999398	60.16446311165183	20.03669220969572
16.83027681452268	62.435991771043085	20.503004673397385
18.88388117690488	64.7494141037132	20.944113581670447
21.18806316933274	67.10322465674881	21.384772177070158
23.77339788690711	69.49624740428891	21.820338476274696
26.67419115057305	71.9256440902457	22.244615443585705
29.92893472452113	74.38853695178028	22.65270925756721
33.58081707851159	76.88068325648241	23.05104917592652
37.67829647262852	79.4002324400267	23.44948489260808
42.27574396894977	81.9446852610672	23.83023551639205
47.43416490250661	84.50792944375576	24.185183139024602
53.22200838501487	87.0852898561233	24.533084850465652
59.71607558300048	89.67421211593543	24.862698869489254
67.00253882261745	92.26724415510355	25.16154690565635
74.88253882261745	94.76983972669879	25.435566970027057
82.76253882261744	97.01820020180926	25.666490849985973
90.64253882261744	99.05477274818466	25.86983195415592
98.52253882261743	100.91146922750731	26.040427767194824
106.4025388226174	102.61683789351773	26.18956101492323
114.2825388226174	104.18966486450039	26.33024548571641
122.1625388226174	105.64842744253225	26.455625912823677
130.0425388226174	107.00705604367715	26.57670519427797
137.9225388226174	108.27711210511892	26.688612452475155