0.0753438308947807	4.414334114868641	8.67453639562377
0.1753438308951445	13.375446236522418	12.572292975027663
0.2753438308936893	19.502536440572012	18.626337777713253
0.3753438308940531	26.313342233258165	11.95892748784433
1.175343830895145	7.336420819244509	51.203642660900336
1.275343830893689	13.52175859879659	107.23951061886335
1.375343830892234	18.159375086424856	101.61825319963664
1.475343830894417	20.46362143636336	85.84469437601238
1.575343830894781	23.849608474205645	84.08333040441387
1.675343830895145	26.853519153692147	69.46277468150387
1.775343830893689	52.41241659948921	64.07686344067152
1.875343830894053	52.981023884156556	61.42686631060527
1.975343830894417	53.454632146873415	51.26137459735719
2.075343830892962	53.951816809198405	51.60587729833475
2.175343830895145	54.40878290748594	49.87058658100426
2.275343830893689	54.834544947468515	42.75036063442995
2.375343830894053	55.127169672016855	41.25827439027014
2.475343830894417	55.23673058784304	5.989213702146169
2.575343830894781	55.36224024458058	5.733524306573041
2.675343830895145	55.48428278372869	5.415432891119545
2.775343830893689	55.60840559343044	5.212541353555033
2.875343830892234	55.75194426163308	4.8376135101387945
2.975343830894417	55.88022761244213	4.409458231111269
3.075343830894781	55.972452940321126	4.336885635750726
3.175343830895145	56.076466468004185	3.986195652193961
3.275343830893689	56.181866842723046	3.7319546430187067
3.375343830894053	56.287267217441844	2.6968051717409103
3.475343830894417	56.448834897109485	2.5274828969104157
3.575343830892962	56.54938130720311	1.3949560750026762
3.675343830895145	56.6596356465471	0.005213992131780885
10.57534383089478	1.28491377864463	71.36705408645653
10.87534383089405	2.718220190117058	67.49891959937769
11.17534383089514	4.159847683804121	64.1146371527746
11.47534383089442	5.672897799833555	60.29273412374273
11.77534383089369	6.872520485778123	56.033252462150045
12.07534383089478	7.837766022676829	50.262285418419474
12.37534383089405	8.705238843553436	43.51234876293007
12.67534383089514	9.300196221900501	34.42845815386859
12.97534383089442	9.734972767615638	16.078263905185892
13.27534383089369	10.501899178398656	1.2125767559364327
14.47534383089442	14.527222699732743	6.549163658787704
14.87534383089223	15.47582607220215	13.04198604785586
15.27534383089369	16.21986950689489	17.23323807481601
15.67534383089514	17.131721432916358	20.85096036292758
16.07534383089478	17.727372234781267	34.46490105328745
16.47534383089442	17.93331901959367	33.48158245876626
16.87534383089405	17.08248836314636	45.420134268096724
17.27534383089369	15.328820286410124	46.674382211097154
17.67534383089514	12.171663009470576	49.283982633985055
18.17534383089514	3.0170857263263775	45.79203095844547
20.67534383089514	3.2209522405851367	42.80241857551411
21.17534383089514	9.176073412198745	40.95568421536974
21.67534383089514	13.292235414375966	33.6334708323792
22.27534383089369	16.891796895727435	26.237425290170997
23.27534383089369	27.37497363914317	23.36428283624832
24.27534383089369	36.913014127678906	28.58961449762824
25.27534383089369	41.08603685832289	28.588949526412716
26.27534383089369	41.66643234279432	54.99165414545072
27.27534383089369	41.55548457993238	62.42309730277964
28.27534383089369	39.97447895915004	52.75448679692883
29.27534383089369	39.14306416120355	43.47700826954583
30.27534383089369	40.96122062510322	13.696744069954791
31.27534383089369	38.26796368163013	18.11892165104449
32.27534383089369	34.45344090973371	27.490144862546863
33.27534383089369	32.349593956464545	11.71665858890026
34.27534383089369	32.70254652706902	14.674689407451426
35.27534383089369	32.799625819573215	21.953656176987668
36.27534383089369	30.612568044157577	16.995099676309383
37.27534383089369	28.501093432191638	13.363433784960291
38.27534383089369	28.9143738488523	16.78550619589195
39.27534383089369	32.278171334122156	12.078082651798082
40.27534383089369	33.80092937940205	11.253888021216362
41.27534383089369	30.713114454251215	14.457026357202539
42.27534383089369	28.618282006714576	11.455884712496168
43.27534383089369	18.763346970504443	6.59175217810109
44.27534383082457	14.357333937850404	10.44011436760529
48.77534383082457	45.82905372067001	7.579088151163118
50.27534383082457	49.19285120593985	26.611373429145214
51.77534383082457	50.555428418587816	35.96988033688606
53.27534383082457	49.907770852881406	34.36698175821308
54.77534383082457	49.99444879261726	34.563019641952835
56.27534383082457	48.26713080956071	32.308965454045826
57.77534383082457	46.91564837319898	32.74821522208037
59.27534383082457	47.51337944561752	34.651299334153414
60.77534383082457	45.49343673801271	29.066978218808607
62.27534383082457	45.129389391122004	44.05273245682046
63.77534383082457	44.33888658073085	39.901528247760716
65.27534383082457	42.08248645352653	31.5454682310857
67.27534383082457	35.734194147271026	28.694739546320367
68.8753438309177	25.739880983965616	16.993090895014646
70.8753438309177	36.416522888871796	10.01183889940457
72.8753438309177	48.62355049775463	8.645531966010418
74.8753438309177	52.288293789787446	4.460525039545421
76.8753438309177	49.27467518105056	4.96647402225494
82.8753438309177	53.81937291728199	13.929210507731954
84.8753438309177	52.023406005954634	11.747337925851074
86.8753438309177	51.91939247827155	10.104567351239256
89.3753438309177	46.14178772723705	16.148015302613153
91.8753438309177	39.25123822999385	20.199706239041753
94.3753438309177	36.50112055805404	25.51771746588714
96.67534383090606	42.62335679747835	19.374000270980584
99.17534383090606	44.045568432664645	35.36188106449156
101.6753438309061	50.904913871602886	15.635270954775006
104.1753438309061	53.12941651698439	9.346592438223409
114.7753438308828	46.545360214647275	0.08868472935342303
117.7753438308828	44.22239142972582	8.084196105787289