0.003196973317198183	20.826079799201985	0.9416157597712828
0.007396973317198165	22.686248764546658	4.143723423836292
0.01159697331719826	24.385976999287855	6.109405376398253
0.01569697331719814	25.8211257274748	8.159336120299296
0.01989697331719834	27.180485058600052	10.051552971461025
0.02409697331719821	28.369395402500018	11.846734112367892
0.02819697331719832	29.468716418401616	12.972906550894146
0.0323969733171983	30.405171795707698	13.709335291244983
0.03659697331719817	31.187226667772418	13.781739678727854
0.04069697331719827	31.832560818319937	13.428910641780766
0.04489697331719825	32.376004743963755	13.143711138356792
0.04909697331719824	32.80512528008992	12.543538700223726
0.05319697331719834	33.182396874421755	11.942875601062026
0.05739697331719821	33.48229185918804	11.645875597683728
0.06159697331719819	33.74867902442735	10.987580513091595
0.06569697331719829	33.982219708683004	10.483701953948565
0.06989697331719816	34.17255294144337	10.710545369818664
0.07409697331719814	34.33793166650343	10.641280013363955
0.07819697331719824	34.478267705390664	10.83549670567088
0.08239697331719834	34.65162658220647	11.019975168738902
0.08659697331719832	34.78552559260566	11.617380126800194
0.0906969733171982	34.92259902801264	12.232858648222688
0.09489697331719829	35.05411721965598	12.170862121272105
0.09909697331719827	35.18413637726781	13.047045335179275
0.103196973317198	35.29427128934457	13.355677862775922
0.1073969733171983	35.419749255625796	13.585506131933352
0.1115969733171982	35.51714237843509	14.029742301723742
0.1156969733171982	35.6428407908974	13.83209724083005
0.1198969733171982	35.736971310226444	14.473836171811284
0.1240969733171982	35.83264495282314	14.582579842768693
0.1281969733171984	35.922675173183734	15.082775307157476
0.1323969733171984	35.99983133656818	15.381082827850687
0.1365969733171984	36.093565052771226	15.520083404225709
0.1406969733171984	36.16547459704549	16.427921061575674
0.1448969733171981	36.248935521209376	16.631979836560987
0.1490969733171983	36.325253989105654	17.003236031924608
0.1531969733171983	36.41854681294651	17.343017480674334
0.1573969733171983	36.47775865718953	17.85653841688925
0.1615969733171983	36.56664255740842	18.150034232263117
0.1656969733171983	36.62938154054903	18.37688543665078
0.169896973317198	36.69657353654783	19.257050118899787
0.1740969733171982	36.762531033932476	19.192993486538718
0.1781969733171982	36.83214793792336	19.515514708079362
0.1823969733171982	36.89572461655214	20.18008061770983
0.1906969733171984	37.00308190674707	21.556317138294943
0.1990969733171984	37.13676047096512	21.701942095894417
0.2073969733171983	37.2457931521364	22.57856800041172
0.2156969733171983	37.370168887512165	23.789861271181508
0.2240969733171983	37.46910513358912	24.4079524512617
0.2323969733171983	37.559267621658364	24.974729916774624
0.2406969733171982	37.66446453927852	24.52608393246976
0.2490969733171982	37.75520018741863	26.20666469055587
0.2573969733171984	37.84783167271618	27.0752351003887
0.2656969733171982	37.93358523716349	28.055104989399876
0.2740969733171983	37.991738939737225	29.38847339587431
0.2823969733171983	38.103284707373064	29.659652830468605
0.2906969733171981	38.182380797151154	30.368151886036166
0.2990969733171983	38.25984558518915	30.616883525351884
0.3073969733171982	38.331622861754795	32.490129476362924
0.3156969733171984	38.424342525524764	33.60617972363914
0.3240969733171984	38.482496228098555	33.32143235932834
0.3323969733171981	38.55259811368782	34.06681974633057
0.3406969733171983	38.60872371139549	36.30718135775919
0.3490969733171983	38.69394820500814	36.151315773122285
0.3573969733171981	38.75518815411726	35.93607947159798
0.3656969733171983	38.81179873342336	38.23629774854415
0.3781969733171984	38.902798916980764	40.15961871062651
0.3906969733171984	39.017695466569265	41.62147567472925
0.4031969733171983	39.08365296395391	42.485831795473366
0.4156969733171983	39.18109017599942	44.47285178796282
0.4281969733171983	39.27204627032061	45.794675612090025
0.4406969733171984	39.354934034413624	47.070148690332395
0.4531969733171982	39.41864298075105	49.12913941838388
0.4656969733171983	39.51140673375728	50.55943371260001
0.4781969733171981	39.58926832492122	51.94618901032899
0.4906969733171983	39.659678835164094	55.881649148965515
0.5031969733171984	39.75270712358761	55.340355634438936
0.5156969733171983	39.82179495674382	58.46826267218383
0.5281969733171983	39.88400486904983	60.81000963792496
0.5406969733171982	39.958692035205964	61.87369781871967
0.5531969733171982	40.0561733364877	64.53943607335846
0.5698969733171984	40.129537825557236	67.13247965895553
0.5865969733171981	40.22194886467368	71.53131798311645
0.603196973317198	40.32670488993168	76.12432182223375
0.6198969733171982	40.40597733665466	77.12668714986057
0.6365969733171983	40.495522575416835	81.85987211784258
0.6531969733171983	40.59882365587953	83.26347955210507
0.669896973317198	40.697230831121864	86.644151662416
0.6865969733171982	40.79413897233273	86.19448273352799
0.7031969733171983	40.8560843492214	92.76352978848065
0.7198969733171983	40.97045182797526	97.72840432706472
0.736596973317198	41.03226493715524	97.79448401537998
0.7573969733171984	41.139886762767475	102.83724866954574
0.7781969733171981	41.220437797340836	106.05250116895428
0.799096973317198	41.336260220889955	108.66914681790618
0.8198969733171981	41.45419892777764	107.39507112938223
0.8406969733171983	41.532942303665976	114.02815499855176
0.8615969733171982	41.64845610256154	107.07065047605889
0.8823969733171984	41.73936810764655	95.97206668207295
0.9031969733171983	41.80682463906264	117.52905738617524