0.00694958931489964	1.5437455608333728	1.1633168045145057
0.0269495893153362	3.8834849264716773	2.2891429992100614
0.04694958931577276	5.282504340977002	3.2780184497846534
0.05694958931599103	6.319708389661983	3.1047363623574067
0.0769495893146086	7.236307316406852	3.092961868430592
0.09694958931504516	7.959938048047535	3.913878948937832
0.1069495893152634	8.635326730912265	3.9389716764182827
0.1269495893157	9.26247336500077	4.860137106169377
0.1469495893161366	9.79313590153727	4.272554020771796
0.1569495893145358	10.299677413685842	4.473753938165273
0.1769495893149724	10.782097901446203	4.780815907804907
0.196949589315409	11.216276340430703	4.573000780708848
0.2069495893156272	11.60221273063898	4.937899577316001
0.2269495893160638	12.012270145235377	5.018587861052584
0.2469495893146814	12.374085511055716	5.609891184249586
0.2569495893148996	12.71177985248812	5.203960565585051
0.2769495893153362	13.073595218308371	5.211653691463424
0.2969495893157728	13.387168535352673	5.608891624927475
0.306949589315991	13.700741852396972	5.790370203994465
0.3269495893146086	13.990194145053243	5.8056903659915315
0.3469495893150452	14.279646437709514	5.882118321232534
0.3569495893152634	14.569098730365795	5.714273694016885
0.3769495893157	14.834429998634134	5.800117386657296
0.3969495893161366	15.099761266902203	5.8462897661955155
0.4069495893145358	15.365092535170547	5.949707983594258
0.4269495893149724	15.60630277905077	6.276641094006932
0.446949589315409	15.823391998542975	6.0219205866130405
0.4769495893160638	16.281691461915415	6.175762636169728
0.4969495893146814	16.49878068140762	6.151685900699828
0.5269495893153362	16.908838096004008	6.428555253165988
0.5469495893157728	17.125927315496206	6.702564441606232
0.5769495893146086	17.51186370570458	6.789286735602523
0.5969495893150452	17.680710876420736	6.751479923413291
0.6269495893157	18.066647266629108	6.954837372987459
0.6469495893161366	18.28373648612131	6.908162278087042
0.6769495893149724	18.621430827553624	7.158955486132124
0.696949589315409	18.790277998269787	7.299988472343298
0.7269495893160638	19.127972339702108	7.398809738652667
0.7469495893146814	19.320940534806294	7.433806038333197
0.7769495893153362	19.61039282746256	7.450334603618399
0.7969495893157728	19.77923999817873	7.522735365124885
0.8269495893146086	20.092813315223022	7.55403310793556
0.8469495893150452	20.23753946155116	7.619350712011523
0.8769495893157	20.575233802983472	7.965367416507407
0.9069495893145358	20.864686095639758	7.944301067783077
0.946949589315409	21.130017363908003	8.058067625051958
0.9769495893160638	21.395348632176255	8.248816407459364
1.0069495893149	21.660679900444507	8.27236529882083
1.046949589315773	21.950132193100778	8.488556532484115
1.076949589314609	22.26370551014508	8.3605592646953
1.106949589315263	22.48079472963729	8.331216516319117
1.146949589316137	22.72200497351751	8.468515799865413
1.176949589314972	22.98733624178576	8.712821614392867
1.206949589315627	23.228546485665994	8.752791373108565
1.246949589314681	23.493877753934235	8.809029770391618
1.276949589315336	23.71096697342644	8.95148243106043
1.306949589315991	23.952177217306673	9.083485962768862
1.346949589315045	24.193387461186898	9.002324604919314
1.396949589316137	24.506960778231214	9.143242825800225
1.446949589315409	24.844655119663518	9.25301953092817
1.496949589314681	25.15822843670783	9.340595836462818
1.546949589315773	25.471801753752114	9.538984860933635
1.596949589315045	25.809496095184446	9.476884875686075
1.646949589316137	26.098948387840707	9.68069073334753
1.696949589315409	26.38840068049697	9.681350761557276
1.746949589314681	26.67785297315327	9.793015216152565
1.796949589315773	26.943184241421502	9.850819335805067
1.846949589315045	27.23263653407779	10.069099341326263
1.896949589316137	27.52208882673406	10.051207939182849
1.946949589315409	27.76329907061428	10.029413820000816
1.996949589314681	28.028630338882543	10.212363506952418
2.046949589315773	28.2939616071508	10.254623194186191
2.096949589315045	28.511050826642983	10.245667345801735
2.146949589316137	28.752261070523208	10.382552067940518
2.196949589315409	28.993471314403436	10.423739501875405
2.2569495893149	29.331165655835765	10.542626906655151
2.326949589314609	29.62061794849203	10.446130723388086
2.396949589316137	29.934191265536327	10.620884674918345
2.456949589315627	30.247764582580643	10.636192973049573
2.526949589315336	30.5372168752369	10.686919925100092
2.596949589315045	30.802548143505174	10.88853135647033
2.656949589314536	31.092000436161445	10.89326973602433
2.726949589316064	31.357331704429676	10.9546184060123
2.796949589315773	31.670905021473978	10.924286044384814
2.8769495893157	31.93623628974223	11.195984243828898
2.946949589315409	32.2256885823985	11.232751196323628
3.026949589315336	32.5151408750548	11.16196567606291
3.096949589315045	32.780472143323024	11.233977268806214
3.176949589314972	33.09404546036733	11.381240888156404
3.2569495893149	33.35937672863559	11.364600479773747
3.346949589315045	33.67295004567988	11.460942028496953
3.426949589314972	33.96240233833615	11.428585246296175
3.5069495893149	34.275975655380435	11.672295390585095
3.596949589315045	34.56542794803673	11.638970966965495
3.696949589315409	34.87900126508101	11.874842601134585
3.796949589315773	35.19257458212532	11.891712201989353
3.896949589316137	35.50614789916963	11.8847435984336
3.996949589314681	35.81972121621391	12.052465257904835
4.096949589315045	36.10917350887019	12.085422833277299
4.196949589315409	36.39862580152648	12.086295957934071
4.296949589315773	36.712199118570766	12.05386057761961
4.396949589316137	36.977530386839	12.18432923058742
4.5069495893149	37.33934575265937	12.280016787468615
4.6269495893157	37.652919069703664	12.378702989416407
4.746949589314681	37.96649238674794	12.401289647645902
4.856949589315263	38.255944679404216	12.458968179290094
4.976949589316064	38.59363902083653	12.496419317758512
5.096949589315045	38.883091313492805	12.615226142078203
5.226949589316064	39.19666463053712	12.687386233666981
5.356949589315263	39.534358971969425	12.847659671796066
5.496949589314681	39.872053313401764	12.750439166508569
5.6269495893157	40.18562663044605	12.900864923323507
5.7569495893149	40.499199947490325	12.967352575893814
5.896949589316137	40.78865224014662	13.030037937576747
6.046949589315773	41.12634658157892	13.063060240333153
6.196949589315409	41.46404092301127	13.129928608288823
6.346949589315045	41.80173526444357	13.353096071994457
6.496949589314681	42.11530858148787	13.293958437020462
6.646949589316137	42.45300292292021	13.280689765458838
6.806949589315991	42.766576239964486	13.431384676447168
6.976949589316064	43.12839160578483	13.425128195112755
7.146949589316137	43.46608594721715	13.47083872861666
7.326949589314609	43.80378028864948	13.588043998943851
7.496949589314681	44.14147463008178	13.718373463096023
7.676949589314972	44.455047947126076	13.741059274167311
7.856949589315263	44.84098433733444	13.675706639164458
8.046949589315773	45.13043662999073	13.825734571415172
8.246949589314681	45.46813097142307	13.731257557336527
8.446949589315409	45.85406736163142	13.757091675606576
8.646949589316137	46.16764067867573	13.777847749320674
8.846949589315045	46.50533502010801	13.796284935799992
9.056949589315991	46.843029361540346	13.828908504547101
9.276949589315336	47.22896575174872	13.89733448358927
9.496949589314681	47.56666009318103	13.954586856085811
9.726949589316064	47.88023341022535	13.874147983606061
9.956949589315627	48.266169800433694	14.052684044566325
10.19694958931541	48.57974311747801	14.080283996947758
10.44694958931541	48.91743745891029	14.026705649782823
10.69694958931541	49.279252824730634	14.135600150842912
10.94694958931541	49.61694716616298	14.164303239964276
11.20694958931563	49.95464150759531	14.259973725887926
11.47694958931606	50.34057789780364	14.230019817018809
11.74694958931468	50.67827223923599	14.228038951894947
12.02694958931534	51.040087605056335	14.374667447455401
12.30694958931599	51.40190297087668	14.305837581890216
12.59694958931505	51.73959731230896	14.433009688636293
12.89694958931614	52.101412678129314	14.54711675221567
13.19694958931541	52.463228043949684	14.583982372882588
13.5069495893149	52.82504340976999	14.56961425263836
13.82694958931461	53.21097979997839	14.673153633316943
14.14694958931614	53.57279516579874	14.623073642277701
14.47694958931606	53.91048950723106	14.688766872742388
14.82694958931461	54.29642589743942	14.761342600959198
15.17694958931497	54.658241263259725	14.778626637265116
15.52694958931534	55.020056629080074	14.808709163257708
15.89694958931614	55.405993019288445	14.79057902871361
16.27694958931534	55.79192940949683	14.882023940996172
16.65694958931454	56.129623750929134	14.938782532450299
17.04694958931577	56.51556014113749	14.927962140579824
17.44694958931541	56.87737550695782	15.010289193284745
17.85694958931526	57.26331189716622	15.049069576656075
18.27694958931534	57.64924828737457	15.138300074097018
18.70694958931563	58.01106365319495	15.234012187000806
19.14694958931614	58.37287901901525	15.242747983367815
19.59694958931505	58.78293643361165	15.221799955950734
20.05694958931599	59.16887282382002	15.322774983678565
20.52694958931534	59.55480921402836	15.352491453604475
21.0069495893149	59.94074560423673	15.449652051780633
21.49694958931468	60.32668199444514	15.712423111852905
21.99694958931468	60.73673940904153	15.881712293363472
22.5069495893149	61.14679682363791	16.041763369284773
23.02694958931534	61.53273321384627	16.148288947869226
23.57694958931461	61.918669604054635	16.18600806832505
24.1269495893157	62.30460599426299	16.330279504459657
24.69694958931541	62.71466340885936	16.310684623843834
25.27694958931534	63.124720823455775	16.33970917830529
25.8769495893157	63.63126233560426	16.425638059764715
26.47694958931606	64.08956179897665	16.33867222973003
27.09694958931505	64.52374023796109	16.301085703990076
27.72694958931606	64.93379765255746	16.257554556704324
28.3769495893157	65.36797609154192	16.317669322280366
29.04694958931577	65.8262755549143	16.35027057159023
29.72694958931606	66.21221194512269	16.332687980398713
30.42694958931497	66.62226935971907	16.318956300679314
31.14694958931614	67.05644779870349	16.138647970612894
31.8769495893157	67.44238418891183	15.993414639908751
32.6269495893157	67.85244160350824	15.907788396831597
33.39694958931614	68.2383779937166	15.942721322440326
34.17694958931497	68.64843540831298	16.034353595727122
34.97694958931606	69.05849282290936	15.914390185779165
35.79694958931577	69.46855023750574	16.009921624438004
36.6269495893157	69.87860765210213	16.11213729548118
37.47694958931606	70.31278609108658	16.107146656209782
38.34694958931505	70.72284350568296	16.259327528737142
39.24694958931468	71.13290092027935	16.238029409713192
40.15694958931454	71.56707935926377	16.396891220441592
41.09694958931505	72.0494998470242	16.38211020595986
42.04694958931577	72.45955726162059	16.4754568051544
43.02694958931534	72.89373570060503	16.568648338389217
44.02694958931534	73.35203516397745	16.601945581962823
45.04694958931577	73.78621360296182	16.518455164644113
46.09694958931505	74.24451306633426	16.557658685835616
47.17694958931497	74.6545704809307	16.596368042996435
48.27694958931534	75.11286994430313	16.575098715083623
49.39694958931614	75.52292735889952	16.3908662123612
50.54694958931577	75.98122682227194	16.417975495063473
51.72694958931606	76.43952628564439	16.446647405421984
52.92694958931497	76.87370472462881	16.360780607648532
54.15694958931454	77.28376213922519	16.386295090173945
55.40694958931454	77.7179405782096	16.302738695867664
56.69694958931541	78.15211901719398	16.286343506887057
58.0069495893149	78.58629745617841	16.321957949747304
59.34694958931505	78.99635487077482	16.38339357320265
60.72694958931606	79.43053330975921	16.356880326845236
62.14694958931614	79.88883277313163	16.305543042190607
63.59694958931505	80.32301121211604	16.363933507048152
65.07694958931461	80.78131067548844	16.32530583108325
66.59694958931505	81.21548911447287	16.4502670967527
68.14694958931614	81.62554652906933	17.663849120481323
69.72694958931606	82.10796701682972	16.25281814450624