0.00999999999839929	109734.4197353944	103214.36119277969
0.01999999999679858	192386.46756373433	135269.2098791513
0.02999999999519787	251034.7527981588	136670.71086562698
0.03999999999359716	288724.8119582452	120771.02392370725
0.04999999999199645	313901.29363174166	105634.47320558061
0.05999999999039574	332089.2857303891	94889.79261410398
0.06999999998879503	346082.07505372755	86494.9239073936
0.07999999998719431	357136.88950280106	79123.48607959622
0.0899999999855936	366075.4966144799	73168.26801494721
0.1009816608711844	374192.8889385133	68175.18140181401
0.113303287042072	381773.3331321641	63785.671810607324
0.1271283789938025	388879.99956371146	59670.50826055527
0.1426403872974333	395512.88823315507	56652.73412919516
0.1600451468766551	401924.6806136172	54183.654321624
0.1795736083186057	407989.03596853727	51577.40262428017
0.2014849024380965	413800.70985033613	49657.02208039395
0.2260697788005928	419422.8726272936	48148.166393487445
0.2536544637732732	424887.10948354995	46913.66294125302
0.284604989370564	430225.00560324476	45679.163363313535
0.319332050261437	435404.97580223903	44581.84396611653
0.3582964534434723	440490.190448813	43655.06306477932
0.4020152328739641	445456.74531811493	42965.82988709902
0.4510685101959098	450383.239184841	42358.2459291811
0.506107192595664	455209.87168940314	41924.66049478596
0.5678616099467035	460036.5041939652	41346.5153686409
0.6371512058503868	464729.98821564275	41057.52439127429
0.714895411143516	469490.0464787636	40768.542279878944
0.8021258441985992	474116.9562589986	40190.44310457878
0.899999999863212	478743.86603923416	39901.497415507845
1.00981660871912	483304.20157802827	39757.14787952841
1.133032870442548	487897.82423754217	39468.244999319846
1.271283789967129	492391.5855348938	39179.37562779664
1.426403872999799	496918.63395296514	39324.25355827846
1.600451468792016	501445.6823710375	38890.86533772936
1.795736083200609	505872.8694269464	38891.25437416817
2.014849024406431	510399.9178450185	38891.671832929955
2.260697788016842	514827.10490092763	38169.249657056156
2.53654463775456	519187.71771539404	38314.36981485262
2.846049893720192	523648.191892024	38459.53763940741
3.193320502618008	528042.0918272125	38026.447111254216
3.582964534438361	532402.704641678	37882.602045807915
4.020152328750555	536763.3174561448	37883.43181867345
4.510685101962736	541123.9302706115	38028.96340187781
5.061071925945726	545517.8302058	37740.79402073257
5.678616099459759	549811.8687788243	37597.37847812008
6.371512058489316	554172.4815932903	37743.27905630101
7.148954111431522	558499.8072870361	37559.03402052856
8.021258441982354	562817.6721302106	37295.24396546705
8.999999998628482	567083.9065755601	37224.69905147397
10.09816608718029	571385.1101557085	37378.68459091338
11.33032870442185	575686.3137358568	37380.99135061993
12.71283789966765	579987.5173160055	37687.53337194143
14.26403872997616	584358.6591657491	37842.403861652
16.00451468791289	588694.8318806958	37997.73330492539
17.95736083198426	593100.9428652374	38305.43207599016
20.14849024404612	597507.05384978	39221.8741476277
22.60697788014295	602122.9796431103	40290.902722623694
25.36544637751649	606773.8745712383	41056.84510589175
28.46049893718009	611564.6460385578	42736.2320672118
31.93320502615825	616600.2014494627	44568.96831187727
35.82964534435814	621810.6025343577	46251.26372119305
40.20152328746553	627230.8184280408	48391.92106523979
45.10685101958734	632930.7874001072	50839.2234592815
50.61071925942451	638910.509450557	53441.61741020955
56.78616099456849	645204.9537141882	56199.58331419451
63.71512058486769	651814.1201910017	58656.646985125706
71.48954111429703	658668.0706114002	61728.11053573374
80.2125844198199	665976.6197841734	65261.91301196668
89.9999999862921	673634.8603049248	68802.855822954
100.9816608717956	681747.6995780496	72739.36723296616
113.3032870442185	690299.137088439	76225.83254092377
127.1283789966874	699200.0278778826	80528.22070919187
142.6403872997762	708723.614730786	85236.26045204443
160.0451468791289	718686.7517461308	89800.77335304387
179.5736083198499	729235.9556447313	94863.88458548023
201.4849024404648	740334.5972463829	99787.95826019773
226.0697788014331	751982.6765510873	105541.86429004301
253.6544637751722	764363.339459861	111485.31687073901
284.6049893718118	777330.0692518902	116819.62653072365
319.3320502615861	790882.8659271763	123002.12908751349
358.2964534435814	805204.8753867329	129418.62428606166
402.0152328746408	820155.7096295235	135924.05536250048
451.0685101958479	835882.709832084	142246.39584125622
506.1071925942342	852183.6881442254	148938.99285081605
567.8616099456885	869326.5010170897	156052.69377894019
637.1512058486842	887119.8224141455	162411.35969081038
714.8954111429739	905563.6523353966	169742.6019721299
802.1258441982063	924849.3168173674	177198.65416036104
899.9999998629282	944785.4898235311	183899.04803984464
1009.816608717971	965362.9926181043	191246.42917349972
1133.032870442188	986696.2012195677	198581.87004669986
1271.283789966859	1008627.5371649966	205597.71507311278
1426.403872997758	1031196.8756106566	213040.6463569934
1600.451468791278	1054404.2165565481	220386.64917204544
1795.736083198495	1078169.809690141	227572.37014874318
1996.816083198497	1100553.1892262986	234086.21436789102
2197.896083198499	1121157.3065087069	239861.25737870033
2398.9760831985	1140186.0586870273	245263.95303381147
2600.056083198502	1157888.1876198011	249937.30137496805
2801.136083198504	1174470.978189144	254267.02065486155
3002.216083198506	1189975.8873714793	258251.49046802547
3203.296083198507	1204568.7430724993	261923.97206448752
3404.376083198509	1218332.4592450554	264995.4324239095
3605.456083198511	1231391.4068184122	268342.8204169648
3806.536083198513	1243706.7426451512	271016.1542725437
4007.616083198514	1255405.0928085449	273823.77412923187
4208.696083198516	1266630.3479285634	276248.36892488966
4409.776083198518	1277253.482084291	278775.5800266609
4610.85608319852	1287446.5298369527	281065.3509368142
4811.936083198521	1297209.4911865473	283043.3906423816
5013.016083198523	1306542.3661330775	285335.1486489167
5214.096083198525	1315488.1633168461	287317.5015998607
5415.176083198527	1324089.8913781652	289044.7988031325
5616.256083198528	1332390.558957335	290812.6734966507
5817.33608319853	1340390.1660543613	292181.19739692047
6018.416083198532	1348088.7126692387	294089.6362674198
6219.496083198534	1355486.1988019717	295415.97926834883
6420.576083198535	1362668.6417331723	296869.8949494705
6621.656083198537	1369550.0241822267	298356.3049512261
6822.736083198539	1376216.3634297468	299510.6863580468
7023.816083198541	1382753.67675635	301045.96991630545
7224.896083198542	1388974.9875974888	302387.2977537682
7425.976083198544	1395075.3458060343	303545.2173791901
7627.056083198546	1400997.5913661583	304537.7012239377
7828.136083198548	1406697.1961157492	306026.3816012409
8029.216083198549	1412263.216379023	306938.93249760725
8230.296083198551	1417740.1803180834	307735.73997177545
8431.376083198553	1422994.5034466118	308886.5292570151
8632.456083198555	1428115.2420888238	309703.4668541759
8833.536083198556	1433013.3399205036	310834.69406569714
9235.69608319856	1442631.4229354397	312706.8560159674
9637.856083198563	1451670.639842994	314035.55992935307
10040.01608319857	1460264.5751294896	315301.7667309472
10442.17608319857	1468546.8132812388	317643.1644892645
10844.33608319857	1476383.7698119278	318848.3860662405
11246.49608319858	1483864.5010457677	320121.3114347334
11648.65608319858	1490989.0069827554	321626.00192618795
12050.81608319858	1497846.343947109	322724.9998137681
12452.97608319859	1504525.5682630385	323577.73075465375
12855.13608319859	1510848.5672821163	324804.7883339545
13257.29608319859	1516859.8691664503	326083.4655003686
13659.4560831986	1522737.586564467	327173.77344039635
14061.6160831986	1528348.134989844	328267.82925708656
14463.7760831986	1533691.5144425873	329558.2356074918
14865.93608319861	1538901.3094090119	329585.4856357328
15268.09608319861	1543945.9968009673	330374.80514126684
15670.25608319861	1548869.453717987	331195.8181814628
16072.41608319862	1553516.8289387277	332813.34141486854
16474.57608319862	1558072.1769273712	333473.36453697167
16876.73608319862	1562443.4704518297	334339.6523217739
17278.89608319863	1566722.7367441948	335091.66482233186
17681.05608319863	1570863.9621884162	335902.2565819679
18284.29608319864	1576707.6914263752	338190.6882688718
18887.53608319864	1582367.3662001495	340521.2825185914
19490.77608319865	1587889.0001257772	339620.6523567185
19946.46804159932	1591846.1711058135	339926.0422245485