0.003418620020966046	0.7862507436754668	1.1890016799353351
0.01341862001936534	2.3125021872807845	1.0433378840522909
0.0334186200179829	3.220159295788492	1.5263215763005828
0.05341862002023845	4.064222594145957	3.9107846608103918
0.06341862002045673	4.867817104226052	3.984493635200019
0.08341862002089329	5.654067847901498	3.2661391823811186
0.1034186200195109	6.422974825172378	4.568697373841226
0.1134186200197291	7.157194269634028	4.626493591218114
0.1334186200201657	7.885632458627474	4.833507621662377
0.1534186200206023	8.602508136684516	6.147807236012363
0.1634186200208205	9.284696281932348	6.076599313176764
0.1834186200194381	9.932196894370968	5.832752268466206
0.2034186200198747	10.556572484936783	7.196472999035258
0.2134186200200929	11.16938556456619	7.5264311809900555
0.2334186200205295	11.759073622322767	9.026960869839165
0.2534186200191471	12.337199169142965	8.59671438353468
0.2634186200193653	12.880637183153944	8.52638077572979
0.2834186200198019	13.42985645263316	10.19230981033316
0.3034186200184195	13.961731955707716	8.965482548251423
0.3134186200204567	14.49360745878231	9.747967398862643
0.3334186200208933	15.042826728261504	10.353431903614275
0.3534186200176919	15.545795953995073	9.936544613884836
0.3634186200197291	16.037202668792233	9.899520664222102
0.3834186200201657	16.54017189452581	11.366546363267975
0.4034186200206023	17.031578609322956	10.84559593290292
0.4134186200190015	17.50564155771552	11.657761901714055
0.4334186200194381	18.002829527980904	12.289917112482653
0.4534186200198747	18.47111122090526	12.675685559170102
0.4834186200205295	19.37876832941297	12.858263178613916
0.503418620020966	19.829706255932734	13.734534949278396
0.5334186200198019	20.725800853504044	13.801280837305503
0.5534186200202384	21.15939501361919	14.189131772167904
0.5834186200208933	22.009239567444876	14.360013582359334
0.6034186200195109	22.419708705687214	14.647547856533869
0.6334186200201657	23.21174070483088	14.783387624174647
0.6534186200206022	23.599084821200403	14.995200009866013
0.6834186200194381	24.356429287534855	15.452015964036837
0.7034186200198747	24.726429637499802	15.217652067086323
0.7334186200187105	25.44330531555682	15.737013092550242
0.753418620020966	25.795961899117152	15.826374378850009
0.7834186200179829	26.449243767023976	15.879258188373347
0.8034186200202384	26.772994073243296	16.051615100298577
0.8334186200208933	27.4204946856819	15.763169983589371
0.8534186200195109	27.750026247369405	15.644794648671017
0.8834186200201657	28.339714305126023	15.490712806132155
0.9134186200208205	28.91205859647801	15.707221236309273
0.9534186200198747	29.478621632361808	15.210992316741892
0.9834186200205295	29.975809602627177	14.884081066995318
1.013418620019365	30.461435061956116	14.149270108975527
1.05341862001842	30.929716754880488	14.05325930381142
1.083418620020893	31.363310914995626	14.18471336729663
1.113418620019729	31.767998797769792	13.50072737124547
1.153418620020602	32.1669054250757	13.114800183633402
1.183418620019438	32.55424954144523	13.071076201952653
1.213418620018274	32.91268738047378	12.137166258587403
1.253418620020966	33.259562708565895	11.15565931613101
1.283418620019802	33.56018799291238	10.805524728084293
1.313418620020457	33.83190699991787	9.782685851725994
1.353418620019511	34.07471972958236	8.476723023768464
1.403418620020602	34.36378250299244	7.297354668538599
1.453418620019875	34.57768895531595	5.785288656370179
1.503418620020966	34.74534536389379	5.076312277157587
1.553418620020238	34.878314239662444	4.588652603213375
1.603418620019511	34.97659558262187	4.590098305441925
1.653418620020602	35.06331441464489	4.511970037384478
1.703418620019875	35.184720779477125	4.665095344965196
1.753418620019147	35.3639396989914	4.893951872716673
1.80341862001842	35.51425234116466	5.240434533637108
1.853418620017692	35.65300247240151	5.599948012705878
1.903418620020602	35.81487762551116	5.989512571060067
1.953418620019875	35.976752778620806	5.970755196257793
2.003418620020966	36.12706542079407	6.250772134234956
2.053418620020238	36.265815552030894	6.425559869468367
2.103418620019511	36.43347196060876	6.612999574383787
2.153418620020602	36.59534711371842	6.634246303315689
2.203418620019875	36.734097244955265	6.960937752738854
2.263418620019365	36.94800369727874	6.999284608653688
2.333418620020893	37.15612889413401	7.181433890316944
2.403418620020602	37.35269158005286	7.4698076679105245
2.463418620020093	37.57816054331275	7.663983064987876
2.533418620019802	37.763160718295204	7.683949761597047
2.603418620017692	37.96550465968229	8.002249362639779
2.683418620019438	38.237223666687775	8.229369032151997
2.753418620020966	38.43956760807485	8.289648619571532
2.833418620020893	38.6708178268029	8.75330801054346
2.903418620020602	38.90206804553102	9.112840405198344
2.983418620018711	39.12753700879088	9.079306624604904
3.053418620020238	39.347224716582566	9.334972392371077
3.133418620020166	39.60738121265165	9.455240985612662
3.213418620020093	39.87331896418894	9.48770159520712
3.30341862001842	40.11613169385341	9.603809819965688
3.383418620020166	40.35894442351788	9.655120447764322
3.463418620018274	40.58441338677778	9.566123633986894
3.553418620020238	40.81566360550586	9.390606773750383
3.653418620020602	41.070038846106726	9.402124015524617
3.753418620020966	41.33597659764401	9.291313261242001
3.853418620019511	41.578789327308506	9.12417107261834
3.953418620019875	41.815820801504806	9.087978247844024
4.05341862001842	42.03550850929647	8.998929950869567
4.153418620020602	42.260977472556355	8.80983066573365
4.253418620020966	42.4575401584752	8.669075732559024
4.353418620019511	42.659884099862296	8.503356323309408
4.463418620020093	42.87379055218577	8.203676858079323
4.583418620020893	43.09347825997743	8.060521223325576
4.703418620019875	43.301603456832694	7.87910946428264
4.813418620020457	43.48082237634695	7.688740155164374
4.933418620019438	43.66582255132941	7.517846534397287
5.053418620020238	43.821916448970846	7.321476310311818
5.183418620019438	44.01269787942151	7.105935422350659
5.303418620020238	44.168791777063	6.92335309799104
5.433418620019438	44.33644818564086	6.760120053968973
5.563418620020457	44.504104594218695	6.600960647469421
5.703418620019875	44.66597974732835	6.483907342364532
5.853418620019511	44.82785490043799	6.271206352232783
6.003418620020966	44.983948798079474	6.085437395859589
6.153418620020602	45.13426144025269	5.8032255113260245
6.30341862001842	45.26723031602135	5.577703724496685
6.453418620019875	45.40019919179	5.420837158333089
6.603418620019511	45.52738681209046	5.235809942721481
6.763418620019365	45.64879317692268	5.151107545620627
6.933418620019438	45.75863703081851	5.004648536187241
7.103418620017692	45.86848088471437	4.9329440771821265
7.283418620019802	45.9898872495466	4.811537539616686
7.453418620019875	46.08816859250604	4.6709928112411445
7.633418620020166	46.21535621280649	4.60585687167153
7.813418620020457	46.32520006670234	4.61836091068552
8.003418620020966	46.440825176066355	4.606397773806316
8.203418620019875	46.55066902996221	4.526224842906595
8.403418620020602	46.64895037292163	4.51547918461708
8.603418620017692	46.75301297134924	4.392481064009453
8.803418620020238	46.857075569776896	4.341774732360573
9.013418620019365	46.96113816820453	4.247425647954144
9.23341862002053	47.059419511163945	4.181826510468223
9.453418620019875	47.157700854123405	4.116931229171083
9.683418620019438	47.25598219708284	3.9979624922176384
9.91341862002082	47.35426354004225	3.9631515522936587
10.1534186200206	47.44676362753348	3.8106739513808416
10.4034186200206	47.53926371502473	3.7718896874143852
10.6534186200206	47.62020129157957	3.7476760578657635
10.9034186200206	47.69535761266616	3.666369514418979
11.16341862002082	47.79363895562562	3.643379097966239
11.43341862001944	47.86301402124406	3.626302814067466
11.70341862001988	47.949732853267065	3.645848326541771
11.98341862001871	48.04223294075831	3.65261481519815
12.26341862001937	48.11738926184491	3.673240526687613
12.55341862002024	48.209889349336144	3.633768732198148
12.85341862001951	48.296608181359176	3.695316770062786
13.1534186200206	48.38910826885041	3.736141434475812
13.46341862002009	48.47004584540524	3.6907401603626826
13.7834186200198	48.55098342196009	3.770005741836155
14.10341862001951	48.63770225398311	3.7661767358429254
14.43341862001944	48.71863983053791	3.7645855918430353
14.7834186200198	48.81692117349736	3.7904861322670347
15.13341862002017	48.897858750052166	3.7928339290969593
15.48341862002053	48.990358837543404	3.8217336370695363
15.85341862001951	49.08285892503466	3.841921607771666
16.23341862002053	49.16957775705767	3.839312356181719
16.61341862001973	49.2678591000171	3.7504306137252135
17.00341862002097	49.34879667657192	3.752988936620576
17.4034186200206	49.43551550859497	3.721602049331931
17.81341862002046	49.528015596086185	3.7032723776901597
18.23341862002053	49.60895317264102	3.7619628777657095
18.66341862002082	49.68410949372763	3.7374178117086
19.10341862001769	49.76504707028246	3.7652682218884426
19.55341862002024	49.85176590230551	3.7951579889138634
20.01341862001755	49.93848473432853	3.802059399880919
20.48341862002053	50.036766077287965	3.8595298591328673
20.96341862002009	50.12926616477918	3.918388133402667
21.45341862001988	50.21598499680225	3.998318223330538
21.95341862001988	50.308485084293444	3.9961675437094866
22.46341862002009	50.400985171784704	4.003289832173278
22.98341862002053	50.49348525927592	4.024138385680045
23.51341862001937	50.58020409129898	4.002552638309844
24.06341862002046	50.67848543425839	3.9835053978634716
24.63341862002017	50.76520426628144	3.977471513725099
25.20341862001988	50.85192309830445	3.998758266625093
25.80341862001842	50.95598569673209	4.022320273300229
26.4034186200206	51.042704528755095	4.04746936947655
27.01341862001937	51.12364210530996	4.0695426714469285
27.6534186200206	51.21614219280117	4.107291273441302
28.30341862002024	51.31442353576059	4.209697800006519
28.96341862001827	51.41270487872005	4.213109167002822
29.63341862002017	51.505204966211295	4.217158920088193
30.33341862002089	51.60926756463891	4.313643204247576
31.0334186200198	51.701767652130144	4.3430222164906755
31.75341862001915	51.81161150602599	4.343843396011512
32.50341862001915	51.915674104453615	4.34560865536132
33.25341862001915	52.00239293647664	4.369218406023279
34.0334186200198	52.106455534904285	4.351045234505864
34.83341862002089	52.20473687786369	4.394208801871145
35.6534186200206	52.303018220823134	4.3947563326235946
36.48341862002053	52.4012995637826	4.398147173096175
37.33341862002089	52.49958090674201	4.499313792502818
38.20341862001988	52.597862249701464	4.552877881801882
39.10341862001951	52.70192484812905	4.609531809392749
40.01341862001937	52.81176870202489	4.6672944586761735
40.95341862001988	52.91583130045254	4.718388024468732
41.9034186200206	53.02567515434838	4.8011859539426744
42.88341862002017	53.14130026371242	4.856081539019696
43.88341862002017	53.25114411760824	4.841598265145687
44.9034186200206	53.36098797150408	4.793892475548733
45.95341862001988	53.470831825399934	4.796583284782013
47.01341862001755	53.586456934764	4.770939123909428
48.10341862001951	53.69630078865979	4.726773965828556
49.21341862001827	53.79458213161925	4.757976409557913
50.35341862001951	53.892863474578675	4.78674170043372
51.5334186200198	53.99692607300633	4.789072114040113
52.73341862002053	54.100988671433946	4.759740220940332
53.95341862001988	54.20505126986157	4.758461524200833
55.20341862001988	54.3206763792256	4.86261100864306
56.48341862002053	54.43630148858967	4.969410905232648
57.80341862002024	54.546145342485524	5.105895531510197
59.1534186200206	54.65598919638132	5.189638402888706
60.5334186200198	54.7658330502772	5.376680360762032
61.93341862001944	54.88723941510943	5.509784650078702
63.36341862001973	55.00864577994169	5.715380411812477
64.8334186200209	55.14161465571032	5.87584911083547
66.3334186200209	55.26302102054255	5.961803608626336
67.86341862001973	55.40755240724763	6.22818893244381
69.43341862001944	55.55208379395264	6.491208302350414
71.05341862002024	55.71395894706229	6.729220313002781
72.70341862001987	55.85849033376733	6.918788435633326
74.38341862002017	55.98567795406779	7.002950680855304
76.10341862001769	56.15333436264567	6.924856583715954
77.86341862001973	56.3325532821599	6.823372383403593
79.66341862002082	56.505990946205976	6.6756024827080465
81.50341862002097	56.67942861025205	6.604783367490204
83.38341862002017	56.81817874148886	6.554655708198921
85.31341862002046	56.94536636178929	6.3477352190211835
87.2834186200198	57.06677272662153	6.143838456312412
89.30341862002024	57.193960346922005	5.936796782677013
91.36341862001973	57.32114796722244	5.729842652225874
93.48341862002053	57.436773076586455	5.677407541903266
95.6534186200206	57.55817944141874	5.683035440660882
97.86341862001973	57.69114831718738	5.738423354948018
100.1334186200202	57.81833593748779	5.7138392165832546
102.4534186200199	57.94552355778824	5.715826663007622
104.8334186200209	58.072711178088696	5.802064779801934
107.253418620021	58.19989879838916	5.860577208800632
109.7334186200205	58.33286767415775	5.970319805821712
112.2834186200198	58.45427403898999	6.082034037869933
114.8834186200202	58.58146165929043	6.218341240510071
117.5334186200198	58.71443053505912	6.198307008546366
120.2534186200192	58.84739941082778	6.2282234762982736
123.033418620018	59.003493308469174	6.179080289828708
125.8834186200202	59.15380595064242	6.220672704952751
128.8034186200202	59.30989984828391	6.082643991037745
131.7834186200198	59.43130621311617	6.036072730530973
134.8334186200209	59.564275088884806	5.7330181592465985
137.9534186200199	59.68568145371705	6.30702286013279