0.07841968416141754	60.085924351559356	24.025105180419544
0.1784196841599623	76.1516795257731	15.062729958254815
0.2784196841621451	81.77469383674791	11.355434948345888
0.3784196841625089	84.98784487159064	9.973756966714536
0.4784196841628727	87.23705059598058	8.969993518498079
0.5784196841614175	88.84362611340197	9.341000706271531
0.6784196841617813	90.45020163082333	9.686101402642661
0.7784196841621451	91.73546204476045	10.034708975618743
0.8784196841606899	93.02072245869753	9.741847877954712
0.9784196841628727	93.98466776915035	9.466428043338286
1.078419684161418	95.10927063134531	9.781248762902926
1.178419684161781	95.91255839005602	10.30562542140907
1.278419684162145	96.7158461487667	9.719190533553189
1.378419684162509	97.5191339074774	9.843653752006036
1.478419684162873	98.16176411444593	9.3730956350128
1.578419684161418	98.80439432141449	8.026058298910108
1.678419684159962	99.28636697664089	8.708411079793517
1.778419684162145	99.60768208012516	7.958544515794005
1.878419684162509	100.25031228709369	8.238952742523429
1.978419684162873	100.57162739057802	9.075488447321911
2.078419684161418	101.05360004580439	8.62785414861729
2.178419684161781	101.53557270103079	8.702497200801487
2.278419684162145	101.85688780451508	9.796276255933963
2.37841968416069	102.33886045974143	10.224093467220706
2.478419684162873	102.66017556322574	10.066828103100402
2.578419684161418	103.1421482184522	10.307036797676815
2.678419684161781	103.62412087367859	9.10881968702545
2.778419684162145	103.94543597716286	9.456774306925608
2.878419684162509	104.26675108064718	9.50409135806821
2.978419684162873	104.42740863238926	8.778216197625422
3.078419684161418	104.7487237358735	8.46807337098574
3.178419684159962	105.07003883935776	8.968420989620785
3.278419684162145	105.3913539428421	8.50812932074075
3.378419684162509	105.71266904632638	9.369240796064007
3.478419684162873	105.87332659806852	9.030086465733154
3.578419684161418	106.19464170155271	9.291139522183657
3.678419684161781	106.35529925329492	8.891836307822013
3.778419684162145	106.67661435677925	8.29123231238295
3.87841968416069	106.83727190852137	9.064270383398268
3.978419684162873	107.15858701200561	8.63807150212282
4.078419684161418	107.31924456374773	8.8759906153089
4.178419684161781	107.47990211548988	8.677749757777159
4.278419684162145	107.8012172189741	8.886992971473259
4.378419684162509	107.96187477071628	10.251682276301388
4.578419684161418	108.28318987420063	9.998894420752553
4.778419684162145	108.76516252942703	9.771360658335603
4.978419684162873	109.40779273639559	10.544850641588853
5.178419684161781	109.7291078398798	10.973549959038467
5.37841968416069	110.05042294336411	10.760309642284534
5.578419684161418	110.53239559859053	9.663360980110623
5.778419684162145	110.8537107020747	9.548267158573054
5.978419684162873	111.17502580555905	9.883373899064614
6.178419684159962	111.49634090904335	9.96520278987308
6.378419684162509	111.65699846078547	10.455513904684961
6.578419684161418	111.97831356426971	10.03301314262593
6.778419684162145	112.29962866775409	10.334708679019833
6.978419684162873	112.78160132298044	10.474986261275337
7.178419684161781	113.1029164264647	10.615320048755251
7.378419684162509	113.26357397820682	11.078731765518404
7.578419684161418	113.58488908169109	10.535846452980344
7.778419684162145	113.90620418517534	9.881726540955865
7.978419684162873	114.06686173691752	10.079324314919884
8.178419684161781	114.38817684040178	10.87524553252513
8.37841968416069	114.54883439214392	9.80337142407164
8.578419684161418	114.87014949562814	10.539940310179649
8.778419684162145	115.03080704737036	10.29013204267692
9.078419684161418	115.51277970259677	10.015912754946067
9.378419684162509	115.67343725433885	14.872387000960188
9.678419684161781	116.15540990956528	17.86219593769521
9.978419684162873	116.4767250130496	19.61280519362927
10.27841968416215	116.63738256479178	18.18292750087257
10.57841968416142	118.08330053047098	18.978016164606522
10.87841968416251	119.04724584092378	18.223974609601918
11.17841968416178	119.52921849615021	17.753330642162634
11.47841968416287	119.52921849615021	20.048296092062174
11.77841968416215	120.0111911513766	15.214058667042737
12.07841968416142	120.33250625486086	12.023918594269185
12.37841968416251	120.49316380660309	10.278957902966702
12.67841968416178	120.97513646182936	10.276165194200155
12.97841968416287	121.13579401357157	11.644238287837158
13.27841968416215	121.45710911705585	10.259668618568885
13.67841968415996	121.77842422054015	10.123097552926186
14.07841968416142	121.93908177228225	9.118203868447225
14.47841968416287	122.26039687576657	9.768854625754845
14.87841968416251	122.42105442750865	9.853196798257766
15.27841968416215	122.74236953099295	10.199371255074508
15.67841968416178	122.90302708273502	10.463544437017918
16.07841968416142	123.22434218621935	10.435176829275262
16.47841968416287	123.54565728970367	10.722818396039962
16.87841968416251	123.86697239318791	10.432700615209008
17.27841968416215	124.18828749667226	12.958687747534368
17.67841968416178	124.3489450484144	13.670951183497527
18.17841968415996	124.67026015189855	15.47851469100661
18.67841968416178	124.83091770364074	14.303303843732925
19.17841968416178	125.63420546235135	14.804004848537462
19.67841968415996	125.95552056583561	14.973977107269215
20.17841968416178	126.5981507728042	15.532233357258237
20.67841968416178	126.75880832454641	16.989070247986405
21.17841968415996	127.24078097977284	15.48444814664643
21.67841968416178	127.56209608325705	13.302130955385111
22.17841968416178	127.7227536349992	17.03060267437833
22.77841968416215	128.0440687384835	15.770883522172788
23.37841968416069	128.52604139370987	16.64528237880623
23.97841968416287	128.68669894545206	15.189756264116879
24.57841968416142	129.65064425590487	16.906837125384197
25.17841968416178	129.97195935938905	14.793813069292144
25.77841968416215	130.45393201461553	15.035480269923816
26.37841968416069	130.7752471180997	13.785852499624122
27.07841968416142	131.09656222158407	14.643617026809716
27.77841968416215	131.41787732506833	11.919857872110633
28.47841968416287	131.41787732506833	13.883890152963708
29.17841968416178	131.7391924285527	12.458190798344654
29.87841968416251	132.06050753203687	14.481571593373102
30.57841968416142	132.2211650837791	14.528486817778555
31.37841968416251	132.54248018726324	15.517093544740337
32.17841968416178	133.34576794597402	16.076244931623588
32.97841968416287	133.66708304945823	16.74994393193704
33.77841968416215	134.30971325642673	16.675530988227752
34.57841968416142	134.63102835991114	16.625002216992723
35.37841968416069	135.11300101513757	17.586336823975138
36.27841968416215	135.27365856687973	16.277201808536716
37.17841968416178	135.75563122210608	16.296733272856095
38.07841968416142	136.07694632559037	15.663652017089381
38.97841968416287	136.2376038773324	15.709706282207714
39.87841968416069	136.71957653255888	16.22928728763716
40.87841968416251	137.2015491877853	17.6656727300112
41.87841968416251	137.5228642912696	17.058512255115172
42.87841968416069	138.00483694649594	20.558998250570983
43.87841968416251	138.32615204998027	21.09222526265735
44.97841968416287	138.96878225694874	21.061166903422624
46.07841968416142	139.4507549121752	20.500143728287153
47.17841968416178	139.77207001565947	20.62048465621986
48.27841968416215	140.89667287785443	19.878190861564768
49.47841968416287	141.21798798133875	19.741969214216653
50.67841968416178	141.69996063656512	19.208841207555256
51.87841968416069	142.02127574004936	19.959954579564602
53.07841968416142	142.34259084353377	22.03517225074647
54.37841968416251	142.66390594701787	19.325931165344297
55.67841968415996	142.9852210505022	20.68207874656704
56.97841968416287	143.46719370572856	22.01308765144897
58.37841968416251	144.10982391269715	24.93376585013691
59.77841968416215	144.91311167140793	25.50623374041477
61.17841968416178	145.39508432663436	26.242608951711993
62.67841968416178	146.03771453360292	27.039937727372685
64.17841968416178	146.84100229231356	27.62739379828795
65.67841968416178	147.8049476027664	29.15108889227928
67.27841968416215	148.28692025799268	30.521240610682145
68.87841968416251	148.7688929132192	34.68679585523541
70.47841968416287	149.25086556844556	35.51864214037919
72.17841968415996	149.89349577541412	34.85403068994938
73.87841968416251	150.85744108586707	33.486094005860544
75.67841968416178	151.98204394806203	33.5190875741595
77.47841968416287	153.42796191374111	34.20278952398998
79.27841968416215	154.23124967245178	34.828149993168424
81.17841968415996	154.8738798794205	34.90759638082978
83.07841968416142	155.51651008638902	32.1110481955095
85.07841968416142	155.9984827416154	30.11546942133878
87.07841968416142	156.64111294858392	28.68983894664427
89.17841968416178	157.28374315555251	27.98663232127833
91.27841968416215	157.92637336252102	28.69289471945829
93.47841968416287	158.24768846600517	28.76635840652925
95.67841968416178	158.89031867297388	25.253069903696307
97.97841968416287	160.01492153516875	25.232193723474367
100.2784196841622	160.65755174213743	26.743786242792293
102.6784196841618	161.460839500848	35.39507424575516
105.0784196841614	162.10346970781643	38.31780546575954
107.5784196841614	161.7821546043324	34.85314910592081
110.0784196841614	162.42478481130098	32.823245316518495
112.67841968416	163.38873012175364	37.1586546097352
115.2784196841622	165.95925094962803	39.19768140839704
117.9784196841629	166.92319626008072	39.961127743888696
120.7784196841622	166.7625387083386	46.501166187251926
123.5784196841614	167.40516891530714	45.018103109778515
126.4784196841629	169.01174443272834	44.321402165173744
129.4784196841629	170.29700484666574	34.98850124914507
132.4784196841629	171.10029260537613	34.314295188065316
135.5784196841614	172.22489546757126	40.83017105167108
138.7784196841622	172.5462105710554	40.038802917518076
142.0784196841614	173.3494983297663	36.53184387488722
145.3784196841625	173.83147098499265	35.23944489216818
148.7784196841622	174.6347587437035	31.629482988442156
152.2784196841622	175.92001915764052	29.457986723632605
155.8784196841625	176.40199181286675	32.39615033207454
159.4784196841629	177.2052795715774	29.57807411743353
163.1784196841618	178.16922488203028	28.1223649806006
166.9784196841629	178.16922488203028	47.654676255057176
170.8784196841625	178.81185508899875	53.4188754558217
174.8784196841607	179.77580039945158	72.91185059704458
178.9784196841629	179.9364579511937	77.32608304449427
183.17841968416	180.09711550293585	78.9419764353645
187.4784196841629	185.23815715868423	82.58395066343805
191.8784196841625	187.8086779865587	82.60045444104159
196.3784196841625	192.62840453882262	80.20764549257726
200.9784196841629	194.3956376079862	86.00866070124991
205.67841968416	195.68089802192333	89.68623250257728
210.4784196841629	196.4841857806339	70.40570119311951
215.3784196841607	197.12681598760275	60.41099151677903
220.3784196841625	197.6087886428291	41.71112361529577
225.4784196841629	199.0547066085082	37.4012620156176
230.6784196841618	200.01865191896107	33.79081028546461
236.0784196841614	200.8219396776717	34.5666888579385
241.5784196841614	201.14325478115606	35.33233817559352
247.1784196841618	201.78588498812442	34.61600657907745
252.8784196841607	202.58917274683515	30.976340452493858
258.7784196841622	203.0711454020616	31.739143033781243
264.7784196841622	204.03509071251432	35.51615417144982
270.9784196841629	204.83837847122493	39.27185885255502
277.2784196841622	205.15969357470954	40.78773707006538
283.67841968416	205.8023237816778	41.56276320116125
290.2784196841622	206.9269266438728	42.32331523648566
296.9784196841629	208.5335021612944	40.811370648367046
303.8784196841607	209.65810502348927	42.390437551252944
310.9784196841629	210.62205033394187	43.90892111379965
318.17841968416	211.58599564439527	48.406378276264135
325.5784196841614	212.22862585136357	48.48325856030002
333.17841968416	212.8712560583321	44.053594865928936
340.8784196841625	213.99585892052727	42.58135148227017
348.7784196841622	214.63848912749572	43.399875881297724
356.8784196841625	216.24506464491708	44.161474090275114
365.1784196841618	217.36966750711173	45.70505031183523
373.67841968416	218.0122977140804	45.78823797569027
382.3784196841625	218.8155854727912	45.09559434797453
391.2784196841622	219.94018833498615	46.645190767280184
400.3784196841625	221.06479119718108	42.936188701038894
409.67841968416	222.02873650763402	42.259212168172446
419.1784196841618	222.67136671460244	44.64291288405893
428.8784196841625	223.6353120250553	45.466447767709404
438.7784196841622	224.5992573355082	44.87592381885339
448.9784196841629	225.4025450942185	45.53566683575249
459.3784196841625	226.36649040467162	47.16358114743772
469.9784196841629	227.49109326686659	45.70773808320544
480.8784196841607	228.45503857731939	45.88686265498139