0.001666666532400996	0.017750128692651065	0.04597093737067481
0.003333333239424974	0.049513516879460165	0.11640943615166831
0.004999999946448952	0.11304029325313156	0.23403318060674289
0.00666666665347293	0.1868434599225213	0.37207331487167583
0.008333333185873926	0.280265189883782	0.4856226025071764
0.009999999892897904	0.3764895717438813	0.5441973698018393
0.01166666659992188	0.4755166055028017	0.5195478211816663
0.01333333330694586	0.5567935105690887	0.3507945591846562
0.01499999966472387	0.6221887215419623	0.17965248604834383
0.01666666637174785	0.6324651118377338	0.058123887894043186
0.01999999978579581	0.5708067700633	0.05792461136855805
0.0283333333209157	0.5969648544524317	0.056705160395983834
0.02999999985331669	0.5913595506547719	0.12865559000369872
0.03166666656034067	0.5782805084601795	0.15430173775657072
0.03333333326736465	0.5586619451683263	0.19227876044764264
0.03499999997438863	0.5558592932694698	0.1788331698107999
0.03666666650678963	0.5698725527636811	0.14232537142854781
0.0383333332138136	0.5894911160555343	0.16715191310257355
0.03999999992083758	0.6091096793474053	0.14633172653020488
0.04166666662786156	0.6268598080400564	0.19450816643766275
0.04333333333488554	0.6408730675342321	0.2471462253904227
0.04499999969266355	0.6502152405303493	0.27091753272544594
0.04666666639968753	0.6548863270284256	0.3375899164346315
0.04833333310671151	0.6567547616276456	0.37442631968478873
0.04999999981373549	0.6604916308261031	0.382787106149063
0.05166666652075946	0.6660969346237805	0.38611572757430573
0.05333333322778344	0.6735706730206601	0.3163910765472697
0.05499999993480742	0.6838470633163961	0.3080777837030082
0.0566666666418314	0.6969261055109884	0.208385800373652
0.05833333317423239	0.7156104515032407	0.09391295333783486
0.05999999988125637	0.7296237109974165	0.06718221451359765
0.1266666665906087	0.5521224240710301	0.065253943656306
0.1300000000046566	0.6081754620477865	0.15533601135991296
0.1333333330694586	0.6362019810361735	0.11512260559068385
0.1366666664835066	0.6315308945381148	0.18855206794274412
0.1399999998975545	0.6063070274485666	0.26459484434454456
0.1433333333116025	0.5801489430594171	0.23629609529098583
0.1466666665510275	0.5661356835652415	0.26402305060365516
0.1516666666720994	0.5530566413706488	0.29381883101461354
0.1566666666185483	0.5455829029737517	0.32824621442904595
0.1616666663903743	0.5483855548725903	0.3781961191128283
0.1666666665114462	0.5502539894718103	0.3024346236067612
0.1716666666325182	0.5549250759698865	0.21659434531403413
0.1766666665789671	0.5633330316663849	0.13032817325916468
0.1816666665254161	0.5661356835652415	0.02046105617257267
0.186666666646488	0.5614645970671472	0.014981552359184871
0.191666666418314	0.5614645970671472	0.03289375941901664
0.1966666665393859	0.5764120738609775	0.09705369110806036
0.2016666666604579	0.5745436392617397	0.18506372250535127
0.2066666666069068	0.573609421962121	0.20724681293895045
0.2116666665533558	0.5773462911605608	0.17448362427304792
0.2166666666744277	0.5950964198532117	0.12811632514725835
0.2216666664462537	0.6221887215419623	0.10929081007290561
0.2283333332743496	0.6642285000245428	0.14260588996474163
0.2349999999278225	0.6324651118377338	0.17233033695824398
0.2416666665812954	0.5932279852539919	0.17333706532956875
0.2483333330601454	0.5792147257597984	0.17535661930767107
0.2549999998882413	0.6007017236508893	0.18045454407943717
0.2616666665417142	0.6277940253396397	0.17723091863345536
0.2683333331951872	0.6548863270284256	0.17430869739797697
0.2749999996740371	0.6595574135264843	0.1766780938283589
0.281666666502133	0.6707680211218391	0.1692108671687303
0.2883333333302289	0.6978603228106075	0.19316308078537534
0.2949999999837019	0.6959918882113697	0.19975471738150588
0.3033333333441988	0.6745048903202788	0.20045293016088542
0.3116666665300727	0.634333546436936	0.17819084242003974
0.3199999998905696	0.6109781139466252	0.13185391560171358
0.3283333332510665	0.6324651118377338	0.08127091678596562
0.3366666664369404	0.6548863270284256	0.13712460361111936
0.3449999999720603	0.6614258481257042	0.2097029476884316
0.3533333333325572	0.6707680211218391	0.22965270692356868
0.3616666663438082	0.6735706730206601	0.20121948730321776
0.371666666585952	0.6773075422191353	0.1634633650370406
0.3816666666534729	0.6735706730206601	0.11534307154092724
0.3916666663717479	0.6745048903202788	0.11734711839432997
0.4016666666138917	0.6838470633163961	0.10755162829333331
0.4116666665067896	0.6969261055109884	0.06629223105268829
0.4216666663996875	0.6987945401102262	0.07533992338633351
0.4316666666418314	0.7034656266082848	0.1245306184167849
0.4416666665347293	0.7109393650051643	0.13079595499325664
0.4533333331346512	0.7090709304059445	0.2088628028583414
0.4649999999091961	0.7062682785071057	0.2783369616009354
0.476666666334495	0.7165446688028417	0.2587242501075963
0.4883333332836628	0.7193473207016805	0.26167722537550553
0.4999999998835847	0.7240184071997392	0.25930576369076164
0.5116666664835066	0.7202815380012992	0.2206800426848188
0.5249999999650754	0.7240184071997392	0.21004650830952964
0.5383333330973983	0.7286894936977976	0.22827264784919313
0.5516666665789671	0.7268210590985954	0.24645257192371997
0.56499999971129	0.7324263628962728	0.26576493499691134
0.5783333331928588	0.7370974493943314	0.26470805096408445
0.5933333330322057	0.7389658839935336	0.27606441354808425
0.6083333332207985	0.7427027531920088	0.295646899033803
0.6233333330601454	0.7511107088885074	0.27754810395323337
0.6383333332487382	0.7567160126861847	0.27787794039283764
0.653333333088085	0.7660581856823196	0.27940493587165793
0.6699999999837019	0.7856767489741728	0.2821898932173621
0.6866666665300727	0.7940847046707066	0.2784216234760563
0.7033333332510665	0.8165059198613809	0.2716430422892626
0.7199999999720603	0.8211770063594572	0.26003500736466795
0.7366666663438082	0.8062295295656449	0.27554707033407666
0.754999999946449	0.802492660367205	0.26584820940583476
0.7733333331998438	0.8165059198613809	0.2584614781040351
0.7916666666278616	0.823045440958677	0.27484881368515646
0.8099999998812564	0.8295849620559733	0.28501416391349715
0.8299999998416752	0.8435982215501668	0.31516586790226825
0.8499999999767169	0.8613483502427824	0.40632207820641525
0.8699999999371357	0.8725589578381373	0.056585933661990946
0.8916666666045785	0.8865722173323308	0.2246555976427817
0.9133333330973983	0.8790984789354336	0.2125998617297034
0.934999999939464	0.8865722173323308	0.17103922372090782
0.9566666666069068	0.8847037827331109	0.27802708315117086
0.9799999999813735	0.8819011308342722	0.2609374700244424
1.003333333181217	0.8893748692311696	0.24318083432297963
1.026666666381061	0.8865722173323308	0.17130022180906457
1.051666666637175	0.883769565433492	0.15016424339596146
1.076666666544043	0.8903090865307883	0.18396125324077156
1.101666666625533	0.8875064346319497	0.21430927315572965
1.128333333239425	0.8865722173323308	0.2094536050665936
1.154999999853317	0.8940459557292458	0.21119230535831046
1.181666666641831	0.9071249979238029	0.1827698377285787
1.209999999962747	0.9286119958148937	0.15157374354618863
1.238333333283663	0.9921387721885655	0.13686545092761848
1.268333333311603	0.7810056624761142	0.1431183950216783
1.298333333339542	0.8875064346319497	0.11262069732384895
1.328333333192859	0.8875064346319497	0.08689550143950242
1.359999999927823	0.8678878713400788	0.07605946777827695
1.391666666662786	0.9407568207098674	0.12054928682838799
1.424999999930151	0.9482305591067643	0.2252852530062896
1.458333333022893	0.9454279072079257	0.15238229982769902
1.493333333171904	0.9230066920172164	0.1228024958022824
1.528333333320916	0.914598736320718	0.13668266098202175
1.565000000002328	0.9211382574180143	0.13977359472044593
1.601666666334495	0.9351515169121902	0.30659372841615856
1.639999999897555	0.9454279072079257	0.055379523120906896
1.678333333285991	0.9529016456048234	0.0787097454602532
1.718333333032206	0.942625255309087	0.14969946933675096
1.758333333302289	0.9379541688110288	0.11156596650045894
1.841666666558012	0.9538358629044424	0.3345189927243304
1.884999999892898	0.9538358629044424	0.16906887869806858
1.929999999934807	0.9314146477137503	0.16472161037147112
1.974999999976717	0.9314146477137503	0.19959776066767024
2.021666666551027	0.9585069494025007	0.09298985884999132
2.068333333125338	1.018296856577697	0.06347057562672559
2.116666666581295	0.9818623818928289	0.06048495199000655
2.166666666569654	0.9529016456048234	0.13096819827208006
2.216666666558012	0.9631780359005588	0.14108631284428907
2.268333333078772	0.9697175569978552	0.1403829436770304
2.321666666655801	0.9781255126943544	0.14052717284245475
2.376666666590609	1.0818236329513686	0.10966418687342845
2.431666666525416	0.9174013882195389	0.1225331295490185
2.488333333341871	0.9398226034102484	0.09313133386767843
2.546666666516103	1.0005467278850637	0.1184484713085503
2.606666666571982	0.9996125105854623	0.12127956759664124
2.668333333334886	0.9753228607955325	0.1142151962948295
2.729999999748543	0.9809281645932099	0.11427580463244459
2.79333333321847	0.9902703375893273	0.1077924515045229
2.858333333220799	0.9893361202897091	0.14957078711507588
2.924999999930151	0.9902703375893273	0.14505986276633798
2.993333333171904	0.9986782932858441	0.12021771307463729
3.063333333295304	0.982796599192448	0.011046197171816438
3.134999999776483	0.9809281645932099	0.08738357188395034
3.208333333313931	1.0267048122742306	0.1325076216581023
3.283333333209157	1.0117573354804181	0.1216178291845491
3.35999999998603	1.0033493797839024	0.11641351851462911
3.438333333295304	1.0098889008811986	0.09973177079180222
3.599999999860302	1.020165291176934	0.2115408282997117
3.683333333116025	1.0098889008811986	0.1734856838798994
3.768333333078772	1.0173626392780954	0.08084893178175595
3.856666666455567	1.0145599873792568	0.09028773336264924
3.946666666539386	1.019231073877316	0.13067305391947043
4.038333333330229	1.0248363776749934	0.11993063960255623
4.131666666653473	1.0210995084765533	0.11915388064488087
4.228333333041519	1.0248363776749934	0.12367198426550302
4.326666666660458	1.0220337257761725	0.1255396323345226
4.426666666637175	1.0332443333715269	0.12084218845658788
4.529999999853317	1.0239021603753744	0.14394006758292022
4.634999999776483	1.0351127679707288	0.15275039051085657
4.743333333288319	1.036046985270348	0.08519493408778955
4.853333333332557	1.0388496371691687	0.11397816199483415
4.96666666661622	1.0416522890680253	0.11972935672340827
5.081666666606907	1.0397838544687878	0.12185519982218543
5.200000000011642	1.0463233755660843	0.12153102870996768
5.319999999948777	1.0491260274649408	0.1064698221796078
5.443333333125338	1.0472575928657026	0.13588252566918346
5.56999999989057	1.0500602447645233	0.1283942069247844
5.699999999720603	1.0547313312626003	0.13640728331349336
5.831666666606907	1.0556655485622015	0.1317220736715151
5.966666666558012	1.0547313312626003	0.12378344053593775
6.104999999748543	1.0631392869591163	0.1384712663041709
6.246666666353121	1.0650077215583358	0.12535987989544564
6.391666666371748	1.066876156157556	0.13912780475601763
6.539999999804422	1.0724814599552333	0.12690914977812945
6.691666666651145	1.0706130253560138	0.13527402033202424
6.846666666562669	1.0743498945544527	0.1300786613515001
7.004999999888241	1.0780867637529106	0.13203651766051708
7.166666666627862	1.0808894156517492	0.13215706269776867
7.333333333313931	1.0762183291536913	0.12403670697615557
7.503333333239425	1.0836920675505703	0.13557820902902465
7.676666666578967	1.0818236329513686	0.13169073177338567
7.854999999864958	1.0846262848501893	0.1274136372562583
8.036666666390374	1.092100023247104	0.13460577402757817
8.223333333211485	1.094902675145925	0.13474788184575817
8.413333333097398	1.0911658059474858	0.1350287345374212
8.608333333279006	1.0995737616440195	0.12743304332887184
8.80833333323244	1.1014421962432213	0.13050644741905315
9.011666666599922	1.1023764135428404	0.14112032283158768
9.21999999973923	1.1070475000408986	0.12176627302509717
9.433333333174232	1.1023764135428404	0.11617630448521253
9.651666666381061	1.1079817173405178	0.11912663483851438
9.874999999883585	1.1117185865389576	0.11326933718590215
10.10333333333256	1.1070475000408986	0.11200132109734845
10.33666666655336	1.1154554557374146	0.12250497784153899
10.57666666642763	1.117323890336635	0.10139889615267242
10.82166666659759	1.1201265422354736	0.1106189000169579
11.07166666653939	1.118258107636254	0.11973825799936441
11.32833333313465	1.1229291941343122	0.11693888561946719
11.58999999985099	1.127600280632389	0.14570139199723786
11.8583333332208	1.127600280632389	0.13376609537869516
12.13333333306946	1.1294687152316085	0.09745218748688986
12.41333333321381	1.1322713671304472	0.11285894153661312
12.70000000001164	1.1350740190292683	0.1018919967641793
12.99333333328832	1.1350740190292683	0.10087553012948368
13.29333333321847	1.1378766709281245	0.11624959619923088
13.59999999997672	1.1434819747258018	0.09618979768336633
13.91499999992084	1.1397451055273264	0.09074319571326728
14.23666666634381	1.1378766709281245	0.1008280903370232
14.56499999994412	1.1416135401265648	0.09301383452741432
14.90166666638106	1.1434819747258018	0.08880182690331104
15.24666666635312	1.1406793228269456	0.10184289488098318
15.59833333315328	1.150955713122682	0.07861720848419362
15.95833333331393	1.1416135401265648	0.09801451709083758
16.32666666666046	1.1500214958230983	0.08037937326678657
16.70333333319286	1.150955713122682	0.08404506339920569
17.0899999999674	1.1565610169203593	0.06194206461129708
18.30166666663718	1.1528241477219192	0.10256165157849438
19.15833333326737	1.1546925823211565	0.1348992898959893
19.6016666663345	1.1621663207180366	0.008771686577429156
20.51833333319519	1.1621663207180366	0.028658309768609006