0.02998640062469349	9.893197314564627	3.704982033634436
0.05998640062716731	12.782535575412638	4.629108041769883
0.09998640062804043	15.321605067824079	6.861365269898133
0.1299864006268763	17.37697007048978	8.339426779910406
0.1599864006275311	19.191999143297476	7.584622204589378
0.1999864006265852	20.60747920968511	7.852505756495445
0.2299864006272401	22.11621264948767	6.386930158729104
0.2599864006278949	23.1336600244701	6.640572462693111
0.2999864006251301	23.488477737951317	2.9405459945393564
0.9599864006268035	21.471778768164977	0.8018653551875752
1.459986400626804	22.95549301022206	8.95560499826952
1.959986400624985	26.71443793210199	16.797953239035717
2.459986400626804	31.239880094002235	21.59502415229669
2.959986400626804	35.44310531524113	24.196244038963442
3.459986400624985	39.46967983724685	24.92832522968301
3.959986400626804	43.10959403045896	25.474617479517214
4.459986400626804	45.95268468335322	24.85660810944377
4.959986400624985	48.69721486028051	23.11506846060822
5.459986400626804	50.873885064136346	22.236850502836035
5.959986400626804	52.69952834204819	20.66873459803586
6.959986400626804	55.6654405111475	17.755680459815455
7.959986400624985	57.93081514337363	15.310725002329
8.959986400626804	59.62984611754328	13.996166140737621
9.959986400626804	60.88232231983162	12.839405462089115
10.95998640062499	62.17649718502909	12.083079748263316
11.9599864006268	63.212898497697466	11.408984499929486
12.9599864006268	64.15983722448813	11.306741851001739
13.95998640062499	64.93619051210514	10.729802186534164
14.9599864006268	65.59123859853199	10.040403374661496
15.9599864006268	66.3236187507175	9.766179252376988
16.95998640062499	66.85432900592446	9.745849295337644
17.9599864006268	67.45782238184547	9.55847238530273
18.9599864006268	67.8187053553862	9.447741199041145
19.95998640062499	68.35244824062285	8.521410885679416
20.9599864006268	68.86799534568105	8.49095722466427
21.9599864006268	69.30241959744328	8.649807541203968
22.95998640062499	69.63145995567159	8.24589748984481
23.9599864006268	70.03328343461399	8.545522030822829
24.9599864006268	70.12729496553631	8.170427204949725
25.95998640062499	70.45709348127207	7.869292317526292
26.9599864006268	70.95899375119637	7.9111897847074175
27.9599864006268	71.13261182039976	7.704012915078452
28.95998640062499	71.4040322080627	7.627995575306021
29.9599864006268	71.73762151133567	7.653591965296774
30.9599864006268	71.92488641567296	8.159760518867488
31.95998640062499	72.17204576309788	8.032488801613443
32.9599864006268	72.50563506637081	7.535885311287219
33.9599864006268	72.62087500750148	7.522529158453875
34.95998640062499	72.86803435492641	7.682187046559105
35.9599864006268	73.04165242412982	7.658878202998906
38.9599864006268	73.73839917346575	7.63428505128521
41.9599864006268	74.25925338107604	7.673008352316264
44.9599864006268	74.75508839094077	7.379479748767846
47.9599864006268	75.25850497587989	7.311623995061289
50.9599864006268	75.71719026788021	6.800355193211733
53.9599864006268	76.138725842016	6.690199297644368
56.9599864006268	76.40104833958969	6.778595588584482
59.9599864006268	76.86276626161973	6.9649930735150996
62.9599864006268	77.037900645838	6.53020587299822
65.9599864006268	77.47535752763002	6.456476554097323
68.9599864006268	77.56254564098543	6.562292664491534
71.9599864006268	77.91205625191459	6.411780922316347
74.9599864006268	78.33510814106523	6.561088784933712
77.9599864006268	78.46172044480747	7.042528900228892
80.9599864006268	78.71115426475473	6.738598716749404
83.9599864006268	78.87794891639119	6.8486575905379095
86.9599864006268	79.21078006215669	7.011957030599269
89.9599864006268	79.29417738797491	6.8159125624598
92.9599864006268	79.70054981196189	6.253885624090696
95.9599864006268	79.95756520698355	6.419155004533193
98.9599864006268	80.044753320339	5.6110457581232405
101.9599864006268	80.39578024628297	5.553372426386362
104.9599864006268	80.57091463050128	5.7450150583737445
107.9599864006268	80.65886090136414	5.565022419925248
110.9599864006268	80.79760372522539	5.973766012828289
113.9599864006268	80.93634654908664	5.762878235238356
116.9599864006268	81.06068438030655	5.17768006785178
119.9599864006268	81.14863065116941	5.299359314655846
123.799986400627	81.04021412760574	5.524966348317702
126.799986400627	81.20170167669008	5.168742054174652
129.799986400627	81.37380343087865	4.947095243516062
132.799986400627	81.54135624002257	5.1551337009136615
138.799986400627	81.79230637498463	5.373524562291479
144.799986400627	81.97047338923271	5.774938577363066
150.799986400627	82.29420664490895	5.524337225607355
156.799986400627	82.54591493737856	4.892842668968799
162.799986400627	82.71346774652243	7.232276928776908