0.03361111105186865	0.06629303090173944	0.01658830939442713
0.06694444449385628	0.07772286381583324	0.18187895393862705
0.1000000000931323	0.189354231943479	0.14699501687658306
0.1333333335351199	0.20459400916226889	0.3721444486296362
0.1666666668024845	0.34289498742279834	0.27866743832202834
0.3666666667559184	0.34289498742279834	0.24058365503423845
0.5333333334419876	0.48881585429272373	0.2887040013146251
0.7000000001280569	0.5474889965850691	0.4363952543679158
0.8666666666395031	0.6777890918057339	0.5197251361541592
1.366666666872334	0.8271389085498866	0.4758836571544599
1.866666666755918	1.0073492741620913	0.5635785161219075
2.366666666639503	1.1387923526741643	0.5182583397810747
2.866666666872334	1.2328979770001989	0.653126666499653
3.366666666755918	1.3601501167771048	0.8064702011862339
3.866666666639503	1.4740674514875682	0.7281580252650897
4.366666666872334	1.5529332985948128	1.1606545591759792
4.866666666755918	1.7289527254718495	1.36699325084292
5.366666666639503	1.802103656122048	1.189756317489389
5.866666666872334	1.903829169057478	1.1095244418771528
6.366666666755918	2.0040307042710297	1.1511075227453376
6.866666666639503	2.1027082617627015	1.3750944276882144
7.366666666872334	2.1693822870949115	1.3610191900736601
7.866666666755918	2.304254315481214	1.400211958073759
8.366666666639503	2.369404363091545	1.6209920198940606
8.866666666872334	2.4646529707089897	1.4064013006162694
9.366666666755918	2.5591395894654947	1.6034927234284095
9.866666666639503	2.622765659353948	1.6222789575021155
10.36666666687233	2.716490289249512	1.6880607179228901
10.86666666675592	2.8174538133240037	1.773924995745836
11.86666666687233	2.972518546525203	2.038915238165113
12.86694444465684	3.1279642741568727	2.129391298532121
13.86694444459863	3.3207474559745807	2.2538189838678595
14.86666666687233	3.4758121891757803	2.5725630588500668
15.8666666666395	3.630876922376981	2.476411878893319
16.86666666675592	3.8236601041946874	2.7696841223697057
17.86666666687233	3.9478642885278337	2.9595706841912284
18.8666666666395	4.1406474703455425	2.919594421539628
19.86666666675592	4.294950214685801	3.2609272117067127
20.86666666687233	4.448490970165122	3.1051856730251597
21.86694444465684	4.571171176776391	3.137676783225096
22.86666666675592	4.762430380872219	3.530730308480013
23.86666666687233	4.884729593053017	3.5769947490955403
24.8666666666395	5.007409799664286	3.8996230874610305
25.86666666675592	5.229148558197692	3.6984696394477035
26.86666666687233	5.351828764808964	4.185627014842995
27.8666666666395	5.512608414467212	4.305936249392719
28.86666666675592	5.635669615508948	4.15914092763401
29.86666666687233	5.8280718028961855	4.560649006330364
30.8666666666395	5.951513998368395	4.471229276444022
33.8666666666395	6.426995047594676	4.670870700449291
36.8666666666395	6.830087155031701	5.0687165035177415
39.86694444465684	7.193555841699869	5.157838018506937
42.86694444465684	7.630937447879175	5.285118846333932
45.8666666666395	7.992501162394991	5.985062289329961
48.86694444465684	8.34073007184437	5.91040042943896
51.8666666666395	8.781540627897902	6.470743351573008
54.8666666666395	9.097004016326878	6.578424084007633
57.8666666666395	9.517621867565511	6.494831671041354
60.8666666666395	9.806415645861605	6.882571147766799
63.86694444465684	10.159216488476615	6.600540630336345
66.86694444465684	10.518875230840091	7.0058769332041395
69.8666666666395	10.803097075970536	7.519397115084206
72.86694444465684	11.082746987935353	7.769238635084874
75.8666666666395	11.44202473586836	7.560579801270429
78.8666666666395	11.77615685139035	7.5932208408519895
81.8666666666395	12.096954161845904	7.644930465357167
84.8666666666395	12.343457558359853	7.2210688083920305
87.86694444465684	12.582722060694879	7.283692792250205
90.86694444465684	12.822367557460352	7.0635214827894055
93.8666666666395	13.022008639026527	7.102491868134865
96.8666666666395	13.236127508950537	7.723776955632833
99.8666666666395	13.524540292816164	7.749394225473377
102.8666666666395	13.74894601236286	8.124844097830163
105.8666666666395	13.963064882286869	8.55704831004956
108.8666666666395	14.26862241552364	8.545783698341316
111.8669444446568	14.47245443582496	8.836732408990464
114.8669444446568	14.739150537153808	9.139612802940851
117.8669444446568	14.982224983793536	9.381789054646315
120.8669444446568	15.16357833269714	9.101125301378325
123.8669444446568	15.445895205675248	9.551152114578787
126.8669444446568	15.690874624467313	9.506934772634247
129.8666666666395	15.908803438696038	9.553771597226207
132.8669444446568	16.13054219722945	9.584020564036058
138.8669444446568	16.57440070872672	9.761535830647174
144.8669444446568	16.985874693634088	9.77052600430271
150.8669444446568	17.385918845627355	9.908453616028739
156.8669444446568	17.785582003190147	9.85119107279491
162.8669444446568	18.152860634163016	9.85675871101343
168.8666666666395	18.533474070202335	9.809654252459877
174.8669444446568	18.8729401077509	9.690816986879451
180.8669444446568	19.199452334663487	9.583820608644883
186.8669444446568	19.514534728661996	9.217324946258566
192.8669444446568	19.774753924672858	9.027948438186806
198.8669444446568	20.09936117943312	8.831651851316657
204.8669444446568	20.359961369874448	8.77844466016578
210.8669444446568	20.582843111699262	8.785560650913974
216.8669444446568	20.817535680868644	8.222705581533699
222.8669444446568	21.04879930016379	5.77181646481957
228.8666666666395	21.291873746803518	6.735065913811337
234.8669444446568	21.534567199012773	6.71631457815374
240.8666666666395	21.626005862325517	6.709198624110669
246.8666666666395	21.40998202024915	6.210617737074674
252.8666666666395	21.657247405624023	6.881987901462517
258.8669444446568	21.898797874541877	6.028247595950139
264.8666666666395	22.06453045179622	5.631228468084889
273.8666666666395	22.335036497429773	7.7231206188509125
282.8669444446568	22.631450164335263	6.951498988133566
291.8666666666395	22.747272471198063	6.242957204634875
300.8666666666395	22.941960625168115	5.767768916001897
309.8666666666395	23.107693202422467	5.777816949622882
318.8666666666395	23.234945342199367	5.348358857072451
327.8669444446568	23.371341348307556	5.3966621575079285
336.8666666666395	23.473066861242984	3.060376270900213
345.8666666666395	23.684899764584188	2.523303836946027
354.8669444446568	23.82434372613613	2.1793395267312077
363.8666666666395	23.923021283627783	3.459083166115558
372.8666666666395	23.966835643131816	2.5419027792156195
381.8666666666395	23.620511705834797	2.22145721252854
390.8666666666395	23.61708275596056	1.9542895689706057
402.8669444446568	23.596509056715195	1.9983852801139412
430.0575000000536	23.989314314529533	3.787689294857121
442.0833333334886	24.15237993077061	3.7362520940165367
454.0833333334886	24.244961577374752	4.349747097958307
469.0833333334886	24.36154587309851	3.720786073418228
481.0836111113313	24.460604425020655	3.1247998879015686
503.4780555555481	24.524230494909112	3.7048424665563084
517.0833333334886	24.622527057970302	1.699691068728727