0.008333333360496908	1.6788601204875486	2.351843792110092
0.01666666672099382	3.3008167683113667	2.3468338692331017
0.02499999990686774	4.245331343766261	2.550290811823336
0.03333333326736465	5.013320547819064	2.866085741461165
0.04166666680248454	5.674148467585453	3.185053291839863
0.04999999981373549	6.27350402272238	3.4910046790341767
0.05833333317423239	6.82177105860649	3.807429773305535
0.06666666670935228	7.340963327436136	4.098264187550676
0.0750000000698492	7.825681229615486	4.382985632342206
0.08333333325572312	8.291292856301917	4.6947389184417805
0.09166666679084301	8.737798207495416	5.028746295975576
0.09999999997671694	9.170596882791799	5.3373402447873595
0.1083333331625909	9.598826666122495	5.676291946312722
0.1166666666977108	10.010857650665717	5.991242789339471
0.1250000000582077	10.42205792757878	6.302877654611188
0.1333333334187046	10.81705940570438	6.630210153595028
0.1416666666045785	11.211645530014914	6.969764917396
0.1499999999650754	11.596678516578985	7.320865733814012
0.1583333333255723	11.985865041293687	7.667986329220294
0.1666666665114462	12.364252366816734	8.031652421977777
0.1749999998719432	12.744716461415086	8.397099851728056
0.183333333407063	13.115212064451926	8.720096887474442
0.19166666676756	13.486953728933953	9.103044715808405
0.1999999999534339	13.85952610104611	9.4237431398562
0.2083333333139308	14.222129981596726	9.79682955159383
0.2166666666744277	14.59137952318838	10.11847215454915
0.2249999998603016	14.949829865588365	10.419938455281315
0.2333333333954215	15.309941623248598	10.761902499749988
0.2416666667559184	15.662992366052752	11.002353939828415
0.2500000001164153	16.015627755041855	11.272001223862384
0.2583333333022893	16.35829465246942	11.513004146042539
0.2666666666627862	16.70303831897231	11.711439862787929
0.2750000000232831	17.034075309578103	11.910782651186423
0.283333333209157	17.36635836162907	12.077505107418316
0.2916666665696539	17.68701150685826	12.228816970366042
0.3000000001047738	18.002680406306677	12.345496859653926
0.3083333334652707	18.31211899852915	12.459313534676934
0.3166666664765216	18.617404052600968	12.540743319237595
0.3250000000116415	18.914797384186606	12.585518141922352
0.3333333333721384	19.203468285655884	12.621906683681162
0.3416666665580124	19.488816356604673	12.66427525805656
0.3500000000931323	19.761703813101516	12.6979292419755
0.3583333334536292	20.03251450052306	12.62855481696928
0.3666666668141261	20.291695281122824	12.606766708979498
0.3833333333604969	20.791365920644484	12.559015393700049
0.3999999999068677	21.271099577043056	12.485080887275263
0.4166666668024845	21.703898252339464	12.478319294283628
0.4333333331742324	22.133374097115347	12.384054324451268
0.4500000000931319	22.539590128247657	12.251038416774044
0.4666666668141257	22.9466368670101	12.118227127807485
0.4833333331858736	23.314640347156555	12.049862290422174
0.5000000000814904	23.661460782734753	11.904620360799795
0.5166666666278612	23.992913127155596	11.759034702372105
0.533333333348855	24.30401313463832	11.206607973567658
0.5499999998952259	24.60389858911433	10.920542674062375
0.5666666667908427	24.888415952432982	10.542056644998878
0.5833333333372135	25.160057347484642	9.880548142638313
0.5999999998835843	25.41342317467351	8.159595853052323
0.6166666667792011	25.586625715555087	9.793638365625812