0.03216258861357346	1.482225817493271	2403.8309762076688
0.05216258861401002	4.959051809144153	7.77952672376593
0.07216258861444658	7.612419013298773	14.187048860626032
0.08216258861466486	9.765611250233444	13.470155422076928
0.1021625886132824	11.55892149855863	8.469669038568428
0.122162588613719	13.108243957996038	10.011971494001672
0.1321625886139373	14.468475881045446	9.5079751606003
0.1521625886143738	15.670115741317755	8.510185370509124
0.1721625886129914	16.719263233535226	9.523042769365192
0.1821625886132097	17.640317136586578	9.020342494833093
0.2021625886136462	18.463775924082846	8.788293597026264
0.2221625886122638	19.20183898546838	9.001982661503646
0.2321625886143011	19.842306931298797	8.611724091814287
0.2521625886147376	20.43397731935168	9.403045657506384
0.2721625886115362	20.964650760182597	8.184604365211763
0.2821625886135735	21.45872603268036	7.888321947670056
0.30216258861401	21.897904052678356	8.406249878763873
0.3221625886144466	22.3126832937876	7.020713484040997
0.3321625886128459	22.703063756008035	6.830674475336294
0.3521625886132824	23.0690454393397	7.562143580654861
0.372162588613719	23.41672803850481	6.856019414368486
0.3821625886121183	23.75221124822549	7.3803366542100175
0.4021625886143738	24.06329567905742	7.408651800738488
0.4221625886148104	24.362180720444954	7.423316938826948
0.4321625886113907	24.6488663723881	7.100007573582786
0.4521625886136462	24.92335263488684	7.271031013949939
0.4721625886140828	25.185639507941204	7.279301142445832
0.5021625886147376	25.679714780438978	6.954759679810673
0.5221625886133552	25.91150317988235	7.183342762033908
0.55216258861401	26.344581505158178	6.855802222086951
0.5721625886144466	26.545871430990587	6.813022991890648
0.6021625886132824	26.93015219848885	6.649129278501704
0.622162588613719	27.11314304015469	6.595973582398235
0.6521625886125548	27.460825639319786	6.456912522242594
0.6721625886148104	27.619417702096822	6.412740010510059
0.7021625886118272	27.93050213292875	6.374413282885401
0.7221625886140828	28.076894806261418	6.09640524573202
0.7521625886147376	28.35748076348237	5.883398415430674
0.7721625886133552	28.491674047370665	5.472940491626385
0.80216258861401	28.723462446814036	5.086186898816933
0.8221625886144466	28.821057562369162	4.5988186172563585
0.8521625886132824	28.997948709312787	3.8052063912617826
0.872162588613719	29.071145045979126	3.4302066050066453
0.9021625886143738	29.180939550978618	2.69575996241296
0.9321625886132097	29.26023558236717	2.227184392434722
0.9721625886122638	29.315132834866926	1.5430612354242967
1.002162588614738	29.351731003200065	1.1038739779500577
1.032162588613574	29.38222947681106	0.7924470340247636
1.072162588614447	29.394428866255453	0.5779354397630067
1.102162588613282	29.40662825569984	0.4587266490181155
1.132162588612118	29.412727950422013	0.297833659203385
1.17216258861481	29.41882764514422	0.1936740731947671
1.202162588613646	29.424927339866425	0.16059263656470274
1.232162588614301	29.431027034588613	0.11745053398787995
1.272162588613355	29.424927339866425	0.09877521900904314
1.30216258861401	29.431027034588613	0.08648263054680758
1.352162588613282	29.431027034588613	0.055080871310196025
1.452162588611827	29.4371267293108	0.030314552490102606
1.502162588614738	29.4371267293108	0.03147369302387247
1.55216258861401	29.431027034588613	0.02294481250366323
1.602162588613282	29.4371267293108	0.048973021897586275
1.652162588614374	29.4371267293108	0.028298087013778467
1.702162588613646	29.4371267293108	0.029057950129006502
1.752162588614738	29.4371267293108	0.05353374392747248
1.80216258861401	29.443226424032996	0.055054352520166876
1.852162588613282	29.443226424032996	0.056575118040665624
1.902162588614374	29.443226424032996	0.058096026940152756
1.952162588613646	29.443226424032996	0.05366140802162408
2.002162588614738	29.4493261187552	0.05351252235113323
2.05216258861401	29.4493261187552	0.05966549089748045
2.102162588613282	29.4493261187552	0.05987438022982892
2.152162588612555	29.4493261187552	0.05260452353304346
2.202162588611827	29.4493261187552	0.051677896665944495
2.272162588613355	29.45542581347738	0.030861232770229733
2.332162588614665	29.45542581347738	0.030147267835424804
2.402162588614374	29.45542581347738	0.027306541906309434
2.472162588612264	29.45542581347738	0.0253700417606645
2.532162588613574	29.45542581347738	0.02810054121228208
2.602162588613282	29.45542581347738	0.027990964169484413
5.202162588611827	29.443226424032996	0.0005735834597070189
5.872162588613719	29.4493261187552	0.025056900729811964
8.422162588612991	29.443226424032996	0.0009535083166965958
8.622162588613719	29.443226424032996	0.0005815123890492824
9.472162588614083	29.4493261187552	0.02613671544364835
9.702162588611827	29.4493261187552	0.02587326941544893
13.80216258861401	29.4493261187552	0.026324764640127073
14.12216258861372	29.4493261187552	0.026054933204805036
14.45216258861365	29.4493261187552	0.025816310844254394
14.80216258861401	29.4493261187552	0.05238231721290368
15.15216258861437	29.4493261187552	0.026270528035098453
15.50216258861474	29.45542581347738	0.026325517414845272
15.87216258861372	29.45542581347738	0.05232442460500156
16.25216258861474	29.45542581347738	0.05969656217708911
16.63216258861394	29.461525508199585	0.039158032742724946
17.02216258861336	29.45542581347738	0.1088070816321767
17.42216258861299	29.45542581347738	0.21886732493194885
17.83216258861467	29.461525508199585	0.04539680371991987