0.08388888876652345	16.19386254339057	22.194937363462223
0.1672222221968696	33.30208879651207	34.41792888344261
0.2505555554525927	49.49595133990266	43.63996606702656
0.3336111110402271	61.863923624156435	54.079326555494134
0.4169444442959502	74.0153360824213	67.00529239803171
0.5002777775516734	86.7923658157651	89.12488675998087
0.5836111108073965	100.72438128771638	114.20290631921101
0.6669444444123656	116.26856435314038	146.9244335103695
0.7502777776680887	134.0745944900037	153.42789810192912
0.8336111110984348	154.55152914739654	154.86878625272266
0.9169444443541579	175.29314803655367	149.308617330312
1.000277777609881	191.79981921748373	118.21560390078439
1.083611111040227	202.67593492270316	104.45295412884063
1.16694444429595	207.82524634066087	84.7665014812509
1.249999999883585	210.61646187562872	63.809509604133176
1.333333333139308	211.89175862867418	48.390517284907226
1.416666666395031	212.54143810664095	30.449386185675795
1.5	212.9745577586187	17.97069716632245
1.583333333255723	213.2873663961581	10.89745134735441
1.666666666511446	213.52798842503472	9.542625348009407
1.749999999941792	213.72048604813594	6.1970135005475395
1.833333333197516	213.91298367123713	4.709067253662125
1.916666666627862	214.08141909145067	4.1274508281383095
1.999999999883585	214.20173010588888	3.927342695815492
2.083333333139308	214.32204112032716	3.56464081582865
2.166388888726942	214.44235213476557	3.4046310403479936
2.249722221982665	214.58672535209143	3.3640341590528022
2.333055555238389	214.6829741636421	3.2498703946751633
2.416388888843358	214.77922297519268	3.2171537532985837
2.499722222099081	214.87547178674322	3.1366082320614175
2.583055555529427	214.9957828011814	3.0856211661152666
2.66638888878515	215.0920316127322	3.046976833719917
2.749722222215496	215.1882804242828	3.0416256782433493
2.833055555471219	215.2604670329458	3.0446479390768575
2.916388888726942	215.35671584449634	2.988423539551271
2.999722221982665	215.45296465604702	2.987744232240032
3.083055555238389	215.54921346759755	2.9290718499890382
3.166111110826023	215.62140007626047	2.8878014845798834
3.249444444430992	215.69358668492345	2.860401576343736
3.332777777686715	215.7898354964741	2.8713436818882485
3.416111110942438	215.86202210513704	2.8587430917136056
3.499444444372784	215.91014651091234	2.7865542693875702
3.582777777628508	215.9823331195753	2.7445477379152536
3.666111111058854	216.0545197282383	2.7163688338934526
3.8327777775703	216.17483074267662	2.73542320514142
3.999444444430992	216.27107955422713	2.6645475875163043
4.16583333327435	216.39139056866543	2.543148201778032
4.332499999960419	216.4635771773283	2.572134294156358
4.499166666646488	216.5598259888791	2.519695062943768
4.665833333157934	216.65607480042965	2.4219767989642427
4.832499999669381	216.72826140909262	2.4722220607571455
4.998888888861984	216.8004480177554	2.4044587101157657
5.165555555548053	216.89669682930614	2.33793219470702
5.3322222220595	216.9688834379691	2.2653763579945903
5.498888888745569	217.04107004663197	2.2665776061851206
5.665555555257015	217.08919445240736	2.2219230732536785
5.832222222117707	217.16138106107036	2.220975945343633
5.998611110961065	217.25762987262095	2.21840858650767
6.165277777647134	217.30575427839634	2.215192038529737
6.331944444333203	217.35387868417143	2.1801293661872325
6.498611110844649	217.42606529283438	2.1853717654934512
6.665277777705342	217.49825190149747	2.2142995629696665
6.831944444391411	217.54637630727285	2.2064880221245247
6.998333333234768	217.5704385101604	2.1921591232392967
7.164999999920838	217.5945007130481	2.1800005090961503
7.331666666432284	217.64262511882336	2.20176053241032
7.581666666548699	217.71481172748634	2.188652288633001
7.831388888822403	217.78699833614937	2.2019316590911058
8.081388888764195	217.8591849448124	2.225998373859098
8.33138888888061	217.90730935058767	2.189672114753997
8.581388888822403	217.97949595925056	2.2265804339810082
8.831111111096106	218.05168256791356	2.2212670208646186
9.081111110863276	218.12386917657648	2.1779832231182064
9.331111110979691	218.1719935823517	2.2046247462818855
9.581111111096106	218.2441801910146	2.255989150214211
9.830833333195187	218.29230459679005	2.3162320388881876
10.0808333333116	218.36449120545308	2.3087148387615137
10.3308333332534	218.41261561122818	2.3350317416477755
10.58083333319519	218.46074001700364	2.3699598401486828
10.83055555529427	218.50886442277894	2.4137452182633536
11.08055555541068	218.58105103144194	2.334626959942088
11.41388888878282	218.65323764010492	2.3251938298938395
11.74694444413763	218.72542424876795	2.2248731337885843
12.08027777768439	218.79761085743067	1.8304880516785655