0.04999999998835847	86.15981622543428	5.0919540265909555
0.06666666636010632	88.9597578720186	12.76544408527965
0.08333333325572312	92.33275226281376	13.28717450903479
0.09999999980209395	94.48244234990524	13.053785044393761
0.1166666665230878	96.65885510382485	14.514570649494221
0.1333333332440816	98.64227081953891	15.723863710145206
0.1499999999650754	100.58411794240841	16.98032254421974
0.1666666665114462	102.4190743979644	18.09714818113187
0.1833333330578171	104.23918492750435	19.549657749520346
0.1999999999534339	105.93162049330824	20.98038072138469
0.2166666664998047	107.68937813358183	19.625889709032542
0.2333333332207985	109.38775206979217	21.171860478726995
0.2499999999417923	110.37055237203968	15.23797672538362
0.2666666666627862	112.06892630824974	26.09510907410922
0.283333333209157	111.89374438126325	36.19959599604035
0.2999999997555278	115.76556188618977	35.642461844717104
0.3166666666511446	118.29233849408315	45.784963659011176
0.3333333331975155	119.91945198541718	35.30511186612236
0.3499999999185093	121.8137921450367	32.12801213580889
0.3666666666395031	122.94802089264542	31.75591832157197
0.3833333330112509	124.08521882545745	33.10218741117124
0.3999999999068677	125.55496550102421	33.09153643554839
0.4166666664532386	127.00392788016856	35.34332751789631
0.4333333331742324	128.49445885215735	37.743506156572714
0.4499999998952262	129.9760822685363	37.95951703918815
0.46666666661622	131.3686301288205	39.11664016275298
0.4833333333372138	132.78493147073007	44.70823145091917
0.4999999997089617	134.01120495963733	45.48910424038713
0.5166666666045785	135.40078363471835	46.93068792532372
0.5333333331509493	138.11758809561405	48.673056235341356
0.5499999998719431	139.38246099216227	50.330567420825474
0.566666666592937	140.76610129683712	53.04941192438538
0.5833333333139308	142.14677241630866	54.72824629778729
0.5999999998603016	143.64918012910994	51.44285619741757
0.6166666664066724	145.05954310061338	54.15130493905297
0.6333333333022892	146.56788918382097	56.903665833079096
0.6499999998486601	147.97825215532418	59.170939591343604
0.6666666665696539	149.4836290533286	60.6720008957081
0.6833333332906477	151.02760535897448	63.154148934781276
0.7000000000116415	152.68144151713722	65.14139804747597
0.7166666665580124	154.2343253783923	67.02595278393287
0.7333333331043832	155.81393190647591	69.67148531199241
0.7666666665463708	158.92860718459585	73.23331109229584
0.7999999999883585	162.0848510555598	76.5202946879254
0.8333333332557231	165.34204722343154	79.6196032996316
0.8666666665230878	168.48641435358292	82.84961284606024
0.8999999999650754	171.7287645954389	86.32765177914713
0.9333333330578171	174.85828579957476	217.6941852258337
1.066666666651145	177.22769559170004	963.6900819585245
1.099999999918509	147.42895289273886	1012.7209941715814
1.133333333011251	156.07225101915114	1019.6555395683883
1.166666666453239	152.54485899779132	941.0735573659001
1.199999999895226	388.6930657610929	855.0188958648916
1.233333333337214	389.50662250675975	1002.4610190872594
1.266666666604579	389.7857259158574	132.3688423935913
1.299999999871943	389.89558576837464	128.3216217664281
1.616666666523088	119.51564279778707	7.813129306393848
1.666666666511446	115.05295743743042	83.96752960322783
1.716666666499805	114.4650587672037	112.98366712533658
1.766666666662786	129.88403752723815	155.14624740047907
1.816666666651145	136.50235134509245	185.92494039177114
1.866666666639503	142.93657568035036	230.94713122308298
1.916666666453239	148.622565344411	267.49738325512453
1.96666666661622	154.11852715546883	224.02697089201945
2.016666666604579	159.602612225714	221.11605109663103
2.066666666592937	164.95902233222344	218.2412498308118
2.116666666406672	170.27386384588814	218.7019052698854
2.166666666569654	175.4639995810201	221.02164546930877
2.216666666558012	180.52646035241622	224.96149129602685
2.283333333267365	186.90130098361067	231.45059080126669
2.349999999802094	193.13658991025684	238.72408276904966
2.416666666511446	199.6777049128287	249.23627563255212
2.483333333220799	206.4029093979968	259.96778213483714
2.549999999755528	213.46957018152884	266.3901412120784
2.616666666639503	220.8598721522058	275.46063642152524
2.683333333174232	228.36597234580628	281.73489566396427
2.749999999708962	235.70579816802947	285.98184112404965
2.816666666592937	242.7219828031079	284.52520703887393
2.883333333302289	249.5036018071361	283.2339233399132
2.950000000011642	256.0001790316604	278.73227449140546
3.033333333267365	263.74975241192044	270.6974980157916
3.116666666523088	271.02128697447085	261.69178564565675
3.199999999953434	277.92761175703214	248.40131475470872
3.283333333209157	284.25791461017945	236.0814009135061
3.366666666639503	290.184408275696	224.1712561297577
3.449999999895226	295.5734794194404	210.9324546906154
3.533333333150949	300.2647920404404	197.99022698413432
3.616666666406672	304.56120302941986	186.28890100320004
3.716666666558012	309.2614232060297	173.22093197015934
3.816666666360106	313.61127952866616	160.25838804375942
3.916666666511446	317.52763481164044	150.31623507371404
4.016666666662786	321.1233180926728	141.32814217021294
4.116666666639503	324.4161444829825	133.58123387674644
4.21666666661622	327.45065176061695	125.80830864584989
4.316666666592937	330.3782683709373	117.73744168690543
4.416666666569654	332.97036705330004	111.24473060127303
4.533333333267365	335.725770921837	103.79130683184371
4.649999999965075	338.37131493785694	96.4771752555095
4.766666666662786	340.5328817657606	90.88724156113292
4.883333333011251	342.4598829626146	83.92805928549032
4.999999999708962	344.3987609002813	77.72527143645546
5.116666666406672	346.1001040216946	71.79304886237925
5.25	347.75690936506066	64.97426629446434
5.383333333244082	349.547328042569	59.75085583393593
5.516666666662786	350.8775230135866	54.97687866476343
5.649999999906868	352.0444127984305	51.08936029966961
5.783333333150949	353.05393576750635	46.22436668259546
5.933333333290648	354.075335477395	42.738761904765646
6.083333333255723	354.98984451996984	38.51619577991099
6.233333333220799	355.7796477840116	35.73531076994736
6.383333333011251	356.792139938291	33.52631894835637
6.533333333150949	357.32659327486056	31.686094396362765
6.700000000011642	358.1163965389022	29.46484552310375
6.866666666523088	358.86166202489676	27.741248858797828
7.033333333209157	359.50003684357694	25.583435006722286
7.199999999895226	360.1235657362417	24.387600314334335
7.366666666406672	360.6698958136242	23.9479833899098
7.549999999988359	361.1301195201144	22.68798545882629
7.733333333220799	361.60815833782425	21.44363789116069
7.916666666453239	361.8664774504993	24.474479436542275
8.099999999860302	362.56423597324306	23.194657223446423
8.299999999988358	363.009613753718	22.40749420044537
8.499999999941792	363.4668682750052	22.191847072435863
8.699999999895226	363.8884925738546	21.89709064844561
8.933333333290648	365.3107322861705	22.256721746950145
9.149999999965075	365.64031184372175	20.51435680290496
9.366666666639503	365.99958325330476	19.999255503140276
9.58333333331393	366.367762218497	19.466635286976885
9.816666666360106	366.78344814694015	18.888936241742133
10.04999999975553	367.1545962973358	14.567587686693674
10.28333333315095	367.4515148176524	14.575465678124583
10.53333333326737	367.7514025231719	14.244809342147306
10.78333333320916	368.060197784301	13.677253355236251
11.03333333315095	368.3600854898208	13.142757167549044
11.29999999998836	368.6896650473718	13.046028702929743
11.56666666665115	369.00736786411045	12.762268110092684
11.8499999998603	369.30131719922406	12.675069419474529
12.13333333324408	369.54775957108643	12.268226089617855
12.41666666645324	369.82389379498073	12.027525216175942
12.71666666655801	370.17722683415735	11.708307472032478
13.01666666666279	370.41179246520744	11.408153922609202
13.33333333331393	370.69089587430517	11.297676336488767
13.64999999996508	370.904677208933	11.227063927494381
13.96666666661622	371.1481503955922	11.198721371303298
14.29999999998836	371.4005311378615	10.66161152850779
14.63333333301125	371.6440043245207	10.810330518509621
14.98333333310438	371.9052926223995	10.445116735014404
15.33333333319752	372.12798151263684	10.659368300577663
15.70000000001164	372.401146551328	10.582767029034198
16.06666666665115	372.6208662563622	10.510829963117875
16.45000000001164	372.89106210985005	10.442487242912637
16.83333333319752	373.0751515924463	10.2391474082494
17.23333333310438	373.3364398903249	10.47347012672975
17.63333333301125	373.5620979657652	10.511645966058909
18.04999999998836	373.79369441161225	10.151817222516737
18.46666666661622	374.0193524870526	9.832931845148028
18.89999999996508	374.22719545127444	9.931480310946066
19.3499999998603	374.5062988603719	9.735745359855738
19.79999999975553	374.7794638990627	9.9066399466684
20.26666666654637	374.91901560361174	10.085977198511193
20.74999999970896	375.11498182702036	10.202353927102664
21.2333333332208	375.31985560603886	10.82390116182666
21.73333333310438	375.53363694066655	10.713418394884242
22.24999999970896	375.80086360895166	10.48399242933761
22.76666666666279	376.0680902772362	10.387206291866958
23.29999999998836	376.3204710195054	10.674463460435959
23.8499999998603	376.6678656882758	10.85721024615958
24.39999999990687	376.9113388749353	11.15040775574543
24.96666666649981	377.12808939476605	10.782473230260065
25.54999999998836	377.24685680289264	10.538901240946522
26.14999999984866	377.5022067303652	10.409106679719043
26.76666666660458	377.75161828743086	9.629773259325686
27.39999999990687	378.02775251132516	9.515528555649286
28.03333333320916	378.2029344383118	9.499773551374979
28.68333333305782	378.4137465877364	9.950581278623972
29.34999999980209	378.6334662927709	9.701394184680478
30.03333333326737	378.80270984935123	9.742694743972331
30.73333333310438	379.02242955438544	9.62252976792774
31.45000000001164	379.2332417038101	10.228078611410576
32.18333333329065	379.44999222364095	10.257222264391645
32.93333333329065	379.64595844705	9.444255743041806
33.70000000001164	379.8983391893189	10.67370658349253
34.48333333310438	380.1418123759783	10.59917709088378
35.28333333326737	380.44763845190425	10.827787332784956
36.09999999980209	380.6614197865324	10.808487522856264
36.93333333305782	380.7000191941733	10.790238784470878
37.79999999975553	381.13648941903875	10.75980047538618
38.68333333317423	381.33839401285394	10.47541426847942
39.58333333331393	381.5967131255291	10.00131739195412
40.5	381.8045560897505	9.74984887339734
41.44999999995343	381.9945839427532	10.686616843954104
42.41666666645324	382.2380571294126	9.826971596157719
43.39999999984866	382.4162082416025	9.437612993177508
44.41666666651145	382.6181128354179	9.345349621543132
45.44999999989523	382.7754796511854	9.426394214809433
46.5	383.0159836526421	9.528811481376355
47.58333333319752	383.2594568393016	9.488521107546834
48.68333333329065	383.37228587702145	9.851780410624215
49.81666666665115	383.60685150807154	10.086946956563622
50.96666666655801	383.8265712131058	9.9434915065806
52.14999999990687	384.0344141773274	9.926685768713126
53.36666666652309	384.26601062317434	9.602615706059408
54.5999999998603	384.51542218023997	10.332847662166246
55.8666666666395	384.7618645521028	10.173350272733925
57.16666666651145	384.88657033063583	10.244141322802095
58.5	385.1211359616856	10.63952729414902
59.8499999998603	385.290379518266	10.189004452855093
61.23333333333721	385.5546370013478	10.02363529671315
62.64999999990687	385.7506032247568	10.019137155645982
64.09999999991851	385.97923048540025	10.162137665468798
65.58333333319752	386.2642722649039	7.095260200331161