0.2500000002910383	2.3234667267528	7.317103347867068
1.233333333337214	16.264267087269605	10.16417475699576
1.916666666802485	20.911200540775205	11.977905865129358
2.733333333337214	25.558133994280805	9.929116323436949
3.833333333430346	27.881600721033603	16.896050215427763
4.300000000221189	30.205067447786398	11.517642987235718
5.000000000232831	30.205067447786398	9.84872310998536
5.683333333523478	32.528534174539196	20.404195406227146
6.116666666697711	32.528534174539196	27.97752911644263
6.916666666686069	37.1754676280448	27.800430127808063
7.166666666802485	37.1754676280448	23.007117126449433
7.60000000015134	39.4989343547976	22.089697186654902
8.183333333290648	39.4989343547976	23.25458224206655
8.9166666669189	41.82240108155042	26.461951899586786
9.566666666942183	44.145867808303194	33.37648969289631
10.15000000008149	46.46933453505601	37.689242781663204
10.88333333353512	48.792801261808805	40.5573302892837
12.10000000015134	53.439734715314394	43.18588807648193
12.81666666688398	55.76320144206721	46.43958967238256
13.51666666689562	58.08666816882002	46.05669013087039
14.06666666694218	60.4101348955728	40.046895933348225
14.7666666667792	62.73360162232561	50.78514961750003
15.5166666667792	65.0570683490784	44.447780692680944
16.13333333353512	65.0570683490784	49.05716591420972
16.90000000008149	69.70400180258399	47.28682384886243
17.50000000029104	69.70400180258399	51.32391342372205
18.08333333343035	72.0274685293368	62.95849244383983
18.81666666688398	74.35093525608961	56.5816366376604
19.56666666688398	76.67440198284241	69.31637799644243
20.1666666669189	78.99786870959521	69.28308157297649
20.83333333348855	81.32133543634801	73.4531343100169
21.5333333335002	83.6448021631008	76.57865206305281
22.1166666666395	85.9682688898536	77.93693305846456
22.85000000009313	88.29173561660639	79.62101230002622
24.11666666669771	92.93866907011203	87.8791030550301
24.88333333359333	95.2621357968648	81.78857889837748
25.54999999998836	97.58560252361762	88.69980146709909
26.68333333352348	102.2325359771232	94.25947091673693
27.81666666688398	104.55600270387608	91.65484607794757
28.93333333352348	109.20293615738161	92.98055262879174
30.13333333359333	113.84986961088725	103.3453932746631
31.2833333335002	116.17333633764	107.9739227410064
32.0333333335002	118.49680306439289	107.92284349795811
33.5333333335002	125.46720324465123	113.58247303719682
34.63333333359333	127.79066997140409	123.83733290037777
35.83333333348855	132.4376034249096	120.38735815110107
37.06666666682577	137.0845368784152	123.25744601674067
38.50000000029104	141.73147033192083	131.0282583879701
40.5	146.3784037854264	127.3667524555116
41.71666666679084	151.02533723893205	129.11100711590024
42.93333333358169	155.67227069243762	131.73065969050936
44.10000000003493	157.9957374191905	135.2457651028614
45.56666666694218	162.64267087269604	145.2972703646363
47.68333333352348	169.6130710529544	141.21850831738575
49.31666666694218	174.26000450646004	154.19460647720157
50.81666666694218	178.9069379599656	150.51343791713796
52.03333333338378	181.23040468671837	153.1932051101718
53.26666666689562	185.87733814022408	146.01228559447185
54.63333333330229	190.52427159372962	147.02195552480984
56.0166666667792	192.84773832048234	146.76067386718182
57.60000000003493	197.49467177398807	154.35103287112338
58.93333333352348	199.81813850074067	155.4324542480416
60.76666666689562	204.46507195424644	148.28658942474019
62.71666666679084	209.11200540775218	149.66610685372063
64.5	213.75893886125775	151.23630939516553
66.33333333354676	218.40587231476326	148.55268679414954
68.13333333330229	223.05280576826883	150.60738216301831
70.91666666680248	227.69973922177454	153.9161289740657
72.75	232.34667267528002	144.67880030451838
74.81666666694218	234.67013940203285	137.8051427965371
77.00000000023283	239.3170728555383	135.17765504267211
78.96666666684905	243.96400630904412	142.41250883218407
80.9000000001979	246.2874730357969	132.74676609723258
82.93333333352348	248.61093976254966	133.00234422684625
84.88333333359333	253.25787321605532	128.45859982879207
91.81666666682577	262.55174012306657	119.99194363471948
94.60000000015134	264.8752068498193	112.1464399228688
97.2666666667792	269.5221403033249	109.91807502877444
99.70000000018626	271.84560703007764	106.20838127970542
102.3166666668258	274.16907375683047	103.02264057036454
105.0166666668956	276.4925404835831	105.1995862141353
109.7833333333838	281.13947393708895	94.3135744155599
112.8333333335468	283.4629406638417	93.61093465408183
116.1500000001979	285.7864073905945	94.6733737155747
119.3333333334304	288.10987411734726	95.2003142856474
122.1333333333023	290.4333408440999	93.01486097218171
125.4666666668491	292.75680757085286	85.5259941662356
128.7166666667908	295.08027429760557	84.95184554642711
131.9500000001863	297.4037410243584	86.04054826958158
135.3000000002794	299.7272077511111	86.66867259594991
138.5333333335002	302.0506744778641	76.70343376458649
141.7833333336166	302.0506744778641	74.1103085873501
145.6333333335933	304.37414120461693	73.51968164451365
149.6166666666395	306.6976079313697	73.26499110297728
153.6000000000349	309.0210746581224	66.96271819574204
157.566666666884	309.0210746581224	72.17080983122555
162.0166666668956	311.34454138487524	73.14011000967348
166.3166666669422	313.668008111628	73.86441441997533
170.500000000291	313.668008111628	77.73287058200039
174.9666666668491	315.9914748383807	77.95595157659993
179.6500000000815	318.31494156513355	96.8398504118075
183.9666666668491	320.6384082918864	96.44583506970088
188.6666666668025	322.96187501863915	95.62778313072207
193.566666666884	325.28534174539215	96.73131403208647
198.6500000001979	327.608808472145	97.21837385541814
204.1500000001397	332.25574192565045	98.07299271754852
209.6666666668025	334.5792086524033	97.65803558409489
215.6000000000931	336.90267537915594	86.9494395124481
220.9833333333372	336.90267537915594	90.21170703181323
226.6333333335933	339.2261421059089	91.53722205755408
232.2666666667792	341.54960883266153	64.59444797104658
237.7666666668956	343.8730755594145	61.51108478217689
243.250000000291	343.8730755594145	52.72545139782695
249.1000000001513	346.1965422861672	57.56105180563615
254.9166666669189	348.52000901292007	46.83528092560725
285.3333333335468	349.368074368185	29.069157954743037
309.3333333335468	353.0856211309894	51.89183277817883
333.3333333335468	357.035514566469	84.60421627610486