0.0008333332953043282	1.8437782145065988	2.78816791356651
0.001666666648816317	3.7142035849760333	2.609761624339181
0.002500000002328306	4.750880440992397	3.39144779591344
0.003333333355840296	5.896195702088069	4.146878732096217
0.004166666360106319	6.849343973067027	3.711217776717584
0.004999999888241291	7.441730747933507	0.521324127253551
0.005833333067130297	7.166547618086364	1.0110442391318781
0.006666666595265269	7.624673722524622	2.947132074943096
0.007499999774154276	7.920867109957873	2.473917305332894
0.008333333302289248	8.177089763446835	2.6750571885869605
0.009166666481178254	8.440999096540473	2.946246820192016
0.01000000000931323	8.73975471050861	3.0705269955932066
0.01083333318820223	8.981116450095207	3.233184432093702
0.01166666654171422	9.209667057007367	3.251141097465662
0.01249999989522621	9.442317226375357	3.4981011711642487
0.0133333332487382	9.665743380217718	3.649694722108508
0.01416666660225019	9.908642455725266	3.7838044619160986
0.01499999995576218	10.118232586279243	3.784232622372229
0.01583333330927417	10.333459615209959	3.8959981302592555
0.01666666666278616	10.509740800810375	3.9051639966699416
0.01750000001629815	10.720868267285278	3.9744740170336446
0.01833333302056417	10.916109929243872	4.038646864609361
0.01916666654869914	11.087266661774505	4.145561431871144
0.01999999972758815	11.256373613077221	4.183649919960301
0.02083333325572312	11.436754361133463	4.1951768593915615
0.02166666643461213	11.594075070375679	4.357490212778284
0.0224999999627471	11.764206912292352	4.384968901943937
0.0233333331416361	11.921527621534572	4.350290948810618
0.02416666666977108	12.088584791609373	4.409247514681856
0.02499999984866008	12.2300196963353	4.450161654569427
0.02583333320217207	12.367867483912347	4.463993253777488
0.02666666655568406	12.505202826182435	4.476200867267373
0.02749999990919605	12.63536393415483	4.465421746708383
0.02833333326270804	12.786535299713321	4.534706196928457
0.02916666661622003	12.916183962378739	4.624224616911699
0.02999999996973202	13.039170836053437	4.639878932739846
0.03083333332324401	13.165744826876992	4.6778035162798615
0.031666666676756	13.295393489542398	4.65595146948197
0.03249999968102202	13.42247992567294	4.671697352511716
0.03333333320915699	13.533680557287136	4.719682547538146
0.034166666388046	13.645393634208341	4.7268410685350135
0.03499999991618097	13.771967625031884	4.746648380733992
0.03583333309506998	13.875994022348406	4.727877595311197
0.03666666662320495	13.978995529050968	4.703169041841539
0.03833333333022893	14.190122995525876	4.838822871344395
0.03999999986262992	14.393563782396114	4.774121945632125
0.0416666665696539	14.585218327205853	4.844091718322011
0.04333333327667788	14.789684004690036	4.866021254650602
0.04499999998370186	14.957253620071834	4.910460328123302
0.04666666669072583	15.137634368128053	4.877843650868823
0.04833333304850385	15.311865772500564	4.809745012274261
0.04999999975552782	15.479435387882349	4.903695689864227
0.0516666664625518	15.62753208159897	4.839073549552943
0.05333333316957578	15.781778118999322	4.886161604129512
0.05499999987659976	15.927312586181051	4.83465872202357
0.05666666658362374	16.0748968345907	4.798594426383802
0.05833333329064772	16.208132614404956	4.822466366630019
0.05999999999767169	16.354691972200644	4.79589357842836
0.06166666653007269	16.478703736489305	4.819997572199115
0.06333333323709667	16.603740391391923	4.816289011234504
0.06499999994412065	16.72467748383872	4.782503869515973
0.06666666665114462	16.844589685671558	4.7204813088576545
0.0683333333581686	16.964501887504376	4.747060206967347
0.0699999998905696	17.075702519118607	4.74790233851729
0.07166666659759358	17.19510227564446	4.727473925406041
0.07333333330461755	17.290417102742357	4.687251892900207
0.07583333319053054	17.449787593212484	4.71306598965042
0.07833333307644352	17.602496294691903	4.743455253385187
0.08083333331160247	17.744956090031792	4.699553686633343
0.08333333319751546	17.87511719800418	4.766622754260765
0.08583333325805143	18.026288563562655	4.7275190257194915
0.08833333331858739	18.165673687060657	4.640106057509324
0.0908333330298774	18.294297459112116	4.506787591299452
0.09333333326503634	18.421383895242652	4.353790328372573
0.09583333315094933	18.541296097075467	4.087899246304576
0.0983333332114853	18.645834939698982	3.8723805860405087
0.1008333332720213	18.733463087192195	3.709583236901238
0.1033333333325572	18.809817437931912	3.518046433300347
0.1058333332184702	18.876435327839047	3.373682333533003
0.1083333331043832	18.947152780201996	3.2647989381905016
0.1108333333395422	19.013770670109142	3.1484103409958246
0.1141666665789671	19.105498380058187	3.03792058433734
0.1174999999930151	19.197226090007227	2.9987505689581715
0.1208333330578171	19.287928909342323	2.9443505660418743
0.124166666471865	19.36735793192391	2.9606569676516887
0.127499999885913	19.433975821831037	2.880364729645492
0.1308333332999609	19.500081266431177	2.7926200908663428
0.1341666665393859	19.567211601645297	2.6787191517230866
0.1374999999534339	19.63331704624545	2.6589626002227673
0.1408333331928588	19.70403449860842	2.616855808782381
0.1441666666069068	19.760403482375985	2.6049172491907737
0.1475000000209548	19.817284911450514	2.601654897452265
0.1516666666138917	19.882365465436735	2.542178084591962
0.1558333332068287	19.950520691264785	2.4991779882945404
0.1599999999743886	20.01611369055796	2.444421491967463
0.1641666665673256	20.07965690862322	2.42394403422352
0.1683333331602626	20.133463665855903	2.3738899510061984
0.1724999999278225	20.19188243085139	2.362662714892024
0.1766666665207595	20.244664297470123	2.324653691165528
0.1808333331136964	20.297958609395817	2.291467362991905
0.1858333332347684	20.359964491540165	2.2528896546113097
0.1908333333558403	20.40915924101004	2.2227554126506828
0.1958333333022893	20.470652677847397	2.2020625861231093
0.2008333332487382	20.52497188038705	2.1533230169963735
0.2058333330205642	20.57467907516391	2.1413215860400743
0.2108333331416361	20.626948496475656	2.106415540786456
0.215833333262708	20.669993902261808	2.1199914247477514
0.220833333209157	20.719188651731688	2.094860598765312
0.2266666665091179	20.766846065280635	2.103163773300733
0.2324999999837019	20.82014037720635	2.092949111304237
0.2383333332836628	20.867797790755283	2.0794934619232315
0.2441666665836237	20.91443031369028	2.072355869731536
0.2499999997089617	20.964649953774103	2.0283985009245193
0.2558333333581686	21.01640692977889	2.0390770596762207
0.2625000000116415	21.06560167924877	1.9778660610977652
0.2691666664904915	21.116333764639577	1.9713252498514076
0.2758333333185874	21.159379170425716	1.9538830149275264
0.2824999999720603	21.199862349676994	1.8994670133313343
0.2891666666255333	21.243932646077088	1.8318286061029039
0.2966666666325182	21.2828784894074	1.7830799432237403
0.3041666666395031	21.328998567035423	1.7489472603732494
0.311666666471865	21.3715315275146	1.7363354372157442
0.3191666666534729	21.408940034923976	1.7329098227453634
0.3266666666604579	21.44481120641243	1.6939450357374106
0.3350000000209548	21.481194823207854	1.6900063541679426
0.3433333332068287	21.522702893073085	1.6607509253100938
0.3516666665673256	21.56164873640341	1.616672599291548
0.3599999999278225	21.600082134426746	1.5729519983493343
0.3683333331136964	21.633903524687288	1.5597308058915367
0.3775000000023283	21.66977469617574	1.5037011978079735
0.3866666665417142	21.707183203585124	1.442099041539607
0.3958333332557231	21.73792992200382	1.3766570524165687
0.404999999969732	21.764064632659682	1.3019648106452786
0.4149999998626299	21.79788602292023	1.2001703072583527
0.4249999997555278	21.8194087258133	0.9011173125147689
0.4349999999976717	21.845030991162204	0.6862603298356913
0.4458333332440816	21.869115920590158	0.4962646163345091
0.4566666664904915	21.890638623483238	0.39020980888942436
0.4674999997369014	21.902937310850703	0.2695424753288539
0.4783333333325572	21.8706532565111	0.19821267429553252
0.4899999999324791	21.858867014450595	0.1335152807497975
0.501666666532401	21.850155444231973	0.05712417942009107
0.5133333331323229	21.85579234260873	0.012427421337264318
0.5383333330391906	21.863479022213408	0.17547971638070747
0.5508333333418705	21.87424037365994	0.26069620095969837
0.5641666666488163	21.88090216265065	0.32921606268517356
0.5774999999557622	21.893200850018122	0.2993634954711398
0.590833333262708	21.900887529622793	0.2631908262856757
0.6049999999231659	21.907549318613516	0.2702668783568667
0.6191666665836237	21.914723552911195	0.2512448673457891
0.6341666665975936	21.92087289659493	0.3008135647448183
0.6491666666115634	21.92036045128796	0.32834554247445197
0.6641666666255333	21.916773334139105	0.394376195193996
0.6799999999930151	21.921385341901917	0.45114478619824316
0.6958333330112509	21.92804713089262	0.4685240998931597
0.7124999999068677	21.94495782602289	0.4735912265226326
0.7291666664532386	21.962380966460135	0.5016876654862257
0.7466666665277444	21.983903669353214	0.5075812814085228
0.7641666666022502	22.001839255097444	0.5284147679837583
0.782499999681022	22.013113051850965	0.5436001722140623
0.8008333332836628	22.019774840841663	0.4689197345688276
0.8199999998905696	22.025411739218434	0.39625138611962757
0.8391666666720994	22.023361957990517	0.43902803621760333
0.8591666666325182	22.03207352820914	0.4712927625065744
0.879166666592937	22.042322434348705	0.02354737859075036