0.03916666674194858	0.07845743840923575	0.0807099857003172
0.07916666666278616	0.12612244131377182	0.05475561269538754
0.1058333334513009	0.14046412360363286	0.13418228557949397
0.1391666667186655	0.19909629531806133	0.015947750098972865
0.1725000001606531	0.16914748818335307	0.24749265307525917
0.2058333332533948	0.26911745002737997	0.1626781342142507
0.2725000001373701	0.2577284670324908	0.5352663859219976
0.3058333334047347	0.36191657072647576	0.4267891786037507
0.3391666666720994	0.36191657072647576	0.0017359090244061484
0.5058333333581686	0.36529108420644246	0.09606783580847539
0.6725000000442378	0.41042520200100324	0.5045699753460646
0.8391666665556841	0.581681761109336	0.48389587041773363
1.005833333416376	0.6263940647188997	0.2361307443520325
1.505833333299961	0.712022344273066	0.1776427630524277
2.005833333358169	0.7558910195126395	0.28145193633344845
2.505833333416376	0.8406756706968127	0.43051449911043865
3.005833333299961	0.9263039502509804	0.5144747545576289
3.505833333358169	1.0110886014351552	0.768215430094338
4.005833333416376	1.1384764853039142	0.8275816843372313
4.505833333299961	1.2224175081180955	0.7564871884145536
5.005833333358169	1.305936716747283	0.8404683851325243
5.505833333416376	1.3898777395614663	0.7940700820748984
6.005833333299961	1.4733969481906513	0.7247075385906514
6.505833333358169	1.5164219950602327	0.8321925716698372
7.005833333416376	1.5594470419298143	0.9397033858474666
7.505833333299961	1.6442316931139882	1.1380388616532058
8.005833333358169	1.7285945301131658	1.168731217107329
8.505833333416376	1.8129573671123451	1.0399458452908221
9.005833333299961	1.855560599796931	1.1600509478838983
9.505833333358169	1.8977420182965203	0.8198700093325968
10.00583333341638	1.9850575545906686	1.2067536515004578
10.50583333329996	2.070685834144834	1.1562313960634072
11.00583333335817	2.028504415645248	1.301556789169559
12.00583333329996	2.1968082754586082	1.267077602415586
13.00583333341638	2.3229307167723796	1.6072850516471515
14.00583333335817	2.448631343901155	1.6047377900280997
15.00583333329996	2.532994180900333	1.7621041202296777
16.00583333341638	2.65869480802911	1.879483681904824
17.00583333335817	2.7848172493428818	1.7498830839725215
18.00583333329996	2.9109396906566536	1.8565828141117635
19.00583333341638	2.952699294971248	1.7274989664351608
20.00583333335817	3.078821736285017	1.687040655992406
21.00583333329996	3.1627627590992025	1.7730992601546374
22.00583333341638	3.2467037819133835	2.1680672900293954
23.00583333335817	3.3306448047275663	2.1228489133388235
24.00583333329996	3.414585827541749	2.0282606720124985
25.00583333341638	3.540708268855521	2.1563693356510987
26.00583333335817	3.624227477484708	2.1509337041980015
29.00583333335817	3.834290941612663	2.2065125000536954
32.00583333335817	4.0439325915556195	2.5267525771138493
35.00583333335817	4.337937078497757	2.6711945441039546
38.00583333335817	4.5480005426257115	2.9011569275122073
41.00583333335817	4.757642192568669	2.8840194879986307
44.00583333335817	4.967283842511629	3.0922166090959977
47.00583333335817	5.176925492454587	3.116351155011868
50.00583333335817	5.3865671423975465	3.3154963374978994
53.00583333335817	5.554449188025911	3.35034390578059
56.00583333335817	5.764090837968867	3.541331809561406
59.00583333335817	5.9319728835972345	3.6676454303036
62.00583333335817	6.142036347725187	3.722182826254476
65.00583333335817	6.267736974853964	3.8307703204028556
68.00583333335817	6.4773786247969225	3.9617613881356744
71.00583333335817	6.645260670425289	3.8114217605851013
74.00583333335817	6.813142716053654	4.125599370612838
77.00583333335817	6.980602947497024	4.127561423082394
80.00583333335817	7.1084126455507795	3.9076439178730653
83.00583333335817	7.276294691179143	4.27976277644699
86.00583333335817	7.442489480067526	4.1848744656038095
89.00583333335817	7.525586874511721	4.415279215859271
92.00583333335817	7.737337595379652	4.471950111032779
95.00583333335817	7.90395419845303	4.43615644375953
98.00583333335817	7.987051592897223	4.47473685109238
101.0058333333582	8.156199081080572	4.932053098106566
104.0058333333582	8.281477894024357	4.742265524623559
107.0058333333582	8.406756706968135	4.504150897771116
110.0058333333582	8.532457334096911	5.027136968338729
113.0058333333582	8.701604822280263	4.9388874622553205
116.0058333333582	8.826040006854049	4.916359768087213
119.0058333333582	8.909137401298244	5.137597301233827
122.0058333333582	9.078284889481592	5.348186258476768
125.0058333333582	9.204407330795366	5.128213465431614
128.0058333333582	9.328842515369157	5.186583700826094
131.0058333333582	9.41025265307336	5.338514357693629
137.0058333333582	9.703835325830507	5.440637395883559
143.0058333333582	9.914742418328457	5.654429328268437
149.0058333333582	10.164878230031013	5.905530074654991
155.0058333333582	10.375785322528959	6.01532012922157
161.0058333333582	10.625499320046533	6.422892857971763
167.0058333333582	10.836828226729478	6.2659215632315455
173.0058333333582	11.086120410062048	6.349867372567009
179.0058333333582	11.339630735244574	6.589012012415043
185.0058333333582	11.505403709947966	6.581971276781187
191.0058333333582	11.715888988260915	6.6846532770815
197.0058333333582	11.882083777149298	6.401421334086565
203.0058333333582	12.13432865977684	6.390548859422421
209.0058333333582	12.303054333775199	6.592589269554166
215.0058333333582	12.51016509860817	6.352860760778414
221.0058333333582	12.634600283181973	7.008562276005325
227.0058333333582	12.844241933124925	6.767020946716215
233.0058333333582	13.012545792938287	6.773328228439458
239.0058333333582	13.136559163327085	6.523702339971445
245.0058333333582	13.385851346659658	6.923159721701397
251.0058333333582	13.595914810787614	7.174611880976833
257.0058333333582	13.722037252101368	7.08309816046158
263.0058333333582	13.84647243667516	7.112196389313111
272.0058333333582	14.05316138732315	6.9547527613083355
281.0058333333582	14.34843131682028	6.97614144000782
290.0058333333582	14.555963895838254	7.234000633719888
299.0058333333582	14.762652846486242	7.309403004000112
308.0058333333582	14.9727163106142	7.341880904958537
317.0058333333582	15.200917784696975	7.211967283187111
326.0058333333582	15.410981248824932	7.228504020375614
335.0058333333582	15.581815993748261	7.283814559607211
344.0058333333582	15.749276225191643	7.44908137698886
353.0058333333582	15.960183317689584	7.223108446011138
362.0058333333582	16.13017443424292	7.169234403945333
371.0058333333582	16.339394270000888	7.39484131240748
380.0058333333582	16.467203968054637	7.574653009637821
389.0058333333582	16.6768456179976	7.448531125674546
398.0058333333582	16.80338987349638	7.458546698313906
410.0058333333582	17.01682785110428	7.4145224103205205
422.0058333333582	17.26780729117685	7.412308279257777
434.0058333333582	17.437798407730188	7.354984289436369
446.0058333333582	17.64828368604314	7.516104339151331
458.0058333333582	17.816587545856503	7.51762868951282
470.0058333333582	17.98742229077984	7.3067480398258295
482.0058333333582	18.196220312352814	7.554547629014431
494.0058333333582	18.366211428906148	7.455384687219134
506.0058333333582	18.536624359644488	7.501526934844107
518.0058333333582	18.70661547619783	7.370766473379786
530.0058333333582	18.873653893456204	7.379115602475633
545.0058333333582	19.086248242694136	7.279756754712836
560.0058333333582	19.255395730877503	7.300852581728492
575.0058333333582	19.467568265930435	7.306937091736483
590.0058333333582	19.592847078874208	6.938243165854232
605.0058333333582	19.80459779974215	6.665338405952913
620.0058333333582	19.932407497795893	6.417168331899838
635.0058333333582	20.102398614349244	6.686197000652921
650.0058333333582	20.270280659977622	6.397792303222286
665.0058333333582	20.353799868606806	6.820573758772933
683.0058333333582	20.48160956666054	6.69232683764105
701.0058333333582	20.60984107889931	6.977385300422439
719.0058333333582	20.82243542813724	6.924512963413979
737.0058333333582	20.94897968363599	7.12817404073702
755.0058333333582	21.15988677613395	7.373941736875281
773.0058333333582	21.329456078502304	7.534546323318329
791.0058333333582	21.50029082342562	7.2705012205888195
812.0058333333582	21.670281939978977	8.523756343941818