0.009999999999990905	3.5774272620679812	0.16642375344003912
0.01999999999998181	3.8875675314906206	0.7284713487031355
0.02999999999997272	4.2495765245555335	1.0897073446450642
0.03999999999996362	4.603226473323744	1.374663033030318
0.04999999999995453	4.93509826863737	1.5991098880695023
0.05999999999994543	5.243272270079683	1.7785952302700232
0.06999999999993634	5.52890834514547	1.9239738534945878
0.07999999999992724	5.79398169934857	2.042984964001449
0.08999999999991815	6.040569425530744	2.1411983473228333
0.1009816608871006	6.292376812367305	2.2301028284442888
0.1133032870613988	6.553991147000595	2.311401518419522
0.1271283790158577	6.82450549753168	2.3846202169179715
0.1426403873214213	7.102964723387829	2.449450059038696
0.1600451469033715	7.3883906352338515	2.5057887415243907
0.1795736083470274	7.6798043849292235	2.5537255259747975
0.2014849024710657	7.976248169276616	2.593536386039305
0.226069778835722	8.276806497914949	2.625652518778274
0.253654463813632	8.580620642608423	2.650638920095139
0.2846049894149019	8.886904966000493	2.669154901114673
0.3193320503100949	9.194952274919574	2.6819244760547485
0.3582964534979283	9.504143323879891	2.6897004040453973
0.4020152329355824	9.813943883706898	2.693234185021397
0.4510685102643492	10.123907329180406	2.693251204891675
0.5061071926710383	10.433665979053151	2.6904292147380606
0.567861610031855	10.742928720641155	2.685386883173322
0.637151205945429	11.05146970736347	2.6786729699779777
0.7148954112515185	11.359123481642673	2.6707669668062475
0.8021258443199031	11.665773811464586	2.662076292150848
0.8999999999995225	11.971348156825146	2.652942482153169
1.009816608871233	12.275807920982738	2.6436404457645173
1.133032870614215	12.579142733537068	2.634383214465827
1.271283790159714	12.881361783689602	2.6253179379652303
1.426403873214213	13.18248717098234	2.6165267141473865
1.600451469034169	13.482545420575677	2.6080196050198934
1.795736083470956	13.781559221713579	2.5997356156071327
2.014849024710429	14.079539165442842	2.591538973761086
2.260697788357447	14.37647463172588	2.5832270683568783
2.536544638136547	14.67232735847728	2.574536842664363
2.846049894149928	14.967023813391556	2.565162530416438
3.193320503100495	15.260452851946704	2.554773365890481
3.58296453497951	15.552462178693979	2.543036680198942
4.020152329356506	15.84286132188009	2.52964107233539
4.510685102643038	16.13142342929298	2.5143160564039837
5.061071926710383	16.417892751663683	2.496851853020399
5.678616100318664	16.701990973795347	2.47710832198651
6.371512059453835	16.983426723908458	2.455025000338883
7.14895411251473	17.261904171022007	2.4306175103206593
8.021258443199372	17.537131664321265	2.4039766174769985
8.999999999994998	17.808830050218617	2.3752555050677975
10.09816608871211	18.076738334092234	2.3446609454235374
11.33032870614125	18.340619892080333	2.312436973297271
12.71283790159782	18.60026433040626	2.2788532381986824
14.26403873214213	18.85549094322269	2.2441904832520394
16.00451469034147	19.106147195361856	2.2087283066436654
17.95736083471002	19.352109309105238	2.17273554894232
20.14849024710406	19.59327851677004	2.136464540769643
22.60697788357379	19.8295802715459	2.100149193127302
25.36544638136627	20.060960037260926	2.063987901597427
28.46049894149985	20.2873786549878	2.0281563916564647
31.93320503100426	20.508810997436544	1.9928120246638923
35.8296453497951	20.72524231463813	1.9580666996145462
40.20152329356472	20.936660992449646	1.9240002545094232
45.10685102642992	21.143057972860404	1.8906579036796274
50.61071926710383	21.344419246679927	1.8580264374451514
56.78616100318641	21.54072044488243	1.8260470431813067
63.71512059453744	21.73192268331779	1.7946101693130145
71.48954112514616	21.91796678767626	1.7635648176315586
80.21258443199326	22.098771939042866	1.7327293985692624
89.99999999995077	22.274233208387734	1.7018741159901978
100.9816608871215	22.44421774054931	1.670863039568529
113.303287061413	22.608593697550404	1.6400794376237064
127.1283790159782	22.767287171337262	1.6097891342638553
142.6403873214222	22.92026526252077	1.5802912868492918
160.0451469034153	23.067438964516725	1.5524603365377807
179.5736083471008	23.208857711943164	1.5268817466852678
201.4849024710402	23.34476434852592	1.5046986256349433
226.0697788357384	23.47532451638917	1.4869566232346871
253.6544638136619	23.60084325966467	1.474255835496754
284.6049894149982	23.72167464061864	1.46744484185548
319.3320503100429	23.838178066333978	1.466914811373658
358.2964534979512	23.950700208574943	1.4727202633573855
402.0152329356463	24.059541094347438	1.484630523313559
451.0685102642976	24.16492878859175	1.5020868212215577
506.1071926710365	24.267010464086386	1.5243153879100475
567.8616100318625	24.365840623699217	1.5503815067115063
637.1512059453746	24.46140013740974	1.5792827822942455
714.8954112514609	24.553600860880398	1.6100520796064512
802.1258443199306	24.642313329398	1.6423606207243626
899.9999999995059	24.72738385920518	1.6741584170439618
1009.816608871213	24.80865809186575	1.7062790820163238
1133.032870614128	24.88599630800344	1.7366784608175152
1271.283790159781	24.959287721800873	1.7659461293670446
1426.403873214219	25.02845822827978	1.7940760228046206
1600.451469034151	25.093474738691253	1.8204387982379688
1795.736083471005	25.15434606433599	1.8452312050022344
2014.849024710398	25.211120611434637	1.8688195754725392
2260.697788357379	25.263882549339506	1.8904084250307898
2536.544638136615	25.31274690351132	1.910732829381527
2846.049894149977	25.3578547738543	1.92909703507342
3193.320503100425	25.399368157456966	1.9465422118703255
3582.964534979506	25.437465913553954	1.9622994964343996
4020.152329356459	25.47234650308965	1.9768202848719607
4510.685102642971	25.504208354004362	1.9902522021955231
5014.277933537213	25.531002426392615	2.0013759599060976
5517.870764431455	25.553258786473666	2.0108248289998967
6021.463595325698	25.5720520000481	2.018712172891014
6525.056426219941	25.58815054325389	2.025592113351613
7028.649257114182	25.602146834198987	2.031250570554718
7532.242088008424	25.614378304729037	2.0363118822188135
8035.834918902666	25.625138747641056	2.0408184627977746
8539.427749796907	25.634679857682087	2.0449264122102644
9043.020580691149	25.64321307650403	2.0485347956726003
9546.613411585391	25.650907056124378	2.0517808408350806
10050.20624247963	25.657870769222008	2.0546742091409382
10553.79907337388	25.664198509836915	2.0572965925124858
11057.39190426812	25.669967594927325	2.0597457212065233
11560.98473516236	25.675254592612166	2.0619115782617956
12064.5775660566	25.680118755118013	2.0639697892180866
12568.17039695084	25.68460775993005	2.0658699124562805
13071.76322784509	25.68876348512911	2.0676285862888455
13575.35605873933	25.69262159974395	2.0692626907603207
14078.94888963357	25.696213064575115	2.0707839017716028
14582.54172052781	25.699564521574494	2.0722048750528104
15086.13455142205	25.702699336977425	2.0735340067789463
15589.7273823163	25.705637798941304	2.0747810779518074
16093.32021321054	25.708397822841373	2.075866454427035
16596.91304410478	25.71099519967097	2.076973086586923
17100.50587499902	25.71344384201769	2.078017906313806
17604.09870589327	25.715756243175825	2.079004588996338
18107.69153678751	25.71794341840728	2.079938961358678
18611.28436768175	25.720015271991734	2.080825235015387
19114.87719857599	25.721980734813364	2.0816660522561894
19618.47002947023	25.723847749254205	2.082466096475715
20122.06286036448	25.72562354347314	2.083228092506836
20625.65569125872	25.727314677875075	2.083953806203138
21129.24852215296	25.728927026796757	2.0846469546293878
21632.8413530472	25.730465975834427	2.085309650946067
22136.43418394145	25.731936453555594	2.085943051683412
23143.61984572993	25.734689434046008	2.08713163733633
24150.80550751841	25.73721742305797	2.088156365260261
25157.9911693069	25.73954690010536	2.089171201199425
26165.17683109538	25.741700401227327	2.090111122637769
27172.36249288387	25.74369711203491	2.090985727309738
28179.54815467235	25.745553588997193	2.0918004164538537
29186.73381646083	25.7472840838701	2.0925624053042475
30193.91947824932	25.748901018047277	2.0932760314540597
31201.1051400378	25.750415213709033	2.093946039467972
32208.29080182629	25.751836156872496	2.094576805107714
33215.47646361477	25.753172224797098	2.095170663403023
34222.66212540326	25.754430782045095	2.09573216041628
35229.84778719175	25.755618400151928	2.096262965190264
36237.03344898024	25.75674091091877	2.0967657552878847
37244.21911076873	25.75780352093122	2.097243173868845
38251.40477255722	25.758810912346643	2.097692848215036
39258.59043434572	25.759767272862717	2.098124042318666
40265.77609613421	25.760676385826805	2.0985349801709035
41272.9617579227	25.761541675922697	2.0989264460727437
42280.14741971119	25.762366231913017	2.0993003388623084
43287.33308149968	25.763152863960784	2.0996579173531114
44294.51874328817	25.763904134331877	2.0999998187480857
45805.29723597091	25.764969782946057	2.1004854968990743
47316.07572865365	25.765968109401413	2.100941985542076
48826.85422133638	25.766905308544537	2.101370695127813
50337.63271401912	25.76778681887459	2.1017753340189684
51848.41120670186	25.76861746845686	2.1021569578394
53359.1896993846	25.769401535393445	2.1025175529930276
54869.96819206733	25.77014282821678	2.102859384567734
56380.74668475008	25.77084476156432	2.1031827030656935
57891.52517743281	25.771510382201015	2.1034902162686477
59402.30367011554	25.772142439880223	2.1037825967625126
60913.08216279827	25.77274341557254	2.104059919714678
62423.86065548101	25.773315539808802	2.104324861490874
63934.63914816376	25.773860844639984	2.104577616635077
65445.41764084649	25.774381175235817	2.1048183531076834
66956.19613352921	25.774878207117048	2.105048312196719
68970.56745710617	25.77550729749575	2.1053402077326733
70984.93878068312	25.776100949242945	2.105614534813886
72999.31010426008	25.776662069084814	2.1058747340168704
75013.68142783703	25.777193261843113	2.1061212526185176
77028.05275141398	25.777696863458782	2.106353266133153
79042.42407499094	25.778174962753234	2.1065749551050046
81056.79539856789	25.778629451844573	2.106787381914264
83071.16672214484	25.77906204074883	2.1069854883228603
85085.5380457218	25.779474269191496	2.107176175767917
87099.90936929875	25.779867544058774	2.107358317386596
89114.2806928757	25.7802431448667	2.107530433087232
91632.24484734691	25.780689554439622	2.1077350651304925
94150.20900181808	25.781112216557442	2.1079317485697007
96668.17315628927	25.781512980886944	2.1081084147915745