0.01666517072175111	13190.332353932028	16777.884428031575
0.03333183726812194	24294.781643865696	15248.192664990182
0.04999850381449278	30300.086394051166	14327.613682404404
0.06666517071010958	34329.03596766189	13755.352558232435
0.08333183708185743	37361.01111985518	13386.006954528557
0.09999850397747423	39777.20795293755	13350.118941308294
0.1166651706984681	41853.55740053611	13431.040920258692
0.1333318370702159	43648.25397453256	13354.30532032454
0.1499985039658327	45217.85301212935	13244.023137172375
0.1666651705122035	46611.02425092671	13140.846650589214
0.1833318374078203	47864.269994124195	13192.781849247276
0.1999985037795682	48995.84139332179	13186.300254092273
0.216665170675185	50078.74305491969	13201.024520707391
0.2333318373961788	51052.137806917766	13208.542311240948
0.2499985037679267	51970.77910411583	13129.297107706216
0.2666651706635435	52810.33207771428	13236.697444401441
0.2833318372099143	53613.38274811259	13197.601693902443
0.2999985039309081	54386.014832511166	13159.367468645307
0.3166651704772789	55097.809744909624	13217.278176892469
0.3333318373728957	55760.934919708365	13117.713615514822
0.3499985039192666	56417.976377307146	13169.881889211289
0.3666651704656374	57032.43181450576	13188.902863908344
0.3833318373612542	57622.55238290479	13124.507372364644
0.399998503907625	58188.33808250358	13104.095707825065
0.4166651706286189	58729.78891330253	13128.684155192057
0.4333318371749897	59222.57000650151	13106.009375150203
0.4499985040706065	59727.51853410052	12972.501625338347
0.4666651706169773	60214.215910099534	12974.843699408742
0.4833318371633482	60670.494700098585	13177.709717675758
0.499998504058965	61096.35490409777	13121.085098484587
0.5166651706053358	61534.382542496875	13121.224776392059
0.5333318373263296	61955.034024232176	13209.799949088965
0.5499985038727004	62377.01599061166	13207.614920029066
0.5666651704190713	62773.805003774425	13350.156512112593
0.5833318373146881	63164.29577863307	13345.11951938344
0.5999985038610589	63542.19007688337	13273.702384829896
0.6166651705820527	63901.18966022114	13287.577394771304
0.6333318373030465	64266.487481863056	13315.792742959477
0.6499985040240404	64612.89058859253	13264.743843603046
0.6666651705704112	64934.10074210546	13241.868304213896
0.683331837116782	65274.205610530495	13302.46568398616
0.6999985040123988	65601.71400234743	13280.938980881167
0.7166651705587697	65929.22239416438	13268.882615637536
0.7333318372797635	66212.64311785209	13218.788756501513
0.7666651707217511	66810.9757567483	13218.487413959429
0.7999985038144928	67384.11544242792	13129.555095916832
0.8333318370818574	67913.16745997846	13200.700788943444
0.866665170698468	68429.62300092043	13144.476060736242
0.8999985039658327	68933.48206525418	13061.449967173994
0.9333318374078203	69412.14817637122	13110.72750280771
0.966665170675185	69871.91957257572	13061.715951203285
0.9999985037679266	70312.7962538678	13031.395197181788
1.033331837209914	70747.37469685545	13021.37458465741
1.066665170477279	71163.0584249309	12996.185523451786
1.099998503919267	71553.54919978949	12921.801008437993
1.133331837361254	71950.33821295228	12971.897648468512
1.166665170628619	72328.23251120269	12953.106062732673
1.199998504070607	72693.53033284473	12967.581809518082
1.233331837163348	73033.63520126985	12929.603813684767
1.266665170605336	73392.63478460761	12890.21331233632
1.2999985038727	73732.73965303274	12826.265500759006
1.333331837314688	74066.54628315398	12849.737687823412
1.366665170582053	74368.86172175423	12879.664809750915
1.39999850402404	74683.7736369628	12778.782220613324
1.433331837116782	74967.19436065046	12802.702579327055
1.46666517055877	75269.50979925068	12746.76318462341
1.516665170721751	75704.0882422384	12724.69209225128
1.56666517071011	76113.47373200969	12680.016492048335
1.616665170698468	76522.85922178077	12735.592702220547
1.666665170512204	76907.05175833529	12696.593361121568
1.716665170675185	77272.3495799771	12608.731113068841
1.766665170663543	77637.64740161905	12653.600528850362
1.816665170477279	77990.34874665285	12596.998089861969
1.866665170465637	78336.75185338235	12628.420252975708
1.916665170628619	78657.96200689497	12568.803198448504
1.966665170616977	78991.76863701617	12598.125615493473
2.016665170605336	79306.68055222458	12592.482098122413
2.066665170419071	79621.59246743322	12598.667260242004
2.116665170582053	79905.013191121	12605.859538421097
2.166665170570411	80194.73215311277	12657.303619599761
2.21666517055877	80490.7493534089	12488.964127153753
2.283331837268122	80862.34541335494	12468.538111379163
2.349998503977474	81227.64323499684	12510.879998583972
2.416665170512204	81580.34458003045	12453.636673926896
2.483331837396179	81895.2564952392	12433.203520273339
2.549998503930908	82222.76488705602	12395.278301245799
2.616665170465637	82543.97504056882	12385.699313386916
2.68333183717499	82846.2904791689	12364.723846229985
2.749998504058965	83154.90415607349	12526.279534605977
2.816665170419071	83457.2195946737	12556.951031041968
2.883331837303047	83734.34208005723	12611.825697446136
2.949998504012399	84024.06104204901	12568.769104213261
3.033331837268122	84373.96068418905	12725.17832796477
3.116665170698468	84718.87604541636	12735.607744515668
3.199998503779568	85050.77573263519	12817.692871722218
3.283331837209914	85363.15190884098	12810.620559554745
3.366665170465637	85695.05159605978	12864.051088268545
3.449998504070607	86007.4277722655	12841.469200673191
3.53333183732633	86287.26476344994	12868.262437669564
3.616665170582053	86599.64093965586	12856.944815537427
3.71666517055877	86944.55630088312	12925.3053539751
3.81666517071011	87282.96382510632	12830.154631562493
3.916665170512204	87601.84783831642	13005.528804034311
4.016665170663543	87920.73185152675	12859.845417974695
4.116665170465637	88233.10802773239	12918.46267868294
4.216665170616977	88538.97636693408	12794.718092087553
4.316665170419071	88818.81335811842	12939.93849842565
4.416665170570411	89124.68169732009	12967.005761032358
4.533331837268122	89437.05787352605	12960.95627236538
4.649998503965833	89768.9575607446	12973.902061453246
4.766665170663543	90048.794551929	12967.067105438122
4.883331837361254	90387.20207615214	12979.776832665348
4.999998504058965	90680.054741345	13005.6531318626
5.116665170582053	90966.39956953381	13005.567943491309
5.249998504000757	91291.79141974825	12961.375599724957
5.383331837070216	91604.16759595402	13195.496481346401
5.516665170663543	91897.02026114725	13071.083248363222
5.649998503907625	92215.90427435744	13026.741788269392
5.78333183732633	92489.23342853738	13098.642297719629
5.933331837116782	92808.11744174756	13125.98679454238
6.083331837081857	93140.01712896637	13176.650427696528
6.233331837396179	93445.88546816798	13197.914621441458
6.383331837361254	93725.72245935233	13170.163790397948
6.53333183732633	94025.0829615498	13273.250528684152
6.699998504012399	94343.9669747599	13329.776458445771
6.866665170698468	94656.34315096561	13211.164446744335
7.033331837209914	94942.6879791543	13327.276380901498
7.199998504070607	95242.04848135177	13340.908093440108
7.366665170582053	95528.39330954045	13366.148121574915
7.549998503814493	95840.76948574629	13328.319609528673
7.733331837396179	96127.11431393516	13379.75956247781
7.916665170628619	96439.49049014092	13433.403118349972
8.099998503861059	96706.31180731668	13434.125645940801
8.299998503814493	97018.68798352254	13437.222784751431
8.499998503767927	97305.0328117114	13420.573294614262
8.699998504070606	97604.39331390879	13509.51586349619
8.916665170570411	97903.75381610592	13423.223192887766
9.133331837070216	98203.11431830321	13605.532783926874
9.349998503919267	98489.45914649208	13575.543531398931
9.566665170419071	98769.29613767649	13662.96469021633
9.799998503814493	99068.65663987363	13601.520557837473
10.03333183720991	99355.00146806252	13714.865133934447
10.26666517060534	99654.36197025968	13731.404426667672
10.51666517072175	99947.21463545278	13686.732541747788
10.76666517066354	100240.06730064574	13746.428729587447
11.01666517060534	100513.396454826	13757.448831408543
11.28333183726812	100819.2647940275	13757.53623574867
11.54999850393091	101105.6096222161	13654.34370837669
11.81666517041907	101365.92310238765	13838.160035409335
12.09999850397747	101658.77576758094	13761.806317031123
12.38333183736125	101938.61275876513	13812.746766965873