0.05000000016298145	1.4732847204029482	131.42169283399528
0.06666666688397527	32.023366066523906	80.89257149467738
0.08333333325572312	45.70680655629977	61.00845003533588
0.1000000001513399	56.79347984335435	62.33687313063439
0.1166666666977108	66.61263443240864	66.6927176348441
0.1333333334187046	75.8762207609758	69.69848945652775
0.1500000001396984	84.13155357976999	63.92129171204021
0.1666666668606922	90.29630361095333	109.04555441872212
0.183333333581686	95.00628786374983	54.960753854434195
0.3166666666511446	27.782528344805307	76.538308229972
0.3333333335467614	45.18004553894907	87.77169549292933
0.3500000000931323	46.54221660725463	147.26248018476255
0.3666666668141261	51.171952111314155	105.86038621406291
0.4833333335118368	52.62877554992478	36.96799675446433
0.5000000002328306	48.922929486453214	45.16746666965636
0.5166666666045785	52.61231426813262	9.707529866051354
0.6166666667559184	49.7007250511351	6.4375492560734395
0.6333333333022892	46.22739459297849	108.41138968797235
0.650000000197906	44.904319068929546	159.16420373689974
0.6666666667442769	45.82820850951736	168.59353265353042
0.6833333334652707	58.72768045393919	247.26698605004879
0.7000000001862645	75.85564415873557	292.8288550784278
0.7166666669072583	87.96908989757932	286.68513685970197
0.7333333334536292	97.02896786396794	307.29565806843226
0.7666666668956168	107.9880662171326	281.8692201670683
0.8000000001629815	114.75571069395583	175.86959642224951
0.8333333332557231	119.72907545542775	131.30055656187923
0.8666666666977108	123.74151289227943	103.43306772042497
0.9000000001396984	127.12842162102685	88.99089084499002
0.933333333581686	130.089394683401	80.1006358319189
0.9666666668490507	132.7026231679146	74.00654312018301
1.000000000116415	135.0812783868892	69.13082143097508
1.033333333558403	137.2891478072695	65.22894961262038
1.066666666651145	139.24186735987078	62.5192693170338
1.100000000093132	141.14726072731918	59.71239838828465
1.13333333353512	142.89627191774173	57.63383017476223
1.166666666802485	144.50947753337857	55.42424038475433
1.200000000244472	146.06301100251846	54.24551967694814
1.233333333511837	147.48691187754474	52.68706744027878
1.266666666604579	148.90875509234695	51.58850093978447
1.300000000046566	150.18861975169148	50.535704827320586
1.333333333488554	151.50552229506837	49.65394151407438
1.366666666755918	152.715426506796	49.00286258375539
1.400000000197906	153.91915773785146	48.02994215400798
1.433333333465271	155.04469788039407	47.273612816686736
1.466666666907258	156.11673885711173	46.848192731478676
1.516666666895617	157.69290658871603	45.83928647579155
1.566666666883975	159.15384534777482	44.766829925482064
1.616666666697711	160.54688131944067	44.05607405251411
1.666666666860692	161.89464876617808	43.43128074995821
1.716666666849051	163.18685938686656	42.69262145776751
1.766666666837409	164.40087891904216	42.29919307546713
1.816666666651145	165.58814886830532	41.945453033753445
1.866666666814126	166.72397731196799	41.364244882984615
1.916666666802485	167.81247957047816	41.1887940936003
1.966666666790843	168.88863586764393	40.86980460161851
2.016666666604579	169.93186960122546	40.594146099440174
2.06666666676756	170.9010275667419	40.355611011273965
2.116666666755918	171.911338736739	40.2758744547558
2.166666666744277	172.85580477956702	40.150813913473606
2.216666666907258	173.75911761791454	40.08661634956408
2.283333333441988	174.94638756717796	40.02542672879647
2.35000000015134	176.10896559375277	39.684550478126766
2.416666666860692	177.24067871696732	39.63133119149321
2.483333333395422	178.35181523794168	39.65389818711897
2.550000000104774	179.41356791353937	39.608387291411965
2.616666666814126	180.43210972443245	39.52652576693258
2.683333333348855	181.4403632342054	39.54019012502976
2.750000000232831	182.42598248151404	39.33799799444702
2.81666666676756	183.3786791652383	39.29281717928491
2.883333333302289	184.3107992467224	39.34258044441464
2.950000000186265	185.21616974529388	39.41276294316601
3.033333333441988	186.35199818895666	39.1962917909763
3.116666666697711	187.4137508645541	39.31489777914864
3.199999999953434	188.47756120037602	39.338782449238
3.283333333558403	189.51050663283715	39.45097255553639
3.366666666814126	190.4796645983536	39.3687865856093
3.450000000244472	191.47968746723055	39.340479936716235
3.533333333500195	192.43855713162674	39.384468854428874
3.616666666755918	193.3686195528868	39.56013976317135
3.716666666907258	194.48181373408508	39.71088651969572
3.816666666883975	195.52298980744246	39.62628970026121
3.916666666860692	196.57856950236808	39.76841775632133
4.016666666837409	197.62180323594956	39.70659342832246
4.116666666814126	198.61359546393024	39.618287160800215
4.216666666790843	199.58069576922264	39.78059863945285
4.31666666676756	200.54573841429112	39.683725418024956
4.416666666744277	201.4963774377912	39.4814919149439
4.533333333441988	202.51286158846045	39.40824856838384
4.650000000139698	203.5355187198015	39.41351965614461
4.766666666837409	204.5396569091265	39.27539350647052
4.88333333353512	205.49441125307467	39.09759186710436
5.000000000232831	206.44505027657502	39.25784723507382
5.116666666755918	207.39568930007505	39.014831532424694
5.25	208.41011579052008	39.219623282342894
5.383333333418705	209.40808099917308	39.081215016775616
5.516666666837409	210.39987322715385	39.10600312422827
5.650000000256114	211.32376266774168	38.97807043828541
5.783333333500195	212.28468999236225	39.061918318803606
5.933333333465271	213.32586606571948	39.10569803070661
6.083333333255723	214.3073699925802	39.08433585511854
6.233333333395422	215.28681625921675	39.18784894087505
6.38333333353512	216.25391656450932	39.12611894936375
6.533333333500195	217.16957536420097	39.150571782158785
6.700000000186265	218.20046313643826	38.921572155501416
6.866666666697711	219.1963706848668	39.076036194239045
7.033333333558403	220.13877906747103	39.061643604258734
7.200000000244472	221.0976487318672	39.10259464352651
7.366666666755918	221.9968462497669	39.03742265823724
7.550000000162982	222.9762925164035	39.078034846413594
7.733333333395422	223.9619117637121	38.99710280018041
7.916666666802485	224.90432014631656	39.12713712440646
8.100000000209548	225.82409426645597	39.21423964506355
8.300000000162981	226.80148287286863	39.21845263911114
8.500000000116415	227.7912174406255	39.33356091450644
8.700000000244472	228.7192222016613	39.25229648347179
8.916666666744277	229.72336039098622	39.31152599562821
9.133333333418705	230.7336715609831	39.467261523263176
9.350000000093132	231.65961866179538	39.42043195982939
9.56666666676756	232.60408470462318	39.38631758301654
9.800000000162981	233.57941565081185	39.562820905312456
10.0333333335584	234.54445829588053	39.68083907765082
10.26666666660458	235.51155860117268	39.55765666932338
10.51666666689562	236.46837060534511	39.76528870689708
10.76666666683741	237.4416438913097	39.612314876672045
11.01666666660458	238.4046288761541	39.81964606493787
11.28333333344199	239.41494004615075	39.925166325120784
11.55000000010477	240.3738097105474	39.90816111852194
11.81666666676756	241.3285640544955	40.08714502540614
12.10000000015134	242.27303009732378	40.17333724437129
12.38333333353512	243.26482232530435	40.20391085920394
12.68333333346527	244.27719115552532	40.27865051189634
12.98333333339542	245.2607527426101	40.445152847863746
13.2833333335002	246.21550708655843	40.51386544414546
13.60000000015134	247.21758761565928	40.73114640702136
13.91666666680249	248.1949762220717	40.764019554266795
14.25	249.21763335341305	40.85694878354907
14.58333333354676	250.21148324161757	40.87511746978942
14.93333333346527	251.2259097320627	41.01459603856858
15.2833333335584	252.2053559986996	41.06377298140565
15.65000000019791	253.2341861107127	41.08229883273765
16.01666666683741	254.24038196026154	41.200881289338255
16.40000000019791	255.24452014958663	41.18642488987308
16.7833333335584	256.2486583389115	41.28301907064376
17.18333333346527	257.2672001498047	41.605156258504174
17.58333333354676	258.2528193971132	41.544425874309724
18.0	259.29811079091877	41.56193328460767
18.41666666680249	260.2816723780036	41.66013281961536
18.85000000015134	261.3043295093442	41.83281908016124
19.30000000004657	262.38460112695816	41.897454418293044
19.75000000011642	263.37433569471483	41.95313114316691
20.21666666690726	264.3969928260565	42.001524578018554
20.68333333334886	265.39290037448507	42.14307696864958
21.16666666686069	266.4423070887385	42.27846462652881
21.66666666674428	267.471137200752	42.10976100096374
22.16666666680249	268.46498708895666	42.4628320008715
22.68333333358169	269.5082208225381	42.56076015623733
23.21666666690726	270.5452815754474	42.75330079781474
23.76666666660458	271.61114957149294	42.84463325960021
24.31666666665115	272.6214607414898	43.06958608390313
24.88333333341871	273.69967469887985	43.32878896292754
25.46666666690726	274.74085077223725	43.33792437034872
26.06666666676756	275.80671876828325	43.45943819450112
26.68333333334886	276.8931633665689	43.53944449177081
27.30000000010477	277.95697370239077	43.52942146049895
27.93333333358169	279.0207840382122	43.33982876276923
28.58333333325572	280.06607543201784	43.49023945802923
29.25	281.12577044739123	43.42955109933605
29.93333333346527	282.1978114241093	43.45138992263817
30.63333333330229	283.2184108952261	43.420000753508596
31.35000000020955	284.2554716481359	43.55225129710294
32.08333333348855	285.33162794530153	43.556806318112095
32.83333333348855	286.37486167888267	43.644742628712926
33.60000000020955	287.4530756362729	43.61705387950815
34.38333333330229	288.5189436323183	44.03466391902668
35.18333333346527	289.6177341919485	44.482719532180596
36.0	290.6609679255302	44.41065828743474
36.83333333325572	291.73300890224766	44.68906765452
37.68333333358169	292.7844732767256	44.644948477060495
38.56666666665115	293.90795575904394	44.93194126195689
39.46666666679084	295.0499571833782	45.13615617731976
40.38333333330229	296.0993638976318	45.40550025364063
41.31666666688398	297.1960967970379	45.51632135205443
42.2833333335584	298.26402245330786	45.869136850835524
43.26666666660458	299.39367791629854	45.96103562335526
44.26666666689562	300.53156402018476	46.094610286046304
45.30000000010477	301.64270054115906	46.464084560127
46.35000000020955	302.7394334405653	46.82819042058158
47.43333333358169	303.8855501853478	47.23376822257025
48.5333333335002	305.01520564833856	47.49794259307022
49.66666666686069	306.18601431580976	47.77973602522423
50.81666666676756	307.3156697788003	48.0391038133345
52.00000000011642	308.50293972806355	48.7232921908243
53.20000000018627	309.6469988126224	48.83590943375514
54.43333333334886	310.83015344143763	49.130594030905314
55.69999999995343	312.0359423327169	49.42343062646969
57.0	313.20263567973996	49.81604692069548
58.31666666676756	314.45163543572414	49.94972733061443
59.66666666680249	315.60598282140313	50.04000523936184
61.05000000010477	316.79736809111404	50.18713166898796
62.46666666684905	318.02167592440964	50.31086628538571
63.91666666686069	319.23775311680936	50.634563412609296
65.4000000001397	320.4435420080888	50.54509711738268
66.91666666686069	321.60406237443965	50.78729215905476
68.46666666684905	322.80985126571983	50.733355737461515
70.05000000010477	324.0259284581194	50.099120852107816
71.66666666680248	325.2440633107425	49.969544532559105
73.33333333348855	326.4663134838142	49.71151086285115
75.03333333344199	327.6659293944216	49.756665735554186
76.76666666683741	328.8264497607726	50.65658132399523
78.55000000004657	329.88820243637065	51.79390601138863
81.37138888891786	331.6721938506013	52.550708953587815
83.37138888897607	332.90061700434524	54.49467656897591
85.37138888903428	334.31217191802745	56.59349693108094
87.37138888891786	335.7422457737261	59.28498074814375
89.87138888903428	337.3739703313789	61.35900603940611
92.37138888897607	339.20734559098605	63.576866246559
94.87138888891786	341.04072085059386	64.73037438503687
97.37138888903428	342.8761537704258	65.92479666028184
99.87138888897607	344.50787832807885	68.12700554067928
102.3713888889179	346.1396028857313	68.51510632642841
104.8713888890343	347.7713274433845	68.85224111516912
107.3713888889761	349.40510966126146	69.89874796757675
109.8713888889179	351.01625761667435	73.54961032889362
112.8713888889179	353.0512835782363	73.86334230213818
115.8713888889179	354.8826011776196	73.29612220253615
118.8713888889179	356.7159764372277	73.41041137893937
121.8713888889179	359.15224614247484	74.23668470504859
124.8713888889179	360.78397070012784	77.66316177493167
127.8713888889179	362.415695257781	74.90750914508764
130.8713888889179	363.99392064960915	75.53729035630413
134.3713888889761	365.74087417980746	77.4168513851499
137.8713888890343	367.44667450552527	71.36683161121663
141.3713888889179	370.2574383715459	74.1400929110398
144.8713888889761	371.40561277655263	73.83555152009717
148.3713888890343	373.1546239669747	76.85569446425482
151.8713888889179	375.20611121032897	78.77928683564056
155.8713888890343	376.2102493996542	78.53959887957079
159.8713888889761	378.55803971526814	74.38744992345133
163.8713888889179	380.1033425435123	79.65880466407715
167.8713888890343	382.3976336933019	79.04934009479996
171.8713888889761	384.3380072845586	78.85333949516463
175.8713888889179	385.6796017506241	80.8522197199549
180.3713888889179	387.47182380575106	78.99594166554282
184.8713888889179	389.7661149555408	83.9474918346209
189.3713888889179	391.3669746098333	82.06511512647062
193.8713888889179	393.3094058613138	81.78320877024956
198.3713888889179	394.48844516968165	87.02520895213965
203.3713888889761	396.2930131861525	93.13924936832272
208.3713888890343	398.84862718439376	81.17356705926218