0.002777777728624642	1.2520577060521103	0.8023507044625833
0.005555555631872267	2.1369371152872345	1.7509567291525736
0.008333333185873926	2.9593353557822484	2.3129230586945377
0.01111111108912155	3.6827374587929245	2.908068398774105
0.01388888864312321	4.399648011804612	3.5196761348463634
0.01666666672099382	5.086940867945986	4.102185481202545
0.01944444444961846	5.762467789714203	4.561616153440479
0.02222222200362012	6.392148139614701	5.057042777404316
0.02500000008149073	7.023045655139982	5.593401000575354
0.02777777763549238	7.634468520668344	6.152764762383415
0.03055555553874001	8.253600101820483	6.897532926979765
0.03333333309274167	8.865834411098728	7.568798338746767
0.03611111099598929	9.511743635996625	8.33966257160111
0.03888888889923692	10.13817821089763	9.04237877467917
0.04166666662786156	10.803562085792453	9.726061008636751
0.04444444453110918	11.436082488817474	10.383135288138861
0.04722222208511084	12.096597701213087	11.007082973145591
0.04999999998835847	12.727089494863442	11.69266427132181
0.05277777754236013	13.38679326350918	12.233752645981184
0.05555555562023073	14.027022382157977	12.81665440473754
0.05833333334885538	14.667251500806783	13.208135438384852
0.06111111090285704	15.272588538211112	13.696136831720187
0.06388888898072764	15.905108941236135	14.020555655107836
0.0666666665347293	16.502737263016673	14.393544626608676
0.06944444443797693	17.114565850419975	14.64948587013016
0.07222222199197859	17.685010806579818	14.954325087009787
0.07499999989522621	18.263570200238387	15.164064680872572
0.07777777779847383	18.797094465779047	15.472896959291022
0.08055555552709848	19.358613540690296	15.748128610837842
0.0833333334303461	19.879560428107965	15.81306310626305
0.08611111098434776	20.427284959271386	16.16391988823992
0.08888888888759539	20.937683077940726	16.205973565971334
0.09166666644159704	21.45497846848397	16.266593254764707
0.09444444451946765	21.926427287159456	16.325482339013206
0.0972222222480923	22.40720770895846	16.243600068083953
0.09999999980209395	22.86202193076157	16.22803190863019
0.1027777777053416	23.317647596314558	16.029229448584527
0.1055555554339662	23.736758293123327	15.932696847112936
0.1083333333372138	24.155463268057147	15.832165572684119
0.1111111108912155	24.55875081174341	15.67871100121693
0.1138888887944631	24.937289321058568	15.438522805037486
0.1166666666977108	25.30933628037478	15.324879143195064
0.1194444444263354	25.655417039695074	15.219925535039698
0.12222222215496	26.018132395887744	15.00021749055275
0.1277777777868323	26.666475952035267	14.810774725255472
0.1333333334187046	27.29696774568562	14.701113820142957
0.1388888887013309	27.871875642469753	14.42957291475064
0.1444444443332031	28.450029314253374	13.971891111978621
0.1499999997904524	28.996536679792	13.620979825640735
0.1555555555969477	29.49638602971299	13.45917460981962
0.161111111054197	29.916308170271627	13.3644982167887
0.1666666666860692	30.35205346395275	13.132792358349715
0.1722222223179415	30.78293009513466	12.968416474131374
0.1777777776005678	31.193520632569758	12.848284644161478
0.1833333332324401	31.628454482501006	12.80264198467157
0.1888888886896893	32.030524860562466	12.72266707248188
0.1944444444961846	32.39932604487917	12.69444499737673
0.1999999999534339	32.71700627295396	12.70589132944818
0.2055555555853061	33.04361238227733	12.414184999342009
0.2111111110425554	33.37346426660021	12.094262338100767
0.2166666664998047	33.70859053529725	12.058306090929749
0.222222222131677	34.02992226024646	12.11102490783232
0.2277777775889263	34.31798479145091	12.045446358266757
0.2333333333954215	34.58292117578405	12.09182172143998
0.2388888888526708	34.86570932261436	11.920822334686585
0.2444444444845431	35.15214896631909	11.79914500390696
0.25277777784504	35.52865886625957	11.670485451903998
0.2611111110309139	35.93275785369571	11.778663311626241
0.2694444443914108	36.27721572551624	11.604144399437766
0.2777777777519077	36.631410922335284	11.400204830609683
0.2861111109377816	36.974245906656094	11.258810196568794
0.2944444442982785	37.31302367222754	10.971967861478847
0.3027777778333984	37.61082352843048	10.761222821994336
0.3111111111938953	37.90050894713468	10.605517792705676
0.3194444442051463	38.16909682834224	10.487272022254857
0.3277777777402662	38.43484465642524	10.265219041499549
0.3361111111007631	38.666511847013616	10.101802262220048
0.344444444286637	38.92049374072348	9.980888351194801
0.3527777778217569	39.17041841568397	9.92909933880796
0.3611111111822538	39.39924555314781	9.773013966324957
0.3694444445427507	39.63010129998632	9.655873856348554
0.3805555556318723	39.9124837249417	9.568342265212472
0.3916666667209938	40.18796887802315	9.336683656744059
0.4027777776354924	40.435053499859094	9.197317938200076
0.4138888888992369	40.68457245294468	8.95351328036681
0.4249999999883585	40.91745680915787	8.780576133665107
0.436111110902857	41.14141528412246	8.633740147603797
0.4472222219919786	41.36253370596251	8.551785235455121
0.4583333334303461	41.56174314655603	8.347673858048656
0.4694444445194677	41.76014114339967	8.213062238110151
0.4805555554339662	41.944744596495475	8.121150264407671
0.4916666666977108	42.137056765215114	7.945534451221357
0.505555555340834	42.35817518705514	7.794153363132906
0.5194444443332031	42.5590075151484	7.7456352697959465
0.5333333333255723	42.76349134011607	7.575956036278831
0.5472222223179415	42.94687762758709	7.356255221264956
0.5611111111356877	43.135538299432284	7.17146301505628
0.5749999999534339	43.32419897127747	7.0590418189994635
0.588888888945803	43.48486483375206	6.91644601154571
0.6027777775889263	43.64147347747731	6.705222871909696
0.619444444484543	43.81999110244909	6.55131907898831
0.6361111110309139	43.98309129617335	6.367797698558865
0.6527777777519077	44.15187159614665	6.240374279951233
0.6694444442982785	44.296308583623805	6.066203434799994
0.6861111111938953	44.44196273672578	5.864241075395371
0.7027777777402662	44.593296996076866	5.758212268497465
0.719444444286637	44.73448820855456	5.676206674442984
0.7361111111822538	44.85985626790977	5.506528174329048
0.7555555556318723	44.99699026163807	5.414343916335102
0.7750000000814907	45.11546104911933	5.274643636312511
0.7944444445311092	45.24732065847352	5.088952531726306
0.8138888889807276	45.37350016157859	4.976323052911435
0.8333333334303461	45.48507367718592	4.865710827483629
0.8527777777053416	45.59867580216796	4.7629347389326995
0.8749999998835847	45.716740867774305	4.699083706391874
0.8972222222364508	45.828720105256636	4.597861326812452
0.9194444442400709	45.94759661461284	4.4506565499968325
0.941666666592937	46.05064997084653	4.373831154995007
0.963888888945803	46.14802322083115	4.292576375175827
0.9888888888526708	46.251888020814754	4.210295514210966
1.013888888934162	46.360215761422644	4.107756271650807
1.038888888841029	46.45150318328318	3.909244539795199
1.06388888892252	46.54522493639339	3.851331501234377
1.088888888829388	46.639758133253416	3.776533948811754
1.116666666639503	46.73550849573831	3.740605730706083
1.144444444449619	46.820710089474815	3.6069321336171605
1.172222222085111	46.88968280821392	3.481943805645293
1.199999999895226	46.97691301132514	3.3770208123421694
1.227777777705342	47.05481161131282	3.2227407820914102
1.258333333418705	47.1460990331734	3.1309542490558964
1.288888888782822	47.218723248786915	3.0429880284809965
1.319444444496185	47.27674147690274	3.0352912507407916
1.350000000034925	47.342874142517324	2.882037624829388
1.383333333302289	47.4037324237577	2.867669938872021
1.416666666744277	47.47351658624668	2.6700086337781213
1.449999999837019	47.53396914561208	2.567350172692918
1.486111111182254	47.60172469872637	2.5847779533979307
1.52222222200362	47.65365709871818	2.5068436866929336
1.558333333348855	47.730744254955994	2.5649538840206962
1.594444444519468	47.770910720574655	2.4729861649237437
1.633333333418705	47.81919162369203	2.428322738973542
1.672222222317942	47.8820785143071	2.4275158512392663
1.711111111042555	47.93035941742448	2.420759354411628
1.75277777784504	48.003795076787846	2.2831774122691195
1.794444444298279	48.05045309240548	2.273580345390753
1.836111111100763	48.09954543927272	2.3079442791787463
1.880555555631872	48.165272383012315	2.251220809564815
1.924999999988359	48.21395900800463	2.2601208834846584
1.969444444519468	48.2577769704977	2.134990601160796
2.016666666604579	48.297537714241415	2.173930896434491
2.063888888689689	48.35109300173296	2.1280215691445403
2.113888888852671	48.40180823609995	2.0019084132333473
2.163888888841029	48.45292919234187	1.970514534165927
2.213888888829388	48.4943128235853	2.0512453051717308
2.266666666720994	48.54989672045156	2.022503140265992
2.319444444437977	48.588440298570426	1.9436307876329737
2.374999999883585	48.62454954543972	2.0019347603522126
2.430555555503815	48.66552745480826	1.8676535566967396
2.488888888852671	48.72922578917317	1.862015865341724
2.547222222201526	48.76127781729313	1.7400286875551054
2.608333333104383	48.797387064162415	1.8133782652747872
2.669444444531109	48.85986823290254	1.8456820048001459
2.733333333337214	48.880560048524245	1.8254871086906965
2.797222222317942	48.92113223601787	1.6810056219212184
2.863888888852671	48.94831560163856	1.7586015790514322
2.9305555553874	49.00349377662985	1.7467180582490802
3.0	49.04650029537304	1.661041199784521
3.069444444437977	49.08220382036741	1.777127860929032
3.141666666604579	49.11182151723771	1.6975407814169736
3.216666666499805	49.161725307854816	1.7330586745517618
3.291666666744277	49.1941830578497	1.69721963614143
3.369444444542751	49.237189576592925	1.6609672326638427
3.447222221991979	49.2826304265857	1.6534238885761603
3.5277777776937	49.30494512970718	1.681245302132852
3.611111111124046	49.339837210951686	1.7010396049056038
3.694444444205146	49.38608950469438	1.6580581107850123
3.78055555553874	49.420170142188994	1.7022135264810947
3.869444444426335	49.45465650155854	1.6441535604378177
3.961111111042555	49.4903600265529	1.6704303757984635
4.052777777833398	49.543103870294544	1.6569150547576081
4.14722222200362	49.56582429529095	1.6011593796418646
4.244444444426335	49.618162417157706	1.6455111926974655
4.344444444403052	49.651025889027515	1.7104217956111838
4.447222222283017	49.67942642027302	1.650304923137458
4.549999999988359	49.710261282768116	1.5726741502812764
4.655555555596948	49.74393619838782	1.6111474826086745
4.763888888934162	49.7877541608809	1.4683051228073576
4.875	49.836035063998246	1.4193723009119281
4.988888888794463	49.857538323369866	1.4578663920888937
5.105555555492174	49.8928361264893	1.4537375307193
5.225000000093132	49.92407671085936	1.4007798638819007
5.347222222248092	49.944362804606115	1.4239296416289144
5.472222222131677	49.96586606397773	1.3620087342581806
5.600000000093132	50.00197531084702	1.393712104181033
5.730555555433966	50.031998729592274	1.370954148076791
5.863888888852671	50.0539077108388	1.4107034570639458
6.0	50.102188613956216	1.575086016767155
6.138888888701331	50.135863529575886	1.5160316076459932
6.280555555480532	50.16385833894645	1.517735630706904
6.42777777754236	50.193881757691685	1.6227341726430005
6.577777777682059	50.2332367795605	1.6381318283676505
6.730555555550382	50.289226398301615	1.708187982908065
6.886111111147329	50.29734083580037	1.52363935230131
7.047222222201526	50.33345008266965	1.5118609327404868
7.211111110984348	50.385788204536354	1.5497230753428008
7.37777777784504	50.410537238907466	1.5097287421793177
7.549999999988359	50.47382985139744	1.411324550691952
7.725000000034925	50.46693257952353	1.5700295110260136
7.90555555553874	50.492493057644516	1.5486737966069395
8.088888888945803	50.530225192013525	1.4878182844407262
8.277777777635492	50.560248610758784	1.5805617723323415
8.469444444403052	50.59473497012833	1.3043207817255624
8.666666666627862	50.63652432324675	1.6087071468145728
8.866666666581295	50.666953463866946	1.6103629920162572
9.072222221991979	50.705497041985815	1.5822299360326522
9.28333333338378	50.74972072635386	1.5943308883244751
9.499999999883585	50.75337222322829	1.6514314501119671
9.719444444286637	50.81139045134409	1.5758811470334513
9.944444444496185	50.83654520759013	1.6111443191389214
10.17499999998836	50.86778579196018	1.643871341051647
10.41111111093778	50.899837820080116	1.5596743524918477
10.6527777776937	50.94527867007294	1.7610904252367843
10.90000000008149	50.97083914819389	1.5009643226721856
11.15277777775191	51.00816556068798	1.6236987015886226
11.4111111110542	51.05279496693096	1.5670533750696283
11.67499999998836	51.078355445051876	1.5493468892066298
11.94444444420515	51.1237962950447	1.466770529169234
12.22222222213168	51.12663634816928	1.6314855150307395
12.50555555534083	51.17694586066132	1.6382847609350946
12.79444444453111	51.196014788783295	1.620439961808513
13.09166666673264	51.223603876278965	1.5836456646273795
13.39444444439141	51.25119296377456	1.5137651987556988
13.70555555558531	51.309616913765375	1.6634679528129974
14.02222222223645	51.347754770009324	1.565028750716404
14.34722222224809	51.387515513753016	1.6059230435803056
14.68055555562023	51.40496155437529	1.6218179883302166
15.01944444444962	51.43498497312052	1.6115011598907805
15.3666666666395	51.4686598887402	1.5023081071372952
15.72222222218989	51.49787186373558	1.545362230538217
16.08611111110076	51.52505522935632	1.5981352918560807
16.45833333319752	51.554672926226594	1.6122209746475753
16.83888888882939	51.579421960597685	1.6351276044198046
17.22777777782176	51.61431404184217	1.6883205041977152
17.62777777772863	51.66016061370993	1.7952973155001606
18.03611111099599	51.7092529605772	1.851815570898483
18.45277777779847	51.735624882448015	1.8546188941370398
18.88055555534083	51.76645974494314	1.80644057638941
19.31666666659294	51.80338043556231	1.8348041603994814
19.76388888893416	51.849227007430045	1.8212106249580278
20.22222222218989	51.898319354297286	1.72263554084177
20.68888888898073	51.929965660542315	1.6770719140914043
21.16666666668607	51.96566918553667	1.7220847822683318
21.65555555548053	51.98270950428397	1.7207778251330952
22.15555555553874	52.013138644904146	1.6961123222916483
22.66666666668607	52.04397350739931	1.6515832439401197
23.19166666665115	52.065882488645826	1.7832373333634883
23.72777777770534	52.10239745739003	1.8243209415116852
24.27500000002328	52.1381009823844	1.2060055814261363