0.002777777554001659	3.5513398960352274	4.101454457641863
0.005555555457249284	5.378432909923412	1.1704448089993944
0.008333333360496908	5.505416399113772	1.128666490338727
0.01111111108912155	5.996559150693134	1.6781039660355461
0.01388888881774619	6.36596566470153	1.6504075614294087
0.01666666654637083	6.666108457333369	1.8019012214213157
0.01944444444961846	6.9641523493173745	1.9747630634639939
0.02222222200362012	7.233861082556473	2.096405414368417
0.02499999990686774	7.477333557698403	2.200648579389684
0.02777777781011537	7.722904933488044	2.322356178485871
0.03055555553874001	7.944338951828352	2.3874597302465594
0.03333333326736465	8.165772970168618	2.3856237453328113
0.03611111099598929	8.35152567749667	2.4910437600147466
0.03888888889923692	8.527833331909754	2.5078515979217957
0.04166666645323858	8.713586039237885	2.6562449543884967
0.0444444443564862	8.882547541383746	2.8055448995841106
0.04722222225973383	9.053607944177434	2.9248151771613955
0.04999999998835847	9.227816697942767	3.004012764949073
0.05277777771698311	9.399926551060272	3.1120217447818845
0.05555555544560775	9.558393549967308	3.210358530980561
0.05833333334885538	9.71476164822655	3.298040255076129
0.06111111090285704	9.871129746485797	3.3832550531217427
0.06388888880610466	10.015953891182244	3.4465090081192318
0.06666666670935228	10.164975837174266	3.564492108621281
0.06944444443797693	10.317146134137934	3.6149761635191853
0.07222222216660157	10.460920828510531	3.7089240088333755
0.07499999989522621	10.598398820939796	3.782543624039013
0.07777777779847383	10.74532186628403	3.881327609908921
0.0805555553524755	10.874404256122215	3.909729666652104
0.08333333325572312	11.006634996932052	3.997955052558821
0.08611111080972478	11.14621189000906	4.056602568735345
0.08888888888759539	11.267948127580029	4.092082502764754
0.09166666661622003	11.4033272193615	4.146994433493624
0.09444444434484467	11.517717304665245	4.261002540773473
0.0972222222480923	11.650997495798974	4.327112664040998
0.09999999980209395	11.766437031426568	4.351823630509265
0.1027777777053416	11.892371070293075	4.384222652329079
0.1055555552593432	11.997316102681797	4.461495369828109
0.1083333333372138	12.120101790576678	4.496097405878177
0.1111111110658385	12.246035829443173	4.599851271100819
0.1138888887944631	12.359376464423022	4.616195138241969
0.1166666666977108	12.461173145840082	4.669151721799449
0.1194444442517124	12.572414880172174	4.698237830628729
0.12222222215496	12.686804965475913	4.7683981117077865
0.1277777777868323	12.89564557992949	4.888636152832673
0.1333333332440816	13.108683995678682	4.901516639870602
0.1388888887013309	13.307030106893464	5.0612426788123015
0.1444444441585802	13.512722370375357	5.163913345382025
0.1499999999650754	13.70896958094235	5.240681217480392
0.1555555555969477	13.88632668567933	5.27812113679881
0.161111111054197	14.082573896246283	5.3586765282437305
0.1666666666860692	14.27147495454603	5.430992978622041
0.1722222221433185	14.461425463169654	5.473590730452038
0.1777777776005678	14.629337514991708	5.524295785013915
0.1833333330578171	14.794101215842026	5.633686292390307
0.1888888888643123	14.963062717987889	5.663681111094448
0.1944444443215616	15.126776968514346	5.669075786601407
0.1999999999534339	15.27999671580195	5.73385088971011
0.2055555555853061	15.443710966328377	5.753182608639599
0.2111111110425554	15.59693071361594	5.826973684060059
0.2166666664998047	15.753298811875183	5.894109739365679
0.222222221957054	15.90441965851495	5.924115452037436
0.2277777777635492	16.042947101268123	5.949750853897225
0.2333333332207985	16.1898701466124	6.049189395437937
0.2388888888526708	16.33364484098499	6.076018360613232
0.2444444444845431	16.470073383090355	6.133466614025287
0.252777777670417	16.683111798839505	6.144313371539402
0.2611111108562909	16.88040845973036	6.256596029013776
0.2694444443914108	17.070358968353997	6.344417255640625
0.2777777777519077	17.27290288086427	6.371089580417219
0.2861111111124046	17.4649522901357	6.419375779264686
0.2944444442982785	17.63706214325324	6.480663091591112
0.3027777776587755	17.821765400257423	6.523683405574591
0.3111111110192724	18.014864259852718	6.584321254348205
0.3194444442051463	18.189073013618046	6.624065623934296
0.3277777777402662	18.352787264144474	6.657211604099333
0.3361111111007631	18.514402614023183	6.691643393826601
0.34444444446126	18.689660818112376	6.819598915007648
0.3527777776471339	18.846028916371612	6.832156626082549
0.3611111110076308	19.00869371657415	6.901153391897921
0.3694444443681277	19.164012364509546	6.921348933163049
0.3805555554572493	19.35711122410486	7.002502706739763
0.3916666665463708	19.562803487586795	7.082248779543566
0.4027777778101154	19.772693552364306	7.118480577129551
0.4138888888992369	19.95844625969235	7.170083034524469
0.4249999999883585	20.156792370907098	7.192788416841304
0.436111110902857	20.348841780178525	7.215590392165073
0.4472222221666016	20.5356439378305	7.327256288571963
0.4583333332557231	20.71195159224358	7.3472094113815745
0.4694444443448447	20.89140759762835	7.321619231883108
0.4805555552593432	21.074011953984805	7.300769504926218
0.4916666666977108	21.230380052244012	7.3237017792826435
0.505555555515457	21.43082506410654	7.369323515877484
0.5194444441585802	21.622874473377916	7.3753642523459115
0.5333333331509493	21.829616187183788	7.419515740171962
0.5472222221433185	22.015368894511838	7.422193760552536
0.5611111111356877	22.19482489989661	7.444660882262778
0.5749999999534339	22.366934753014174	7.540799491823914
0.5888888887711801	22.55793471196167	7.5479493151016275
0.6027777777635492	22.72899511475536	7.639593560240789
0.619444444484543	22.935736828561193	7.64304431047373
0.6361111108562909	23.14457744301479	7.638119864559387
0.6527777777519077	23.35131915682063	7.711805793954911
0.6694444442982785	23.55386306933095	7.8187753582577155
0.6861111110192724	23.734368525039578	7.847553600865891
0.7027777777402662	23.934813536902094	7.886900956455326
0.71944444446126	24.09013218483744	7.921921178467838
0.7361111110076308	24.284280494756633	7.948652766401123
0.7555555554572493	24.48367605629527	7.934358753057808
0.7749999999068677	24.686219968805553	7.936681170436589
0.7944444443564862	24.89296168261137	7.999111714795577
0.8138888888061047	25.100752846741095	8.059284499999242
0.8333333332557231	25.282307752773637	8.026772516301133
0.8527777777053416	25.472258261397272	8.144631610875253
0.8749999997089617	25.678999975203105	8.147605081255099
0.8972222222364508	25.871049384474517	8.218455969380233
0.9194444444146939	26.067296595041473	8.278378699883037
0.941666666592937	26.280335010790644	8.297175953486626
0.9638888887711801	26.471334969738145	8.273451533534475
0.9888888888526708	26.67387888224844	8.354666860892905
1.013888888759539	26.88167004637815	8.397378236650013
1.038888888841029	27.08841176018403	8.417330162182408
1.063888888747897	27.293054573342065	8.526519249629334
1.088888888654765	27.49769738650014	8.580072468079349
1.116666666639503	27.714933603544864	8.575928540056571
1.144444444449619	27.918526966379	8.65782212730145
1.172222222259734	28.12946648148041	8.700177128388018
1.199999999895226	28.33515874496232	8.753975401274552
1.227777777705342	28.525109253585995	8.737789053657826
1.258333333244082	28.75074107322182	8.735319876421283
1.288888888608199	28.96168058832322	8.762861494747883
1.319444444321562	29.16842230212902	8.75775517724227
1.350000000034925	29.381460717878188	8.849558019553157
1.383333333302289	29.58925188200794	8.900315189499723
1.416666666569654	29.805438648728742	8.888417405485546
1.450000000011642	29.99748805800015	8.959215376511507
1.486111111007631	30.208427573101527	8.987704333460485
1.52222222200362	30.42881214111788	9.02751373317154
1.558333333348855	30.62925715298041	9.026103253802004
1.594444444344845	30.848592270672896	9.047834733721936
1.633333333244082	31.07737244128034	9.07257563831658
1.672222222143319	31.279916353790675	9.08873755564017
1.711111111042555	31.49400421986372	9.187181813520818
1.752777777670417	31.723833840795066	9.30188656921635
1.794444444298279	31.943168958487576	9.34869480676148
1.836111111100763	32.14466342067398	9.443203437441342
1.880555555457249	32.37449304160533	9.483510542599168
1.924999999988359	32.58123475541118	9.492493255971755
1.969444444344845	32.79322372083644	9.560746279064135
2.016666666604579	33.02200389144393	9.597177566119539
2.063888888864312	33.2570807639947	9.643005480862545
2.113888888852671	33.492157636545514	9.647346149982232
2.163888888841029	33.72303670780077	9.70258762865498
2.213888888654765	33.953915779055976	9.769632499593577
2.266666666546371	34.18059704901573	9.866543177603695
2.319444444437977	34.40098161703206	9.951119100950184
2.374999999708962	34.632910138611194	9.986069683430399
2.430555555503815	34.8690364614859	9.974020155062497
2.488888888852671	35.09151993015007	9.99033274702403
2.547222222201526	35.3129539484903	10.06619638411703
2.608333333104383	35.562723125575516	10.107097548075235
2.669444444356486	35.79884944845021	10.099822313697612
2.733333333337214	36.046519724887666	10.215396843942706
2.797222222143319	36.28054714711458	10.325743925793162
2.863888888852671	36.5156240196654	10.382158391305383
2.930555555562023	36.74650309092065	10.546715213580088
3.0	37.0025689699492	10.748344828590252
3.069444444437977	37.24604144509107	10.803475113194965
3.141666666604579	37.46747546343135	10.801527163119673
3.216666666499805	37.7308874947271	10.872797823759397
3.291666666569654	37.99220062537507	10.981616679473072
3.369444444368128	38.248266504403645	11.11650740711315
3.447222222166602	38.51482688667108	11.299948183339895
3.5277777776937	38.80027737476849	11.267671743950327
3.611111110949423	39.06473885638809	11.356696648849166
3.694444444205146	39.295617927643356	11.512123839339784
3.78055555553874	39.559029958939135	11.5068894095002
3.869444444251712	39.829788142502075	11.502719460777222
3.961111111042555	40.10684302800839	11.528697952350507
4.052777777658775	40.39544186707744	11.549258802542413
4.14722222200362	40.6368154415716	11.46758845397076
4.244444444251712	40.91177142643008	11.605104610409441
4.344444444403052	41.18357906031697	11.6965149633845
4.447222222108394	41.44279329031716	11.691874457836626
4.549999999988359	41.699908619669614	11.763088607627928
4.655555555596948	41.95912284966982	11.778261947898256
4.763888888759539	42.2340788345283	11.743008567099954
4.875	42.49224361420465	11.917179836347527
4.988888888794463	42.79763365845593	11.960842275803591
5.105555555492174	43.0610456897517	12.004516393787267
5.224999999918509	43.32340827072356	12.073766487235485
5.347222222248092	43.6151554607643	12.132929874497291
5.472222221957054	43.89325979659448	12.242148225759959
5.599999999918509	44.172413582748554	12.215021584062853
5.730555555259343	44.46940802440873	12.27491468504573
5.863888888852671	44.75590796282999	12.204310824180732
6.0	45.03716064963183	12.244633319291646
6.138888888701331	45.31211663449041	12.307504545345052
6.280555555305909	45.58707261934891	12.257724468193352
6.427499999699649	45.883017610685165	12.316679900764594
6.577499999839347	46.14957799295259	12.374552414074293
6.73027777770767	46.425583428134956	12.41392576549521
6.885833333304618	46.704737214289075	12.42854231019653
7.046944444358815	46.9807426494715	12.13633890999044
7.210833333141636	47.26094588594948	12.530162403949484
7.377500000002328	47.532753519836334	12.6097820989813
7.549722222145647	47.82869851117258	12.628302526408302
7.724722222192213	48.12359405218497	12.71840017539326
7.905277777696028	48.433181897731785	12.814955553864916
8.088611111103091	48.722830187124764	12.877742734001357
8.27749999979278	48.91173124542447	12.960688465527614
8.46916666656034	49.31157181882558	12.981197002908022
8.66638888878515	49.6138135121052	13.000370019194454
8.866388888738584	49.91080795376536	12.969107847609761
9.071944444149267	50.20360459412996	12.739284348114788
9.283055555541068	50.510044088705165	12.689244390905262
9.499722222040873	50.81123633166082	12.953312888841557
9.719166666443925	51.10823077332104	13.353492158773392
9.944166666653473	51.393681261418415	13.015048400382245
10.17472222214565	51.67178559724858	13.00045599352267
10.41083333309507	51.95513718469819	13.04020009984363
10.65250000002561	52.17657120303844	13.085213774732365
10.89972222223878	52.467268942755304	13.119398008273105
11.1524999999092	52.839823807735385	13.1186997795333
11.41083333321149	53.15256000425387	13.131193333763514
11.67472222214565	53.44325774397071	13.188160559502865
11.94416666653706	53.73710383465919	13.231449749329796
12.22194444428897	54.04774113052985	13.276241839847803
12.50527777749812	54.353131174781154	13.517786420209507
12.7941666666884	54.66691682162348	13.546998168674657
13.09138888888992	54.96601016393144	13.305496411984995
13.3941666665487	55.26615295656328	13.254545093981688
13.70527777774259	55.569444100166784	13.224529673767258
14.02194444439374	55.859092389559684	13.19342493357851
14.34694444440538	56.15503738089597	13.233927765942177
14.68027777777752	56.45203182255612	13.22906398719912
15.01916666660691	56.749026264216305	13.219688122985202
15.36638888879679	57.04287235490477	13.240849915712754
15.72194444434717	57.33776789591721	13.263925728458078
16.08583333325805	57.61797113239516	13.231214252799019
16.45805555552943	57.90132271984474	13.511616330197343
16.83861111098668	58.22140506863043	13.56115007870896
17.22749999997905	58.52259731158615	13.521267318533216
17.62749999988591	58.833234607456845	13.658569688133833
18.0358333333279	59.13652575106035	13.585236746395173
18.45249999995576	59.441915795311594	13.69358525545525
18.88027777749812	59.73261353502842	13.88727047361025
19.31638888892485	60.10831675098014	14.059015919147372
19.76361111109145	60.41790459652697	14.05441616708919
20.22194444434717	60.70020673365271	14.101787193257175
20.68861111113802	61.0381297379445	14.134823898240372
21.16638888884336	61.30678902085968	14.175710994707392
21.65527777763782	61.63316807158867	14.261379941626748
22.15527777769603	61.97109107588046	14.303273066694507
22.66638888884336	62.305865729200534	14.10367587876093
23.19138888880843	62.622799727014566	14.199166994327216
23.72750000003725	62.93658537385695	14.320038452815753
24.27472222218057	63.253519371671	14.166823567581533
24.83583333314164	63.56625556818946	14.346144530473934
25.41083333309507	63.89683242021405	14.366280689493163
25.99694444448687	64.19697521284584	14.331733726874319
26.59694444434717	64.50761250871653	14.366222151883656
27.21083333337447	64.84343661236055	14.35897813217654
27.83861111104488	65.15932115985065	14.384535883175992
28.4830555554363	65.44791999891973	14.419689409991706
29.14138888864545	65.77010124835319	14.474432071936878
29.81361111084698	66.09962865005389	14.434006036601323
30.50249999994412	66.42390880013508	14.520744872182147
31.20805555558763	66.76707905604631	14.617437532939931
31.93027777777752	67.07876580224094	14.504258359316033
32.6691666666884	67.39779870070271	14.54037905805545
33.42472222214565	67.72312830110785	14.637826813321189
34.19694444414927	68.04950735183681	14.623427210542776
34.9858333330485	68.36329299867923	14.616841697789853
35.79416666639736	68.68757314876046	14.658421695741568
36.62194444419583	69.0254961530522	14.532866827419635
37.46916666644393	69.32354004503627	14.552863702512637
38.33583333314164	69.6478201951175	14.631555565687488
39.22194444428897	69.96265529228374	14.774895577140857
40.12749999988591	70.27644093912609	14.799266873436014
41.0552777776611	70.60072108920731	14.771886352061177
42.00249999988591	70.93339684187967	14.895248180502358
42.97194444428897	71.23353963451146	15.006651196515763
43.96361111104488	71.54627583103	15.103482101466215
44.97749999997905	71.88419883532171	15.053880926668754
46.01638888864545	72.2483580977107	15.16558808520056
47.08027777774259	72.57788549941138	15.257807443588032
48.16638888884336	72.87907774236714	15.323389589308652
49.27750000002561	73.2358908524888	15.383922799698723
50.41638888884336	73.60214901552557	15.567559624588187
51.58027777774259	73.92433026495905	15.623108565038972
52.77194444445195	74.22867085888643	15.583556674332637
53.99138888879679	74.5728905651215	15.476386923470283
55.23861111112637	74.90976411908942	15.399153476837027
56.51361111109145	75.24768712338118	15.507322780241527
57.81916666659527	75.59400573026404	15.449293665506033
59.1524999999092	75.94452213844242	15.42501712641674
60.51916666649049	76.2688022885237	15.587154891966769
61.91638888878515	76.58888463730933	15.645147393173817
63.34416666644393	76.91421423771455	15.658797646121617
64.80527777754469	77.22695043423295	15.683155396787162
66.29972222208744	77.54073608107532	15.819293531513031
67.8302777778008	77.8639667808327	15.829891527512775
69.39694444433553	78.19559308318112	15.886200746158737
70.99972222204087	78.54925784233119	15.867375616956696
72.63861111109145	78.92181270731129	15.916184345071123
74.31638888869202	79.23454890382975	15.761708427346896
76.03027777763782	79.57981806038875	15.833925943192718
77.78583333321149	79.9145927137088	15.900806657673668
79.58027777768439	80.28819702901285	16.014892913761887
81.41638888878515	80.62087278168518	16.114295327621846
83.2941666666884	80.97663644148301	16.216143431405914
85.21638888859889	81.31246054512701	16.099987637732095
87.18305555538973	81.64513629779931	16.048487202472423
89.19416666653706	81.90435052779958	15.547627455708053
91.25249999994412	82.24542188306293	15.521251210687621
93.3580555554363	82.57180093379199	15.386868754180052
95.51361111109145	82.91602064002706	15.130754291624926
97.71638888883172	83.26233924690993	15.122986924108394
99.97194444428897	83.61810290670785	15.028873062082077
102.2774999999092	83.92244350063523	14.984226492063835
104.6386111111497	84.26666320687028	15.078763609832986
107.0524999999325	84.40309174897568	15.232394694427924
109.5219444443355	84.72947079970469	15.172173361192737
112.0497222220874	85.00967403618264	15.155137841842034
114.6358333331882	85.28882782233671	15.023046483469312
117.2802777776378	85.60891017112242	14.878328189152384
119.9858333333395	85.92374526828858	14.962271641087248
122.7552777774981	86.2333331138355	15.170780374197575
125.5886111109867	86.58594842266163	15.010311793367677
128.4858333332813	86.87874506302623	15.596262156398998
131.4497222221107	87.18833290857313	15.63151548755298
134.4830555555527	87.4958218534721	15.679292343746003
137.5858333332581	87.78337124221726	15.781595648580891
140.7608333333046	88.0709206309625	16.091274672311922
144.0080555553432	88.43927769464699	16.11777453562964
147.3302777778008	88.79714025509257	16.18411793787999
150.7302777777077	89.07839294189444	16.171114581558093
154.2080555555876	89.3921785887368	16.133053434212655
157.7663888886455	89.71540928849413	16.34528159144474
161.4052777777542	89.99771142561988	16.24765138981031
165.1274999999441	90.29470586728007	16.64521207205743
168.935833333293	90.6945464406812	16.738203032003266
172.8330555555294	91.00518373655193	16.63088398666155
176.8191666666535	91.32211773436586	16.320314291303184
180.8969444443937	91.65164513606659	16.329451031020035
185.0691666666535	91.91820551833398	16.482473565713434
189.3386111109867	92.2771175291035	16.506482154578663
193.7052777777426	92.53738120942766	16.47198784215542
198.1747222222039	92.92882618023773	16.573002281706014
202.7469444441958	93.23316677416503	16.31464954186556
207.4247222221457	93.54905132165523	16.25830007531205
212.2080555555294	93.79462269744486	16.061768061950236
217.1836111110169	94.0685292319795	16.020851447686425
222.3502777777612	94.41694673951015	15.944139339360714
227.5169444443309	94.73283128700032	15.353777447740505
232.8502777777612	94.95846310663612	14.773877736706645
238.350277777703	95.29323775995617	14.57314753238803
243.8502777778194	95.58393549967309	13.973007008315639
249.5169444444473	95.892473894896	13.300046162923174
255.3502777777612	96.16323207845898	13.092215151650649
261.3502777777612	96.40880345424858	13.229407438303124
267.5169444444473	96.72049020044317	13.2875693515334
273.8502777778194	96.93038026522069	13.573650500559992
280.1836111110169	97.07310550926947	13.768700308578634
286.6836111110752	97.19274284619252	14.195539269731766
293.3502777778194	97.3774461031968	14.411812582861238
300.1836111110752	97.55270430728598	14.600319658506123
307.1836111110169	97.62826473060593	14.72902716321792
314.3502777778194	97.86019325218506	15.21958435801289
321.6836111109587	98.13409978671972	15.869692323855201
329.1836111109587	98.41010522190207	16.49205569627437
336.8502777777612	98.80889634497929	16.904152904101423
344.6836111109587	99.14681934927111	17.582798898535277
352.6836111110169	99.46795114838065	18.33478427859537
360.8502777777612	99.82686315915015	18.031430898153953
369.1836111110169	100.13854990534476	17.995965835940897
377.8502777776448	100.44079159862436	22.176673600104962