0.008563404426240595	1.789262246004344	1.2685051084093129
0.02856340442485816	2.790397074125822	0.3934165851389588
0.04856340442711371	2.8969007792451285	6.776719220251664
0.05856340442733199	4.600960061154027	5.725525140581171
0.07856340442776855	4.728764507297194	0.507200313719292
0.09856340442638611	4.8565689534403615	0.6357184680796699
0.1085634044266044	4.941771917535807	0.6391649774192372
0.128563404427041	5.0482756226551135	0.607353354648645
0.1485634044274775	5.133478586750558	0.7367510322423403
0.1585634044276958	5.218681550846004	0.7507335983868242
0.1785634044263134	5.303884514941448	0.761188294081445
0.1985634044267499	5.389087479036893	0.9766221748155561
0.2085634044269682	5.474290443132338	0.9794564930894828
0.2285634044274048	5.559493407227783	1.2077400727219576
0.2485634044260223	5.623395630299367	1.1255899828958196
0.2585634044262406	5.708598594394812	1.1270833026926743
0.2785634044266772	5.772500817466395	1.4935197680851175
0.2985634044252947	5.85770378156184	1.1969332036227955
0.308563404427332	5.942906745657286	1.380916350364087
0.3285634044277686	5.985508227705008	1.4013807820895419
0.3485634044245671	6.070711191800453	1.2267323058726272
0.3585634044266044	6.134613414872035	1.2330006640298088
0.378563404427041	6.198515637943621	1.6124611685119494
0.3985634044274775	6.262417861015203	1.4840284018273906
0.4085634044258768	6.347620825110649	1.6194126735928842
0.4285634044263134	6.411523048182232	1.7217786931953116
0.4485634044267499	6.475425271253816	1.8019843134607323
0.4785634044274048	6.6032297173969825	1.7212831893900882
0.4985634044278413	6.6671319404685665	1.885232261592283
0.5285634044266772	6.7736356455878735	1.8472562731059115
0.5485634044271137	6.8375378686594575	1.9450683011009051
0.5785634044277685	6.965342314802625	2.021417264883569
0.5985634044263861	7.0079437968503475	2.1191937787742297
0.628563404427041	7.135748242993514	2.1955320542384906
0.6485634044274775	7.199650466065098	2.203057173843128
0.6785634044263134	7.306154171184406	2.4126844730434795
0.6985634044267499	7.370056394255989	2.3709321701791994
0.7285634044255858	7.476560099375294	2.3375878058052795
0.7485634044278413	7.519161581423017	2.3831371290066583
0.7785634044248582	7.646966027566184	2.497738070511332
0.7985634044271137	7.668266768590045	2.5898848586105627
0.8285634044277685	7.774770473709352	2.5689135060999018
0.8485634044263861	7.838672696780935	2.5986883240594154
0.878563404427041	7.945176401900241	2.607301610276642
0.9085634044276958	8.051680107019548	2.8866164273312966
0.9485634044267499	8.136883071114992	2.8126802322290407
0.9785634044274047	8.2433867762343	2.8863820748928175
1.008563404426241	8.349890481353606	2.802333964505556
1.048563404425295	8.43509344544905	3.0904629667918444
1.078563404427769	8.541597150568355	3.1406442155405636
1.108563404426604	8.6268001146638	3.0324233826904714
1.148563404427478	8.712003078759246	3.081612571215126
1.178563404426313	8.818506783878552	3.2381611877591263
1.208563404425149	8.903709747973997	3.1153803462621923
1.248563404427841	8.988912712069443	3.2797071418764845
1.278563404426677	9.074115676164887	3.3597604611658913
1.308563404427332	9.159318640260333	3.272176768492579
1.348563404426386	9.244521604355777	3.3418521367863843
1.398563404427478	9.393626791522804	3.521874711919629
1.44856340442675	9.500130496642113	3.57611597087563
1.498563404427841	9.627934942785279	3.7175950105669746
1.548563404427114	9.755739388928447	3.7275258321221503
1.598563404426386	9.883543835071615	3.7827911855996947
1.648563404427478	10.011348281214783	3.975906952920119
1.69856340442675	10.117851986334088	4.015996814078436
1.748563404426022	10.245656432477254	4.030053014904111
1.798563404425295	10.352160137596561	4.164676787050584
1.848563404424567	10.47996458373973	4.170851505679876
1.898563404427478	10.586468288859031	4.171807801895993
1.94856340442675	10.692971993978338	4.282241277825833
1.998563404427841	10.82077644012151	4.415421190936906
2.048563404427114	10.927280145240813	4.345935162101499
2.098563404426386	11.012483109336259	4.40674750106629
2.148563404427478	11.140287555479425	4.491711340798938
2.19856340442675	11.246791260598734	4.699271797680446
2.258563404426241	11.374595706741902	4.643634868592037
2.328563404427769	11.502400152885071	4.789916217729045
2.398563404427478	11.6515053400521	4.934829888943502
2.458563404426968	11.80061052721913	4.839650123350184
2.528563404426677	11.928414973362289	4.881871501325906
2.598563404424567	12.05621941950546	5.1354523065752495
2.658563404425877	12.205324606672491	5.159765602850165
2.728563404427405	12.311828311791794	5.004685103147337
2.798563404427114	12.43963275793496	5.130389934099877
2.878563404427041	12.610038686125852	5.2778996618194425
2.94856340442675	12.737843132269019	5.22980142200129
3.028563404424858	12.865647578412185	5.399364856393568
3.098563404426386	12.993452024555358	5.435770630818755
3.178563404426313	13.14255721172238	5.573474519881025
3.258563404426241	13.291662398889416	5.534295665232924
3.348563404424567	13.44076758605644	5.7218422324456935
3.428563404426313	13.568572032199606	5.709842122319625
3.508563404424422	13.738977960390498	5.803083938146704
3.598563404426386	13.866782406533666	5.772476751599001
3.69856340442675	14.037188334724556	5.849404484855367
3.798563404427114	14.186293521891582	6.039898573296428
3.898563404427478	14.356699450082473	5.933048799147117
3.998563404426022	14.5058046372495	6.200455207210017
4.098563404424567	14.654909824416528	6.20425515555002
4.19856340442675	14.825315752607418	6.3867484035296
4.298563404427114	14.974420939774445	6.3854194123780115
4.398563404427478	15.144826867965342	6.61615380443891
4.508563404426241	15.315232796156225	6.488539914945485
4.628563404427041	15.485638724347115	6.690416555978756
4.748563404426022	15.656044652538004	6.789171487204456
4.858563404426604	15.847751321752764	6.780211991138621
4.978563404427405	15.97555576789593	6.737432557025391
5.098563404426386	16.16726243711068	6.833303683624123
5.228563404425586	16.337668365301568	7.018093364338255
5.358563404426604	16.529375034516324	6.967585363160369
5.498563404426022	16.69978096270721	7.176142469512146
5.628563404427041	16.870186890898097	7.143453275750956
5.758563404424422	17.061893560112846	7.387112089903955
5.898563404427478	17.253600229327603	7.354126161533995
6.048563404427114	17.445306898542352	7.434453469942001
6.19856340442675	17.61571282673324	7.569788882838299
6.348563404424567	17.828720236971854	7.630091109891164
6.498563404427841	17.99912616516274	7.642323264068218
6.648563404427478	18.169532093353634	7.787347891140271
6.808563404427332	18.382539503592252	7.818587986004721
6.978563404427405	18.574246172806994	8.046136216472032
7.148563404427478	18.787253583045615	7.970436870918618
7.328563404427769	19.00026099328423	8.18665414227773
7.498563404427841	19.191967662498968	8.14894912473939
7.678563404426313	19.404975072737585	8.27631060080254
7.858563404426604	19.59668174195233	8.456849271181754
8.048563404427114	19.809689152190955	8.54901152692436
8.248563404427841	20.02269656242957	8.570274649023437
8.44856340442675	20.23570397266817	8.569702265597394
8.648563404427478	20.470012123930644	8.765694714648705
8.848563404426386	20.683019534169265	8.815813553247528
9.058563404427332	20.917327685431736	8.902068456657254
9.278563404426677	21.130335095670347	9.038603524720811
9.498563404427841	21.34334250590896	9.121189579537063
9.728563404425586	21.577650657171432	9.097852274946069
9.958563404426968	21.811958808433904	9.10600749331113
10.19856340442675	22.046266959696382	9.334255858151737
10.44856340442675	22.280575110958853	9.52079513642477
10.69856340442675	22.514883262221325	9.545660807138837
10.94856340442675	22.749191413483803	9.629464132772416
11.20856340442697	23.004800305770132	9.766260580089144
11.47856340442741	23.260409198056475	9.825890031921649
11.74856340442784	23.49471734931894	9.870679723760349
12.02856340442486	23.750326241605276	9.940867316766088
12.30856340442733	24.00593513389161	10.017421492193522
12.59856340442639	24.240243285154087	10.058390873718743
12.89856340442748	24.495852177440415	10.163708357226762
13.19856340442675	24.75146106972676	10.245089601556186
13.50856340442624	24.985769220989237	10.328115634206618
13.82856340442777	25.26267885429943	10.400277444277824
14.14856340442748	25.51828774658576	10.431273752088105
14.89856340442748	26.114708495253883	10.660278439772474
15.39856340442748	26.49812183368337	10.69514576605127
15.89856340442748	26.860234431089026	10.922386402962623
16.39856340442748	27.222347028494653	11.047677090950728
16.89856340442748	27.584459625900305	11.092333727117905
17.39856340442748	27.967872964329803	11.267691951590114
17.89856340442748	28.308684820711576	11.49561575566463
18.39856340442748	28.67079741811722	11.601066680500987
18.89856340442748	28.99030853347514	11.733618851326575
19.39856340442748	29.33112038985692	11.649597021331605
19.89856340442748	29.671932246238708	11.827230945738478
20.39856340442748	29.991443361596627	11.824912744547023
20.89856340442748	30.31095447695454	11.983581447082372
21.39856340442748	30.609164851288593	12.080151874826
21.89856340442748	30.92867596664652	11.86627143375916
22.89856340442748	31.52509671531464	12.002861456655157
23.89856340442748	32.12151746398275	12.244306177619974
24.89856340442748	32.611434507531555	12.390053456443225
25.89856340442748	33.16525377415194	12.52651521453445
26.89856340442748	33.719073040772344	12.732445475984466
27.89856340442748	34.25159156636886	13.237581850754843
28.89856340442748	34.76280935094154	13.417633692331242
29.89856340442748	35.29532787653806	13.561083274145238
30.89856340442748	35.80654566111073	13.79216777479808
31.89856340442748	36.296462704659554	14.01057544242779
32.89856340442748	36.786379748208354	13.936163468139526
33.89856340442748	37.27629679175716	14.070602654846233
34.89856340442748	37.74491309428212	14.268100460686746
35.89856340442748	38.1922286557832	14.24787327095763
36.88856340442544	38.61824347626042	14.288411869752261
37.88856340442726	39.065559037761496	14.394863702037902
38.88856340442726	39.51287459926259	14.470519575577683
39.88856340442544	39.91758867871596	14.651003673248027
40.88856340442726	40.322302758169315	14.853884888933623
41.88856340442726	40.74831757864654	14.841376989122224
42.88856340442544	41.15303165809992	14.868939848382066
43.88856340442726	41.55774573755327	15.020091636459952
45.38856340442726	42.15416648622139	15.208149792191124
46.88856340442726	42.707985752841786	15.36474264793569
48.38856340442726	43.26180501946216	15.394580382922326
49.88856340442726	43.81562428608256	15.43469853102447
51.38856340442726	44.36944355270296	15.6560647849413
52.88856340442726	44.88066133727563	15.85885619792253
54.38856340442726	45.39187912184829	15.969479843772675
55.88856340442726	45.90309690642098	16.088397653649743
57.38856340442726	46.39301394996976	16.13175956091439
58.88856340442726	46.90423173454244	16.256503960960963
60.38856340442726	47.39414877809124	16.55519958794891
61.88856340442726	47.862765080616185	16.676412627594534
63.74856340442784	48.43788508826046	16.841978523182554
65.24856340442784	48.885200649761536	16.927587263018584
67.24856340442784	49.524222880477375	16.912828375426834
69.24856340442602	50.12064362914549	17.10343334632885
71.24856340442784	50.695763636789756	17.34236667150299
73.24856340442784	51.24958290341014	17.25935633977215
75.24856340442602	51.82470291105437	17.35017298963347
77.24856340442784	52.35722143665093	17.45364707815343
79.24856340442784	52.88973996224746	17.580473633044004
81.24856340442602	53.42225848784399	17.657852053972967
83.24856340442784	53.933476272416655	17.74457527347073
85.24856340442784	54.44469405698932	17.999683121361546
87.36856340442682	54.97721258258586	18.176625881235044
89.868563404425	55.57363333125397	18.210134910498372
92.36856340442682	56.191354820945946	18.426754273873712
94.86856340442682	56.80907631063791	18.582399281657516
97.368563404425	57.405497059306036	18.721876646236247
99.86856340442682	57.95931632592643	18.933576364835247
102.3685634044268	58.53443633357068	18.911800124956642
109.6185634044268	60.13199191036027	19.259398132781747
112.628563404427	60.74971340005225	19.258569087933576
115.628563404427	61.3887356307681	19.43375252906899
118.628563404427	61.98515637943621	19.713192822333486
121.628563404427	62.602877869128164	19.750144411446716
124.628563404427	63.17799787677244	20.003091562092084
127.628563404427	63.77441862544055	19.813648463513363
130.628563404427	64.37083937410866	20.068727802495406
134.128563404427	65.03116234584837	19.968723886608032
137.628563404427	65.69148531758805	20.738186979318062
141.128563404427	66.2666053252323	20.84517523709325
144.628563404427	66.90562755594816	20.77302551034368
148.128563404427	67.4807475635924	20.52030956312058
151.628563404427	68.22627349942753	20.42135106995897
155.128563404427	68.82269424809567	20.91334907585773
158.7185634044272	69.3978142557399	21.197376302168593
162.7185634044272	69.97293426338418	21.58613929587301
166.7185634044272	70.59065575307613	20.92418126510042
170.7185634044272	71.25097872481585	20.838678084949503
174.7185634044272	71.93260243757942	20.996838774804953
179.2185634044272	72.65682763239067	21.503785819168737
183.7185634044272	73.2958498631065	21.8115598153901
188.2185634044272	73.9135713527985	21.6901124614599
192.7185634044272	74.55259358351434	21.567765040303133
197.2185634044272	75.21291655525405	21.49256490018972
202.2185634044272	75.93714175006532	21.69562310853991
207.2185634044272	76.59746472180503	22.14243702339402
212.3885634044254	77.30038917559243	22.255000338035217
217.3885634044273	77.96071214733215	22.27771441397284
222.8885634044254	78.66363660111955	22.44594745209717
228.3885634044273	79.40916253695468	22.732067037158842
233.8885634044273	80.09078624971825	23.235700507281678
239.3885634044254	80.77240996248183	22.799557528794818
246.8885634044254	81.73094330855557	23.031852259002108
252.8885634044254	82.51907072643843	23.48911361377143
259.2085634044252	83.15809295715427	23.148594057081908
265.2085634044252	83.86101741094167	23.186388559066188
271.708563404427	84.62784408780068	23.563445341467016
278.208563404427	85.39467076465971	23.235813131094535
284.7085634044252	86.03369299537555	23.488626850422463
291.708563404427	86.77921893121068	23.846133943698508
298.708563404427	87.63124857216513	23.690004390880688
306.0085634044262	88.3554737669764	23.326395012458367
313.5085634044262	89.05839822076383	24.367819102692003
321.0085634044262	89.88912712069443	24.59787590599974
328.5085634044262	90.59205157448186	23.502428829900534
336.5085634044244	91.29497602826926	23.785255658083397
346.5085634044262	92.42391530253393	24.025040506349615
354.8585634044266	93.04163679222589	23.65989687539164
363.3585634044266	93.8084634690849	24.576474801308198
371.8585634044266	94.66049311003935	24.208176114316664
380.8585634044266	95.38471830485061	24.213328144038382
390.3585634044266	96.10894349966192	24.445792159484334
399.7685634044265	97.04617610471182	24.704174716046396
409.2685634044265	97.72779981747537	24.35734048590981
418.7685634044265	98.66503242252526	24.626092065917046
428.7685634044265	99.3466561352888	25.190447124265095
438.7685634044265	100.17738503521946	24.641022148147947
449.2285634044256	100.9655124531023	25.305346638346965
459.7285634044256	101.75363987098515	24.56514234868223
470.7285634044274	102.60566951193958	25.099334323931227
481.7285634044274	103.39379692982249	24.963068099316118
493.2285634044274	104.26712731180082	25.302620499527563
505.0185634044265	105.0552547296836	25.273408067825454
517.0185634044265	105.88598362961417	25.339096315449517
529.0185634044265	106.695411788521	25.289442456118664
541.3185634044257	107.56874217049925	25.30131244686116
553.8185634044276	108.35686958838211	25.595545077263
566.8585634044266	109.23019997036042	25.440433358252225
580.3585634044266	110.03962812926714	25.91442360295787
593.8585634044266	110.91295851124544	25.37625381405276
607.8585634044266	111.78628889322376	25.417391407867683
621.998563404426	112.5744163111066	25.83844881762032
636.4985634044278	113.53294965718031	26.208675067255054
651.998563404426	114.32107707506324	25.512292480478674
667.1085634044266	115.23700893908936	25.986132847482985
682.6085634044266	116.17424154413911	25.213324137836207
698.6085634044266	116.91976747997437	25.769491196620823
714.7785634044249	117.81439860297642	25.61024472862507
731.2785634044249	118.62382676188322	25.481192708654977
748.2785634044267	119.4971571438616	26.353964447179568
765.9785634044274	120.41308900788762	25.5466507430596