0.01666666654637083	3.707628729260623	58.46811259981907
0.03333333326736465	29.628350414196003	16.326203713056884
0.04999999998835847	31.250437983247544	4.499958512747755
0.06666666670935228	32.646740469427314	5.359883315102644
0.08333333325572312	33.93015041417149	5.940905188472127
0.09999999980209395	35.04125069040826	6.176515974811029
0.1166666666977108	36.00380814896618	106.3878597231251
0.1333333332440816	61.78787044163713	77.14899648173684
0.1499999999650754	58.82592665712367	14.400000151426664
0.1666666666860692	64.0694881211822	39.60807850606521
0.28333333338378	61.16993232009368	4.349056026543401
0.3333333331975155	59.467631629495706	14.902752429467338
0.4499999998952262	58.900198065962954	5.362684485049844
0.5500000000465661	53.903217679251185	5.08331636997245
0.5833333333139308	56.75821063503609	6.29531113043808
0.6166666664066724	56.97805400520044	0.367150410401354
0.7166666667326353	53.359550966547104	31.483444038266388
0.7333333331043832	53.98343080079764	12.907273706348894
0.7666666665463708	53.40708466820412	20.818211401370124
0.7999999999883585	56.96319972343262	33.72048370389035
0.8333333332557231	58.67144212673771	34.03790878517488
0.8666666666977108	59.996444060431884	42.731962921714874
0.8999999999650754	61.04515635324361	34.18495525083104
0.933333333407063	62.254294889148305	32.69336405524763
0.9666666664998047	63.57929682284255	35.626504880897706
0.9999999999417923	64.59235883941136	32.088076121819206
1.03333333338378	65.6707796957588	31.6972303078442
1.066666666651145	66.58877430901317	31.04145374186621
1.099999999918509	68.59707320402929	28.54710912837848
1.133333333360497	68.35940469574345	28.22891659901582
1.166666666453239	69.23283646369426	27.73344976124965
1.199999999895226	70.08547223717008	27.197978115898806
1.233333333337214	70.81036118744207	21.97683772632866
1.266666666604579	71.30352334213548	25.756579915243485
1.300000000046566	72.06703342500404	24.957842989216964
1.333333333313931	72.70576754102262	25.200467720461013
1.366666666406672	73.29993881173736	25.085995713690696
1.39999999984866	73.80201353549138	25.14737727384895
1.433333333290648	74.37538881173121	25.74565888165418
1.466666666732635	74.89825952996037	25.600211763116448
1.516666666546371	75.98856381172207	25.93880485302483
1.583333333255723	77.06698466806952	26.90313138837189
1.633333333244082	77.845349032706	28.219326992176512
1.683333333407063	78.69204309347467	28.189811542863072
1.733333333395422	79.7110468227507	27.09174628603594
1.78333333338378	80.29333466805117	29.255625119832004
1.833333333197516	81.19053328683064	28.45138354958082
1.883333333360497	82.11149875643869	28.39608572233895
1.933333333348855	82.58386491665688	28.3664958368581
1.983333333337214	83.58801436416493	31.366900071818396
2.033333333150949	84.07226394979759	31.342582196538952
2.083333333313931	84.77338604924111	31.881957651262052
2.133333333302289	85.6319635354241	34.37912174570162
2.183333333290648	86.28852278956401	38.368863608792985
2.25	87.57193273430802	39.42250338102592
2.316666666709352	88.74839185032344	41.3033099610963
2.383333333244082	90.0199183696533	40.30752097780699
2.449999999953434	91.5409968226833	42.94819487016843
2.516666666662786	92.55405883925215	45.48184849353388
2.583333333197516	93.64436312101391	50.558978513199264
2.649999999906868	94.33360179504305	52.398561301082715
2.71666666661622	95.70019571768715	56.36524802123629
2.783333333150949	97.18859475082785	62.603565450260184
2.850000000034925	99.07508853534759	67.69957366269975
2.916666666569654	100.48327444694176	71.06718688032211
3.0	102.47077734748304	78.03613817000945
3.083333333255723	105.26041146348916	79.9247565657273
3.166666666686069	107.50637886679131	82.75948533991205
3.249999999941792	109.52061947451467	89.38865336676395
3.333333333197516	111.72796574522037	96.89277343884612
3.416666666453239	113.4896835628898	95.66012600962017
3.500000000058208	115.68217555182761	111.8917131693115
3.583333333313931	118.01429778938338	121.02201123976415
3.666666666569654	120.96732900483627	126.17171590500575
3.766666666546371	124.70466629763267	133.19485864742407
3.866666666697711	127.48241698822466	138.68655010284542
3.966666666499805	133.1834903307334	152.54784413718798
4.066666666651145	136.65642140806182	156.79255204193439
4.166666666453239	140.23927417047227	157.57015694970272
4.266666666604579	142.22677707101352	150.14742379874096
4.366666666406672	147.18216546877548	153.68280126488327
4.483333333104383	152.06922417040502	134.59192827885258
4.599999999802094	156.4571790046342	129.35275806453822
4.716666666499805	160.02220662892324	122.73956164418797
4.833333333197516	161.87007928084648	122.875099093343
4.949999999895226	163.85461132503406	116.59312621109716
5.066666666592937	165.88370621452515	111.45263885315491
5.200000000011642	168.25444958467756	116.46519056832308
5.333333333255723	170.3875244465437	128.9994321011992
5.466666666499805	173.47721505426117	148.7531942507755
5.599999999918509	176.0143263802134	169.91881360705057
5.733333333337214	179.23473466748794	187.8615265387573
5.866666666406672	184.45155842436424	203.60244401196715
6.016666666546371	190.92505441880252	222.3244373092775
6.166666666686069	197.47579267843386	235.61138799624266
6.316666666651145	204.45433425297966	249.178102685536
6.46666666661622	210.74066629714292	257.9379941472936
6.616666666406672	216.74773784406986	256.23299425514284
6.783333333267365	223.22123383850828	250.3703852267278
6.949999999953434	229.36496477769984	242.67303919029862
7.116666666639503	235.05415469479456	231.51570846608035
7.283333333150949	240.28583273343867	222.288394938038
7.466666666732635	245.52345248479017	211.9293845062738
7.649999999965075	250.3421814902877	200.71637822193327
7.833333333197516	254.83411629689192	189.79153537791242
8.016666666604578	258.96657748471364	179.52791911986932
8.216666666732635	263.21787292667847	169.60235461480707
8.41666666668607	267.1512867388107	160.82447391895377
8.616666666639503	270.67472237414967	153.32853744252066
8.816666666592937	273.9783146393243	145.93421705482652
9.033333333267365	277.2611109100238	138.82139588038984
9.249999999941792	280.34783066138726	132.35892374327733
9.46666666661622	283.23253218070795	126.80664721735903
9.700000000011642	286.22418452875735	121.99242000072438
9.933333333407063	288.92766381051	117.80708671014807
10.16666666645324	291.4707168491693	114.26537478801164
10.41666666656965	294.1028955784363	110.9748685152576
10.66666666668607	296.65189032980294	108.04715341112855
10.91666666645324	299.0523422634911	105.34416983718219
11.18333333329065	301.51518218060414	103.4425990415275
11.44999999995343	303.8532461308669	101.78074453534487
11.71666666661622	306.11406781593695	100.2660339314919
12.0	308.38974378277504	98.31389328765897
12.28333333338378	310.6178860479558	96.75872287553692
12.56666666659294	312.78661118606465	95.42237374562
12.86666666669771	314.9731614622954	94.10329890630437
13.16666666645324	317.1092071805152	92.78140487373201
13.48333333310438	319.2036609097853	91.09769782950124
13.79999999975553	321.24166836833723	89.76993109532773
14.13333333330229	323.3450346666676	88.39452287171001
14.46666666649981	325.34739184897666	87.05153093881962
14.81666666659294	327.3675741694072	85.70436198370403
15.16666666668607	329.19762168320904	84.7341403013641
15.51666666660458	331.0662903296073	83.76680872129397
15.88333333324408	332.96763839589477	82.54470894650396
16.25000000005821	334.7709482025144	81.60016241976595
16.63333333324408	336.6188208544373	80.53322436277986
17.03333333315095	338.46966436271435	79.94847404418866
17.43333333340706	340.27000331298007	78.81299316508681
17.85000000003493	342.0584588378318	77.97687548614992
18.26666666666279	343.8112640864407	77.4195258801781
18.70000000001164	345.53733162786716	76.51730472306635
19.1333333333605	347.192098616808	75.4477265286174
19.58333333325572	348.82606961127397	74.31226924208379
20.05000000004657	350.5402537272864	73.01547202785895
20.51666666666279	352.21878756705564	71.78038184315088
21.0	353.84681684881457	70.84688080834945
21.50000000005821	355.41839985985524	69.94945853249159
21.99999999994179	356.93353660017794	69.08538537997913
22.51666666654637	358.38925621342935	68.11849231154473
23.05000000004657	359.8717135338631	67.06447880434897
23.58333333319752	361.3363457161751	66.20291295015763
24.13333333324408	362.7920653294265	65.4283521907739
24.70000000001164	364.21213466643513	64.56242483517168
25.28333333315095	365.676766848747	63.934604746966194
25.8666666666395	367.09386532940215	63.14369089511157
26.46666666649981	368.4901678155818	62.120299921899466
27.08333333325572	369.8419074564582	61.32022855959422
27.71666666673264	371.15799682109156	60.14174164645952
28.36666666640667	372.4592319039573	58.835672212343944
29.03333333315095	373.7367001359941	57.48888201834048
29.71666666661622	374.9814889481418	56.17023754974551
30.41666666645324	376.2559863238252	54.78884281671497
31.1333333333605	377.40273687630474	53.373279370118084
31.8666666666395	378.5583999978453	52.133513126442296
32.6166666666395	379.69029626855706	51.0134784538658
33.3833333333605	380.7984256884401	50.30187504596744
34.16666666645324	381.84119626854465	49.45958146217075
34.96666666661622	382.8334622906385	49.167092189430996
35.78333333315095	383.8435534508535	48.458246409774084
36.61666666640667	384.8506737547155	47.73512649126471
37.46666666673264	385.9082986165878	46.83524126124233
38.33333333325572	386.95998176575324	46.25051682350236
39.23333333339542	388.01760662762547	45.74071106205183
40.14999999990687	388.9920475115978	44.99818282164122
41.08333333331393	389.93677983203446	44.083294623668024
42.03333333326737	390.81912416904606	42.812776142905626
43.01666666666279	391.71632278782545	41.19725430861163
44.01666666660458	392.57787113036187	39.637187893302126
45.03333333326737	393.40376919665556	38.48658781611689
46.08333333319752	394.1999586994136	37.411192361660824
47.14999999984866	394.96643963863573	36.51407377538601
48.23916666669538	395.66162002537226	35.443814521173856
49.35583333316026	396.35977126846194	34.39404978209115
50.50583333306713	397.06980593696636	33.4565226652701
51.67250000004424	397.76795718005593	32.502542779510755
52.87249999976484	398.4482832850248	31.640313176368775
54.10583333327668	399.0989008264575	30.83060042099823
55.35583333316026	399.7198098043544	30.036812430898113
56.63916666666046	400.3377479258981	28.979169809502018
57.9558333332534	400.91706491484496	27.85718791899253
59.3058333331137	401.4934110474381	26.66877260048651
60.68916666641599	402.0133109093138	25.671598882902348
62.08916666661389	402.5302399148355	24.64241791618342
63.52249999990454	403.00260607505385	23.51759034740118
64.98916666646255	403.4571470971507	22.575610768811334
66.48916666646255	403.87900869935856	21.420175478918296
68.02249999990454	404.30681201427325	20.61469743562595
69.60583333316026	404.7078776220057	19.60161130729929
71.22249999985797	405.02575925183817	18.74833720183409
72.87249999999767	405.43276657227767	17.825673153219547
74.55583333340473	405.79224019106033	16.898862640144678
76.28916666662553	406.10715096453896	16.0765433600857
78.0558333331137	406.43097430707854	15.120025034370272
79.8558333333931	406.7191473733752	14.196867251249255
81.7058333333116	406.99246615790435	13.636924631142062
83.6058333333931	407.2360763788975	12.682030804676335
85.53916666656733	407.4588906054152	11.782003041876804
87.52249999990454	407.6757631192263	11.232176165578647
89.55583333340473	407.86886878220844	10.430123187405897
91.62249999999767	408.0382075943626	9.836618081012544
93.73916666657897	408.2134881192232	9.29871200470191
95.90583333332324	408.38579778773044	8.812934760945613
98.12250000005588	408.5254280363486	9.380712959516064