0.03333333346381551	149355.10532162435	180453.80918562404
0.06666666655655717	274812.4309373749	183183.18503204215
0.09999999999854481	348835.3676090004	175622.94188034654
0.1333333334405324	397131.2500726722	161667.09546559723
0.1666666667078971	431336.7668099286	148098.2916629382
0.1999999999752617	456808.9601249067	135326.0372307413
0.2333333334172494	476389.6257343802	125169.67884718739
0.2666666665099911	492221.09127658134	120176.65569473279
0.2999999999519787	505892.3854433877	116227.5111555458
0.3333333333939663	517518.36788445094	110388.796312288
0.366666666661331	527314.3345709019	105317.14496403356
0.4000000001033186	535997.9387398444	101426.30938965068
0.4333333333706833	543640.9457149875	98206.91772990616
0.4666666664634249	550602.1821148838	94868.62207723869
0.4999999999054126	556738.1172921112	93190.25988302984
0.5333333333474002	562299.9298796569	90165.44139820687
0.5666666667893878	567610.5638342168	88338.87971819093
0.6000000000567525	572239.4272135295	87123.88162432476
0.6333333333241171	576652.9946217114	84839.07691948474
0.6666666667661048	580707.7354113414	83838.86914428488
0.6999999998588464	584583.0628916951	83130.61068272004
0.7333333333008341	588171.3290772086	82003.2490784712
0.7666666667428217	591544.2992915909	81049.24570257311
0.8000000000101863	594773.7388585535	80489.02553978888
0.833333333452174	597787.882454385	79470.01612572573
0.8666666667195386	600622.6127409409	79164.56797115025
0.8999999998122803	603457.3430274954	78182.9672861272
0.9333333332542679	606005.0120192098	77566.06446947524
0.9666666666962556	608552.6810109251	77210.17106938503
1.000000000138243	610920.9366933635	76537.35483764803
1.033333333405608	613181.5443902368	76681.48422096606
1.066666666672973	615370.3867633999	75777.40425832401
1.10000000011496	617451.5811509986	75922.68751344799
1.133333333207702	619488.3787586204	75516.69471632963
1.166666666649689	621639.144448263	75533.23225515318
1.200000000091677	623382.006300214	75270.8530887486
1.233333333359042	625347.3611545437	75265.25173332154
1.266666666801029	627090.2230064943	75335.04837400379
1.300000000068394	628944.3313596338	75229.15393456267
1.333333333161136	630538.8645433347	74598.92442692771
1.366666666603123	632170.4798940993	75289.76753664468
1.400000000045111	633727.930910736	73778.0245517489
1.433333333312476	635322.4640944367	74045.9143454431
1.466666666754463	636879.9151110745	73311.97058637218
1.533333333463816	639809.4063090356	73354.12839252323
1.599999999998545	642368.0758363695	73026.50361971455
1.666666666707897	645000.909697828	72273.52867442224
1.733333333417249	647448.3327239745	71588.67282699715
1.799999999951979	649784.5092489311	72087.10699629491
1.866666666661331	652046.5214397613	71565.5980468824
1.933333333370683	654197.2871294038	70923.10528752382
1.999999999905413	656236.8063178574	70679.28941251972
2.066666666789388	658202.1611721866	70367.42928627395
2.133333333324117	660056.269525326	69818.98868205665
2.199999999858846	661836.2135443409	69824.6908462169
2.266666666742822	663579.0753962937	69554.87317209467
2.333333333452174	665247.7729141194	69116.44445947651
2.39999999981228	666916.4704319459	68927.77534385126
2.466666666696256	668362.6749473942	68643.67432184618
2.533333333405608	669957.2081310948	68671.2055785684
2.60000000011496	671403.4126465444	68691.51262530322
2.666666666649689	672775.4528278672	68542.59786755196
2.733333333359042	674147.493009192	67833.87832767569
2.800000000068394	675408.2866893264	68225.87636530965
2.866666666603123	676706.162536525	67936.67392348788
2.933333333312476	677966.9562166602	67399.95665604188
3.033333333463816	679821.0645698007	67286.5756284212
3.133333333440532	681489.7620876267	67069.78478339831
3.233333333417249	683158.4596054535	67143.53514840046
3.333333333393966	684715.9106220908	67028.22108517007
3.433333333370683	686199.1973046022	66890.66063677064
3.5333333333474	687682.4839871154	66223.45958465477
3.633333333324117	689128.6885025637	66308.73719097277
3.733333333300834	690500.7286838884	65866.64091791406
3.833333333452174	691872.7688652114	66133.37297517405
3.933333333254268	693133.5625453462	66087.74480869979
4.033333333405608	694320.1918913565	65960.08594658884
4.133333333207702	695580.9855714919	65782.70380630293
4.233333333359042	696693.4505833763	66067.02428770099
4.333333333161136	697768.8334281978	65638.93231241447
4.433333333312476	698918.3806071444	65364.31635011294
4.566666666556557	700290.4207884677	65079.12059615679
4.699999999975262	701662.4609697912	65091.31045781782
4.833333333393966	702960.3368169898	64759.449686655316
4.966666666463425	704332.3769983137	64971.03224315135
5.100000000056753	705481.9241772604	64929.20869127941
5.233333333300834	706557.3070220817	64629.39122826383
5.366666666719539	707743.9363680913	64715.5955416786
5.500000000138243	708819.3192129136	64884.51377726378
5.633333333207702	709894.7020577332	64757.98477276047
5.766666666801029	710970.0849025552	64243.81071867772
5.900000000045111	711971.3034132505	64227.73490834191
6.066666666556557	713120.8505921984	64711.0869450036
6.233333333417249	714307.4799382072	64252.59885318558
6.400000000103319	715494.1092842177	64541.971240540945
6.566666666789388	716569.4921290383	64585.29300924718
6.733333333300834	717644.8749738595	64176.5078421907
6.89999999981228	718609.0113174932	64553.22930513963
7.066666666672973	719610.2298281892	64148.422223701586
7.233333333359042	720574.3661718211	63964.110146852894
7.433333333312476	721649.7490166422	63891.78843506575
7.633333333440532	722762.2140285262	63419.837674598355
7.833333333393966	723837.596873348	63605.43844178756
8.0333333333474	724801.7332169809	63301.50449153169
8.233333333300834	725877.116061802	63743.128163995054
8.433333333254268	726655.841570121	63882.740849067624
8.633333333207702	727545.8135796286	63500.38274337676
8.833333333161136	728435.7855891363	63770.642427691826
9.066666666556557	729399.921932769	63520.78638687198
9.299999999951979	730401.140443464	63516.24297092297
9.5333333333474	731291.1124529706	63477.13269424478
9.766666666742822	732255.2487966045	62942.81190152074
10.00000000013824	733145.2208061119	63868.8468455787
10.23333333335904	733923.9463144304	64140.58211843785
10.50000000002183	734888.0826580633	63983.85784446825
10.76666666650999	735778.0546675707	63973.31939544827
11.0333333333474	736668.0266770779	63769.93456678535
11.30000000001019	737557.9986865856	63391.26042445776
11.56666666667297	738336.7241949037	63538.85614694095
11.86666666660312	739226.6962044119	63318.275337140796
12.1666666667079	740116.668213918	63598.989502580494
12.46666666646343	741006.6402234251	63954.67854684016
12.76666666674282	741785.3657317442	63761.87144066757
13.06666666667297	742564.0912400634	63703.697971966794
13.40000000004511	743342.8167483818	63818.471534960816
13.73333333341725	744121.5422567008	63932.67978125493
14.06666666678939	744900.2677650194	63681.92463094115
14.39999999981228	745678.9932733397	64144.636378376534
14.73333333335904	746494.8009487203	63882.94687315314
15.09999999999855	747162.2799558515	64533.21714785565
15.46666666646343	748057.3844562835	63488.129801242554
15.83333333345217	748784.192937738	64130.49333372299
16.20000000009168	749472.7483412229	64204.57931112324
16.59999999999855	750276.0629786229	64700.87441415287
16.99999999990541	751079.3776160215	64661.32759014118
17.39999999981228	751691.4268635627	64554.81762733207
17.83333333316114	752532.9945789343	64794.150922424975
18.26666666650999	753221.5499824194	64647.0878580565
18.69999999985885	754024.8646198174	65202.6368075896
19.1333333332077	754560.4077114164	64406.21882608433
19.59999999999855	755363.7223488159	64998.80683149691
20.06666666678939	756052.2777522993	65021.846526021356
20.53333333340561	756664.3269998422	64966.51692487177
21.03333333346382	757467.6416372412	65089.314172722734
21.5333333333474	758079.6908847834	64343.984932687585
22.03333333340561	758691.7401323244	64836.860114214964
22.56666666655656	759418.5486137803	63981.98366499088
23.10000000005675	760107.1040172669	64759.69872517037
23.6333333332077	760719.1532648072	63888.04460493948
24.19999999997526	761331.2025123504	64695.13709293255
24.76666666674282	762058.0109938058	64454.853694528356
25.36666666660312	762670.0602413492	64058.28419899558
25.96666666646343	763282.1094888897	64016.48453459511
26.56666666667297	763855.9056584608	64171.325332007604
27.19999999997526	764582.714139918	63753.641805837266
27.83333333345217	765080.0041535448	64026.95116230337
28.50000000002183	765692.053401086	64355.99348857253
29.16666666676611	766189.3434147153	64074.269203384785
29.86666666660312	766916.1518961707	63738.12363547763
30.56666666678939	767413.4419097997	63679.83957212861
31.30000000006839	768025.4911573406	63960.47886313135
32.0333333333474	768637.5404048824	63395.87386271933
32.80000000006839	769134.8304185101	63471.28543472139
33.56666666678939	769632.1204321401	63139.729800869754
34.36666666660312	770244.1696796812	63304.01115127672
35.16666666676611	770856.2189272228	63298.28071909825
36.00000000002183	771353.5089408518	63075.44712948132
36.83333333345217	771889.0520324495	63041.182031836506
37.69999999997526	772462.8482020211	63096.90521228545
38.60000000011496	772998.3912936195	63814.46018577509
39.49999999990541	773495.6813072487	62372.94229239154
40.43333333331248	773992.9713208753	62342.00470833653
41.36666666671954	774528.5144124755	62068.01913497333
42.33333333339397	775025.8044261037	62053.425600329785
43.33333333316114	775523.0944397314	62308.28861601813
44.33333333345217	776020.3844533594	61945.56878856823
45.36666666666133	776441.1683110447	62149.56739955454
46.43333333331248	776938.4583246717	62228.43135946678
47.53333333340561	777435.7483383	61761.12231526151
48.63333333332412	777971.2914298988	62008.35782654312
49.76666666650999	778353.822209613	61808.183435156185
50.93333333331248	778851.1122232404	61108.25449847862
52.1333333332077	779386.65531484	61182.05834364176
53.36666666671954	779692.6799386108	60799.23947932845
54.60000000005675	780113.4637962953	60739.32092093344
55.86666666666133	780495.9945760084	60684.90907027215
57.1666666667079	780916.778433695	60149.85389069959
58.50000000002183	781414.0684473235	60709.636306091365
59.86666666660312	781834.8523050072	60384.932027977164
61.26666666680103	782217.3830847226	60011.284659149016
62.70000000009168	782638.1669424068	60575.65992170142
64.16666666664969	783135.4569560351	60091.4979340504
65.66666666664969	783441.4815798062	59865.60385046018
67.20000000009168	783938.7715934332	59907.78392305113
68.76666666680103	784359.555451119	59375.78135322978
70.36666666660312	784742.0862308322	59567.75142846983
72.00000000002183	785048.1108546037	59269.228748341506
73.6666666667079	785468.8947122882	59284.645390575744
75.36666666666133	785774.9193360595	59351.40350478772
77.13333333332412	786157.4501157724	58815.716908051036
78.93333333325427	786578.2339734585	59308.163063454274
80.76666666680103	786884.25859723	59549.478814921196
82.63333333344053	787190.2832210013	59128.34743360954
84.56666666678939	787687.573234629	58803.94864608199
86.53333333340561	787993.5978583995	58483.1384428931
88.53333333346382	788299.6224821713	58154.08326571293
90.60000000005675	788720.4063398556	58455.93656768172
92.70000000009168	789026.4309636261	57945.31116807182
94.86666666666133	789332.4555873981	57673.46327573032
97.06666666667297	789638.4802111685	57335.46866015789
99.33333333339397	790021.0109908828	56808.04781840271
101.6333333332077	790327.0356146542	56858.06056600986
103.9999999999054	790633.060238424	56161.25347048872
106.4000000000451	790939.0848621959	56580.55470272014
108.8666666667195	791245.1094859666	56286.11806880564
111.4000000001033	791665.8933436526	55956.870954655285
114.0000000000218	791857.1587335081	56015.15598415238
116.6333333332077	792048.4241233647	54391.78377033919
119.3333333334522	792469.2079810495	54457.69229696114
122.1000000000568	792775.2326048211	54512.21888126354
124.9333333333707	792966.4979946786	53824.9389861578
127.833333333394	793272.5226184495	53590.01680901463
130.799999999952	793578.5472422197	52726.88117942435
133.833333333394	793808.0657100491	52605.03204965715
136.9333333333707	793999.3310999051	52495.10087659752
140.1000000000568	794381.8618796198	51841.89354153838
143.3333333334522	794611.3803474475	51142.03147739374
146.6666666666497	794802.6457373044	51011.48440110006
150.0666666665566	795108.6703610757	50459.48498413217
153.5333333333474	795223.429594989	50620.25917367296
157.100000000115	795414.6949848464	50407.9965994573
160.7333333334173	795720.7196086174	49253.302833880945
164.4666666666963	796026.7442323887	48107.757516165366
168.26666666651	796141.503466303	48499.75354164359
172.1666666666497	796409.2750121027	47357.45516122063
176.1666666667661	796524.0342460163	47927.75239201892
180.2333333334173	796830.0588697868	45741.35986836339
184.4000000000451	797059.5773376154	44015.67301371865
188.6666666666497	797250.8427274723	43278.17892888405
193.0333333334056	797365.601961387	44068.689764313254
197.5000000001382	797365.601961387	49632.081997274436
202.066666666673	797671.6265851584	44279.837803478884
206.733333333359	797862.891975014	42446.172282838175
211.5333333334638	797977.6512089301	45586.9578482125
216.4333333333707	798168.9165987863	42461.196470970615
221.4333333332543	798283.6758327002	52543.87764161186
226.5666666665566	798474.9412225562	43934.230005502926