0.009760000000028413	4.520326698285974	3.835254236673896
0.01952000000005683	8.544705814524495	7.776932447255638
0.02928000000008524	12.165268919148668	10.364164219489549
0.03904000000011365	15.439433382883461	12.499684774866333
0.04880000000014206	18.421905570332914	14.227624128730097
0.05856000000017048	21.143900013766906	15.596370999544243
0.06832000000019889	23.63453364087479	16.69995009783429
0.0780800000002273	25.926792496438654	17.571248835083285
0.08784000000025571	28.03791445409638	18.226323753578463
0.0985581010261285	30.169706217814102	18.755239252633725
0.1105840081722818	32.35572836644255	19.144231907439654
0.1240772979199392	34.57698201606894	19.365229041708094
0.1392170180261019	36.81377690220235	19.460289517239644
0.1562040633781408	39.05679686919872	19.42298461033522
0.1752638417472099	41.28487293315016	19.160830913397543
0.1966492648122085	43.46740142873121	18.711711064561317
0.2206441041441849	45.5919361656571	18.113780940349162
0.2475667566826587	47.63666082681038	17.36291071526509
0.27777446966968	49.5881819413716	16.52607644267277
0.3116680811033348	51.440102763278624	15.64858309348833
0.3496973386148738	53.189460063061865	14.715333180807567
0.3923668673461407	54.82638642851194	13.769533418506128
0.4402428660190481	56.35786331055505	12.908690470783158
0.4939606200481421	57.79646145150191	12.048422956450752
0.5542329313924483	59.12974966176984	11.247270163467533
0.6218595770042157	60.38376155775589	10.571071007689584
0.6977379213831227	61.5612144299532	9.954044951865194
0.7828748240581263	62.673002516873716	9.392229462528453
0.8784000000016476	63.72093118011056	8.91276524645697
0.9855810102607165	64.72212733632075	8.500056076231127
1.105840081722135	65.67480933135542	8.113029215628295
1.240772979199051	66.58665244986375	7.768494040628588
1.392170180260564	67.45973767793024	7.464540721242271
1.562040633781294	68.30129298905395	7.203334036454193
1.752638417472099	69.11389194066749	6.952216240699434
1.966492648122312	69.89725631658919	6.724584632329472
2.206441041442417	70.65702819011109	6.555671024179255
2.47566756682761	71.40100473746223	6.425977781153611
2.777744696697369	72.13034212237612	6.293768796536374
3.116680811033803	72.84325571597877	6.18905148841478
3.496973386148738	73.547763182276	6.133371964629534
3.923668673461748	74.24700211745682	6.085427462170346
4.402428660190594	74.93951380087394	6.0287919589647405
4.939606200481762	75.62466446883106	5.949140484044873
5.542329313924938	76.29772366525366	5.898443021006572
6.218595770042498	76.96989409816463	5.831812794628214
6.977379213831796	77.62623149699537	5.736999871876951
7.828748240582172	78.27509405455424	5.6441938321158664
8.784000000017272	78.9084595600943	5.552312405004216
9.855810102607848	79.53437857322244	5.488581178760892
11.0584008172217	80.151018326543	5.422734734548682
12.40772979199062	80.75951637261795	5.3430351220561105
13.92170180260575	81.35539593161404	5.313486501687717
15.6204063378126	81.95412253804218	5.325801238634945
17.5263841747211	82.54935217353398	5.325964281358765
19.66492648122301	83.14427267827982	5.39666271194572
22.06441041442361	83.75092673328061	5.513382180519505
24.75667566827576	84.36691683386263	5.620751867429307
27.7774469669738	84.99179449369632	5.758384782093542
31.16680811033871	85.63177321296203	5.939310293843423
34.96973386148818	86.28909015962425	6.148034292750316
39.23668673461805	86.96627633350037	6.341441699895922
44.02428660190651	87.65607032966926	6.530875091845567
48.90428660190651	88.3013019279088	6.7159474681510405
53.7842866019065	88.89634608231366	6.90291489955163
58.6642866019065	89.44582533674264	7.059937814253304
63.54428660190649	89.9646734153424	7.208047621502327
68.42428660190649	90.4463314862645	7.348474205444239
73.30428660190648	90.90208125993412	7.467952091159338
78.18428660190648	91.32945895659314	7.577648478053871
83.06428660190647	91.73683923937826	7.6946755335502
87.94428660190647	92.11918830486572	7.80375222250206
92.82428660190646	92.48619290089677	7.914506112256633
97.70428660190646	92.83756693707613	8.011582494843164
102.5842866019065	93.17239361507607	8.110211940313432
107.4642866019065	93.49303848996992	8.21946513463342
112.3442866019065	93.80142152649111	8.278791640294878
117.2242866019064	94.09532648795762	8.38497182248778
122.1042866019064	94.38303112519067	8.467310144657466
126.9842866019064	94.65232985415331	8.538026015376326
131.8642866019064	94.917735517752	8.643692563667235
136.7442866019064	95.17610360291386	8.714800107570316
141.6242866019064	95.4215761822323	8.80332111791981
146.5042866019064	95.66013614394014	8.889061978314196
151.3842866019064	95.89546473716362	8.975721749051884
156.2642866019064	96.118186099599	9.035052277276762
161.1442866019064	96.34023762421222	9.139445249036452
166.0242866019064	96.55250704880461	9.213113346453857
170.9042866019064	96.75698208054914	9.315490505225833
175.7842866019064	96.96069075171377	9.37141943152959
180.6642866019064	97.1556623221558	9.478159088942583
185.5442866019064	97.35048722723299	9.539487619916821
190.4242866019064	97.53648057895848	9.63541797214913
195.3042866019064	97.72194602732425	9.733854387821085
200.1842866019064	97.90119697750636	9.834644658802242
205.0642866019064	98.07342722791387	9.907532249765872
209.9442866019064	98.24770798690834	10.001603071447512
214.8242866019064	98.41388965625985	10.0910344127454
224.5842866019063	98.74189526789671	10.280610754696843
234.3442866019063	99.05851488525444	10.488001935523446
244.1042866019063	99.35967870570578	10.672596220129057
253.8642866019063	99.65541230101302	10.915768777040787
263.6242866019063	99.9418467601591	11.113330139923226
273.3842866019063	100.2205347030813	11.324039991915846
283.1442866019063	100.48625350008487	11.565061613540491
292.9042866019063	100.75048824356524	11.838018890063635
302.6642866019063	101.00793100568292	12.05632187088151
312.4242866019063	101.25607635818835	12.30257493103499
322.1842866019063	101.50106111277665	12.55801096325933
331.9442866019062	101.74153033446048	12.823407913096458
341.7042866019062	101.98041862274793	13.100872235701528
351.4642866019062	102.2110729587626	13.347546151710194
361.2242866019062	102.43490695726643	13.623713500012318
370.9842866019062	102.65921706853422	13.89389806226072
380.7442866019062	102.88121464341378	14.120767236719539
390.5042866019062	103.09556205836411	14.474411432198679