0.2419203115889559	0.21397620494287384	0.40051739281550924
0.4085869781004021	0.2904774321967864	0.5023021516416855
0.5752536449610943	0.5415680939262117	0.4197749326185113
1.241920311356125	0.40106336466283804	0.06048817143754798
1.575253644902887	0.4866538466399876	0.23147291379225632
1.741920311588956	0.6074651906696811	0.30042917419411364
1.908586978100402	0.46430942877869635	0.419892869138685
2.40858697815861	0.6082226285632841	0.3643277065669257
2.908586978216817	0.7990969777512636	0.605658607371494
3.408586978100402	0.8676451071223437	0.8356254864845594
3.90858697815861	1.0505663584274907	1.0956379096015394
4.408586978216817	0.9706566606523643	0.8460438402589261
4.908586978100402	1.201675218201308	0.8066042551644037
5.40858697815861	1.4410255925798854	0.8246772078331246
5.908586978216817	1.3141547454013673	0.9099338185097798
6.408586978100402	1.4266342726014267	1.1704214000695563
6.90858697815861	1.4372384031118701	0.9991098902476815
7.908586978100402	1.5803941650028546	0.7908412287735421
8.908586978216817	1.7890683046905071	1.095177287921948
9.90858697815861	1.9045775834649787	1.7415883233945826
10.9085869781004	1.9420707591983322	2.8053217401840667
11.90858697821682	2.071213920057659	3.2370766682239713
12.90858697815861	2.1787701009492992	3.4445121576062907
13.9085869781004	2.615054327664681	3.196529631488941
14.90858697821682	3.289552771918235	3.711897514163738
15.90858697815861	3.6069192493379316	3.247352619517325
16.9085869781004	3.7659812069945815	3.3815912883841603
17.90858697821682	3.942464236204102	3.461940253981743
18.90858697815861	3.984123320352272	3.0492239406183246
19.9085869781004	4.11818982752002	2.5976677019513263
20.90858697821682	4.262481746251408	2.2314366670699575
21.90858697815861	4.284068726219096	1.8615671869062984
24.90858697815861	4.388216436589522	1.7210960097900019
27.90858697815861	4.444266840716151	2.0404385513901175
30.90858697815861	4.788522363358758	1.8989156954744728
33.90858697815861	5.128611977586547	1.781217091017241
36.90858697815861	5.182390068032365	1.8760338745338292
39.90858697815861	5.516041460164527	1.9001609732027283
42.90858697815861	5.494454480196839	1.908505039013055
45.90858697815861	5.433480729761792	1.5494435160036304
48.90858697815861	5.683056515704012	1.3285629224302107
51.90858697815861	5.7258517566925855	1.6248638698535398
54.90858697815861	5.761451337691932	1.310219557021757
57.90858697815861	5.802352983946498	1.8525621377947068
60.90858697815861	6.004588901538524	2.1284071555078166
63.90858697815861	5.875067021732396	2.5423898575692276
66.90858697815861	6.0057250583789275	2.6765248798452133
69.90858697815861	6.0439756720058835	2.51449578638835
72.90858697815861	6.226518204364231	2.565187597902327
75.90858697815861	6.310215091607372	2.739185196840971
78.90858697815861	6.543884681783927	2.901255707078293
81.90858697815861	6.71165717521701	3.2840794791433505
84.90858697815861	6.833604676087112	3.2554067222505414
87.90858697815861	6.910863341234628	3.2742576137974924
90.90858697815861	7.09605690622058	3.765191454935464
93.90858697815861	7.14491165035798	3.947090354190754
96.90858697815861	7.197932302910199	4.148534923383095
99.90858697815861	7.279356876472531	4.38831925465788
102.9085869781586	7.360781450034863	4.366019490233343
105.9085869781586	7.442206023597197	4.643728712847825
108.9085869781586	7.577787406552147	4.723582538213738
111.9085869781586	7.659211980114481	4.67014405110329
114.9085869781586	7.876596655578569	4.557293786840056
117.9085869781586	7.984910274363811	4.655711639904158
120.9085869781586	7.984910274363811	4.867219301168511
123.9085869781586	8.12087037626557	5.067202688969888
126.9085869781586	8.256451759220525	5.108516823600869
129.9085869781586	8.365144096952566	5.313071146993977
132.9085869781586	8.50110419885432	5.386311810585153
135.9085869781586	8.582528772416651	5.601204296782466
138.9085869781586	8.772645683711033	5.818866403997802
141.9085869781586	8.881338021443074	5.7563902753405465
144.9085869781586	8.962762595005405	5.949275386081423
147.9085869781586	9.136215872640513	6.075015526073336
150.9085869781586	9.353600548104604	5.962615438447856
153.9085869781586	9.326332783934891	6.062273471405214
156.9085869781586	9.435025121666932	6.313431984669417
159.9085869781586	9.570985223568696	6.037318578168214
162.9085869781586	9.570985223568696	5.920618401899217
165.9085869781586	9.679677561300737	5.814012602759051
168.9085869781586	9.815637663202487	6.0860914629315745
171.9085869781586	10.033022338666575	6.143766875804379
174.9085869781586	10.059911383889483	6.179844128644611
177.9085869781586	10.195492766844442	6.322699981155434
180.9085869781586	10.303806385629679	6.343206482207467
183.9085869781586	10.43900904963784	6.373549891164942
186.9085869781586	10.465898094860748	6.34493877045549
189.9085869781586	10.546943949476278	6.357300517839731
192.9085869781586	10.682146613484424	6.504887263468292
195.9085869781586	10.844238322715487	6.328215762680825
198.9085869781586	10.817349277492584	6.408959524951038
201.9085869781586	10.925284177331024	6.361570646123684
204.9085869781586	11.033219077169466	6.4107790481746205
207.9085869781586	11.113886212838189	6.451054320848593
210.9085869781586	11.113886212838189	6.446175021814062
213.9085869781586	11.194932067453722	6.275999513339785
216.9085869781586	11.302488248345359	6.473358307057341
219.9085869781586	11.38353410296089	6.554504950241924
222.9085869781586	11.544868374298357	6.607657894783431
225.9085869781586	11.437312193406711	6.710892832066955
228.9085869781586	11.464201238629622	6.847907400992876
231.9085869781586	11.571757419521258	6.9659855937700295
234.9085869781586	11.544868374298357	7.001971780237434
237.9085869781586	11.625535509967076	7.063996976925887
240.9085869781586	11.706202645635807	7.046964965119883
243.9085869781586	11.813758826527447	6.889021900022868
246.9085869781586	11.894047243249371	7.026962965156392
249.9085869781586	12.00084598624741	7.056930391817911
252.9085869781586	12.107644729245454	6.997068994264414
255.9085869781586	12.187933145967381	6.997597170097608
258.9085869781586	12.270115157423309	7.027188739421834
261.9085869781586	12.305714738422656	7.066209577571441
264.9085869781586	12.352675887826054	7.232037777534034
267.9085869781586	12.43296430454798	7.268864712435237
270.9085869781586	12.482197767632186	7.3746827372451085
273.9085869781586	12.588239072736608	7.258411427760831
276.9085869781586	12.65451488842688	7.320850546265929
279.9085869781586	12.655651045267287	7.545050360141287
282.9085869781586	12.749573344074074	7.6152702181922365
285.9085869781586	12.77078160509496	7.922502009947724
288.9085869781586	12.835542544998027	8.005490354672276
291.9085869781586	12.883261132295006	8.205052283364719
294.9085869781586	12.98627268582504	8.094228329914701
297.9085869781586	13.069212135174581	8.065156450694479
300.9085869781586	13.118824317205577	8.372208523254008
303.9085869781586	13.16805778028979	8.679710778745678
306.9085869781586	13.175253440279018	9.617142436752964
309.9085869781586	13.25743545173494	9.701461126764471
312.9085869781586	13.35893212947776	9.44009496522536
315.9085869781586	13.417633566232004	9.976815138045572
318.9085869781586	13.49337735559232	10.212048153997943
321.9085869781586	13.625550268026048	8.338280117104508
324.9085869781586	13.653575470089361	10.674481236978155
327.9085869781586	13.799003545661161	2.636618274811423
330.9085869781586	13.817939493001237	7.964942716308676