0.03278911552843056	5.48944073652352	5.3537355008319905
0.0627891155272664	9.02370369733772	5.526028830526909
0.1027891155281395	11.779757212861	7.071385441136103
0.1327891155287944	13.826439659052221	8.604215290031082
0.262789115527994	21.063703551018754	7.94174597619324
0.3027891155288671	22.351484876883145	6.654758408288703
0.332789115527703	23.002930971323	5.725990085082874
0.5027891155277757	24.57613970969968	3.820282956768807
0.6627891155276302	25.12684671737048	4.752374289761426
0.832789115527703	26.50949068327569	5.591997440486585
1.002789115527776	27.511005104238006	7.241026428438069
1.502789115525957	31.028478217257348	9.25392188030478
2.002789115527776	33.91465305319067	9.725750343587563
2.502789115527776	36.11328362192519	9.558755949188892
3.002789115525957	37.968561803255234	9.500481964217018
3.502789115527776	39.23955328132476	9.177283875388486
4.002789115527776	40.08324313301553	9.617665072921506
4.502789115525957	41.61783522146409	8.197068749745176
5.002789115527776	42.47075948944203	8.041007549944293
5.502789115527776	43.40091705727628	8.247476642092746
6.002789115525957	43.91552589218817	7.562045549217059
7.002789115527776	44.85659686108906	6.541679011049185
8.002789115527776	45.5391041739494	4.953312706244005
9.002789115525957	46.22077199441996	5.495202738909088
10.00278911552778	46.988068038644236	5.2463131294540215
11.00278911552778	46.91671118551615	5.1747652286096235
12.00278911552596	47.84099230662221	4.693818265479388
13.00278911552778	48.18434469402669	4.402109831725824
14.00278911552778	48.527697081431214	3.828617306301825
15.00278911552596	48.78458175269229	4.508183255649549
16.00278911552778	48.80389007765635	4.001572953991463
19.00278911552778	49.494792314414106	3.5207142800169717
22.00278911552778	49.80372551383921	3.273281690648415
25.00278911552778	50.34855607478183	3.6092201814798024
28.00278911552778	51.04281628109852	3.569288834774457
31.00278911552778	50.98237282903708	4.460781059427097
34.00278911552778	51.49530267916951	3.986194148573169
37.00278911552778	52.41370735354734	3.9871217704856576
40.00278911552778	52.18452593114777	3.2757329638797863
43.00278911552778	52.77049161918778	3.8966750831551122
46.00278911552778	52.7839234974236	4.4749985855947845
49.00278911552778	52.896415477649086	4.130695050240573
52.00278911552778	53.40011091149433	2.639426193512209
55.00278911552778	53.25487872806892	3.675492870196234
58.00278911552778	53.51428187649925	2.5410738778693327
61.00278911552778	54.08933416347258	3.0855007316041436
64.00278911552778	54.34705832712341	3.477199598759161
67.00278911552778	54.27486198160556	3.505698410850422
70.00278911552778	53.557935480765835	3.599561406734832
73.00278911552778	54.21273954476464	3.0099989280273807
76.00278911552778	54.55273396261021	3.4234491398016753
79.00278911552778	54.321034063041395	3.144067798763486
82.00278911552778	54.89188888806602	3.220664243012363
85.00278911552778	54.901962796742936	1.9964462691542537
88.00278911552778	55.07405873664005	1.2388389596096485
91.00278911552778	55.08329315292721	2.302472220176431
94.00278911552778	55.088330107265655	2.342564701988882
97.00278911552778	55.25538909282433	3.5270542604900306
100.0027891155278	55.341856808967755	2.6000915183912436
103.0027891155278	55.4283245251112	1.3654650300425346
106.0027891155278	55.6818512268133	1.0376082631062444
109.0027891155278	55.51395274886491	2.2862614215374406
112.0027891155278	55.68604868876202	1.711722767403503
115.0027891155278	55.38215244367537	1.7213448018287367
118.0027891155278	55.44175640334704	1.8886058608790142
121.0027891155278	55.13786015826046	1.560592431271973
124.0027891155278	55.69108564310047	1.6953246675475302
127.0027891155278	55.77755335924389	1.8487556561656089
130.0027891155278	55.77755335924389	1.742215810522992
133.0027891155278	55.85898412104893	1.5447175115587568
139.0027891155278	55.85898412104893	1.0015478943433418
145.0027891155278	55.314993052496014	1.2423464113477571
151.0027891155278	55.7918247298695	1.861702947341751
157.0027891155278	55.958883715428165	1.273532851717912
163.0027891155278	56.126782193376634	1.9528251861849169
169.0027891155278	56.13097965532536	1.492655974090315
175.0027891155278	56.21744737146876	1.4645011290916192
181.0027891155278	56.22248432580722	1.4172451760655933
187.0027891155278	55.914390618771876	1.4490241787766003
193.0027891155278	56.0008583349153	1.618819263175586
199.0027891155278	56.47097407317088	2.4717544779478056
205.0027891155278	56.64307001306803	1.7514493009071106
211.0027891155278	56.64307001306803	1.6214005317919586
217.0027891155278	56.17379376720219	2.4237884828386647
223.0027891155278	56.681686662996135	1.3257496854407955
229.0027891155278	56.60025590119115	1.7455818281484947
235.0027891155278	56.686723617334586	1.55457318168565
265.0027891155278	56.864696003959935	3.8929642416293873