0.06347283171453455	61.56314511751251	18.986400842249846
0.1634728317148984	82.37170379996422	25.00278765789835
0.2634728317152622	95.03114213484092	25.705772292558922
0.3634728317156259	103.1263542993008	24.953431877442032
0.4634728317141708	109.09518812977386	25.030461531173415
0.5634728317127156	113.94692461013821	25.046653533007152
0.6634728317148983	118.10683940719152	25.483360510883042
0.7634728317152621	121.63483050217258	25.830143328120293
0.8634728317156259	124.8663265900199	26.23246514795092
0.9634728317141708	127.75939908386695	26.50355694848693
1.063472831714535	130.38892046026203	26.905957972189334
1.163472831714898	132.80280910419643	27.393354160237212
1.263472831713443	135.07893239128109	27.765340659534914
1.363472831715626	137.1723668355863	28.0093975451668
1.463472831714171	139.13702062022773	28.43821851833612
1.563472831714535	141.03878152456812	28.825443291349437
1.663472831714898	142.87165975048327	28.987614592970125
1.763472831715262	144.6176859036023	29.051777738507553
1.863472831715626	146.18401811300393	29.243361353675056
1.963472831714171	147.77730441396318	29.331231162879096
2.063472831712716	149.30170803649725	29.60534780877936
2.163472831714898	150.736264687173	29.794649885064164
2.263472831715262	152.02706618287476	29.970611399063532
2.363472831715626	153.27893399077138	30.198815994768722
2.463472831714171	154.48887321180038	30.312350563528536
2.563472831714535	155.65089404783828	30.55556790829088
2.663472831714898	156.7949454895044	30.81923070643512
2.763472831713443	157.9030581424271	31.17549772275554
2.863472831715626	159.02015549253582	31.340500754714878
2.963472831714171	160.10430895296287	31.48517988154256
3.063472831714535	161.18247261526608	31.801081951402544
3.163472831714898	162.20972299351615	32.15162464766138
3.263472831715262	163.2040294820846	32.276446118645005
3.363472831715626	164.16838698003372	32.579840220359884
3.463472831714171	165.1057903864249	32.964197056937984
3.563472831712716	166.04618869187814	32.942418923864444
3.663472831714898	167.04947987763282	33.189751362131005
3.763472831715262	167.97789858683828	33.3452029901391
3.863472831715626	168.90931219510563	33.33456327027229
3.963472831714171	169.76585332682433	33.462898475607986
4.063472831714535	170.60143016510924	33.50236299148912
4.163472831714898	171.4370070033941	33.52670177746247
4.263472831713443	172.25161954824546	33.54182016455431
4.363472831715626	173.10217088184046	33.58204805967463
4.563472831714535	174.57266632125942	33.36047617600059
4.763472831715262	176.15097812690897	33.26382276043888
4.963472831714171	177.44177962261057	32.88667356572599
5.163472831714898	178.77750460424178	32.674190690382176
5.363472831715626	180.0203877149527	32.33109419532882
5.563472831714535	181.2243371378579	31.90594542888267
5.763472831713443	182.39534267108147	31.604404780293464
5.963472831714171	183.52441961743787	31.32068109127562
6.163472831714898	184.39893014352853	31.20781464204288
6.363472831715626	185.3902417330349	31.243870334373597
6.563472831712716	186.38454822160347	30.752816516952628
6.763472831715262	187.21713016082634	30.735669160463424
6.963472831714171	188.13356927378405	30.76490678281093
7.163472831714898	188.99610020362664	30.94662799158745
7.363472831715626	189.76578926254848	30.844417321001032
7.563472831714535	190.46959054210774	30.02071824268068
7.763472831715262	191.23029490384388	29.971298717895696
7.963472831714171	191.92511148621702	30.839835524608098
8.163472831714898	192.7337342329444	30.550126236782834
8.363472831715626	193.48245899843278	30.826212311887748
8.563472831714535	194.25514295641676	30.983759444909545
8.763472831713443	195.0098575200291	31.131980315918952
9.063472831714535	195.94726092642026	31.136109820775832
9.363472831715626	196.9415674149888	31.7178481274823
9.663472831714898	197.97480759136266	31.851459453324978
9.96347283171417	199.13682842740073	32.09778850405313
10.26347283171344	199.62499697449914	32.118676026805694
10.6634728317149	200.74209432460765	32.90301160998204
10.96347283171417	202.2335540574603	33.26217448677902
11.26347283171526	202.9882686210727	33.37175873701962
11.56347283171454	203.8537944499771	33.659039609262166
11.86347283171563	204.76124886574905	33.90443139056926
12.1634728317149	205.6537287862112	34.342776413963115
12.46347283171417	206.35453516670822	34.68865218594959
12.76347283171526	207.3188926646572	35.00707486789538
13.06347283171454	208.0945715217031	35.53194408719237
13.46347283171417	209.14578109244866	35.65099364321762
13.86347283171563	209.9244548485564	36.85053228537157
14.26347283171526	210.95769502493036	37.23321581007492
14.6634728317149	212.1736240440835	37.66394771214642
15.06347283171454	213.1349866429703	37.27505190802704
15.46347283171417	214.0484308568662	37.84410382048014
15.86347283171563	215.07268633605423	37.90477820987305
16.26347283171344	216.0280591368175	38.31102248347584
16.6634728317149	217.04033501975778	39.03244109490194
17.06347283171272	217.8848965552285	39.65470281688715
17.46347283171417	218.78037137475252	40.0137590811163
18.1634728317149	220.5204077297474	40.50523951338049
18.6634728317149	221.64648977704175	41.134450535613574
19.1634728317149	222.76358712715069	41.996541831708015
19.6634728317149	223.7908375054003	42.23836698646402
20.1634728317149	224.73722560897772	41.43563033424409
20.6634728317149	225.8483331609624	41.814780292317806
21.1634728317149	226.83664985140695	42.176942318462004
21.6634728317149	227.62430830470075	42.685324242540126
22.1634728317149	228.66952807732252	43.02279356479011
23.1634728317149	230.87377378692005	43.251440268525315
24.1634728317149	232.92527964435794	43.65413830197696
25.1634728317149	234.61440271529995	44.13400207966359
26.1634728317149	236.52215341776414	44.10314075460847
27.1634728317149	238.1543734065285	44.220049047732594
28.1634728317149	239.25649626132764	44.69830215841632
29.1634728317149	240.79886927823358	45.410776002449026
30.1634728317149	242.56585972478572	46.29352354329381
31.1634728317149	243.92254899985087	46.587697834168615
32.1634728317149	245.29720766928722	46.2895478057247
33.1634728317149	246.73475921902494	46.280381243667726
34.1634728317149	248.32205572186027	46.361929958959855
35.1634728317149	249.46311226446429	46.92911994375585
36.1634728317149	250.7149800723608	47.99670216988373
37.1634728317149	251.88898050464633	48.59070172095617
38.1634728317149	253.19475649565817	49.94397175730231
39.1634728317149	254.8838795665998	50.62164196647503
40.1634728317149	255.8572217617346	50.27050473544569
41.1634728317149	257.261829421791	49.93098260117181
42.46347283171417	258.77425344807733	49.504665527593524
43.46347283171417	259.8793712019379	49.410615847542836
44.96347283171417	261.51458608976446	50.175742147647036
46.46347283171417	262.958127437626	50.331836675443185
47.96347283171417	264.6682148020012	50.8611120483876
49.46347283171417	266.89342480503257	52.56338902349647
50.96347283171417	268.6304662609657	53.23754223350403
52.46347283171417	270.31359953378325	45.36802182425132
53.96347283171417	271.98175831129146	40.74721334978149
55.46347283171417	272.9880443961076	28.93901545941201
56.96347283171417	274.23691730494227	18.75596334685951
58.46347283171417	274.94970328168694	24.524807341501305
59.96347283171417	276.07878022804357	22.049774639160898
61.46347283171417	277.5582603646486	28.257117099609967
62.96347283171417	278.9119547406515	28.948996540546066
64.46347283171417	279.7984448629897	27.82605548987408
65.96347283171417	281.30787399021403	31.18141397632573
67.56347283171453	283.37734924202397	29.091789260307582
69.56347283171272	285.0664723129654	31.151304938630844
71.56347283171453	281.68822617108214	42.04024075027439
73.56347283171453	280.6969145815757	46.1028269938886
75.56347283171272	274.70711645766914	50.09430402350208
77.56347283171453	270.1758341769336	51.712036723481575
79.56347283171453	274.70412155860686	50.8842885128516
81.56347283171272	274.49148372520847	51.39667792513797
83.56347283171453	279.18449055528936	52.73399626060266
85.56347283171453	280.40341447350414	53.19869564870823
87.56347283171272	281.4666036404976	57.493130355089065
90.06347283171453	284.49744149119425	55.96737693553852
92.56347283171453	284.8718038739384	55.50991868009608
95.06347283171272	287.8726927340159	55.73828774093554
97.56347283171453	296.14759884219296	63.79030578217916
100.0634728317145	300.07990131053776	68.6943255285013
102.5634728317127	303.083785069677	81.59576618239615
105.0634728317145	304.7998622321762	91.1210871598882
107.5634728317145	306.7645160168174	87.47434467646711
110.0634728317127	308.4236900971397	82.8955181448181
113.0634728317127	310.397328578967	83.42565001271903
115.7634728317153	312.29908948330717	77.87132756353026
118.7634728317153	314.2847075613823	77.47103119308896
121.7634728317153	316.3062644282009	71.37821677876984
124.7634728317153	317.80071906011597	67.84404941529661
127.7634728317153	318.96872969427733	68.32834476101374
130.7634728317153	320.32541896934214	65.36816877800058
134.2634728317153	321.60723576785836	70.19579860600389