0.005556000007345574	0.02249990596063208	0.4737805068015686
0.05555600000661798	1.1133824433418547	1.8155391803597771
0.08888900000783906	2.0953944680103795	2.621014597905841
0.1222220000072412	3.0447453388651025	3.4739186626308576
0.1555560000069818	3.9215158679113533	4.27359566555923
0.1888890000100219	4.850181341350663	5.007261332042865
0.2222220000094239	5.675419827712911	5.897393430435574
0.2555560000091646	6.544206519160231	6.060837092268806
0.2888890000085667	7.408638390099051	5.653882506296155
0.3222220000079688	8.245852632859686	5.897653241612584
0.3555560000077094	8.71036682043386	5.623351616703633
0.5225000000082218	10.454835335800313	4.304217113988608
0.6888890000082029	11.637169103860197	3.743912677557341
0.8558330000068963	12.434464158626186	3.2639442482627032
1.022500000008222	12.95486520939288	2.7428373528962586
1.689167000007728	13.952482007550222	1.557454663579628
2.355833000006896	14.375625400293572	1.051810724791931
3.022500000008222	14.53929407107167	0.8677113469101156
3.688889000008203	14.713849793121023	0.6058925150518445
4.355556000007709	14.823809010960847	0.5094660188531459
5.022500000008222	14.86917172459114	0.27312261026887885
5.689167000007728	14.96679228432353	0.059046541817601224
6.355833000006896	14.910905421131007	0.1093166438320623
7.02333300000646	14.876792660481023	0.10737611405535241
8.355833000006896	14.969695497995867	0.030109733463010498
9.022500000008222	14.909816716003872	0.19107760169940693
9.689167000009547	14.937397245891097	0.29900636110337436
10.3558330000069	14.990017993702233	0.26748351006566945
11.02250000000822	14.970421301413941	0.3087033842614943
11.68916700000773	14.986388976611796	0.27545521849216403
12.3558330000069	15.024493656061253	0.3573861254770603
13.02333300000646	15.063687040637832	0.3364818634414509
13.68888900001002	15.081469224380903	0.40199058038887403
15.3558330000069	15.085461143180355	0.5438851977539907
16.3558330000069	15.15441246789841	0.5033063818329073
17.3558330000069	15.142799613209037	0.52112070657334
18.3558330000069	15.152235057644159	0.3767209150005471
19.3558330000069	15.215017053308461	0.2780564572648273
20.3558330000069	15.28796029682597	0.26782278486444294
21.3558330000069	15.328605288238716	0.3271335668160299
22.3558330000069	15.31191180962278	0.3094343274570767
23.3558330000069	15.320984352348837	0.3838569324192911
24.3558330000069	15.376871215541358	0.41562813212857236
25.35555599992404	15.309371497659463	0.5597702742436061
26.35583299992322	15.270903916500984	0.3951753812514852
27.35583299992322	15.295944134424905	0.44986276465160685
28.35583299992322	15.30646828398713	0.4720719628436143
29.35583299992322	15.30646828398713	0.3823476820230724
30.35583299992322	15.347839078817948	0.48289308492813643
31.35583299992322	15.395016300993452	0.35870350881475377
32.35583299992322	15.420419420626438	0.2998580055985458
33.35583299992322	15.426588749680144	0.3546186643696096
34.35583299992322	15.499169091488605	0.5157049065016575
35.35583299992322	15.47049985647426	0.37175422972064315
36.35583299992322	15.468685347929055	0.4480591291898515
37.35583299992322	15.495540074398182	0.3732031250133993
38.35583299992322	15.562313988861971	0.3798711238723256
39.35583299992322	15.616386343509264	0.28871699241136256
40.35583299992322	15.57066072816994	0.4064037110406741
41.35583299992322	15.609854112746511	0.3393176929876495
42.35583299992322	15.572838138424205	0.39400055457907374
43.35555599992404	15.54525760853699	0.3320274567627843
44.35583299992322	15.512596454723171	0.295405393931719
47.35583299992322	15.626184689653416	0.21673835075567469
50.35583299992322	15.558322070062516	0.29288795378598076
53.35583299992322	15.518402882067841	0.22567809517150278
56.35583299992322	15.556870463226337	0.31517442644665505
59.35583299992322	15.608402505910355	0.2801945768655487
62.35583299992322	15.613120228127897	0.4946716733314376