0.009133053055847995	3.2422524692796584	3.12010333110622
0.02913305305446556	6.861511039638347	9.915375564865641
0.03913305305468384	10.297652360901507	10.064085446653685
0.0591330530551204	13.539904830181166	9.448447354244438
0.07913305305555696	16.620583256141234	14.149833587097037
0.08913305305577524	19.593545653221586	14.279904655383733
0.1091330530543928	22.43724881564628	17.762265471614914
0.1291330530548294	25.17323594919124	21.38583866309219
0.1391330530550476	27.833821862520384	21.106411571055528
0.1591330530554842	30.386691746969813	25.6208159241151
0.1791330530541018	32.87493201409142	24.271371565435256
0.18913305305432	35.28777106099721	26.939549514073658
0.2091330530547566	37.6252088876872	28.933118646341793
0.2291330530533742	39.88724549416139	32.52932305182839
0.2391330530554114	42.08465248330772	30.442135344952668
0.259133053055848	44.23897306090216	32.04386582001506
0.2791330530526466	46.317892418280806	34.31791302724893
0.2891330530546838	48.342953761219626	35.56124760098262
0.3091330530551204	50.31415708971858	34.213189092716654
0.329133053055557	52.22073080088966	37.10153542935135
0.3391330530539563	54.07344649762088	36.45722919493122
0.3591330530543928	55.89384738568819	38.2059727555025
0.3791330530548294	57.64961865642768	38.31151238910962
0.3891330530532287	59.362303515615295	38.591972658761556
0.4091330530554842	61.031901963250995	41.102325584569925
0.4291330530559208	62.63687079355886	39.626990758514054
0.4391330530525011	64.20952481520277	41.37551898988401
0.4591330530547566	65.76063563107083	41.07015926980541
0.4791330530551932	67.25788843249893	41.03072385360354
0.509133053055848	70.1554496093635	42.109995247587214
0.5291330530544656	71.54498638191191	43.73102633102706
0.5591330530551204	74.21634389812904	42.603637818887734
0.579133053055557	75.49816464179777	43.592089225456505
0.6091330530543928	77.96486170314337	44.11918467261716
0.6291330530548294	79.14973802082038	43.12361051496208
0.6591330530536652	81.43331783307048	44.13716784786636
0.6791330530559208	82.52124972475569	43.94719744861136
0.7091330530529376	84.6217122879103	43.56296770618737
0.7291330530551932	85.63424295937966	43.637217327671785
0.759133053055848	87.58390308210262	43.11349736434329
0.7791330530544656	88.5102609304683	42.7244948340824
0.8091330530551204	90.31989021564763	42.11410572961295
0.829133053055557	91.18161844668542	42.004941388384765
0.8591330530543928	92.85121689432113	41.407148193227854
0.8791330530548294	93.64831550803108	40.69263344590252
0.9091330530554842	95.18865472101108	40.88953462105815
0.93913305305432	96.64282111088734	39.4168540421233
0.9791330530533742	98.0215862805478	39.08239876094912
1.009133053055848	99.33572183288042	38.13848769761644
1.039133053054684	100.56368456210927	37.26066715675566
1.079133053055557	101.73778927689824	36.4374359571986
1.109133053054393	102.82572116858344	35.56964496590341
1.139133053053229	103.85979504582885	34.38872821032408
1.179133053055921	104.85078251152223	32.961670185882724
1.209133053054757	105.77714035988784	32.68354706642961
1.239133053055411	106.66041179670157	31.482800956808564
1.279133053054466	107.4898252190754	29.901792607720417
1.30913305305512	108.27615222989745	29.08700356609585
1.359133053054393	109.3640841215826	27.8605535270603
1.409133053053665	110.36584319016404	26.15490597493737
1.459133053052938	111.25988622986574	25.145415785982845
1.509133053055848	112.07852804935168	23.48351183473796
1.55913305305512	112.82176864862171	21.88357592852066
1.609133053054393	113.489608027676	20.774172469917506
1.659133053055484	114.09281778940249	19.471071904808277
1.709133053054757	114.64216953668907	18.251117298222603
1.759133053055848	115.14843487242373	17.036876631040315
1.80913305305512	115.60084219371865	15.753344624172907
1.859133053054393	116.01016310346154	14.601764957802022
1.909133053055484	116.37639760165264	13.51953442468845
1.959133053054757	116.72108889406779	12.47991726486994
2.009133053055848	117.03346537781893	11.54615456159678
2.05913305305512	117.30275545001825	10.624815601012347
2.109133053054393	117.56127391932958	9.768041076466918
2.159133053053665	117.78747757997692	8.959263282164493
2.209133053052938	117.97059482907255	8.271763805454487
2.279133053054466	118.1429404752801	7.24727500745723
2.339133053055775	118.3045145185997	6.553125283713642
2.409133053055484	118.44454535614325	5.745291717833142
2.479133053053374	118.584576193687	5.043451182890998
2.539133053054684	118.67074901679077	4.542348496965469
2.609133053054393	118.75692183989447	3.9705895787128123
2.679133053055921	118.83232306011024	3.500301784981747
2.759133053055848	118.9184958832141	3.107189512286006
2.829133053055557	118.97235389765395	2.91131858228662
2.909133053053665	119.04775511786976	2.670728236859194
2.979133053055193	119.10161313230962	2.5124572616027763
3.05913305305512	119.15547114674952	2.324756039884736
3.139133053055048	119.20932916118932	2.1827939223788224
3.229133053053374	119.25241557274117	2.0596826637284624
3.30913305305512	119.29550198429305	1.9944437365703847
3.389133053053229	119.33858839584505	1.8944310321788842
3.479133053055193	119.3924464102849	1.846203920232938
3.579133053055557	119.45707602761271	1.7836466359698715
3.679133053055921	119.51093404205261	1.6928682937546429
3.779133053054466	119.56479205649245	1.6474101579007447
3.879133053054829	119.59710686515633	1.6009928630568018
3.979133053053374	119.62942167382019	1.4722124888834072
4.079133053055557	119.67250808537212	1.7647916990900245
4.179133053055921	119.70482289403608	1.7201929626384596
4.279133053054466	119.73713770269994	1.6528180317289431
4.379133053054829	119.78022411425188	1.5992345032101993
4.489133053055411	119.80176732002778	1.5382995010466793
4.609133053054393	119.83408212869168	1.470687500648408
4.729133053053374	119.86639693735563	1.4027003223172452
4.839133053053956	119.8987117460195	1.4196307753419644
4.959133053054757	119.87716854024366	1.2472918368298653
11.45913305305476	121.32056332723184	15.002248667897835
11.72913305305519	121.88068667740643	14.094926486655055
12.00913305305585	122.43003842469307	13.162245741494223
12.28913305305468	122.9255321575398	12.158451532168243
12.57913305305556	123.37793947883468	11.384812986069871
12.87913305305483	123.80880359435352	10.51719541895341
13.17913305305592	124.20735290120848	9.725956021118018
13.48913305305541	124.56281579651153	8.995770163199841
13.80913305305512	124.89673548603874	8.255016338616947
14.12913305305483	125.1767971611259	13.28154090088059
14.45913305305476	125.44608723332531	12.240609788754773
14.80913305305512	125.71537730552461	11.229099123668167
15.15913305305548	125.9200377603961	10.268544002082214
15.50913305305585	126.13546981815546	9.467627374843186
15.87913305305483	126.31858706725102	8.700065761355857
16.25913305305585	126.50170431634652	7.96430601176541
16.63913305305505	126.65250675677821	7.380787332745539
17.02913305305447	126.78176599143383	6.851724325921398
17.4291330530541	126.91102522608954	6.358727969493173
17.83913305305578	127.02951285785717	5.922399816927244
18.25913305305585	127.15877209251283	5.503124350222721
18.68913305305432	127.25571651850457	5.225917549906239
19.12913305305483	127.36343254738435	4.88304909343941
19.57913305305556	127.4711485762641	4.633126257341762
20.03913305305468	127.56809300225588	4.433196207957806
20.50913305305585	127.67580903113554	4.25176274733691
20.98913305305541	127.78352506001525	4.1210391188749185
21.47913305305519	127.85892628023105	4.0207687500285
21.97913305305337	127.94509910333487	3.9449247348775107
22.48913305305541	128.0312719264386	3.844772520962534
23.00913305305585	128.11744474954236	3.7948408713219925
23.55913305305512	128.19284596975817	3.715285911740421
24.10913305305439	128.26824718997395	3.6130278164806553
24.67913305305592	128.3651916159658	3.6115619324903676
25.25913305305585	128.4405928361816	3.557416694218729
25.85913305305439	128.5159940563974	3.479166510074684
26.45913305305476	128.60216687950114	3.5025569253745528
27.07913305305556	128.6883397026049	3.4990921216042428
27.70913305305294	128.77451252570873	3.446198925673863
28.35913305305439	128.8499137459245	3.3919030022600225
29.02913305305447	128.92531496614038	3.3438629218614504
29.70913305305476	128.98994458346812	3.3694463403147235
30.40913305305548	129.0868890094599	3.269844054026759
31.12913305305483	129.17306183256375	3.270639998372466
31.85913305305439	129.24846305277953	3.246674392506678
32.60913305305439	129.3346358758833	3.1939081790234765
33.37913305305483	129.42080869898706	3.1670537555688156
34.15913305305548	129.48543831631494	3.0645982172039155
34.95913305305476	129.55006793364274	3.039352911400275
35.77913305305447	129.6039259480826	3.0161585207657478
36.60913305305439	129.69009877118634	3.0423679112613136
37.45913305305294	129.7439567856262	3.0189736547716715
38.32913305305556	129.81935800584205	3.0457657705227383
39.22913305305337	129.88398762316982	3.045841796076591
40.13913305305323	129.9486172404977	3.047273434066158
41.07913305305556	130.02401846071348	3.0742098149714647
42.02913305305447	130.06710487226536	3.1237310291219123
43.00913305305585	130.13173448959327	3.200944590566984
44.00913305305585	130.19636410692107	3.3033398963452485
45.02913305305447	130.27176532713688	3.3285813357712377
46.07913305305556	130.35793815024067	3.45528679280277
47.15913305305367	130.4548825762324	3.4819546870614317
48.25913305305585	130.53028379644817	3.560740986517601
49.37913305305483	130.61645661955197	3.635615212627671
50.52913305305265	130.71340104554375	3.663142719438028
51.70913305305294	130.79957386864746	3.711272546035228
52.90913305305548	130.89651829463924	3.685698469039282
54.13913305305505	130.99346272063104	3.711287365939305
55.38913305305505	131.0904071466227	3.7344093299602306
56.67913305305592	131.19812317550245	3.836117919218983
57.98913305305541	131.2842959986063	3.8619380159259866
59.32913305305556	131.38124042459808	3.9133321274828536
60.70913305305294	131.47818485058977	4.012746135749405
62.10913305305439	131.56435767369354	4.03731115577887
63.55913305305512	131.62898729102133	4.138423427815618
65.02913305305447	131.6828453054612	4.237409838051438
66.52913305305447	131.75824652567704	4.31130536606694
68.07913305305556	131.8444193487809	4.335414502115571
69.65913305305367	131.97367858343648	4.310784152393677
71.27913305305447	132.0813946123162	4.334959322913575
72.9291330530541	132.17833903830797	4.282633403042134
74.62913305305483	132.30759827296356	4.282818299396706
76.35913305305439	132.41531430184338	4.40620223460733
78.12913305305483	132.5445735364991	4.558910845234435
79.9391330530525	132.68460437404272	4.708433828412693
81.78913305305468	132.81386360869826	4.883411373765695
83.67913305305592	132.92157963757802	5.034409320915953
85.60913305305439	133.0185240635698	5.107497406867311
87.58913305305578	133.11546848956158	5.1552662296115
89.60913305305439	133.19086970977742	5.2257967601781665
91.6791330530541	133.28781413576908	5.147163285585106
93.80913305305512	133.42784497331272	5.096362034496216
95.9791330530552	133.55710420796842	5.11951098163511
98.20913305305294	133.67559183973617	5.1675029336055704
100.4791330530552	133.82639428016768	5.213934409794618
102.8091330530551	133.97719672059935	5.388319405871865
105.1891330530543	134.13877076391884	5.511510623220166
107.6291330530548	134.26802999857455	5.63519937651223
110.1291330530548	134.39728923323025	5.758044586517283
112.6791330530541	134.49423365922195	5.754330405174214
115.2791330530545	134.58040648232574	5.75042385080957
117.9391330530543	134.72043731986938	5.845872291013315
120.6591330530537	134.882011363189	6.018876670280703
123.4591330530548	135.0328138036206	6.115197069809545
126.3091330530551	135.21593105271617	6.2375049138086505
129.2291330530534	135.36673349314773	6.183150896777867
132.2091330530548	135.51753593357932	6.154342901020814
135.2591330530559	135.64679516823497	6.225557847371623
138.3791330530548	135.74373959422672	6.418475508874935
141.5791330530556	135.88377043177047	6.737451843633835
144.8591330530544	136.05611607797795	6.856560559140646
148.2091330530548	136.25000492996153	6.875948420184967
151.6291330530548	136.44389378194498	6.897969901624093
155.1291330530548	136.64855423681652	6.818005131150654
158.7091330530548	136.78858507436007	6.959780861730396
162.3791330530548	136.90707270612776	7.099692088503323
166.1291330530548	137.06864674944734	7.267007963195936
169.9791330530552	137.25176399854288	7.434960912093827
173.9091330530537	137.47796765919028	7.505269942506737
177.9291330530541	137.67185651117384	7.573722615398072
182.0391330530547	137.84420215738143	7.712704144079035
186.2391330530554	138.00577620070098	7.800283903977278
190.5391330530547	138.1565786411327	7.61781017410828
194.9391330530543	138.37201069889198	7.784193369671017
199.4391330530543	138.58744275665143	8.098130180387553
204.0391330530547	138.79210321152289	8.384524177972716
208.7591330530559	138.96444885773062	8.424474522439159
213.5791330530556	139.13679450393798	8.168012544074614
218.5091330530559	139.34145495880952	8.403061485273449
223.5591330530551	139.59997342812088	8.640165405531574
228.7291330530552	139.83694869165635	8.75366076287654
234.0091330530559	139.96620792631194	8.863393560377624
239.4091330530555	140.1816399840714	8.94867127932266
244.9391330530525	140.44015845338265	9.13183419812271
250.5891330530558	140.7309917313579	9.00321261595478
256.3791330530548	140.93565218622936	8.705643204620342
262.3091330530551	141.05413981799725	8.738749055763835
268.3591330530544	141.35574469886038	8.612794981605452
274.5591330530551	141.6358063739477	8.362602735310531
280.9091330530555	141.85123843170712	8.638416156250953
287.3891330530551	142.05589888657846	8.941478790415374
294.0291330530545	142.31441735588987	8.835627761548277
300.8291330530556	142.61602223675305	9.088353192479941
307.7791330530527	142.7668246771847	9.067789989003769
314.8791330530548	142.80991108873667	9.117929343173572
322.1591330530555	143.00379994072026	9.446320208095033
329.589133053054	143.15460238115176	9.705020420940455
337.2091330530548	143.30540482158327	9.445732103086323
344.9891330530554	143.67163931977444	9.52593847681774
352.9591330530548	143.94092939197375	10.043243493127235
361.1091330530544	144.11327503818123	9.733615029191526
369.4391330530525	144.49028113926022	9.962527684046835
377.9591330530529	144.7811144172356	9.962344680835884
386.6791330530559	145.0180896807709	10.662293900130942
395.6091330530544	145.39509578184993	11.238550266906532
404.7391330530554	145.55666982516954	11.32850275020706
414.0791330530556	145.83673150025686	11.672889501897838
423.6291330530548	146.2568240128878	11.349483313785539
433.4091330530537	146.38608324754347	12.245723041428688
443.4091330530555	146.79540415728636	11.73110756365786
453.6391330530551	146.97852140638196	12.278195585921402
464.1091330530544	147.30166949302105	12.550461639922752
474.8291330530556	147.68944719698808	12.687645915259472
485.7791330530545	147.8833360489715	13.162104686271116
496.9891330530554	148.40037298759418	13.467009073707
508.4591330530529	148.5404038251379	13.54075283913844
520.1891330530525	149.0897555724244	14.045922395699487
532.1891330530525	149.2621012186322	14.62300456554308
544.4791330530552	149.78990976014262	14.698098576238628
557.0391330530547	150.14537265544567	15.168051482162662
569.889133053055	150.58700837385265	14.785280017502503
583.0391330530547	150.9532428720436	15.682126230250502
596.4891330530554	151.36256378178663	15.245009598372324