0.0007337795044638357	0.3540549170370681	0.06166453614628297
0.002400446504463846	0.8484095805846973	0.11783088939860197
0.003233779504463838	1.9440156380322406	0.3602191233356102
0.004067112504463774	1.51692800039197	0.265918243975982
0.004900446504463848	2.1455091347851707	0.30691999319111724
0.00573377950446384	2.85323455562481	0.266815199158109
0.006567112504463832	3.1733100885609917	0.38431438158876097
0.007400446504463851	3.5376664489765384	0.39940977513650766
0.008233779504463787	3.9462653466936697	0.38956330775900766
0.009067112504463834	4.30904576399419	0.4224741333448474
0.009900446504463853	4.65979500431635	0.454804177041956
0.01073377950446385	5.027533873711785	0.4783586519082603
0.01156711250446384	5.371517970119835	0.4979067683946863
0.0124004465044638	5.698512437454699	0.5232891202140258
0.01323377950446385	6.007210245528967	0.5441059979309246
0.01406711250446384	6.304453370521823	0.5552577372378398
0.01490044650446386	6.599274893665953	0.5633609663798094
0.01573377950446385	6.893788961795459	0.5774291904145323
0.01656711250446384	7.188379862189947	0.5864222585115387
0.0174004465044638	7.453565543298764	0.6007306779845581
0.01823377950446385	7.6828883162222406	0.6031593719089802
0.01906711250446379	7.922819987539101	0.6094575259796641
0.01990044650446381	8.147222598545723	0.623506634598966
0.02073377950446385	8.384502045264217	0.6310825900987774
0.02156711250446385	8.59441346131145	0.6264948395167567
0.02240044650446381	8.81435728185503	0.6268954672784707
0.0232337795044638	8.976874274370532	0.6397937888161644
0.02406711250446385	9.171641043341747	0.6510415858202514
0.02490044650446376	9.37201971652433	0.6545212692544782
0.02573377950446386	9.560136589978994	0.6609623550137037
0.02656711250446385	9.749983322987786	0.6552691690736239
0.02740044650446381	9.893896201228063	0.6580616859459641
0.02823377950446381	10.045765753263083	0.6678936715614634
0.02906711250446385	10.207783084146802	0.6799932970716125
0.02990044650446382	10.383253870593764	0.6730408217242252
0.03073377950446381	10.535700042480341	0.6716061163572703
0.03156711250446385	10.676691531285412	0.6665750640737614
0.03240044650446382	10.821257987596566	0.664035911200374
0.03323377950446381	10.93914815553088	0.6675995479983038
0.0340671125044638	11.058921721594848	0.6759922868885825
0.03490044650446382	11.215096525517465	0.6713030635774347
0.03573377950446376	11.33979025349838	0.6731654543159887
0.03656711250446386	11.42962052251232	0.6712693779678476
0.03823377950446381	11.661211106799948	0.6670539725104383
0.03990044650446377	11.861781986599683	0.6571203789805905
0.04156711250446381	12.080841732277165	0.664924232096707
0.04323377950446382	12.251315398587593	0.6612774029456419
0.04490044650446383	12.436049763062465	0.6639245252197619
0.04656711250446376	12.618746938922833	0.6621877849726833
0.04823377950446382	12.759008143346486	0.6490525820762243
0.04990044650446383	12.922908998314462	0.6618116719615661
0.05156711250446382	13.064054277604205	0.6532138762780222
0.05323377950446383	13.223880629388844	0.6464498147237181
0.05490044650446378	13.34942001610337	0.6487103835006534
0.05656711250446382	13.483877109698485	0.630216406273904
0.05823377950446383	13.564789671831816	0.6352578929934429
0.05990044650446384	13.718388957466622	0.6318192884720472
0.06156711250446377	13.824517113259322	0.6361928700263604
0.06323377950446384	13.929030783849791	0.6304181669864495
0.06490044650446385	14.016400908928004	0.6403717749395779
0.06656711250446383	14.12752593294812	0.6411995554335587
0.06823377950446384	14.197060770219522	0.6430164659463736
0.0699004465044638	14.279549401422413	0.653565736901685
0.07156711250446383	14.38044981432892	0.6435012853637486
0.07323377950446384	14.473278305042868	0.644560979776305
0.07573377950446385	14.588593080643884	0.6546624405548959
0.07823377950446385	14.738002614697775	0.6505095468012515
0.0807337795044638	14.851664614918601	0.6705966004531007
0.08323377950446385	14.949874387094352	0.6879003569810039
0.08573377950446386	15.06953270476085	0.7109023472479679
0.08823377950446386	15.169203171653983	0.7279731969301757
0.0907337795044638	15.275292785359575	0.7439745482082403
0.09323377950446375	15.349709368415457	0.746411855171513
0.09573377950446381	15.456952095869273	0.7788660663125956
0.09823377950446381	15.55816008974504	0.7837791269907101
0.1007337795044638	15.684006931474274	0.7928631875992915
0.1032337795044638	15.785483964232172	0.7969443894202499
0.1057337795044638	15.885615676624765	0.8476114576985945
0.1082337795044638	15.96845017897476	0.8414481654619528
0.1107337795044638	16.056435340036916	0.9002475492509148
0.1140671125044638	16.205114589709385	0.914961728335936
0.1174004465044638	16.292638631226673	0.9421602395021247
0.1207337795044638	16.38396788513614	0.9812135754453365
0.1240671125044638	16.545716177137642	0.9965304149685791
0.1274004465044638	16.62186236783859	1.0520606478725902
0.1307337795044639	16.76473750668254	1.0740448185986904
0.1340671125044638	16.87274906060509	1.1142058031465305
0.1374004465044638	16.997058375351692	1.1564999757063643
0.1407337795044638	17.116255447518803	1.2247089322004976
0.1440671125044638	17.22015408212542	1.2461918406627572
0.1474004465044638	17.334584908814783	1.30778677911052
0.1515671125044638	17.464275630977703	1.350000245494211
0.1557337795044638	17.623448530645906	1.409745089708801
0.1599004465044638	17.74552845016094	1.4489237451958616
0.1640671125044637	17.893707912247113	1.54115506055565
0.1682337795044637	18.045346967487095	1.582798382524058
0.1724004465044637	18.168157297338272	1.6580014338094153
0.1765671125044638	18.315568058910326	1.7433606400262103
0.1807337795044638	18.453599868102405	1.7937426065826754
0.1857337795044638	18.60362443814034	1.9062980386353456
0.1907337795044638	18.806347880906486	2.0059319678520935
0.1957337795044638	18.94660908533022	2.0966978905446294
0.2007337795044638	19.120157931560247	2.207452623894138
0.2057337795044638	19.298242400518568	2.325697266792294
0.2107337795044638	19.46387298908615	2.4333387850072348
0.2157337795044638	19.63903619456388	2.6109607424550934
0.2207337795044638	19.831112196849816	2.6713238615813646
0.2265671125044638	20.029876510784693	2.8877468863303415
0.2324004465044638	20.22971710620299	3.0151843544619052
0.2382337795044638	20.453235642343525	3.1656865629796584
0.2440671125044638	20.655920668977167	3.343750542179261
0.2499004465044639	20.903885972308547	3.4976587650176247
0.2557337795044639	21.101420340230217	3.703707358507566
0.2624004465044638	21.37725333586481	3.9385682696240076
0.2690671125044638	21.608113635770916	4.182257008923294
0.2757337795044639	21.862344295430017	4.385483358591363
0.2824004465044638	22.119842341626043	4.63965100523313
0.2890671125044638	22.374303749989394	4.930921647375835
0.2957337795044639	22.665012353817787	5.246944778833011
0.3032337795044638	22.979399024322923	5.488137303743051
0.3107337795044638	23.285944269430683	5.83238002079135
0.3182337795044639	23.585647412404757	6.1542654337056035
0.3257337795044637	23.898996217559134	6.498535340369952
0.3340671125044639	24.300753013142558	6.881594557349107
0.3424004465044639	24.68271416456977	7.293824707623516
0.3507337795044638	25.029196821046128	7.6911144593651155
0.3590671125044639	25.39597478331031	8.13910450190267
0.3674004465044638	25.761330592944137	8.562657331646468
0.3765671125044638	26.177078921855074	9.058271318139186
0.3857337795044638	26.596363550230567	9.530512135548467
0.3949004465044639	27.051818667760447	10.016938487503758
0.4040671125044638	27.477215113888136	10.522605244581369
0.4140671125044638	27.960460965501643	11.13109534074631
0.4240671125044637	28.42018279283195	11.719674752702108
0.4340671125044638	28.90227553069722	12.401581159065316
0.4449004465044637	29.448675614856796	13.188807219385199
0.4557337795044638	29.989386836585393	13.856862298048242
0.4665671125044637	30.498578692194318	14.72674544876122
0.4774004465044639	31.04732341998292	15.448870487145756
0.4890671125044639	31.614057352017582	16.392123214033344
0.5007337795044637	32.23183725544582	17.29413945100025
0.5124004465044638	32.87179598874631	18.299198806143504
0.5249004465044638	33.52074938714702	19.417642179453356
0.5374004465044637	34.21502147837794	20.547233451741775
0.5499004465044637	34.866742349774576	21.690442140112044
0.5632337795044637	35.592802971962	23.03747120016866
0.5765671125044638	36.32220756104221	24.308451190774626
0.5899004465044637	37.107347786637725	25.623063966247212
0.6040671125044638	37.93050335743059	27.02992271752891
0.6182337795044639	38.732402589349725	28.461945317310327
0.6332337795044637	39.596225981847	30.070739295317697
0.6482337795044637	40.483150695215215	31.806309572969766
0.6632337795044637	41.3714975612139	33.505558891757644
0.6790671125044638	42.34160277403404	35.310680970259504
0.6949004465044637	43.275614329964654	37.128983086498394
0.7115671125044638	44.285272414964446	39.18804498640426
0.7282337795044639	45.281131173253804	41.319669828932476
0.7457337795044638	46.38154214422062	43.570108415186894
0.7632337795044639	47.46027382099255	45.76566430059341
0.7815671125044639	48.63068074877565	48.00595768055847
0.7999004465044639	49.7785628495847	50.49449834361
0.8190671125044637	50.99313548240421	52.94916999292695
0.8382337795044636	52.22292959456476	55.52501945773486
0.8582337795044639	53.52225854399671	58.00771721301523
0.8782337795044639	54.78845364210677	60.6162727671749
0.8990671125044638	56.11215240050996	63.28718836963483
0.9199004465044637	57.452110629559414	65.67263355433977
0.9415671125044637	58.817707155680566	68.53814910894846
0.9640671125044636	60.24357494104522	71.05607906919744
0.9865671125044638	61.65310642349859	73.45024757025611
1.009900446504464	63.10591928421324	76.43806394107935
1.033233779504464	64.56768839389564	78.87555460299399
1.057400446504464	65.9913652001614	81.4485533665808
1.082400446504464	67.54111947090583	84.11278312557418
1.107400446504464	68.99719971815725	86.66492958631775
1.133233779504464	70.47784198099727	89.08953551186215
1.159900446504464	72.07133900145678	91.37904144146951
1.187400446504464	73.59764595422865	93.90040599523685
1.214900446504464	75.117341553571	96.31133257422904
1.243233779504464	76.67355338726051	98.29669206064203
1.272400446504464	78.2311106672699	100.49482443267178
1.302400446504464	79.77010224913647	102.95862261241132
1.333233779504464	81.3165892592988	104.72671070448015
1.364067112504464	82.86953395836049	106.94513448992853
1.395733779504464	84.37124035345695	108.86041323164876
1.428233779504464	85.8844014316347	110.75644157219975
1.461567112504464	87.37911218602184	112.5365474457302
1.495733779504464	88.91018538427136	114.51503648231257
1.530733779504464	90.40082163547513	116.28296920227216
1.566567112504464	91.91256043506795	118.17579839541045
1.603233779504464	93.37928812279986	120.04990474924797
1.640733779504464	94.8577009904082	121.58432381589215
1.679067112504464	96.3016346863293	123.82776011557122
1.718233779504464	97.75421705024883	125.27392172140081
1.758233779504464	99.16174976022037	126.63689698834494
1.799067112504464	100.61633089662172	128.34963744672334
1.840733779504464	102.00675847721354	130.21196153434795
1.883233779504464	103.3553268321743	131.81466643366184
1.927400446504464	104.78703714449993	133.54578479108946
1.972400446504464	106.14010283201094	135.41245515137513
2.018233779504464	107.4348192004953	137.62399785599789
2.064900446504464	108.79149801973571	138.87694107408961
2.113233779504464	110.13118720990303	140.67453736908732
2.162400446504464	111.4334374228154	142.80210816864073
2.212400446504464	112.72703909368387	144.15504092220507
2.264067112504464	114.03859142671116	145.95520379401574
2.316567112504464	115.33123206449409	148.04526403693416
2.370733779504464	116.58939365654413	150.15926318081748
2.425733779504464	117.8362543559974	151.47719449252497
2.482400446504464	119.08761226204633	153.31614715451153
2.539900446504464	120.30107007129556	154.54063986526128
2.599067112504464	121.5074936977485	156.65812989676442
2.659067112504464	122.68762557501326	158.40559308531672
2.720733779504464	123.91392180384183	159.89591079134777
2.784067112504464	125.04931148217335	162.522995785088
2.849067112504464	126.20884047268078	163.8715284059611
2.914900446504464	127.29937270368134	166.0475190869923
2.982400446504464	128.4660896674701	167.97749821192463
3.051567112504464	129.5937532947562	170.29304192231172
3.122400446504464	130.67709755247583	172.08601080004468
3.194900446504464	131.8235189585674	174.16675406951722
3.269067112504464	132.87372949091966	176.46138659788392
3.344900446504464	133.9512312216782	179.62678990114657
3.422400446504464	135.01551011962317	180.6068386183258
3.501567112504464	136.0826334487836	183.09930114160719
3.582400446504463	137.13122949593372	185.61907383862095
3.665733779504464	138.14922866796263	186.75954082630022
3.750733779504464	139.17037985217664	189.40533048870324
3.837400446504464	140.2049459498664	192.09309739414655
3.926567112504463	141.16048300950746	194.68967141768337
4.017400446504464	142.17582995693814	196.16095492653926
4.110733779504464	143.1573513107527	198.4203228982364
4.205733779504464	144.0909400373163	200.7995481362718
4.303233779504463	145.04340204299234	203.08093192036873
4.403233779504463	146.0247696063222	204.900653714216
4.504900446504463	146.9641625696689	208.3490688688497
4.609067112504464	147.8636181216474	210.44408831215014
4.715733779504464	148.78406097361727	212.4523422852495
4.824900446504464	149.67179292958676	215.91227046925442
4.936567112504464	150.56244614903625	218.77383294777806
5.050733779504464	151.44914023965475	220.4340209166553
5.167400446504464	152.34013945620643	222.81282057614982
5.286567112504464	153.20400113888203	224.75724488613938
5.409067112504463	154.04437708745195	227.2518779044321
5.534067112504464	154.90639378812986	230.61660412413423
5.662400446504464	155.7563793118298	233.4413571289118
5.793233779504464	156.57173199931214	234.99061947556916
5.927400446504463	157.39388824684136	237.71121392535423
6.064900446504463	158.16249996290844	241.74966243439167
6.204900446504464	158.9583643352951	243.85002829562106
6.348233779504463	159.76898906747763	246.1878333015579
6.494900446504464	160.5566661433192	248.837352817912
6.644900446504463	161.28718555596996	251.36758974236423
6.798233779504463	162.06594492493102	253.09657677551934
6.955733779504464	162.8607331417889	257.2249800220961
7.116567112504464	163.57261002403152	259.1405589366194
7.280733779504464	164.3131617152239	261.5608544498815
7.449067112504464	165.04933157417275	262.8108041682457
7.621567112504464	165.74537181513577	267.18254469971123
7.797400446504463	166.42953454365065	268.7504048828171
7.977400446504463	167.15009851002426	270.5696923016348
8.161567112504462	167.80739299545428	275.81582292483347
8.349900446504464	168.49866686498504	276.4325768156432
8.543233779504463	169.14020166735543	278.38890702035775
8.740733779504463	169.81690738370725	281.98164096172195
8.942400446504465	170.449217024182	243.22585324602815
9.149067112504465	171.10958656357704	240.05232580752434
9.360733779504464	171.78448571406417	227.94667361608816
9.577400446504464	172.37013121538865	208.00805282730786
9.799067109504463	172.9749190347076	171.60738418952477
10.02573377950446	173.59784972280235	85.9266485588788
10.25740044950446	173.19048089705313	251.09874030813523
10.49406710950446	173.6927154021305	206.75592596802923