0.002777777554001659	1156.772995998624	10509.194129923031
0.008055555343162268	20944.97488499114	26659.691364274953
0.01083333324640989	29510.017493659452	28899.141319329694
0.01361111080041155	36106.0847899902	28377.51303975779
0.01638888870365918	41299.25717628063	26944.041974438005
0.0191666666069068	45384.880949381026	26918.303071451974
0.02194444433553144	49125.93404282236	26771.792621752666
0.02472222206415609	52227.0701597538	26795.99273664063
0.02749999979278073	55155.920936855706	27514.308044659396
0.03027777769602835	57912.4863741285	26842.534387537948
0.03305555525003001	60226.03236612515	26949.302917648918
0.03583333332790062	62268.84425267527	26911.821357775025
0.03861111105652526	64336.26833062975	27474.69126207475
0.04138888861052692	66280.63145156312	28399.709928747136
0.04416666651377454	68151.15799828386	26971.710147220296
0.04694444424239919	69923.23577938783	27107.448747836188
0.04972222214564681	71203.06973240679	26742.282531577002
0.05249999969964847	72778.24998227705	26755.910547318603
0.05527777760289609	74131.92050950922	27049.28787739164
0.05805555550614372	75584.0398023582	26537.86377268743
0.06083333323476836	76568.52745852694	26814.34238210706
0.063611110963393	77823.74922014218	25259.911939163325
0.06638888869201764	78906.68564192764	26076.845838692177
0.06916666659526527	80137.2952121386	26459.008066760893
0.07194444414926693	80826.43657145683	26160.62058158757
0.07472222222713754	82130.88271588042	26941.354514390336
0.07749999995576218	83016.92160643252	26995.146572210648
0.08027777750976384	83870.9738673548	28324.840697936917
0.08305555541301146	84953.54584073697	27321.96223586421
0.0858333331416361	85933.01572141584	27476.787347654055
0.08861111104488373	86783.60798621611	28448.95160742215
0.09138888859888539	87634.20025101595	28852.24219572454
0.09416666650213301	88484.79251581615	27273.70432793793
0.09694444440538064	89129.18059520992	27538.569782905775
0.09972222213400528	90185.97704541632	26317.525888993143
0.1024999998626299	90933.46721751377	27820.655045767282
0.1052777775912546	91448.97768102853	28642.1018674784
0.1080555554945022	92248.01889947739	29325.427916421075
0.1108333330485039	92737.75383981677	26627.99070680832
0.1136111111263745	93717.22372049575	27428.694159167757
0.1163888888549991	94516.26493894418	28819.71639202182
0.1191666664090008	95057.55092563541	28145.429432382887
0.1219444443122484	95882.36766726007	27633.347544955006
0.1274999999441207	96939.1641174661	28079.879483372497
0.1330555554013699	98073.28713719962	28442.994722925803
0.1386111110332422	99104.3080642299	28136.077151861817
0.1441666664904915	100418.85974619404	28993.59858139987
0.1497222219477408	101578.75828910322	28024.16505980174
0.155277777754236	102609.77921613358	28007.250240651607
0.1608333332114853	103666.57566634001	28712.5484154244
0.1663888888433576	104388.29031526127	27177.61893252875
0.1719444443006069	105213.10705688578	27660.329101585074
0.1774999999324791	106063.69932168571	27483.612059709543
0.1830555553897284	107249.37338777122	29280.562444537216
0.1886111108469777	107893.76146716543	28773.894397883498
0.1941666666534729	108899.00687101962	28811.63220553245
0.1997222221107222	109491.84390406258	29768.34833366208
0.2052777777425945	110780.62006285055	28909.278239193965
0.2108333331998438	111193.02843366284	29792.189587965233
0.216388888831716	111888.96755940809	27891.901204290385
0.2219444441143423	112713.78430103268	30560.649414228814
0.2274999997462146	113590.15208900865	28410.65031048938
0.2330555555527099	114208.76464522669	29741.238178798347
0.2386111110099591	114956.2548173241	29975.64757111687
0.2441666666418314	115317.11214178448	30546.869985494795
0.2525000000023283	116683.2148700999	29599.451554460196
0.2608333330135793	117533.80713490024	28938.581550702533
0.2691666665486991	118539.05253875468	28998.64768329353
0.2774999999091961	119544.29794260983	29272.77333535871
0.28583333309507	120369.1146842339	30208.44210012168
0.2941666666301899	120961.95171727618	29825.696071514623
0.3024999999906868	121864.09502842804	31544.38328676575
0.3108333330019377	122508.48310782215	29442.505230649287
0.3191666665370576	123771.48374343477	30736.31192048927
0.3274999998975545	124312.7697301257	31588.551420425723
0.3358333332580514	125472.66827303455	31784.39803284149
0.3441666664439254	125833.52559749535	32321.834325928347
0.3524999998044223	126684.11786229555	33744.18788612101
0.3608333333395422	127560.48565027176	30747.136040767815
0.3691666663507931	128179.09820649019	31392.7793311949
0.3802777777891606	129055.46599446572	31091.48540337694
0.3913888887036592	130292.69110690254	30678.51314281644
0.4024999997927807	130937.07918629632	31043.868920697943
0.4136111110565253	131684.56935839367	31319.831499605698
0.4247222221456468	132380.50848413917	33012.07825484453
0.4358333332347684	133205.32522576355	29344.17619454311
0.4469444441492669	134236.34615279367	31229.209239891276
0.4580555554130115	134958.06080171542	32264.95373506471
0.469166666502133	135963.30620557003	33219.68064676783
0.4802777775912546	136401.49009955797	33659.802189490205
0.4913888888549991	137071.65370212795	32913.81750715507
0.5052777774981223	138076.8991059826	33658.82551097959
0.5191666664904915	139082.1445098371	32162.573109335754
0.5330555553082377	140035.8388673407	33403.67570981285
0.5469444443006068	140706.00246991037	33088.59956117435
0.560833333292976	141840.1254896436	34916.309321633555
0.5747222221107222	142536.0646153894	34454.77144415496
0.5886111111030914	143128.90164843207	33637.37962570484
0.6024999997462146	143979.49391323188	33636.63436077695
0.6191666666418314	144752.75960850497	35038.450500631174
0.6358333330135792	146118.86233682057	32688.766142438075
0.652499999909196	146763.2504162143	33547.23587155237
0.6691666666301899	147691.1692505419	33184.4314996276
0.6858333330019377	148593.31256169346	34677.26144722808
0.7024999998975545	149160.37407156022	32723.406892201303
0.7191666664439254	150165.6194754155	33475.83813715603
0.7358333333395422	150629.57889257872	33732.99835665744
0.7552777777891606	151480.17115737885	32664.456705844346
0.7747222220641561	152485.41656123367	32718.78781182381
0.7941666665137745	153593.76405779156	34175.94673012506
0.813611110963393	154212.3766140099	35764.54714569898
0.8330555554130115	155758.90800455533	34994.96657021561
0.8524999998626299	155681.58143502817	35639.74816925009
0.874722222040873	156635.27579253138	34041.081353197456
0.8969444443937391	157795.17433544074	32916.07780019666
0.9191666663973592	158697.3176465923	34008.34995573596
0.9413888887502253	159367.48124916232	36864.34957860636
0.9636111111030914	160475.82874571998	35254.5291196819
0.9858333331067115	160785.13502382903	35988.34940567855
1.010833333013579	161635.72728862913	33825.85142937777
1.03583333309507	162537.87059978064	33983.677782415936
1.060833333001938	163852.42228174457	35458.68514405246
1.085833333258051	164342.1572220846	34925.58728705443
1.113611110893544	165450.504718642	37402.41888819474
1.141388888703659	166069.11727486027	36824.115157115746
1.169166666513775	166997.03610918776	36629.642250595985
1.196944444149267	168002.2815130423	36698.3766070465
1.224722222134005	168981.7513937215	35170.2117593823
1.255277777498122	169961.22127440013	36356.83682157363
1.285833333211485	170631.3848769705	36881.310883712686
1.316388888750225	171456.2016185948	39376.51015141794
1.346944444114342	172744.97777738268	36969.32663014563
1.380277777730953	172925.40643961282	36770.33558257955
1.413611110998318	174273.1459043317	37310.30508619809
1.446944444440305	174973.09683150877	37384.136362552556
1.483055555436295	176534.52582290318	38501.167476368035
1.519166666606907	176965.264855012	38262.132417178625
1.555277777602896	177934.42767725696	41017.77211233866
1.591388888598885	178984.35406802254	39934.68514759842
1.630277777498122	179684.30499519917	41797.46118414658
1.669166666397359	180788.07376497771	37169.75010278415
1.708055555296596	181999.52729278366	40397.29245309868
1.749722222099081	182861.00535700127	39677.17773045689
1.791388888901565	183937.8529372738	39068.64966087396
1.833055555529427	185068.54289655917	42144.02560393549
1.87749999971129	185499.28192866786	40256.36854021424
1.921944444242399	186683.81426696744	39837.323298545554
1.966388888598885	187464.5287626649	39563.01251724603
2.013611111033242	188406.77039540277	39528.87622068243
2.060833333292976	189806.67224975614	39057.82438976276
2.110833333106712	190479.70198742606	42100.43158139952
2.16083333309507	191610.39194671207	41222.926864319445
2.210833333258051	192364.18525290253	42817.26820148983
2.263611110800412	193441.03283317454	43340.66149491081
2.316388888692018	194464.03803443295	40413.43109863192
2.371944444312248	195621.64918322535	42993.310058208575
2.427499999932479	196590.81200547024	40698.52781239087
2.485833333106712	197802.26553327628	43176.96723826655
2.54416666663019	198852.19192404172	43050.744536440805
2.60527777770767	199579.06404072559	41116.259375157635
2.666388888610527	200844.35994754496	41141.304767242786
2.730277777591255	201436.626116694	41947.52609985199
2.794166666397359	202809.60678154137	43658.03336145747
2.860833333106712	203859.5331723065	42661.36723693744
2.927499999990687	204424.87815194958	43741.55155109443
2.996944444428664	205582.48930074205	42794.20539255813
3.066388888692018	206740.10044953402	44801.19147359851
3.138611111033242	208355.37181994235	43552.063285689175
3.213611111103091	209189.92869465364	42995.420087485
3.288611110998318	210159.09151689778	44663.35739920207
3.366388888796791	211209.01790766307	44252.51817080689
3.444166666595265	212258.94429842825	44939.01779958122
3.524722221947741	213335.79187870093	41760.873310021874
3.60805555555271	214251.1123219317	42969.656426634385
3.691388888808433	215220.2751441766	43154.38693016146
3.777499999792781	216270.2015349421	43699.44189504159
3.866388888854999	217616.26101028165	43815.79314588821
3.958055555296596	218477.7390744998	43938.18170564301
4.049722221912816	219581.50784427862	43671.19454905577
4.144166666606907	220604.51304553714	45264.76858154094
4.241388888854999	221789.0453838361	45347.404043503615
4.341388888831716	222892.8141536152	44016.48429740983
4.444166666537058	224023.5041129007	44921.31911459616
4.546944444242399	224858.06098761148	45278.019513846884
4.652499999850988	226231.0416524586	45111.7820568494
4.760833333013579	227307.8892327306	44420.45747520061
4.871944444428664	228330.89443398942	45067.26924899734
4.985833333048504	229407.74201426093	43878.1561836583
5.102499999746215	230619.1955420671	46878.645115970474
5.221944444347173	231615.2795538188	44945.609648522666
5.344166666502133	232638.28475507745	43928.44285250107
5.469166666560341	233903.58066189685	46005.92340242147
5.596944444347173	234738.13753660777	45803.11010728293
5.72749999986263	236326.48771750907	44752.29983450337
5.860833333106712	237241.80816073986	47240.40876548976
5.996944444428664	238076.36503545128	46673.887925447416
6.135833333304618	239610.87283733886	46030.35252748708
6.277499999909196	240633.878038597	46209.60550904269
6.424722222145647	241603.040860842	44831.31644590804
6.574722222110722	243218.31223125	46803.01165659164
6.727499999804422	244106.71148497445	47384.4745941699
6.88305555540137	245210.4802547534	47202.07128602255
7.04416666663019	246098.87950847758	46444.65061097879
7.208055555413012	247364.17541529777	47861.7342444869
7.374722222099081	248764.07726965152	46496.84183106676
7.546944444242399	249760.16128140286	47982.74238724812
7.721944444114342	251267.74789378373	47376.304545911975
7.902499999792781	252129.2259580018	49222.78295739836
8.085833333199844	253448.36424383437	48971.6571187193
8.274722222064156	254740.58134016127	47481.29405353524
8.466388888831716	256005.87724698073	48949.05856119024
8.663611111056525	256975.04006922533	47392.933157065425
8.86361111100996	258321.09954456578	48597.088391062614
9.069166666595265	259532.5530723715	48468.523927665025
9.28027777763782	260582.4794631371	49079.79111646137
9.496944444312248	261955.46012798414	47479.85429171302
9.716388888889924	263086.1500872694	48511.97015341897
9.941388888750225	264351.44599408936	48143.99554353669
10.1719444442424	265670.58427992306	49038.85006901576
10.40805555554107	266693.58948118094	48048.31226329726
10.64972222194774	268039.6489565209	50319.976048463795
10.89694444433553	269188.50075360184	50826.66661237631
11.14972222200595	270422.59996507136	47826.97270507451
11.40805555530824	271600.60375783796	50633.895545160995
11.6719444442424	273199.323190879	50757.68567896778
11.94138888880843	274573.6609491066	51685.60152803099
12.21916666656034	275302.90139224805	50655.19845963626
12.50249999994412	276901.6208252888	51431.4511349159
12.79138888861053	278275.9585835162	49581.4894300908
13.08861111081205	279622.24863239256	49501.60107158579
13.39138888864545	280660.0138784016	51946.8948573559
13.70249999983935	282006.3039272776	50671.910218051344
14.01916666649049	283240.40313874744	50611.15046934432
14.34416666650213	284614.7408969758	49761.21689071589
14.67749999969965	285848.8401084455	51360.556872969086
15.01638888870366	287195.1301573217	51469.81863542632
15.36361111089354	288569.46791554976	50459.47622815674
15.71916666644393	289747.4717083166	49878.33206251224
16.08305555552943	291121.80946654425	51798.79264862578
16.45527777745156	292496.1472247725	52000.41917802782
16.83583333325805	293533.9124707812	49758.63522918451
17.22472222190118	294796.0593916026	51746.83421130258
17.62194444442866	296422.8265339946	53354.06962965433
18.03027777769603	297825.2120015745	50854.014646287935
18.44694444414927	298750.7864101768	52005.37227112203
18.87472222204087	300349.50584321737	53744.289437687476
19.31083333329298	302060.4161136639	51922.568313010685
19.75805555545958	302929.8951035636	51066.82904938735
20.21638888888992	304220.0897337366	53344.49718615242
20.68305555550614	305846.85687612905	51430.93090711842
21.16083333321149	307109.00379695016	51363.870733931275
21.64972222200595	308343.1030084202	52560.283023408076
22.14972222206416	309745.48847599956	52830.06855695399
22.66083333321149	310951.5399781185	49520.29248677663
23.18583333300194	312662.45024856465	52184.05223807663
23.72194444440538	313784.3586226294	51746.05377662449
24.2691666665487	315130.6486715053	50631.32046902533
24.83027777750976	316084.2707894588	50857.84771896956
25.40527777763782	317907.37189731235	49364.984120808
25.991388888855	319057.3279807279	52562.68829772013
26.59138888888992	320235.33177349396	49683.589817283726
27.20527777774259	321497.4786943157	54116.571428337826
27.83305555541301	322899.8641618953	50048.802923456045
28.47749999980442	324694.91756039707	49080.55835822993
29.13583333301358	325452.2057128901	53192.87627465728
29.80805555538973	327331.4022394461	51019.773727343316
30.49694444431225	328313.07206675224	50296.24433173026
31.20249999995576	329266.6941847057	50397.06280848134
31.92472222214565	331314.17696737207	52159.44823523914
32.66361111105653	332127.5605385682	50105.5180981685
33.41916666651378	333389.7074593895	52365.61195361054
34.19138888869202	335212.80856724276	53978.042386760506
34.98027777759126	336334.71694130707	50359.85726589486
35.78861111094011	337793.197827589	53172.35487124705
36.61638888873858	339251.67871387204	52631.65767721686
37.46083333325805	340541.87334404513	50064.30339220932
38.32472222222714	341832.06797421875	51797.17695195663
39.21083333319984	343234.45344179746	51927.404541113145
40.11638888879679	344384.409525213	50723.84457859107
41.04416666639736	345674.60415538587	52195.9352891636
41.99138888879679	347161.13275102014	50165.871221967165
42.96083333319984	348647.6613466543	50044.133213447334
43.95249999995576	349853.7128487727	51928.03194551389
44.96638888888992	351452.432281813	51675.331502471534
46.00527777773095	352321.91127171245	51013.94016996053
47.06638888875023	353696.24902994034	51017.181187985174
48.15249999985099	355238.8730442782	52223.311700678045
49.26361111103324	356472.9722557478	50623.898536103276
50.39972222194774	357819.2623046245	52645.88209873965
51.56361111084698	359305.79090025777	52113.99720641387
52.75527777773095	360764.2717865406	50518.01473164935
53.97194444434717	362026.4187073626	50535.59851708607
55.21916666650213	363316.6133375356	51587.394920774816
56.49416666664183	364578.7602583574	51053.40959237317
57.7969444442424	365784.81176047545	49966.76554449522
59.13027777773095	367018.91097194556	51069.650633013334
60.494166666409	368580.7907971249	51065.4836376083
61.89138888870366	369951.009769027	51471.53654060547
63.31916666653706	371175.4607651948	54401.87975725488
64.78027777763782	372662.2941176846	53260.46722454649
66.27472222200595	373945.0523041462	50823.31543796298
67.80527777754469	375286.1176809021	46077.42886050159
69.3691666663508	377093.6405800071	44118.17071355277
70.96916666650213	378084.86281499994	53213.877846598574
72.60805555555271	379134.39224028663	66564.80228965243
74.28249999991385	379513.3889771959	78018.34038620995
75.99638888868503	380329.68964130746	105828.20037494111
77.74916666653007	383682.3530831967	135683.86217780047
79.54361111082835	387705.5492134619	99453.0163847399