0.01000000000021828	0.11645372808315682	0.09355101133994954
0.02000000000043656	0.21944842245918778	0.2036293942132653
0.03000000000065484	0.3150670244106529	0.28144032195946567
0.04000000000087312	0.40534262256410875	0.3542596806824579
0.05000000000109139	0.49139498566218465	0.4225957300826424
0.06000000000130967	0.5739480852689315	0.48712602564372176
0.07000000000152795	0.6535131382179007	0.5484054709769698
0.08000000000174623	0.7304721358074368	0.606871850590355
0.09000000000196451	0.8051223804614807	0.662932972969777
0.1009816608893743	0.8847227507414461	0.7220516655715922
0.1133032870638999	0.9713788071023896	0.7856053458073602
0.1271283790183588	1.0656124866035719	0.8538183049105699
0.1426403873238087	1.167974591292529	0.9269378796137361
0.1600451469057589	1.2790439891724974	1.0052188565680593
0.1795736083495285	1.3994301245870404	1.0889219034784725
0.2014849024735668	1.5297718571972447	1.1783112197482979
0.2260697788387915	1.6707394304958025	1.2736500858802853
0.2536544638169289	1.8230322849698877	1.375194272248651
0.2846049894187672	1.9873795077285825	1.4831831678496745
0.3193320503141877	2.1645356016452153	1.5978285592578676
0.3582964535025894	2.3552783496908685	1.719308120674814
0.4020152329412667	2.560403083365973	1.847747791761425
0.4510685102704883	2.7807164874745602	1.9832149079706083
0.506107192678428	3.017029284593827	2.125712644330763
0.5678616100403815	3.270148758013387	2.27517824828907
0.6371512059549786	3.5408710265184915	2.431465854692563
0.7148954112626598	3.829969607558089	2.5943375582956985
0.802125844332295	4.138185633221535	2.763498593575191
0.9000000000132786	4.466224509486261	2.9387063336868073
1.009816608886467	4.81477122281361	3.119658914601862
1.133032870630814	5.184461351702741	3.3057915119132684
1.271283790178131	5.575849465060402	3.4966674611106487
1.426403873234449	5.9894701744454215	3.6921066085901657
1.600451469056679	6.425836073402737	3.8916898425246433
1.795736083496195	6.885384711939588	4.095090403184641
2.014849024738396	7.368552797331004	4.3022978928417785
2.260697788388825	7.875774725738239	4.51345054825437
2.536544638172018	8.407518146162612	4.728190929588713
2.846049894189491	8.964134164802966	4.945588302402008
3.193320503144605	9.545875032963968	5.166189609036475
3.582964535029532	10.153216415409215	5.393073937031431
4.020152329412667	10.78711768172761	5.625931349052303
4.510685102705793	11.447981336586485	5.860646030898247
5.061071926780642	12.135817420558036	6.101925975418809
5.678616100397449	12.85210937664992	6.3526806951673915
6.371512059542511	13.597533962939915	6.610032921160014
7.148954112613865	14.372909050372508	6.876098835411561
8.021258443311126	15.179394317858781	7.152245151666991
9.000000000120963	16.018117401293743	7.438669713772262
10.09816608885376	16.89027797799902	7.735763978633876
11.33032870629995	17.79708733050029	8.043399281624184
12.71283790177586	18.739708130672252	8.360908707653385
14.26403873234176	19.719189769839133	8.687110937398938
16.00451469056588	20.736413569693088	9.020195135895944
17.95736083496195	21.79200163088308	9.357724145603814
20.14849024738669	22.88626278295603	9.696805644569974
22.60697788389098	24.019140816661274	10.03423065883935
25.365446381722	25.190192300160398	10.36643188234301
28.46049894189946	26.398525345744165	10.689363718999285
31.93320503145242	27.642750055696123	10.998553322603852
35.82964535029805	28.920929315921477	11.2910263061544
40.20152329412849	30.23097087599597	11.565313000209814
45.10685102706248	31.570579345478766	11.815948193930979
50.61071926781369	32.93638844879618	12.037273858928566
56.78616100398267	34.324784811744294	12.229822812693957
63.71512059543147	35.732501661798075	12.391119705032606
71.48954112614956	37.1553378287173	12.517294055019562
80.21258443311854	38.58911963995633	12.608167064918261
90.00000000121327	40.02958467465492	12.66460115209363
100.9816608885376	41.47273515573684	12.683960851223583
113.3032870630022	42.91369107414004	12.655746837554817
127.1283790177613	44.34605676684637	12.568281319158789
142.6403873234231	45.762305220048965	12.445378534468105
160.0451469056607	47.16143501393856	12.307704260512265
179.5736083496204	48.54059808185558	12.090386974226822
201.4849024738669	49.88418666783209	11.791885946912412
226.0697788389098	51.189038924164336	11.472545659834134
253.65446381722	52.453208269841305	11.086288730016959
284.604989418991	53.66331852661106	10.61560021631442
319.3320503145224	54.813620624627646	10.078583868038768
358.2964535029769	55.89502861172111	9.457569694498114
400.7964535029769	56.872681888013176	8.752614682661799
443.2964535029769	57.68045444207839	8.042230721844055
485.7964535029769	58.34926338470876	7.358383243535674
500.0	58.54601104513116	7.167486824442451