0.737365947186845	39.27037670806443	32.39560998878671
1.487365947186845	61.35996360635069	30.613543464526504
2.237365947186845	73.63195632762083	25.253467457197193
2.987365947186845	80.9951519603829	10.38627618379449
3.737365947186845	83.44955050463696	3.2049429497002713
4.48836594718523	80.9951519603829	3.0366032030210137
5.98836594718523	80.9951519603829	7.123119985964452
6.73836594718523	83.44955050463696	9.917948783856065
7.48836594718523	83.44955050463696	14.672441300648932
8.23836594718523	85.90394904889095	19.722896968925912
8.98836594718523	88.35834759314501	19.863452988152368
9.73836594718523	88.35834759314501	18.38292700997733
10.48836594718523	90.81274613739903	23.194540787355923
11.23936594718543	93.26714468165306	22.999777718334702
11.98936594718543	93.26714468165306	25.90127433215136
12.73936594718543	95.72154322590707	25.032811530166484
13.48936594718543	95.72154322590707	30.23306351123306
14.23936594718543	98.1759417701611	27.91641109083226
14.98936594718543	100.6303403144151	28.649409376004975
15.73936594718543	100.6303403144151	30.45540155022034
16.48936594718543	103.0847388586692	35.64908720084989
17.23936594718543	105.53913740292319	35.97305196439815
17.98936594718543	105.53913740292319	34.11886661420979
18.74036594718564	107.99353594717729	39.156346951241304
19.49036594718564	107.99353594717729	38.66798994432315
20.24036594718564	110.44793449143128	37.550143033959415
20.99036594718564	110.44793449143128	39.74923623704221
21.74036594718564	112.9023330356853	42.53643793320301
22.49036594718564	115.35673157993928	40.013833054085154
23.24036594718564	115.35673157993928	41.151548190872916
23.99136594718584	117.8111301241934	38.46722648579935
24.74136594718584	117.8111301241934	42.0727177183995
25.49136594718584	120.26552866844737	41.938026681914494
26.24136594718584	120.26552866844737	42.46967896985949
26.99136594718584	122.71992721270132	45.851899254404
27.74136594718584	122.71992721270132	45.35320791489111
28.49136594718584	125.17432575695547	48.49512593361095
29.24136594718584	125.17432575695547	49.63358122707803
29.99136594718584	127.62872430120949	45.69433924883279
30.74136594718584	127.62872430120949	44.175387721885606
31.49236594718605	127.62872430120949	46.02831715610466
32.24236594718605	130.08312284546346	49.32035970117647
32.99236594718605	130.08312284546346	48.17027202211274
34.49236594718605	132.53752138971748	49.33270308362975
35.99236594718605	134.99191993397156	51.50643238221502
37.49336594718625	137.44631847822558	49.13084539668588
38.99336594718625	139.90071702247954	51.135017324636934
40.49336594718625	142.35511556673373	55.127328763497324
41.99336594718625	142.35511556673373	54.59199258653037
43.49436594718645	144.80951411098775	58.83502006069089
44.99436594718645	147.26391265524168	56.84046382294467
46.49436594718645	147.26391265524168	56.915526221980336
47.99436594718645	149.71831119949567	58.78007387997177
49.49436594718645	152.17270974374983	59.435484145191
50.99536594718666	154.62710828800385	60.57670412782061
52.49536594718666	154.62710828800385	61.66275032245103
53.99536594718666	157.08150683225784	58.300857365609275
55.49536594718666	159.53590537651178	58.99174200261857
56.99636594718686	159.53590537651178	60.718347568616366
58.49636594718686	161.9903039207658	65.05172531224041
59.99636594718686	164.44470246502	65.8086129773661
61.49636594718686	164.44470246502	62.41557762639953
62.99736594718524	166.89910100927395	63.00776384029395
64.49736594718524	166.89910100927395	67.78090744657538
65.99736594718524	169.353499553528	68.3580654724619
68.24836594718545	171.80789809778193	66.49321490776052
70.49836594718545	174.26229664203598	67.35715134412494
72.74836594718545	176.71669518628997	72.62177888035667
74.99836594718545	176.71669518628997	72.41881645431003
77.24936594718565	179.17109373054396	72.55226618311592
79.49936594718565	181.625492274798	76.55707148512099
81.74936594718565	184.07989081905203	72.8228259356161
84.00036594718586	186.53428936330604	72.89568622131989
86.25036594718586	186.53428936330604	75.08686492873098
88.50136594718606	188.98868790756026	79.29729803745882
90.75136594718606	191.44308645181428	79.32068067680122
93.00136594718606	193.8974849960683	80.93169073411134
95.25136594718606	193.8974849960683	82.33507146591323
97.50236594718626	196.35188354032223	82.545272789253
99.75236594718626	198.80628208457628	83.68080313817748
102.7533659471865	201.26068062883022	84.47165619516375
105.7533659471865	203.71507917308435	88.92423775530861
108.7543659471867	206.16947771733842	89.68350357833368
111.7543659471867	208.62387626159233	86.28716162731709
114.7553659471869	208.62387626159233	87.40923134171983
117.7553659471869	211.0782748058464	87.66761798991378
120.7553659471869	213.53267335010042	91.76280374503642
123.7563659471853	215.9870718943546	91.71601235439033
126.7563659471853	218.44147043860863	91.68242328841986
129.7573659471855	220.8958689828626	91.66320314360622
132.7573659471855	223.35026752711659	95.5722716700067
136.5083659471857	225.80466607137063	95.69128904518159
140.2583659471857	228.25906461562457	96.4008581472653
144.0093659471859	230.7134631598786	97.04559155525611
147.7593659471859	233.16786170413272	97.6743236731862
151.5103659471861	235.62226024838682	102.12788114904056
155.2613659471863	235.62226024838682	102.46767728558275
159.0113659471863	238.07665879264079	107.13802823698144
162.7623659471865	240.53105733689478	108.19854169776272
167.2633659471867	242.98545588114877	107.89251782992888
171.7633659471867	245.43985442540267	108.09048299059391
176.2643659471869	247.894252969657	108.29661422605535
180.7653659471853	250.34865151391097	108.51100201968343
185.2663659471855	252.80305005816464	108.73089896934309
189.7663659471855	255.257448602419	109.12119947678164
194.2673659471857	257.71184714667294	109.92244536217754
198.7683659471859	260.1662456909269	110.36341180571051
204.0193659471861	262.6206442351809	111.06663652779815
209.2703659471863	265.07504277943525	111.75211439550792
214.5203659471863	269.9838398679432	115.71922401255561
219.7712549471726	272.43823841219705	119.71212620839343
225.0220879471726	274.8926369564512	119.91073226769413
230.272921947173	277.3470355007052	120.10906670518959
236.2737549471731	279.80143404495914	120.77620749902114
242.2745879471731	282.2558325892132	121.46261917638728
248.2754219471735	284.71023113346746	122.13029235050598
254.2765329471731	287.16462967772145	122.77897996478346
260.2770879471736	289.61902822197555	123.06421123095868
267.0281989471732	292.0734267662294	123.35424972554712
273.7793099471728	294.5278253104834	123.86468276695891
280.5301439471732	296.9822238547377	124.39205336353545
287.2809769471733	299.4366223989914	125.48438067502097
294.0320879471728	301.8910209432454	126.48533474143701
301.5331989471724	306.79981803175326	120.74198555312778
309.0343099471738	309.2542165760077	121.06870158156843
316.5354219471738	311.7086151202617	121.2458370416209
324.0365329471733	314.16301366451574	121.18620663001448
331.5376439471729	316.61741220876934	120.69973282773935
339.7890329471738	319.0718107530236	121.42322773605964
348.0404219472148	321.52620929727766	121.85363514052189
356.2915329472162	323.980607841532	121.66071582951197
364.5429219472171	326.4350063857856	119.89283365157354
373.5443099472177	328.88940493004	121.04506455546637