0.7744440000587929	11.857189748669517	19.042540770918038
1.774444000058793	11.705174495481447	5.217625222535292
2.774444000058793	34.73548535347414	16.761711781754727
3.774444000058793	25.538562535595887	12.431791920850488
4.774444000058793	28.274837092981155	13.09492045988869
5.774444000058793	31.99921079608889	14.885142866987431
6.774444000058793	43.09632427881808	16.282506696625408
7.774444000058793	53.357353869012805	16.204332457193118
8.774444000058793	52.06522421691426	13.092029817795567
9.774444000058793	48.41685814040052	12.366200973118255
10.77444400005879	47.124728488301926	12.42811244063196
11.77444400005879	52.9013081094486	12.775895748836335
12.77444400005879	53.81339962857708	12.958442737496506
13.77444400005879	51.30514795097386	11.550842020364023
14.77444400005879	52.52126997647845	12.381878334341257
15.77444400005879	58.525872477407226	9.81978245954295
16.77444400005879	59.13393349015952	12.988890229891835
17.77444400005879	53.4333614956069	12.795882785897998
18.77444400005879	55.94161317321003	12.471149161070976
19.77444400005879	65.89861225702867	11.514403284850829
20.77444400005879	66.12663513681079	11.116925014911336
21.77444400005879	67.57078004209744	10.606166899372317
22.77444400005879	64.98652073790026	10.62311694773815
23.77444400005879	63.238345326237436	10.640215939745879
24.77444400005879	67.19074190912727	9.749568314066941
25.77444400005879	70.0030240931066	7.265027876420957
26.77444400005879	65.44256649746448	7.699912058310646
27.77444400005879	67.41876478890934	7.245714107334351
28.77444400005879	68.25484868144378	6.9407220013613085
29.77444400005879	63.54237583261355	7.770644595157903
30.77444400005879	77.67979437910417	4.5045841275259635
31.77444400005879	67.11473428253322	6.811057502984912
32.77444400005879	67.41876478890934	9.173428251998933
33.77444400005879	66.65868852296904	9.162368416288727
34.77444400005879	64.37845972514799	9.592377225338197
35.77444400005879	69.92701646651258	7.9439128044405445
36.77444400005879	74.3354588089666	6.417633626940135
37.77444400005879	74.3354588089666	6.1366550382189216
38.77444400005879	77.83180963229223	4.666931294939012
39.77444400005879	78.74390115142059	4.0003437025364335
40.77444400005879	71.14313849201714	7.199241765618811
41.77444400005879	72.28325289092761	6.579686107239735
42.77444400005879	79.88401555033116	3.389761053432868
43.77444400005879	77.07173336635188	4.174832253766263
45.78888900005768	75.77960371425328	4.15804316254207
47.79111100005866	79.80800792373716	2.0973832908209604
49.79111100005866	77.45177149932205	2.6051125151744534
51.79111100005866	73.42336728983817	4.344245495203845
75.80777800005853	73.5753825430263	0.3477021795183162
114.8077780000585	72.28325289092761	4.788540483241584
117.8077780000585	72.43526814411567	1.9397185800694339