0.0008238746821730425	23.62463615422303	0.004958224821810108
0.001657207682173145	25.040140115519748	0.014219589448298901
0.002490541682172887	20.908606983246838	0.0031720609360044376
0.004157207682173092	28.129319739454548	0.0017174530636710403
0.004990541682173055	24.584940573915663	0.014438509589303941
0.005823874682173158	21.34305847944623	0.017710291612097088
0.006657207682173039	24.07849964744875	0.00696175133742111
0.008323874682173105	25.993056973591013	0.007906185699523944
0.009157207682173207	25.317880996049535	0.021078839255475865
0.00999054168217317	25.798308274679655	0.020411072993770322
0.01082387468217283	26.572901969784848	0.01444092222697352
0.01165720768217293	26.838854188152972	0.008865202806918528
0.01249054168217312	26.94133695787875	0.01257072887883934
0.01332387468217322	27.229766225435185	0.017306460081683062
0.0141572076821731	27.57210897461117	0.018128545200855918
0.01499054168217306	28.00160923270267	0.01838140034668436
0.01582387468217317	28.299312247826343	0.018140991618807115
0.01665720768217305	28.6025166386254	0.020369743259422337
0.01749054168217301	28.947138529152667	0.022140194084337712
0.01832387468217311	29.30787159130094	0.023581796214781226
0.01915720768217322	29.662946095611535	0.024911674645087013
0.01999054168217296	29.99931592262552	0.026497020236163363
0.02082387468217306	30.310772376937855	0.027636832851554948
0.02165720768217316	30.70129145881465	0.0294041114813533
0.02249054168217313	31.23523926365894	0.031166039604432132
0.02332387468217301	31.54308052824158	0.03292685642051341
0.02415720768217311	31.925111773362	0.03468402880351829
0.02499054168217307	32.312880167401104	0.03655558830166454
0.02582387468217318	32.67903601414367	0.03854827003139615
0.02665720768217306	33.1148235587215	0.040582184460400114
0.0274905416821728	33.51862453330049	0.04273076237891386
0.0283238746821729	33.93712204004107	0.04480533117717974
0.029157207682173	34.37141635407836	0.04693284946777398
0.02999054168217319	34.820721564601534	0.048095213247379025
0.03082387468217307	35.24589931323379	0.050631210546089225
0.03165720768217317	35.69654057213527	0.053048556898760604
0.03249054168217314	36.17052338211704	0.055124485755811505
0.03332387468217302	36.61833536209976	0.057963701277237004
0.03415720768217312	37.09145367018952	0.06025969979158545
0.03499054168217308	37.57368854368444	0.06260601878066108
0.03582387468217319	38.03816183285573	0.0654439370045682
0.03665720768217284	38.50947254608076	0.06776184752513703
0.03832387468217313	39.49359006334006	0.07318237490908505
0.0399905416821732	40.47817912708584	0.08008544172063972
0.04165720768217318	41.51204479866749	0.08611677395307869
0.04332387468217303	42.5852060107883	0.09292286300559421
0.04499054168217287	43.644535192639296	0.10075824680654187
0.04665720768217307	44.759664042055675	0.10864400250855173
0.04832387468217314	45.937272800929144	0.11751221247234167
0.04999054168217321	47.115274515207965	0.1274752384040439
0.05165720768217319	48.37257463029456	0.1381612519789269
0.05332387468217281	49.64637887240754	0.1486768067017959
0.0549905416821731	50.99484464154463	0.15914206665502986
0.05665720768217308	52.40398272527405	0.1703017340406222
0.05832387468217315	53.83654095116467	0.18227243188025197
0.05999054168217322	55.39798855002329	0.1948728170755052
0.0616572076821732	56.90968799455955	0.2087648403650946
0.06332387468217304	58.51758292233533	0.22432249924990905
0.06499054168217311	60.14048874659699	0.2379523439646295
0.06665720768217309	61.88057387274602	0.2505281806854249
0.06832387468217316	63.60934188321981	0.2636218786180034
0.06999054168217322	65.3724541961247	0.27439411408134223
0.07165720768217299	67.22130937848576	0.2832527214691331
0.07332387468217305	69.16243049003243	0.2894324270306684
0.07582387468217322	72.10519492991881	0.2988599944977331
0.07832387468217317	75.15059932169311	0.3032958240511086
0.08082387468217311	78.1760415788736	0.3039478667778447
0.08332387468217306	81.09436419254472	0.305708577338445
0.08582387468217301	83.85353986703282	0.2997657721964159
0.08832387468217295	86.38621604585394	0.291340232900106
0.09082387468217312	88.66197798063091	0.28152946113407407
0.09332387468217307	90.6646359086617	0.2739530200389687
0.0958238746821728	92.4115584588645	0.24830965994822846
0.09832387468217318	93.98644513258756	0.23193410863421704
0.1008238746821731	95.47362415982738	0.2101809117909962
0.1033238746821731	96.73658283275165	0.18993117724162523
0.105823874682173	97.93360358865138	0.17185894416128783
0.1083238746821732	99.03859418860873	0.1540474659489915
0.1108238746821731	100.11812127829668	0.13903641695049115
0.114157207682173	101.4446601358132	0.11862276694060571
0.1174905416821731	101.12510880014985	0.10681211827959157
0.1208238746821732	101.40575755067952	0.09343376584396396
0.1241572076821732	101.69206485904684	0.08287593786215146
0.1274905416821731	102.03181410254709	0.0737964169278798
0.1308238746821729	102.31089103145531	0.0660202326076912
0.1341572076821732	102.62101143738924	0.058284122067245245
0.1374905416821731	102.89497994602733	0.04830040581592945
0.1408238746821732	103.20368571250188	0.056694982285058884
0.1441572076821732	103.51467062032775	0.05882172058923787
0.1474905416821729	103.79296163842507	0.06055190978405849
0.1516572076821731	104.14261335814128	0.061708826424962
0.1558238746821729	104.48629215569572	0.06382316416477571
0.1599905416821731	104.81244514216952	0.06483845256428679
0.1641572076821728	105.11777149215771	0.06719134871475524
0.168323874682173	105.4551630032259	0.06856563315054659
0.1724905416821728	105.81456001699574	0.06986589312797227
0.1766572076821732	106.14314932698304	0.07140983915788716
0.1808238746821732	106.45829956210595	0.07295205088690197
0.1858238746821731	106.84520345425314	0.07529032242715013
0.190823874682173	107.18173046342957	0.07807300876748717
0.1958238746821731	107.56910590206313	0.08072800060050273
0.2008238746821732	107.92606659231963	0.08283600701613685
0.2058238746821731	108.28342023798146	0.0838684803062229
0.210823874682173	108.62269793499533	0.0862948899489533
0.2158238746821729	109.00182131011594	0.08852118740972625
0.220823874682173	109.32302305848187	0.09075170908532999
0.226657207682173	109.74034169900627	0.09400804590052504
0.2324905416821729	110.14233507872059	0.09609913114977796
0.2383238746821731	110.530575019246	0.09872099146426754
0.2441572076821731	110.87684732247585	0.10240808069176334
0.2499905416821729	111.27868352002801	0.1060800188699021
0.2558238746821732	111.64861173866228	0.10816838571422516
0.2624905416821731	112.07426103378117	0.11225092601643757
0.2691572076821732	112.49896723592674	0.11444287371204014
0.275823874682173	112.9062262180732	0.1183983149568854
0.2824905416821731	113.33769125319179	0.12285277364232605
0.289157207682173	113.77740835182354	0.12575217897844063
0.2966572076821731	114.2161823574822	0.12932665514485592
0.3041572076821731	114.67774777665365	0.13479776210611458
0.3116572076821732	115.10756239906948	0.13789776732759065
0.319157207682173	115.56677008580834	0.14160054172890346
0.3266572076821729	116.01230292443991	0.1432812269782633
0.3349905416821729	116.49092260820524	0.146788834051393
0.3433238746821729	116.94187823143092	0.15088350073825307
0.3516572076821728	117.46623792438382	0.15242260477567843
0.3599905416821728	117.89581677355649	0.15552601969720783
0.3683238746821732	118.3383631511067	0.15697646990220643
0.3774905416821729	118.7707712791983	0.1591775474595252
0.3866572076821729	119.25662134242265	0.1609421531699687
0.3958238746821728	119.71378566105373	0.16519755967647115
0.404990541682173	120.12340237563252	0.16314627584569827
0.4149905416821732	120.57608700264194	0.16647882456123972
0.4249905416821732	121.00228643532832	0.16879513204297614
0.434990541682173	121.42589236233893	0.17127652462439535
0.4458238746821729	121.87001056151085	0.17264306720722497
0.456657207682173	122.36034031635697	0.1713219897566363
0.4674905416821732	122.71690805120801	0.1757275563523717
0.4783238746821731	123.15253841362363	0.1768089875541422
0.4899905416821729	123.59508479117423	0.17851254177643955
0.5016572076821731	123.99935731223962	0.18009465418195048
0.5133238746821732	124.41078162168326	0.18225185690691145
0.5258238746821732	124.76868540491262	0.18389723913453487
0.5383238746821731	125.21209628435498	0.185765632819271
0.5508238746821731	125.59121965947554	0.18697117928386212
0.5641572076821731	125.98425365594663	0.1879939288220628
0.5774905416821731	126.36581335458054	0.18967352119329536
0.5908238746821729	126.75263865564689	0.19097572533393334
0.6049905416821729	127.1707432069821	0.1945878102957116
0.6191572076821731	127.50624853210432	0.19640364686088296
0.634157207682173	127.89896816425126	0.19811863790771356
0.6491572076821731	128.26551696639928	0.20166760969240244
0.6641572076821728	128.61626896125054	0.2053775066135979
0.679990541682173	128.98674731745234	0.21010566180462886
0.6958238746821728	129.34205759500625	0.21093292452247855
0.7124905416821727	129.73084767309933	0.21466513636985796
0.7291572076821726	130.07201155605904	0.22091352788840204
0.7466572076821727	130.45427857442274	0.22286913483173185
0.7641572076821728	130.8279005738679	0.22783696927772248
0.782490541682173	131.23869615466288	0.23085716256881122
0.8008238746821728	131.5796242643793	0.23542759929608176
0.8199905416821731	131.9255036122039	0.24076193180515384
0.8391572076821725	132.33724228597183	0.24506759686426238
0.859157207682173	132.66638173352663	0.2507743699685042
0.879157207682173	133.0355240413501	0.2535348304973829
0.8999905416821732	133.38698335593122	0.2578826058333688
0.9208238746821729	133.73883562591772	0.2636410817544535
0.9424905416821727	134.12291023914597	0.2713750788972159
0.9649905416821731	134.48097120453767	0.27205539288299685
0.9874905416821731	134.8550647504692	0.2786224857604092
1.010823874682173	135.19858636586125	0.28312598930296984
1.034157207682173	135.5733086404414	0.29103689914751196
1.058323874682173	135.92751864286024	0.2933865362503473
1.083323874682173	136.31418676176418	0.29579404509143237
1.108323874682173	136.6401039749949	0.3020035001120541
1.134157207682173	136.98920555714332	0.3064379923635213
1.160823874682173	137.34003614307593	0.3115415119012571
1.188323874682173	137.7291405854932	0.3172312525295018
1.215823874682173	138.03533143737343	0.3239772854161234
1.244157207682173	138.37122971790103	0.32291277638510024
1.273323874682173	138.72174593950908	0.33086538619888667
1.303323874682173	139.07367680057638	0.33204135167597576
1.334157207682173	139.40540975380685	0.3386572423109899
1.364990541682173	139.77368755973856	0.33944813901394544
1.396657207682173	140.1194097254011	0.34460991368786725
1.429157207682173	140.40422380322772	0.35149930448936156
1.462490541682173	140.7523822924035	0.35640153376399564
1.496657207682173	141.04081155996	0.3587207656375059
1.531657207682173	141.38189685183886	0.3630282499094937
1.567490541682173	141.70003354804254	0.36339355543057517
1.604157207682173	141.99954415803097	0.36991773739063116
1.641657207682173	142.32278927450517	0.3826182767202815
1.679990541682173	142.6482349412492	0.3855543988307034
1.719157207682173	142.93446365853566	0.3992474022175511
1.759157207682172	143.23358131311846	0.39778047812899703
1.799990541682173	143.5252328149993	0.4013168926624869
1.841657207682173	143.84949961552724	0.41051477915802836
1.884157207682173	144.18311875470354	0.4115981673660884
1.928323874682173	144.483572457665	0.41759966181039126
1.973323874682173	144.81774173440877	0.4264702798064787
2.019157207682173	145.0663253238586	0.43106920776106544
2.065823874682172	145.33628568736168	0.44238042988126475
2.114157207682173	145.64782073275506	0.4468202708095412
2.163323874682173	145.91393013328533	0.44458343673224165
2.213323874682172	146.20958978030097	0.4508395492576081
2.264990541682173	146.50642829353288	0.4479831929139569
2.317490541682173	146.76074903190127	0.4607612193759707
2.371657207682173	147.06481792459223	0.4637336574421282
2.426657207682172	147.35096805079732	0.4680948309055038
2.483323874682173	147.59192830538274	0.4776207505976545
2.540823874682173	147.86707568023698	0.4831412093679709
2.599990541682173	148.1103150761734	0.482313222246064
2.659990541682173	148.378625026974	0.4924577686824921
2.721657207682173	148.61314081291087	0.4905303068848137
2.784990541682173	148.8833369496571	0.49571512821597785
2.849990541682173	149.14056555802577	0.5061471746583732
2.915823874682173	149.4033741331507	0.5177608928738617
2.983323874682173	149.62130720098003	0.5204738793885426
3.052490541682173	149.87751412529437	0.5285238167865829
3.123323874682173	150.09529001096178	0.5374304882651753
3.195823874682173	150.3483532920331	0.5437539157969873
3.269990541682173	150.5893135466184	0.538064087313353
3.345823874682172	150.8651682412024	0.5510815137626002
3.423323874682173	151.05865948281655	0.5649547843980162
3.502490541682173	151.30818616523933	0.5683013589417258
3.583323874682173	151.52494036685252	0.5802734357641517
3.666657207682173	151.76550766603242	0.5820719425037573
3.751657207682174	151.9369148138637	0.6131802555091478
3.838323874682174	152.2079754525018	0.5901620689792761
3.927490541682173	152.42865920816894	0.5973496536600338
4.018323874682173	152.6439987703228	0.5647802058995671