0.01694444421445951	3.769777871424114	2.453481227932372
0.03388888877816498	6.496311305729999	5.41371664273345
0.05083333334187046	9.042391648210234	7.5369509491579505
0.06777777773095295	11.467230069619827	9.076242781100579
0.08472222212003544	13.604471375932095	10.298882822987906
0.1016666665091179	15.589455386016272	11.648753476521243
0.1186111110728234	17.484212850187564	12.86803792607551
0.1355555552872829	19.269006711527396	13.85860190116436
0.1525000000256114	20.95229570871527	14.70158981148017
0.1694444444146939	22.539719000870676	15.423186533161926
0.1863888888037764	24.036915747113095	16.075377644795164
0.2033333333674818	25.463623004361104	16.605797392100165
0.2202777775819413	26.819840772614715	17.133010791193293
0.2372222221456468	28.097110313194413	17.560157476853394
0.2541666667093523	29.329266580817684	17.881313619156874
0.2711111110984348	30.496572518566047	18.19234478380731
0.2880555554875173	31.60466728555907	18.367915540955813
0.3049999998765998	32.66200962047607	18.500492453479673
0.3219444444403052	33.665779943757364	18.67044574608392
0.3388888886547647	34.621617414522255	18.793329469771585
0.3558333332184702	35.54643951012964	18.903263129336562
0.3727777777821757	36.43460707145997	18.99250682737394
0.3897222221712582	37.283300518953354	19.046511485697575
0.4066666665603407	38.089700273049964	19.079887966480484
0.4236111109494232	38.87354339066845	19.0713845238025
0.4405555555131286	39.617912394450066	18.984662991649138
0.4574999997275882	40.339724761753416	18.98218853393629
0.4744444444659166	41.03334133345899	18.916461115837617
0.4913888888549991	41.68466421176783	18.857249033919416
0.5083333332440816	42.32752835139737	18.773060996917028
0.5252777778077871	42.945016274988866	18.675917853884457
0.5422222220222466	43.53430840298269	18.576326819301666
0.559166666585952	44.109502633177435	18.5032279120232
0.5761111111496575	44.6621402268941	18.404947547683093
0.59305555553874	45.19504076369227	18.33058769219194
0.6099999999278225	45.70538466401221	18.228892464814965
0.626944444316905	46.19881108697345	18.123859303321836
0.6438888888806105	46.6837787712554	18.030312472500395
0.66083333309507	47.15746813729818	17.920664843236555
0.6777777778333984	47.605781287302975	17.77718111349234
0.6947222222224809	48.04563569862849	17.68176313552919
0.7116666666115634	48.47421179171485	17.521492138998113
0.7286111110006459	48.88587040744262	17.358847047586472
0.7455555553897284	49.28907028449088	17.212192319757378
0.7624999999534339	49.66407436594147	17.099591553633342
0.7794444441678934	50.03907844739197	16.984294196722452
0.7963888889062218	50.39716505148389	16.867411906299633
0.8133333332953043	50.74961249645624	16.662718967713964
0.8302777776843868	51.09642078230896	16.504573088802882
0.8472222222480923	51.429131170362815	16.41898757465499
0.8641666664625518	51.75902197885697	16.302356342691432
0.8811111110262573	52.080454048671776	16.19928543347023
0.8980555555899628	52.379329482008366	16.052779848850125
0.9149999999790452	52.67538533578508	15.947512503756283
0.9319444443681277	52.96580203044231	15.812417233073289
0.9488888887572102	53.24775998642014	15.655738659781806
0.9658333333209157	53.52689836283826	15.423779554349027
0.9827777775353752	53.79475842101722	15.31295912625827
0.9997222222737037	54.056979320076664	15.219148083719556
1.016666666662786	54.316380639576224	15.11321577389975
1.033611111051869	54.5673232203966	15.044573400312641
1.050555555440951	54.80416790341799	14.936753823207173
1.067499999830034	55.026914688640474	14.798461005780776
1.084444444393739	55.25812021254238	14.706595945833843
1.101388888608199	55.49214531600395	14.564282284466183
1.118333333346527	55.71207252166665	14.43392988005075
1.13527777773561	55.929180147769706	14.342357866928095
1.152222222124692	56.151926932992176	14.275697075674826
1.169166666688398	56.36057582041579	14.200816201286106
1.186111110902857	56.563585548719836	14.132688446990507
1.203055555466563	56.760956117904385	14.014117658863434
1.220000000030268	56.94986794840952	13.856863031683677
1.236944444419351	57.13596019935489	13.732948990157716
1.253888888808433	57.32205245030032	13.654998747753421
1.270833333197516	57.513783860365265	13.5727743817812
1.287777777761221	57.7026956908704	13.432641919141364
1.30472222197568	57.87750962357671	13.325971500821359
1.321666666714009	58.04104523804389	13.239750650314996
1.338611111103091	58.204580852511086	13.160105368013111
1.355555555492174	58.365296887418474	13.127175812240736
1.372500000055879	58.52037376320626	13.075400172762677
1.389444444270339	58.68390937767342	13.032678654576316
1.406388888834044	58.84462541258071	12.90205091547108
1.423333333048504	58.99970228836862	12.777656971353931
1.440277777786832	59.14914000503695	12.721040389600477
1.457222222175915	59.292938562585626	12.612929970476133
1.474166666564997	59.43955669969414	12.591946053107781
1.491111111128703	59.58335525724272	12.554065918991066
1.508055555343162	59.729973394351376	12.538466345152495
1.524999999906868	59.87095237234026	12.465795527268423
1.541944444470573	60.01475092988899	12.32086821730607
1.558888888859656	60.14727116919861	12.224351282673846
1.575833333248738	60.279791408508125	12.191815637323801
1.592777777637821	60.40949206825794	12.113930898381582
1.609722222201526	60.53637314844799	12.055059752694754
1.626666666415986	60.65761506951839	12.03115763716493
1.643611111154314	60.78449614970856	11.948111453494485
1.660555555543397	60.908557650338814	11.834128113141734
1.677499999932479	61.03543873052882	11.76925110265543
1.694444444496185	61.14540233336017	11.755979433257929
1.711388888710644	61.24972677707203	11.685582313460355
1.72833333327435	61.36250995946306	11.609603406295147
1.745277777488809	61.483751880533625	11.599062240338917
1.762222222227138	61.59089590380519	11.544531698858828
1.77916666661622	61.70367908619634	11.501766297484894
1.796111111005303	61.81082310946799	11.436157002477758
1.813055555569008	61.92078671229937	11.358962123523268
1.829999999783468	62.022291576451316	11.29455806321786
1.846944444347173	62.11533770192409	11.282381248543148
1.863888888910878	62.22248172519565	11.210836728215787
1.880833333299961	62.3352649075868	11.187900578946879
1.897777777689043	62.43958935129856	11.219306731557651
1.914722222078126	62.53263547677134	11.153868200007084
1.931666666641831	62.63977950004292	11.094478376058257
1.948611110856291	62.73564520507535	11.05788767672203
1.965555555594619	62.83151091010786	11.034187257447275
1.982499999983702	62.92737661514032	10.95769552721877
1.999444444372784	63.01478358149341	10.9473590056724
2.01638888893649	63.096551388726986	10.909564036882921
2.033333333150949	63.186777934640006	10.934827555800117
2.050277777714655	63.285463219232234	10.955091651354506
2.06722222227836	63.37568976514514	10.937057558707952
2.084166666667443	63.460277151938406	10.805967499459605
2.101111111056525	63.550503697851376	10.717808411805446
2.118055555445608	63.62945192552516	10.720032895986515
2.135000000009313	63.71403931231859	10.69053899599534
2.151944444223773	63.80144627867164	10.589789156383608
2.168888888787478	63.88039450634547	10.512889088139207
2.185833333351184	63.96780147269867	10.500535655521645
2.202777777740266	64.04393012081265	10.461967582688072
2.219722222129349	64.12851750760602	10.444874970046254
2.236666666518431	64.21028531483961	10.454012960786427
2.253611111082137	64.2976922811927	10.495989919092597
2.270555555296596	64.3766405088666	10.411496277253772
2.287500000034925	64.46122789565989	10.3955712944335
2.304444444424007	64.52889780509459	10.387078038027713
2.32138888881309	64.60784603276838	10.334539924907936
2.338333333376795	64.67269636264331	10.307782408413308
2.355277777591255	64.74882501075732	10.285684952629873
2.37222222215496	64.8221340793115	10.265126938936014
2.389166666718666	64.88980398874621	10.274382051070273
2.406111111107748	64.95183473906144	10.295914595052754
2.423055555496831	65.02796338717542	10.208277508933726
2.439999999885913	65.09845287616994	10.199144789194786
2.456944444449619	65.16612278560456	10.145769265931623
2.473888888664078	65.23379269503927	10.158279855580476
2.490833333227783	65.31274092271305	10.138156787036497
2.507777777791489	65.38323041170757	10.101715618612607
2.524722222180571	65.44808074158249	10.090920502029105
2.541666666569654	65.5185702305769	10.008001153049891
2.558611110958736	65.5862401400116	10.017812611432591
2.575555555522442	65.6482708903267	9.991964997801071
2.592499999736901	65.7159407997614	10.005451673497332
2.60944444447523	65.77515197051673	9.987603857813495
2.626388888864312	65.84000230039167	9.970377811874899
2.643333333253395	65.91331136894584	9.982211586028216
2.6602777778171	65.98098127838057	9.966375937079615
2.67722222203156	66.0373728695762	9.87594410764236
2.694166666595265	66.09940361989132	9.8453439667525
2.711111111158971	66.15861479064665	9.869458191644974
2.728055555548053	66.21782596140196	9.891852482391167
2.744999999937136	66.28831545039645	9.874436940002957
2.761944444326218	66.34752662115177	9.799324955295601
2.778888888889924	66.4123769510267	9.778244347986446
2.795833333104383	66.47440770134192	9.729546439234273
2.812777777668089	66.52797971297765	9.745520542071619
2.829722222231794	66.58437130417316	9.761714457358426
2.846666666620877	66.64640205448839	9.755133781142122
2.863611111009959	66.70279364568394	9.730399497410277
2.880555555399042	66.75636565731973	9.679797686109998
2.897499999962747	66.81557682807507	9.77145875427257
2.914444444177207	66.87196841927071	9.788064926346799
2.931388888915535	66.92836001046622	9.749560776885872
2.948333333304618	66.97347328342266	9.723005728820825
2.9652777776937	67.01576697681942	9.709667703479424
2.982222222257406	67.07215856801494	9.723623277149928
2.999166666471865	67.13418931833007	9.710334191692715
3.016111111035571	67.19340048908548	9.737643267440442
3.033055555599276	67.2469725007212	9.746185961361908
3.049999999988359	67.29772493279722	9.666060552522735
3.066944444377441	67.34847736487328	9.660438351053886
3.083888888766524	67.4020493765091	9.619077846719819
3.100833333330229	67.44434306990576	9.576528345440183
3.117777777544688	67.50637382022083	9.588086530203189
3.134722222108394	67.56558499097626	9.571720518338601
3.151666666672099	67.61915700261198	9.540556366929248
3.168611111061182	67.66427027556847	9.48065447483058
3.185555555450264	67.70938354852488	9.48935818816781
3.202499999839347	67.7714142988401	9.5541580652744
3.219444444403052	67.82498631047585	9.537397327636594
3.236388888617512	67.88137790167148	9.533523300501024
3.25333333335584	67.93494991330716	9.54288109543367
3.270277777744923	67.98570234538322	9.565235031385715
3.287222222134005	68.02799603877985	9.628830601462957
3.304166666697711	68.0815680504157	9.609690880480825
3.32111111091217	68.12668132337214	9.57626873781804
3.338055555475876	68.18025333500796	9.5557035778534
3.355000000039581	68.23100576708399	9.55265111734366
3.371944444428664	68.27329946048064	9.554724997986126
3.388888888817746	68.32405189255665	9.530868243675213
3.405833333206829	68.3691651655131	9.545718292770637
3.422777777770534	68.41427843846957	9.531882601964359
3.439722221984994	68.4565721318663	9.547988685134408
3.456666666723322	68.50168540482275	9.489624297083857
3.473611111112405	68.5439790982194	9.4485869236479
3.490555555501487	68.58909237117594	9.431209754268034
3.50749999989057	68.62292732589329	9.389517261154433
3.524444444279652	68.66804059884971	9.411111812023302
3.541388888843358	68.72725176960505	9.333555908133611
3.558333333057817	68.76954546300168	9.300677132910398
3.575277777796146	68.81747831551792	9.270791905099527
3.592222222185228	68.86259158847436	9.25548188962683
3.609166666574311	68.91052444099071	9.222633235279668
3.626111111138016	68.94999855482756	9.220789094253318
3.643055555352476	68.99511182778399	9.240782561160277
3.659999999916181	69.03740552118063	9.26536584358731
3.676944444479886	69.08251879413706	9.272007809207567
3.693888888868969	69.12763206709361	9.21587831816844
3.727777777647134	69.21221945388702	9.24455054057819
3.761666666425299	69.29398726112059	9.27671760653306
3.79555555555271	69.3785746479139	9.277570610009736
3.829444444330875	69.45470329602789	9.334204815429645
3.863333333283663	69.53647110326146	9.357878649418069
3.897222222236451	69.60414101269616	9.331213467456397
3.931111111014616	69.6802696608103	9.251150011569798
3.964999999792781	69.75357872936449	9.208606930544885
3.998888888920192	69.83534653659808	9.205083766342849
4.032777777698357	69.91429476427187	9.282134871112678
4.066666666651145	70.00170173062506	9.265084378804978
4.100555555603933	70.07219121961948	9.237828586181532
4.134444444382098	70.15395902685304	9.216170177089568
4.168333333160263	70.24136599320614	9.248056361575653
4.202222221938428	70.31467506176043	9.279582531615143
4.236111111065839	70.39644286899404	9.344416225152273
4.270000000018627	70.47257151710804	9.238530175067964
4.303888888796791	70.54588058566222	9.246182743115671
4.337777777749579	70.60227217685785	9.336564737889082
4.371666666527744	70.67276166585239	9.397520813536065
4.405555555305909	70.73761199572728	9.445019634763023
4.43944444443332	70.81374064384117	9.477127227167024
4.473333333386108	70.89832803063456	9.462825119398389
4.507222222164273	70.96599794006929	9.350844838030746
4.541111111117061	71.03084826994417	9.354067368246309
4.574999999895226	71.09569859981909	9.35197572100126
4.608888888673391	71.16900766837331	9.310081424927246
4.642777777800802	71.24231673692759	9.28859179552999
4.676666666578967	71.31280622592203	9.315823598136665
4.710555555531755	71.38611529447633	9.316346638020041
4.744444444484543	71.43122856743274	9.25285719363527
4.778333333262708	71.49889847686748	9.264123498652147
4.812222222040873	71.5693879658619	9.411209064646158
4.846111111168284	71.64269703441619	9.406536979900498
4.879999999946449	71.71036694385089	9.486615029499575
4.913888888899237	71.78367601240508	9.472184650830927
4.947777777677402	71.84570676272023	9.47750850728863
4.98166666663019	71.9077375130353	9.47387686013398
5.015555555408355	71.95848994511137	9.460815700457717
5.04944444418652	72.014881536307	9.40096682877122
5.083333333313931	72.08255144574173	9.349458255445366
5.117222222266719	72.1474017756166	9.329430034028992
5.151111111044884	72.20379336681215	9.262542367876295
5.184999999997672	72.26864369668704	9.242973485627695
5.218888888775837	72.33631360612175	9.235736300723286
5.252777777554002	72.38424645863802	9.323459626876444
5.286666666681413	72.44627720895313	9.315104293133476
5.320555555459578	72.5195862775073	9.280653562844273
5.354444444412366	72.58443660738222	9.267268891279224
5.388333333365154	72.63518903945827	9.222070836114883
5.422222222143319	72.70285894889298	9.18034253194094
5.456111110921484	72.76207011964827	9.15767094973267
5.490000000048894	72.83537918820262	9.198703048680034
5.523888888827059	72.89177077939813	9.201605522169855
5.557777777779847	72.94252321147405	9.245043278552032
5.591666666558012	72.98199732531099	9.285902670827399
5.6255555555108	73.02429101870779	9.256982364962823
5.659444444288965	73.08068260990329	9.27058921609538
5.69333333306713	73.1286154624195	9.263165300645547
5.727222222194541	73.18218747405531	9.291205643728832
5.761111111147329	73.23575948569106	9.265243299240456
5.794999999925494	73.2949706564464	9.257692703419167
5.828888888878282	73.34572308852243	9.312198333859051
5.862777777656447	73.39929510015828	9.338929290731496
5.896666666434612	73.4500475322343	9.24192416074544
5.930555555562023	73.50361954387013	9.239621335211599
5.964444444340188	73.55437197594617	9.292520729221774
5.998333333292976	73.60230482846238	9.246979204742702
6.032222222245764	73.65869641965791	9.25737846891628
6.066111111023929	73.70944885173395	9.281635167993082
6.099999999802094	73.76584044292949	9.21171946223325
6.133888888929505	73.8165928750055	9.214820294980722
6.16777777770767	73.86452572752177	9.27928440943172
6.201666666660458	73.91809773915756	9.371333958174603
6.235555555613246	73.96885017123363	9.450146031200518
6.269444444391411	74.02524176242912	9.487842616128619
6.303333333169576	74.07317461494536	9.539230680814795
6.337222221947741	74.12392704702137	9.54884871889378
6.371111111075152	74.17185989953764	9.571874909721583
6.40500000002794	74.22261233161367	9.596483326132288
6.438888888806105	74.27618434324948	9.593039809965736
6.472777777758893	74.32411719576564	9.61657901432252
6.506666666537058	74.38050878696127	9.625954796939832
6.540555555315223	74.4228024803579	9.690244051183337
6.574444444442634	74.47637449199371	9.685418171947912
6.608333333220799	74.52712692406976	9.735460073426163
6.642222222173587	74.57505977658602	9.757687325946925
6.676111111126375	74.62581220866204	9.751803194277944
6.709999999904539	74.67374506117827	9.770894503729542
6.743888888682704	74.7216779136944	9.788188927437869
6.777777777810115	74.77524992533024	9.817247571569206
6.81166666658828	74.817543618727	9.84488105325031
6.845555555541068	74.8711156303627	9.876623416837862
6.879444444493856	74.91904848287905	9.897002365376169
6.913333333272021	74.9669813353953	9.917653454473154
6.947222222050186	75.02055334703101	9.913131268810005
6.981111110828351	75.06848619954725	9.948028051161184
7.014999999955762	75.1135994725037	9.995022433278391
7.04888888890855	75.16153232501992	10.030736672486928
7.082777777686715	75.20946517753615	10.064565346368044
7.116666666639503	75.2545784504927	10.044467177370588
7.150555555417668	75.30533088256873	10.039612941067947
7.184444444195833	75.35044415552508	10.070282812122503
7.218333333323244	75.39555742848152	10.065481130933147
7.252222222276032	75.44912944011733	10.114963622819154
7.286111111054197	75.49142313351409	10.109974169102315
7.320000000006985	75.54217556559001	10.123244103321008
7.35388888878515	75.58446925898676	10.146110458869972
7.387777777563315	75.6295825319432	10.18143070020486
7.438611111079808	75.69725244137791	10.214525088214494
7.489444444421679	75.77056150993215	10.21968478878922
7.540277777763549	75.8410509989266	10.258176977460025
7.591111110930797	75.90872090836133	10.234531344406713
7.64194444444729	75.97921039735573	10.28013663937442
7.692777777789161	76.04688030679044	10.30281038207975
7.743611111131031	76.11455021622507	10.316043777605062
7.794444444298279	76.18785928477938	10.340015131878213
7.845277777814772	76.25834877377387	10.398940801213362
7.896111111156642	76.31755994452921	10.403682195119837
7.946944444498513	76.3824102744041	10.449176000849986
7.99777777766576	76.45008018383884	10.4829824363739
8.04861111100763	76.51493051371372	10.476290136815285
8.099444444349501	76.57978084358865	10.49094813835171
8.150277777516749	76.64463117346358	10.52508270513474
8.201111111033242	76.71512066245808	10.565794624172884
8.251944444375113	76.77997099233288	10.604462488744852
8.302777777716983	76.83918216308818	10.600982127697325
8.35361111088423	76.90403249296314	10.597736848395948
8.404444444400724	76.96324366371854	10.634048914898008
8.455277777742594	77.03091357315323	10.657140034330961
8.506111111084465	77.09858348258787	10.666456952725971
8.556944444251712	77.15779465334319	10.717456509934353
8.607777777768206	77.2226449832181	10.739595957861429
8.658611111110076	77.28185615397351	10.737499799283546
8.709444444451947	77.35234564296803	10.731446137267477
8.760277777619194	77.40873723416357	10.794122454912399
8.811111111135688	77.47640714359827	10.816478363180408
8.861944444477558	77.53843789391337	10.837808036786411
8.912777777819429	77.6004686442285	10.872582055117261
8.963611110986676	77.65967981498383	10.89302143097019
9.01444444450317	77.71889098573926	10.926814622558915
9.065277777670417	77.78374131561415	10.9153328534275
9.116111110837664	77.84295248636947	10.910201395643165
9.166944444354158	77.90498323668459	10.94315631553727
9.217777777696028	77.96419440743995	10.990549762570737
9.268611111037899	78.02058599863551	11.0241395642162
9.319444444205146	78.08261674895068	11.057533368232516
9.37027777772164	78.14464749926576	11.063059432815024
9.42111111106351	78.20103909046131	11.081643796133806
9.47194444440538	78.26588942033622	11.114096751451932
9.522777777572628	78.32510059109164	11.104130865999585
9.573611111089122	78.38431176184696	11.163678428411421
9.624444444430992	78.44070335304261	11.183434091660086
9.675277777772862	78.49991452379788	11.134797356472532
9.72611111094011	78.55912569455322	11.220694238168864
9.776944444456603	78.61551728574875	11.19788686602191
9.827777777798474	78.6747284565042	11.215178330556768
9.878611111140344	78.73393962725952	11.245883601755496
9.929444444307592	78.79033121845512	11.26241892054579
9.980277777824085	78.84954238921043	11.306391502784152
10.03111111116596	78.9002948212865	11.303736333046754
10.08194444415858	78.956686412482	11.329122866717562
10.13277777767507	79.01589758323742	11.33528462658967
10.18361111101694	79.07228917443294	11.362409705991643
10.23444444435882	79.12868076562859	11.387797670953129
10.28527777752606	79.1878919363839	11.426700097420246
10.33611111104256	79.24146394801973	11.412636156935728
10.38694444438443	79.29785553921523	11.439659743435625
10.4377777777263	79.35706670997054	11.467874699741861
10.48861111089354	79.41063872160639	11.466722039783294
10.53944444441004	79.46139115368244	11.484646097884585
10.59027777775191	79.52060232443773	11.51084701888288
10.64111111109378	79.57699391563338	11.511989572260138
10.69194444426103	79.63056592726907	11.540011009218404
10.74277777777752	79.67849877978533	11.554698006077365
10.79361111111939	79.74052953010047	11.569643326119857
10.84444444446126	79.7912819621765	11.595281170774399
10.89527777762851	79.84485397381235	11.60908271604082
10.946111111145	79.90124556500793	11.63656059226709
10.99694444448687	79.9519979970839	11.650224344557744
11.04777777782874	80.00838958827943	11.66452531009473
11.1155555555597	80.07887907727392	11.712909847337226
11.18333333329065	80.14936856626844	11.733033077414252
11.25111111084698	80.21703847570313	11.767982809357695
11.31888888892718	80.29034754425733	11.788290873194407
11.38666666665813	80.36083703325173	11.78039396037495
11.45444444421446	80.42568736312677	11.829017760428266
11.52222222212004	80.49899643168095	11.848855446637513
11.59000000002561	80.56666634111569	11.85742067221827
11.65777777758194	80.63715583011006	11.914965692945877
11.72555555548752	80.7076453191046	11.908511817603896
11.79333333321847	80.77249564897951	11.915529898298143
11.86111111094942	80.8401655584142	11.950920461043424
11.928888888855	80.9078354678489	12.027262441545535
11.99666666658595	80.97550537728353	12.0102714942972
12.06444444431691	81.04317528671822	12.031298790567776
12.13222222222248	81.11366477571278	12.052164036352067
12.19999999995343	81.17851510558766	12.085843234634032
12.26777777768439	81.24618501502238	12.094550838434284
12.33555555558996	81.31103534489729	12.10731732818631
12.40333333332092	81.37588567477206	12.133150096265759
12.47111111105187	81.4463751637666	12.172393688230276
12.5388888886082	81.51122549364152	12.211151626702343
12.6066666666884	81.57325624395664	12.194088043490499
12.67444444441935	81.64092615339135	12.232236371802964
12.74222222197568	81.70577648326629	12.269710664798897
12.81000000005588	81.77626597226063	12.29328763792304
12.87777777778683	81.83547714301609	12.332046472710031
12.94555555534316	81.900327472891	12.329436632306557
13.01333333324874	81.96235822320615	12.367341200215323
13.08111111115431	82.02438897352124	12.40469037720911
13.14888888871064	82.08923930339617	12.400284261151542
13.21666666661622	82.15690921283074	12.43679715007593
13.28444444434717	82.2161203835862	12.459302793532402
13.35222222207813	82.27815113390128	12.495307470169783
13.4199999999837	82.34300146377623	12.499708618828576
13.48777777771466	82.40221263453154	12.552555965092592
13.55555555544561	82.46706296440647	12.55682179469687
13.62333333335118	82.52909371472154	12.604216878674013
13.69111111108214	82.58830488547699	12.623684382698116
13.75888888881309	82.6503356357921	12.656742979301384
13.82666666671867	82.71236638610725	12.662104430594274
13.89444444444962	82.78003629554195	12.691571108381337
13.96222222218057	82.83360830717766	12.766718918364957
14.0299999997369	82.8928194779331	12.77040224126118
14.0977777778171	82.96048938736769	12.80273246646337
14.16555555554805	83.0225201376829	12.837522454961935
14.23333333310438	83.08173130843826	12.830427732807324
14.30111111100996	83.14376205875338	12.91732166584975
14.36888888891554	83.20015364994887	13.084225419888583
14.43666666647187	83.26500397982382	13.209157591330287
14.50444444437744	83.32421515057925	13.26382660845897
14.57222222210839	83.37778716221504	13.237863866529615
14.63999999983935	83.43981791253016	13.350384936020257
14.70777777774492	83.49902908328548	13.488630601700933
14.77555555547588	83.5610598336006	13.598038082396288
14.86027777777053	83.63436890215482	13.68498243857416
14.94499999989057	83.7133171298287	13.773287160208286
15.02972222218523	83.78098703926331	13.849215376293017
15.11444444447989	83.85993526693711	13.909911198006647
15.1991666664253	83.93042475593161	13.926721394680472
15.28388888871996	84.00373382448585	13.988211577986208
15.36861111101462	84.07704289304014	13.948818909498483
15.45333333330927	84.15599112071392	13.999654001949358
15.53805555560393	84.22648060970832	14.045688241064767
15.62277777772397	84.29978967826264	14.050421898876529
15.70750000001863	84.37309874681682	14.124733551381263
15.79222222213866	84.44358823581132	14.227889847689063
15.87694444443332	84.52253646348512	14.259486698304697
15.96166666637873	84.62404132763709	14.321263252659467
16.04638888867339	84.71426787355009	14.359088379632462
16.13111111096805	84.77629862386517	14.44011127083876
16.21583333326271	84.86934474933787	14.445434403814865
16.30055555555737	84.95957129525074	14.432259238299194
16.3852777776774	85.04697826160395	14.52470707454446
16.46999999997206	85.12874606883753	14.57243251122482
16.55472222226672	85.20487471695154	14.620307770624677
16.63944444438675	85.2838229446253	14.709584152124902
16.72416666668141	85.35713201317962	14.678659893282878
16.80888888862683	85.43044108173382	14.665418196007396
16.89361111092148	85.49811099116852	14.691086675538186
16.97833333321614	85.57142005972273	14.702781554338207
17.0630555555108	85.63345081003784	14.592711367128354
17.14777777780546	85.69548156035312	14.497525975782096
17.23249999992549	85.7631514697877	14.511794101379747
17.31722222222015	85.8308213792224	14.47240554779611
17.40194444434019	85.90695002733648	14.449428334409161
17.48666666663485	85.9858982550102	14.470145647437295
17.57138888892951	86.0535681644449	14.393069648907801
17.65611111087492	86.12405765343944	14.230468404771583
17.74083333316958	86.19172756287412	14.199897911876992
17.82555555546423	86.26785621098811	14.147486305540566
17.91027777775889	86.33834569998253	14.202221728758975
17.99500000005355	86.40037645029778	14.152463172099324
18.07972222217359	86.45676804149329	14.08583564630076
18.16444444446825	86.53853584872687	14.016885433370113
18.24916666658828	86.6062057581616	13.921000012203415
18.33388888888294	86.67951482671575	13.949051254985319
18.41861111082835	86.75000431571027	13.895403508594415
18.52027777768672	86.8204938047047	13.936522111110854
18.62194444419583	86.8994420323786	13.926467798037423
18.7236111110542	86.9727511009328	13.902511353854619
18.82527777756332	87.04606016948699	13.906406262893176
18.92694444442168	87.09399302200326	13.941835068548887
19.0286111109308	87.15038461319887	14.036011897690587
19.13027777778916	87.22087410219336	14.059356246187672
19.23194444429828	87.2829048525085	14.1002333562662
19.33361111115664	87.3477551823834	14.09838803430768
19.43527777766576	87.41824467137783	14.07125688255424
19.5369444443495	87.47745584213315	14.058717575244884
19.63861111103324	87.55076491068743	14.085422101386891
19.74027777771698	87.62689355880141	13.960128449519333
19.84194444440072	87.69738304779594	13.902962106644683
19.94361111108447	87.77633127546972	13.927940015539132
20.04527777776821	87.84964034402395	13.98043298373125
20.14694444445195	87.92012983301842	13.910627931389941
20.24861111113569	87.97934100377377	13.855454404112583
20.35027777781943	88.05828923144755	13.868789270688763
20.45194444450317	88.12313956132249	13.842554317975404
20.55361111083766	88.20490736855608	13.883767357431037
20.65527777769603	88.27539685755056	13.899824013591909
20.75694444420515	88.33742760786566	13.928813081438461
20.85861111106351	88.41073667641992	13.971712103771038
20.96027777757263	88.4784065858546	14.167552088495468
21.06194444443099	88.55735481352836	14.298479232679961
21.16361111094011	88.62784430252292	14.344062446573814
21.26527777779847	88.69551421195763	14.311298658330871
21.36694444430759	88.76882328051181	14.424558118565347
21.46861111116596	88.842132349066	14.47147222556547
21.57027777767507	88.9126218380605	14.505382891635737
21.67194444435882	88.98311132705504	14.582082354656862
21.77361111104256	89.05360081604944	14.586799816797727
21.8752777777263	89.10153366856566	14.69375103277643
21.97694444441004	89.15792525976119	14.739484123087733
22.07861111109378	89.2227755896361	14.82532311712628
22.1972222221666	89.29890423775022	14.83368154921098
22.31583333323943	89.3750328858642	14.88702446941041
22.43444444448687	89.43988321573912	14.910643334736694
22.5530555555597	89.52447060253242	14.853287763066847
22.67166666663252	89.59777967108671	14.903434886079214
22.79027777770534	89.6739083192007	14.870800779307839
22.90888888877817	89.75285654687461	14.879613596294188
23.02750000002561	89.82898519498863	14.91489530606951
23.14611111109844	89.90793342266241	14.894321335019931
23.26472222217126	89.99252080945568	14.884156111199674
23.38333333324408	90.0714690371296	14.869817975933715
23.50194444431691	90.14759768524358	14.896815021001647
23.62055555538973	90.20962843555873	14.91300012534512
23.73916666646255	90.29139624279232	14.883157460751685
23.85777777753538	90.3618857317867	14.885104786600548
23.9763888886082	90.43519480034098	14.974427735242893
24.09500000003027	90.50568428933543	15.000652172240164
24.21361111110309	90.59873041480807	15.129195252633549
24.33222222217592	90.67485906292221	15.226517728438354
24.45083333324874	90.76790518839485	15.214680889342725
24.56944444449619	90.83839467738939	15.216118949751579
24.68805555556901	90.92298206418266	15.173976792501948
24.80666666664183	90.99065197361735	15.219355669729055
24.92527777771466	91.04986314437272	15.33277630877938
25.04388888878748	91.11189389468792	15.3226324702429
25.16250000003493	91.18238338368229	15.323851088101687
25.28111111110775	91.2528728726768	15.352583975967447
25.39972222218057	91.3205427821114	15.380478766426831
25.5183333332534	91.38539311198646	15.3803642126255
25.63694444432622	91.45024344186137	15.351960909621797
25.75555555539904	91.51227419217649	15.347146138945241
25.89111111103557	91.59404199940998	15.37570396773955
26.0266666666721	91.67580980664356	15.404838839244832
26.16222222213401	91.75193845475768	15.462029362466204
26.29777777777053	91.82524752331186	15.462250866627699
26.43333333305782	91.90419575098568	15.518899554575999
26.56888888886897	92.00288103557794	15.531469241702572
26.70444444433088	92.08464884281155	15.585961414586109
26.83999999979278	92.16359707048534	15.514512435845882
26.97555555560393	92.24536487771894	15.511057574923816
27.11111111106584	92.3130347871535	15.442377014777234
27.24666666652774	92.38352427614804	15.497188874419328
27.38222222216427	92.45119418558272	15.456166095879027
27.5177777778008	92.53014241325654	15.53752339416454
27.65333333326271	92.61191022049015	15.60240339682829
27.78888888889924	92.6880388686041	15.697241569232444
27.92444444418652	92.75570877803884	15.72490241370168
28.05999999999767	92.83183742615284	15.765033672907132
28.19555555545958	92.91078565382674	15.80397071781997
28.33111111092148	92.98127514282116	15.872510105895376
28.46666666655801	93.04894505225576	15.94177911671285
28.60222222219454	93.12789327992967	16.007712658120653
28.73777777765645	93.20684150760343	16.040752576468957
28.87333333329298	93.28297015571744	16.046125368638666
29.00888888892951	93.35064006515215	16.093552342226943
29.14444444439141	93.42676871326617	16.1678862192379
29.28000000002794	93.50289736138016	16.200723368017673
29.41555555531522	93.57338685037469	16.106799514806795
29.55111111112637	93.64951549848863	16.1382706900738
29.70361111097736	93.73128330572224	16.17511717520615
29.85611111082835	93.81023153339606	16.197812986713064
30.00861111102859	93.89199934062962	16.29169460047324
30.1611111110542	93.97658672742304	16.368613222787925
30.31361111107981	94.05553495509683	16.43208992797306
30.4661111109308	94.14294192144989	16.45329928598138
30.61861111113103	94.21907056956401	16.47522856048584
30.77111111115664	94.30365795635738	16.51064802238205
30.92361111100763	94.38260618403109	16.60242317202453
31.07611111103324	94.46437399126467	16.6380352834135
31.22861111088423	94.54332221893847	16.65996255094784
31.38111111108447	94.62509002617207	16.695224439226113
31.53361111111008	94.70685783340564	16.77264373500197
31.68611111113569	94.78580606107947	16.794717584445966
31.83861111098668	94.86757386831303	16.83075713171306
31.99111111083766	94.94370251642705	16.838847029834525
32.1436111110379	95.02265074410099	16.902423139701938
32.29611111106351	95.10441855133446	16.966610642162227
32.44861111108912	95.18336677900818	16.960389446866543
32.60111111094011	95.25667584756252	17.010845875498774
32.75361111114034	95.33844365479611	17.0326872875694
32.90611111116596	95.41739188246993	17.07229414821828
33.05861111101694	95.49634011014369	17.097692413715592
33.21111111104256	95.57528833781754	17.131502172121547
33.38055555545725	95.66269530417068	17.162622012977444
33.55000000004657	95.7444631114043	17.207521958131913
33.71944444446126	95.82905049819759	17.223630591380797
33.88888888870133	95.91645746455077	17.2985781253095
34.05833333329065	96.00104485134405	17.315912724586227
34.22777777770534	96.08845181769723	17.36318658234243
34.39722222212004	96.17303920449064	17.38164644245122
34.56666666670935	96.25762659128392	17.414447534875755
34.73611111094942	96.3365748189577	17.457142389147894
34.90555555553874	96.42116220575107	17.475565478739014
35.07499999995343	96.50574959254446	17.521593734144776
35.24444444436813	96.59315655889752	17.554309532885163
35.4138888886082	96.67210478657148	17.61256016088431
35.58333333319752	96.75387259380507	17.670851512256124
35.75277777778683	96.84409913971794	17.691196351543784
35.92222222220153	96.92022778783196	17.800894913833254
36.09166666661622	97.00199559506551	18.008116101525307
36.26111111085629	97.08376340229911	18.092444745228217
36.43055555544561	97.1655312095327	18.151072998810157
36.60000000003493	97.24165985764667	18.236110009446545
36.76944444444962	97.32342766488033	18.16377816709251
36.93888888886431	97.4051954721139	18.187946392316768
37.12527777766809	97.49260243846709	18.18929062334543
37.31166666647187	97.58000940482016	18.257930997836564
37.49805555545026	97.67023595073303	18.367101253281106
37.68444444442866	97.760462496646	18.422268189041155
37.87083333305782	97.84786946299911	18.36901344425946
38.05722222221084	97.93527642935227	18.492512774721156
38.24361111101462	98.01986381614559	18.7241884886802
38.42999999999302	98.10445120293895	18.901866949229472
38.61638888879679	98.19467774885194	19.038537997315075
38.80277777760057	98.2792651356452	19.162147217216695
38.98916666657897	98.36667210199845	19.203917228036765
39.17555555555737	98.45407906835152	19.218451687430914
39.36194444418652	98.54148603470469	19.28712464626912
39.54833333333954	98.63171258061755	19.30101464020773
39.73472222214332	98.71629996741096	19.274486517696666
39.92111111112172	98.81780483156301	19.275698119478015
40.10749999992549	98.93340759351396	19.30598307159134
40.29388888872927	99.03209287810613	19.243152872118948
40.48027777770767	99.12231942401911	19.208563154339068
40.68361111107515	99.22664386773087	19.25797855458269
40.88694444444263	99.29713335672542	19.252765220229886
41.09027777781012	99.38454032307844	19.261724698861528
41.29361111082835	99.46912770987186	19.229445329913577
41.49694444419583	99.56217383534455	19.250847851926544
41.70027777756332	99.6664982790564	19.203043719816495
41.9036111109308	99.76236398408875	19.18289466860495
42.10694444429828	99.83285347308328	19.178064441001954
42.30999999999767	99.94281707591473	19.16968337813351
42.51333333336515	100.07251773566448	19.062771801790095
42.71666666655801	100.19094007717517	19.135107443673622
42.91999999992549	100.29526452088714	19.098860466936255
43.12333333329298	100.40240854415856	19.1166439804091
43.32666666666046	100.49263509007152	19.108579053680305
43.53000000002794	100.58004205642465	19.05996495555688
43.7333333332208	100.67026860233757	18.97094626359189
43.93666666658828	100.75203640957108	18.977908326289906
44.13999999995576	100.83380421680474	18.971266340215063
44.36027777771233	100.91557202403834	18.926114345978313
44.58055555546889	101.00861814951104	18.77381079068579
44.80083333322546	101.08192721806519	18.74642540089362
45.02111111115664	101.16087544573898	18.568602648384587
45.24138888873858	101.25110199165194	18.582590133537575
45.46166666666977	101.33568937844547	18.634485651735424
45.68194444425171	101.42309634479848	18.674121016494023
45.9022222221829	101.49922499291243	18.728515312314986
46.12249999976484	101.58663195926567	18.671608449020148
46.34277777769603	101.66276060737965	18.547738596113827
46.56305555527797	101.74452841461324	18.6162367084105
46.78333333338378	101.8262962218468	18.64020175704253
47.00361111114034	101.90806402908035	18.58415630760205
47.22388888889691	101.96727519983568	18.41936909915544
47.44416666665347	102.06314090486829	18.223578842799007
47.66444444441004	102.14208913254201	18.164842136840083
47.8847222221666	102.22667651933534	17.982465818776525
48.12194444448687	102.31408348568854	17.91129099236855
48.35916666663252	102.3930317133624	17.922905478628564
48.59638888877817	102.4635212023568	17.92262991582914
48.83361111109844	102.55656732782944	17.97600897606578
49.07083333324408	102.64115471462289	18.058336166013166
49.30805555538973	102.73702041965534	18.12774310837907
49.54527777753538	102.82442738600852	18.13033479538271
49.78250000003027	102.92029309104086	18.240131865744264
50.01972222217592	102.97668468223655	18.341820959268055
50.25694444449619	103.07818954638851	18.32720228787131
50.49416666664183	103.15431819450265	18.398138555894388
50.73138888878748	103.24454474041552	18.426350637181386
50.96861111110775	103.33477128632839	18.50967115377268
51.2058333332534	103.41089993444245	18.552061378731686
51.44305555539904	103.48420900299672	18.635250393835438
51.68027777754469	103.58853344670842	18.678307972627742
51.93444444442866	103.66466209482256	18.73808182442286
52.18861111113802	103.76334737941474	18.798515078743154
52.44277777749812	103.85921308444728	18.96821545831593
52.6969444443821	103.93816131212105	18.946729714325095
52.95111111109145	104.03120743759374	19.006420875329383
53.2052777778008	104.10169692658822	19.056109282220515
53.45944444433553	104.1778255747022	19.105833311871358
53.71361111104488	104.26805212061505	19.20835459167407
53.96777777775424	104.35827866652816	19.338302525576058
54.22194444428897	104.45132479200075	19.3726232945037
54.47611111099832	104.55001007659303	19.44810225953787
54.73027777770767	104.64023662250591	19.441149496036008
54.9844444442424	104.72764358885911	19.48939084353991
55.23861111112637	104.8178701347719	19.48218453736378
55.50972222205019	104.91655541936424	19.687646924596546
55.78083333332324	105.00396238571733	19.671000756875745
56.05194444442168	105.10264767030958	19.76472962811945
56.32305555552011	105.19569379578238	19.803510084955718
56.59416666644393	105.2887399212551	19.828419638949434
56.86527777771698	105.38460562628747	19.935838981070123
57.13638888881542	105.4776517517602	20.05720813783378
57.40749999991385	105.56787829767309	20.014776040602268
57.67861111083766	105.6609244231457	20.361679692596034
57.94972222211072	105.75397054861843	20.598430573067873
58.22083333338378	105.84701667409122	20.861916377924135
58.49194444430759	105.93724322000404	21.109947521949003
58.76305555558065	106.02746976591706	21.246728322576637
59.03416666667908	106.12051589138967	21.46647260640359
59.3222222221666	106.21638159642222	21.667338646637038
59.61027777782874	106.31506688101449	21.70116175071016
59.89833333314164	106.41093258604687	21.777029103760228
60.18638888880378	106.50961787063909	21.69582184840609
60.47444444446592	106.60830315523141	21.699525822378714
60.76249999995343	106.70134928070416	21.660932826230454
61.05055555544095	106.7972149857365	21.593721968209127
61.33861111110309	106.8902611112093	21.555299046008745
61.62666666641599	106.98612681624178	21.41900304378757
61.91472222207813	107.08199252127422	21.436358945032584
62.20277777774027	107.17503864674691	21.39877660128279
62.49083333322778	107.27090435177944	21.388826429487253
62.77888888888992	107.36395047725206	21.32324233952154
63.08388888876652	107.46545534140415	21.317417430853645
63.38888888881775	107.56696020555607	21.07439719915981
63.69388888886897	107.66564549014838	21.097606660936375
63.99888888892019	107.80944404769706	21.048641624696916
64.30388888879679	107.95324260524593	21.097378471906502
64.60888888867339	108.09986074235434	20.963028147979134
64.91388888889924	108.22674182254434	20.983637782987614
65.21888888877584	108.34516416405518	21.08882375636497
65.52388888882706	108.4579473464462	20.913487453677913
65.82888888887828	108.57073052883742	20.77326481659075
66.1338888889295	108.66377665431008	20.929236652452705
66.4388888888061	108.7652815184621	21.154546714896895
66.76083333324641	108.84422974613601	21.16875204293211
67.08277777768672	108.94573461028791	21.15468448917728
67.40472222212702	109.03032199708124	21.337361990735495
67.72666666656733	109.1064506451955	21.338202810549518
68.04861111100763	109.19103803198875	21.338859918187342
68.37055555544794	109.2587079414234	21.452920540816553
68.69249999988824	109.34611490777652	21.4399074402305
69.01444444450317	109.4335218741296	21.3986976393729
69.33638888894347	109.5209288404828	21.41400583481112
69.65833333338378	109.5970574885968	21.387700404122274
69.98027777782409	109.68728403450973	21.383389647744163
70.31916666665347	109.73239730746616	21.36296092603516
70.65805555548286	109.82826301249882	21.35544458120741
70.99694444448687	109.91285039929204	21.09667837487543
71.33583333314164	110.0171748430038	20.893558971280235
71.67472222214565	110.08484475243853	20.664027726325635
72.01361111114966	110.18071045747105	20.53118616802878
72.35249999997905	110.29349363986213	20.46758031960904
72.69138888880843	110.35270481061737	20.420791817774624
73.03027777763782	110.41473556093271	20.374199235259134
73.36916666664183	110.53879706156287	20.369142200379372
73.7080555552966	110.67413688043221	20.351097274218205
74.06388888886431	110.77564174458433	20.516691877734903
74.4197222222574	110.87150744961677	20.514325456872786
74.77555555547588	111.00120810936659	20.6366293960532
75.13138888886897	111.09707381439902	20.774055409294657
75.48722222208744	111.19011993987179	20.8838180257466
75.84305555530591	111.30854228138253	21.08280620613792
76.19888888887363	111.4015884068552	21.17744199513012
76.55472222226672	111.4861757936486	21.23517224691075
76.91055555548519	111.58486107824083	21.32469569206509
77.26638888887828	111.67226804459388	21.4577418192268
77.63916666666046	111.77095332918616	21.544071112220703
78.01194444444263	111.8668190342186	21.872385898994036
78.38472222205019	111.96268473925119	21.94358340498739
78.75750000000698	112.05291128516399	22.04341425445035
79.13027777778916	112.15441614931608	22.047155410129285
79.50305555557134	112.25310143390833	22.34239639519532
79.87583333317889	112.35178671850056	22.473885173664186
80.24861111113569	112.45611116221237	22.361751010592915
80.62138888891786	112.55761602636439	22.65418395333319
80.99416666670004	112.65912089051649	23.18449062157734
81.3838888888713	112.75498659554883	23.359069282077026
81.77361111104256	112.85649145970095	23.374501030277113
82.16333333338844	112.96645506253246	23.347969297827106
82.5530555555597	113.06514034712461	23.546424337099104
82.94277777773095	113.1722843703961	23.281760788791267
83.33249999972759	113.27378923454827	23.351782370229643
83.72222222224809	113.37811367826008	23.276906454459883
84.11194444441935	113.48243812197175	23.168581398591634
84.50166666641599	113.58394298612392	23.200221402071175
84.89138888893649	113.68826742983575	23.270954017086936
85.29805555549683	113.78977229398777	23.3738285280712
85.7047222222318	113.89691631725918	23.411907270389374
86.11138888861751	114.0012407609712	23.14098300548953
86.51805555535248	114.11120436380253	23.175707210790417
86.92472222208744	114.21834838707397	23.032668337051135
87.3313888888224	114.32549241034573	23.191171815255768
87.73805555555737	114.42699727449775	23.32235252749076
88.14472222211771	114.52850213864976	23.194689681759275
88.55138888885267	114.6525636392799	23.366510524988755
88.9749999998021	114.77662513991034	23.41643593548173
89.39861111110076	114.86685168582325	23.262939299057923
89.82222222205019	114.98527402733387	23.129386121712695
90.24583333334886	115.15726838048042	23.388783039532942
90.66944444429828	115.32080399494748	23.357096978610755
91.09305555559695	115.46178297293643	23.438595222069413
91.51666666654637	115.55200951884943	23.195445678637412
91.94027777767042	115.684529758159	23.03202668275761
92.36388888879446	115.75501924715337	22.912662485934014
92.80444444430759	115.86498284998484	22.852879675318814
93.24499999982072	115.94111149809873	22.876628568263442
93.68555555533385	116.0116009870933	22.873721359019132
94.12611111084698	116.13566248772364	22.93619426640035
94.56666666670935	116.24280651099518	22.945048413728824
95.00722222222248	116.34713095470698	22.95072635196359
95.44777777773561	116.44581623929919	22.998106390716774
95.88833333324874	116.48247077357625	23.047286973464107
96.34583333315095	116.58679521728817	23.061164271580772
96.80333333322778	116.65164554716301	23.090610247687657
97.26083333330462	116.77852662735307	23.11736444189629
97.71833333320683	116.89412938930417	23.199292978177766
98.17583333328366	116.96743845785836	23.22885134641922
98.6333333333605	117.09995869716782	23.146193454502356
99.09083333326271	117.20710272043951	23.127629277725124
99.54833333333954	117.27759220943386	23.28751619794244
100.0227777778055	117.35372085754784	23.294267669734953
100.4972222220968	117.51161731289554	23.107090420335954
100.9716666663881	117.59902427924872	23.571296816603
101.4461111110286	117.71462704119962	23.633638566052543
101.9205555554945	117.77101863239514	23.821125430094945
102.3949999999604	117.83304938271036	24.080993202909216
102.8694444442517	117.91199761038408	24.377088772911033
103.3438888888923	117.9994045767373	24.1575979075358
103.8352777775726	118.10936817956853	23.862566479432495
104.3266666666023	118.21369262328045	24.43703599391659
104.8180555554573	118.32929538523149	24.130067226611345
105.3094444444869	118.43643940850302	23.932693428850357
105.8008333333419	118.53512469309517	24.15088886510997
106.2922222220223	118.64790787548641	24.057069668137157
106.7836111110519	118.7578714783177	24.112225842130588
107.2919444444706	118.87065466070885	24.332907649273636
107.8002777777147	118.98343784309994	24.315713866483144
108.3086111109587	119.09622102549125	24.053134188798996
108.8169444443774	119.21464336700186	24.21879228318643
109.3252777777962	119.32178739027349	24.243221007392684
109.8336111108656	119.42893141354502	24.046646313072088
110.3419444444589	119.54453417549601	24.152779503528674
110.850277777703	119.66295651700683	24.02126925894697
111.3755555555108	119.78137885851736	24.354048128639658
111.9008333333186	119.913899097827	24.40020510817007
112.4261111111264	120.17048083776679	24.085495163241642
112.9513888889342	120.32273813399483	24.029393039264004
113.4766666665673	120.449619214185	24.124740411876445
114.0019444443751	120.63289188557061	24.329626314508825
114.5272222221829	120.76259254532029	24.469638639202604
115.0694444442052	120.82744287519526	24.590585164389392
115.6116666665766	120.8415407729942	24.61527691143041
116.1538888889481	121.0276330239395	24.71248575857623
116.696111111145	121.08684419469492	24.722790786892496
117.2383333333419	121.15169452456983	24.787069588357753
117.7805555555387	121.29831266167831	24.860783169646137
118.3397222221247	121.38008046891181	24.863624202690357
118.8988888887106	121.43083290098792	24.89778978209492
119.4580555552966	121.57745103809648	24.931960900533248
120.0172222222318	121.63666220885183	24.97354096462108
120.5763888888178	121.70715169784624	25.027430657374083
121.1355555555783	121.85376983495463	25.062619585623075
121.6947222221643	121.92989848306871	25.14294080297898
122.2708333333139	122.02294460854137	25.235568557637595
122.846944444289	122.15264526829125	25.466630957983163
123.4230555556133	122.1977585412478	25.523312517451618
123.9991666665883	122.33873751923656	26.12077687580215
124.5752777775633	122.50227313370377	26.283956794496824
125.1513888888876	122.52482977018192	25.45848422595979
125.7444444442517	122.62915421389381	25.184581820352495
126.3374999999651	122.70528286200786	25.048352812184337
126.9305555555038	122.80960730571961	24.732968879097687
127.5236111110426	122.91675132899128	24.42656454479111
128.1166666664067	123.02953451138244	24.70098689949258
128.70972222212	123.13949811421378	25.070139173902408
129.3027777778334	123.26074003528416	24.70967063906703
129.9127777777612	123.37634279723517	25.171261162957514
130.522777777689	123.49476513874588	25.647136635530323
131.1327777777915	123.60754832113716	25.18975732340085
131.7427777775447	123.72033150352823	25.625188427352057
132.3527777776471	123.8359342654791	25.988081106561356
132.9627777777496	123.95153702743	25.892544136973854
133.5897222222411	124.06995936894079	26.17597154064704
134.216666666558	124.19120129001124	26.17882416991742
134.8436111108749	124.31526279064136	25.666562797320115
135.4705555555411	124.43650471171192	25.75325301550606
136.097499999858	124.56056621234222	25.77204202477522
136.7244444443495	124.72128224724952	25.650937749949673
137.3683333332301	124.8509829069994	26.00594081779884
138.0122222221107	125.08782759002081	25.951805770719474
138.656111111166	125.25136320448809	25.762573268925035
139.3000000000466	125.33595059128149	26.244915456952114
139.9438888889272	125.42899671675397	26.330515692917793
140.6047222220223	125.52768200134625	26.551765998466248
141.2655555554666	125.64610434285697	26.646804380156457
141.9263888889109	125.71377425229169	26.73163475232858
142.5872222221806	125.83219659380248	26.79930217352734
143.2480555554503	125.91960356015558	26.870751795527497
143.90888888872	126.02956716298698	27.209394274837663
144.5866666663787	126.18182445921497	27.95699751575499
145.2644444443868	126.34254049412226	28.30925385410523
145.9422222222202	126.39611250575815	28.47647936496624
146.6200000000536	126.56246769978512	28.406991556521117
147.2977777777123	126.68370962085555	28.45724851734123
147.9924999999348	126.81059070104556	28.076960720332973
148.6872222221573	126.92619346299648	28.00409995809885
149.3819444442052	126.99668295199102	27.87669624889894
150.0766666666023	127.03897664538765	27.339296222559646
150.7713888888247	127.1320227708605	27.191953073899462
151.4661111110472	127.22506889633304	27.17667711177659
152.1777777778334	127.32939334004486	26.9680370386548
152.8894444442703	127.44499610199571	26.88141997276743
153.6011111110565	127.57469676174566	26.230661956183287
154.3127777776681	127.6987582623759	26.121606998321784
155.0244444442797	127.81718060388668	26.22364703329616
155.7530555554549	127.93560294539722	26.259038760877846
156.4816666666302	128.05402528690811	26.319480465849363
157.2102777778055	128.17526720797855	26.334292992179105
157.9388888888061	128.2965091290489	26.633344023190855
158.6674999999814	128.42057062967916	26.69078217422632
159.4130555553711	128.54463213030954	26.933254209404247
160.1586111111101	128.7335439608147	27.06953905374057
160.9041666664998	128.99576485987404	27.070805317147748
161.6497222222388	129.18185711081938	26.910080881244625
162.3952777776285	129.32847524792788	26.9384234050093
163.1577777775819	129.45535632811794	27.350572695433925
163.9202777775354	129.5484024535907	27.25636188999326
164.6827777774888	129.6583660564221	27.646251585921558
165.4452777777915	129.7062989089383	28.471076141856585
166.2077777777449	129.80498419353052	28.57863953967861
166.9872222220874	129.90084989856305	28.808382626012836
167.7666666666046	129.91494779636193	29.288229270200677
168.5461111111217	130.0051743422748	29.219392147485827
169.3255555554642	130.1264162633452	29.09421742259322
170.1219444441958	130.24765818441583	29.177433640949126
170.9183333332767	130.35762178724707	28.987882614777575
171.7147222221829	130.46194623095892	28.882021790177195
172.5111111110891	130.60292520894785	28.87023089664477
173.3074999998207	130.70443007309996	28.68272192496083
174.1208333332907	130.80311535769215	28.551494465003742
174.934166666586	130.91025938096374	28.804720977511444
175.7475000000559	131.02868172247446	28.563523794889335
176.5608333333512	131.15274322310472	28.638456630031275
177.3911111110356	131.28244388285447	28.343138141769856
178.22138888872	131.41778370172398	28.252324118429417
179.051666666579	131.5503039410335	28.00491095970899
179.881944444438	131.6912829190225	27.404463291254316
180.7122222219477	131.81252484009286	27.19837203712601
181.5594444441958	131.9478646589624	27.169923990504543
182.4066666664439	132.08602405739148	27.235310089811293
183.253888888692	132.2213638762609	27.449802260691477
184.1011111109401	132.43001276368457	27.562274213968884
184.9652777777519	132.72324903790152	27.978001886133438
185.8294444442145	132.85858885677078	28.183092824848934
186.6936111110263	132.9741916187219	29.527700332350697
187.5577777774888	133.11235101715084	30.320434502868995
188.4219444444752	133.1884796652649	30.67111803355122
189.3030555555015	133.25614957469958	30.390786921217465
190.1841666665277	133.37457191621033	29.923773325553935
191.065277777554	133.44788098476454	29.47389692509633
191.9463888889295	133.5522054284765	29.634810936100802
192.8444444443448	133.67344734954696	29.325029517405817
193.7424999999348	133.75239557722065	29.20997974558329
194.6405555555248	133.83980254357382	29.55195276542393
195.5386111109401	134.00615773760072	29.626289850398607
196.4536111110938	134.07664722659533	29.572058749514785
197.3686111110728	134.21198704546453	29.7487457415711
198.2836111110519	134.27401779577974	29.737485091930047
199.1986111108563	134.37552265993176	29.37722984858049
200.130555555399	134.51086247880102	29.34873791825184
201.0624999999418	134.6462022976704	29.362868505297484
201.9944444444845	134.7871812756593	29.517609147653204
202.9263888888527	134.92534067408857	29.574479302050747
203.8752777776099	135.06350007251774	29.59075646290562
204.8241666667163	135.1988398913872	29.620980429674695
205.7730555554736	135.33136013069674	29.327207922507206
206.7219444444054	135.4666999495662	28.660246988869652
207.6877777777263	135.60767892755516	28.944338940952466
208.6536111110472	135.97422427032632	29.922015970731533
209.6194444443681	136.14903820303252	29.787401745512273
210.585277777689	136.30693465838021	29.326782830742864
211.568055555399	136.36896540869532	29.795910978767928
212.5508333332837	136.39152204517356	29.94279532901545
213.5336111111683	136.40561994297246	30.380390483834102
214.5333333332674	136.54095976184178	30.446870495270808
215.5330555555411	136.6170884099557	30.451665851490795
216.5327777778148	136.6932170580699	30.78912436243356
217.5324999999139	136.85675267253697	31.10462923810416
218.5491666665766	136.9779945936075	31.087331509845068
219.5658333332394	137.08231903731934	31.480466826369273
220.5824999997276	137.24021549266692	31.255783844120536
221.599166666565	137.3614574137373	31.50963845830808
222.6327777777915	137.42066858449274	31.677441398678074
223.6663888888434	137.54473008512295	31.613769135997398
224.6999999998952	137.68570906311191	31.59052339924142
225.7505555555108	137.83796635934	31.53025228090717
226.8011111111264	137.98176491688858	31.526857401901655
227.8516666665673	138.11992431531783	31.52064445159104
228.9022222221829	138.25808371374703	31.560340626793664
229.9697222220129	138.40470185085547	31.615054660565978
231.0372222221922	138.5569591470835	31.711829540194103
232.1047222220223	138.74587097758874	31.692963973260785
233.189166666416	139.06166388828382	30.737584472445143
234.273611111159	139.1716274911153	30.59031149209685
235.3580555555527	139.1547100137565	30.574210555380308
236.4424999999465	139.31260646910425	30.93352565376781
237.5438888887293	139.45640502665282	31.31933768957449
238.6452777776867	139.6143014820005	31.946444265281237
239.7466666666442	139.7299042439515	31.95092527199522
240.8649999999907	139.84832658546222	32.25836092022854
241.9833333333372	139.99212514301072	32.54658613241353
243.1016666665091	140.14156285967914	32.396746551794486
244.2369444444194	140.30227889458652	32.50549704643436
245.372222222155	140.44889703169505	32.682034707945334
246.5074999998906	140.5363039980482	32.63902328605218
247.6597222221899	140.6490871804392	32.69852885704531
248.8119444444892	140.78160741974895	33.11441433573181
249.9641666666139	140.90002976125962	33.41499555851032
251.1163888887386	141.02691084144968	33.677938142193476
252.285555555427	141.15379192163968	34.2585413196575
253.4547222221154	141.28913174050905	34.185139542013495
254.6238888888038	141.42165197981876	34.0762145570323
255.8100000000559	141.5626309578076	33.9029435458688
256.9961111109587	141.70360993579655	33.80983826712604
258.1822222222108	141.85586723202454	33.51608126666503
259.3852777776774	141.99120705089388	33.23442035759016
260.5883333333186	142.16320140404042	32.34906708827612
261.7913888887852	142.30418038202944	32.46990618848099
263.0113888888154	142.4536180986977	33.23698050118906
264.2313888888457	142.58613833800723	33.145504140911825
265.4513888887013	142.70456067951795	33.234487147786865
266.6883333332953	142.82298302102873	33.225838664024664
267.9252777777147	142.9583228398981	33.14770823071989
269.162222222134	143.0908430792077	33.28570188056871
270.4161111111171	143.226182898077	33.41229117243295
271.6699999999255	143.3558835578269	33.473776461181515
272.9238888889086	143.48558421757662	33.577606662807554
274.1947222221061	143.6237436160058	33.62875009016384
275.4655555554782	143.75908343487507	33.664567321433914
276.7363888888503	143.9085211515434	34.015192734564685
278.0241666666116	144.04104139085302	34.17445194904853
279.3119444443728	144.17920078928208	34.36342239953582
280.599722222134	144.36247346066776	34.61985042460029
281.9044444444589	144.5570244502925	34.7106547234734
283.2091666664346	144.82770408803123	34.765646880579304
284.5138888889342	144.95176558866166	34.71538065734503
285.8355555554736	145.0645487710527	34.74911480620028
287.1572222220129	145.16323405564495	34.76041804627062
288.4958333332907	145.28729555627515	34.78254000839534
289.8344444443937	145.37470252262835	34.78915873888093
291.1730555554968	145.50440318237824	34.83954830649493
292.5286111111636	145.6397430012476	34.76927157879426
293.8841666664812	145.7694436609974	35.24648181443557
295.239722222148	145.89914432074713	35.49646241597283
296.6122222222039	146.0373037191764	35.38716045923789
297.9847222222597	146.18674143584457	35.24643755163516
299.3741666667047	146.32490083427376	35.17330655214215
300.7636111111497	146.46306023270293	35.15008398301559
302.1530555555946	146.6040392106918	35.14005835371123
303.5594444444287	146.74501818868072	35.49759177822086
304.9658333332627	146.89727548490887	35.10859520329863
306.3722222220968	147.06363067893582	34.99069616722476
307.7955555554945	147.22998587296263	35.164811140077084
309.2188888888923	147.37942358963102	35.32694707169957
310.6591666666791	147.53732004497863	35.384199826489755
312.0994444444659	147.67829902296742	35.52136936213341
313.5397222220781	147.84465421699437	35.73305490912617
314.9969444444287	148.01382899058103	36.31831012568033
316.4541666666046	148.15762754812982	36.40278687502998
317.9283333331696	148.29578694655905	34.76232033138188
319.4024999999092	148.4170288676295	33.91318176880138
320.8766666666488	148.552368686499	33.775707354751376
322.3677777777775	148.69052808492808	34.286741794716846
323.8588888889062	148.83150706291704	34.35049757603855
325.366944444424	148.98094477958537	34.57725050503716
326.8749999999418	149.1219237575742	34.67763238219217
328.3830555554596	149.27418105380215	34.95683482491424
329.9080555555411	149.50820615726388	35.44423183707045
331.4330555554479	149.70275714688873	35.67613311673147
332.9749999999185	149.80990117016023	35.868073815068975
334.5169444442145	149.8973081365133	36.96083493875366
336.0588888888597	149.99599342110557	37.24852338173705
337.6177777775447	150.1228745012957	36.299131829800864
339.176666666579	150.24975558148554	35.50949833380633
340.7525000000023	150.45276530978978	35.25568898760527
342.3283333330764	150.50069816230592	35.21366255243084
343.9211111110635	150.60502260601783	35.234795880042846
345.5138888887013	150.77419737960446	35.19178873777888
347.1066666666884	150.93773299407172	35.00258497710547
348.7163888888899	151.09562944941936	35.31206284965269
350.3261111110915	151.25070632520715	35.57091813735776
351.9527777775074	151.42833983747303	35.674047106784904
353.5794444444473	151.72439569124987	35.77046609885856
355.223055555427	151.9302249991137	36.591450841760945
356.8666666664067	151.8653746692388	37.09375928534377
358.5272222221247	151.8174418167226	35.27545833532255
360.1877777776681	151.89920962395635	36.01832781656669
361.8483333333861	152.09658019314062	34.15157264019219
363.5258333333186	152.22910043245025	34.26917366485464
365.2033333330764	152.35880109220014	34.31814990551326
366.8977777775726	152.50541922930867	34.59086871492819
368.5922222220688	152.69151148025398	35.38238284978501
370.3036111111287	152.87760373119937	36.01248107017829
372.0149999998394	153.04677850478615	35.91048420832767
373.7433333331137	153.21877285793263	35.83761209944667
375.4716666663881	153.39358679063898	36.24390599611914
377.2169444444007	153.7714104516492	37.17815661391749
378.9622222222388	153.96596144127392	37.56096695275752
380.7244444444659	153.90111111139916	37.80348668418045
382.4866666665184	153.87291531580118	38.18049077183565
384.2488888889202	153.95186354347504	36.1828879690833
386.0280555553618	154.09566210102378	35.574286608685895
387.8072222221526	154.2648368746105	37.27269964301543
389.6033333333326	154.41709417083842	37.69794628537465
391.3994444443379	154.52141861455038	37.81562211114603
393.2124999999069	154.73852624065324	38.00479145992825
395.0255555554759	154.9274380711585	38.093411719685
396.8555555556086	155.1107107425441	38.0906623577954
398.6855555555667	155.2883442548101	37.57531272962877
400.5324999999139	155.595678426826	37.33741821222071
402.379444444261	155.84098184852675	38.29420126017687
404.2433333333465	155.58721968814666	39.78090455564297
406.1163888887968	155.87481680324402	39.98915992065442
407.9972222220968	155.6182350633042	40.91966490116757
409.8780555555713	155.77895109821156	41.329290820153155
411.7758333330858	155.93402797399943	41.793667937359295
413.6736111109494	156.12575938406442	42.05167059773613
415.5883333333768	156.43591313564013	41.500707670386575
417.5030555554549	156.69249487558	41.049552917136694
419.4347222220968	156.89832418344372	40.86738348077691
421.3833333333023	157.07313811615006	40.863788412266686
423.3319444441586	157.25923036709545	40.7064662011915
425.2974999999278	157.54118832307336	38.74452629767632
427.2630555555224	157.71600225577953	38.38331938957693
429.2455555555061	157.87953787024674	38.830387515601004
431.2280555553152	158.07126928031172	38.48093476771403
433.2275000000373	157.862620392888	46.54987386784478
435.22694444441	157.78649174477397	54.104283165827326
437.2433333333465	158.22916573565922	47.58533348251651
439.2597222221084	158.47728873691975	45.50777084311119
441.2930555556086	158.65774182874551	45.75115845134917
443.3263888889342	158.84947323881067	44.879726749797136
445.3766666666488	159.01864801239742	45.696428040079745
447.4438888889272	159.1906423655437	47.422488071446914
449.5108333331882	159.3739150369294	43.340909845531286