0.0485525555395725	0.09365011163467629	0.4299646257945593
0.08155255553901952	0.36639399345730556	0.6374789323502873
0.1145525555384666	0.599071074941391	1.0305842737397517
0.1485525555381173	0.8259553660150826	1.3020284729418297
0.1815525555393833	1.182694708788401	1.7207467375449104
0.2155525555390341	1.4665414388976046	2.112336664360875
0.2485525555384811	1.732527065241449	2.095439384734992
0.2815525555397471	2.1269195456823144	2.272784172144105
0.3145525555391942	2.517450165849587	2.3002958468853993
0.3485525555388449	2.7515754449362686	2.4278319683609912
0.5105525555391068	3.5760826133487464	2.721045974880296
0.6765525555383647	4.1350868879515845	3.4533740637316956
0.8435525555396453	5.219304159763304	4.835390820663216
1.010552555539107	5.850718314496058	5.695169287557919
3.593552555539645	18.72278133892155	16.478505548915184
4.093552555539645	20.946247391443723	18.568543450936698
4.593552555539645	23.046616647745072	20.017854016319394
5.093552555539645	25.001683411252415	21.140178136143057
5.593552555539645	26.956750174759772	21.822175335098027
6.093552555539645	28.901679555048922	22.98915172602666
7.093552555539645	32.77898726973804	25.009505542571343
8.093552555539645	35.969366588261515	26.67312622678289
9.093552555539645	39.18098613828975	28.286269529227898
10.09355255553965	42.19323715169365	29.250713234823884
11.09355255553965	45.057772009632544	28.448872372045326
12.09355255553965	47.808864722034635	28.599983802415668
13.09355255553965	50.1650822214616	26.09892713149087
14.09355255553965	52.69122157292678	25.55145145782534
15.09355255553965	54.78724623642036	24.610367768422357
16.09355255553965	56.81182648485239	22.935882716596055
18.12655255553909	59.40747932124226	20.93076087145695
20.72355255553885	60.5307979283241	18.105252245549778
21.6955525555386	61.354339631668225	16.600403328436524
22.6955525555386	61.95244524154121	15.193922698067441
23.6955525555386	62.655786543869645	14.700988750316922
24.6955525555386	63.23216918970367	13.368539628312025
25.6955525555386	63.781518813622526	12.96131090555505
26.6955525555386	64.3308684375414	12.569952585065819
27.6955525555386	64.7532594049658	11.552965594266105
28.6955525555386	65.22054449807075	11.298272085544435
29.6955525555386	65.60576506036185	11.135615543156481
30.6955525555386	66.13242625517333	10.767331780307746
31.6955525555386	66.39551548631194	11.438419407859975
32.6955525555386	66.74453110853808	11.109588441441728
33.6955525555386	67.02113685063429	10.857652416292996
34.6955525555386	67.29677712766212	10.683264197795102
35.6955525555386	67.60958780982328	10.317026705993982
36.6955525555386	67.96970628033604	10.191185051321064
37.6955525555386	68.16376475908412	9.920282965693692
38.6955525555386	68.35830597036647	9.675326637865243
39.6955525555386	68.59822403986355	9.551037747990742
40.6955525555386	68.79276525114587	9.303957165132402
41.6955525555386	69.03268332064296	9.239275621633634
42.6955525555386	69.26487766959286	9.092987091732539
43.6955525555386	69.42224847574187	8.88718329639796
45.6955525555386	69.8456049082347	8.676999417518918
47.6955525555386	70.11690059245467	8.485164609056818
49.6955525555386	70.50501754995095	8.25169619636673
51.6955525555386	70.8110699766334	8.20644829928612
53.6955525555386	71.08719298619533	8.112282759586114
55.6955525555386	71.43041581801111	7.8628155593561
57.6955525555386	71.6307498197038	7.969186837122569
59.6955525555386	71.90735556180005	7.8427043755703325
61.6955525555386	72.13665351554477	7.855673557432361
63.6955525555386	72.41132832750417	7.716677556401326
65.6955525555386	72.61262779426532	7.778893085893344
67.69155255546684	72.80523324808553	7.774485449371134
69.69155255546684	73.03467602159041	7.695347411433612
71.69155255546684	73.33341987770505	7.896054040508254
73.69155255546684	73.53570411883595	7.789377973643466
75.69155255546684	73.681798292986	7.733965471948436
77.69155255546684	73.91873307542174	7.005952802217256
79.69155255546684	74.14630284669404	6.928651088011697
81.69155255546684	74.33734907442874	6.849556243822922
83.69155255546684	74.48250674746248	6.915788456064452
85.69155255546684	74.6735529751972	6.959475275154128
87.69155255546684	74.89597199032954	6.931969889029492
90.69155255546684	75.10106573480948	7.087770000918717
93.69155255546684	75.37405581022455	6.977341066551934
96.69155255546684	75.60115733093863	7.171373795144048
99.69155255546684	75.87414740635373	7.26938009835195
102.6915525554668	76.10124892706779	7.334320238467408
105.6915525554668	76.33724720838718	7.496299164207538
108.6915525554668	76.66455434855038	6.717382394660904
111.6915525554668	76.79098199925718	6.999336013900958
114.6915525554668	77.01808351997124	7.390345776168168
120.6715525555646	76.75258545348693	7.572882027604914
123.641552555564	76.85138632126149	7.5417787341240405
126.641552555564	77.14919367625978	7.599035241247672
129.641552555564	77.37535869585753	7.656027911110485
132.641552555564	77.45683429297966	7.624650285116472
136.641552555564	77.83658549565833	7.767649765430538
140.641552555564	77.95411638575978	6.702485962468648
144.6415525555367	78.36055787025424	8.701650174434844
148.6415525555367	78.6227781828314	8.698432268563623
152.6415525555367	78.84894320242908	8.763360794856315
157.6415525555367	79.22869440510769	8.934097875880921
164.79155255556	78.98098985983397	8.0254116559779
168.6415525555603	79.39773285660831	8.375355152369343
172.6415525555603	79.8495946452456	8.586120627164103
176.6415525555585	80.02144260009523	8.774505795075633
181.6415525555603	80.44427285412571	9.746094228398167
186.6415525555603	80.636723833535	9.972419519838914
191.6415525555585	80.85539684420198	9.974599684614196
196.6415525555603	81.11761715677902	10.148564494356464
201.6415525555603	81.3395679213532	10.437092813795264
206.6415525555585	81.58680421606873	10.238582687320518
211.6415525555603	80.9059679044847	9.280791353187627
217.4915525555607	82.76539087099114	9.306312260808111
223.4915525555607	83.01871442296296	9.285297185746073
229.4915525555607	83.28327598833093	9.606054693190892
235.4915525555607	83.5918531061671	9.52715006706837
287.7115525555437	85.41615728081057	10.315421607731878
294.7115525555437	85.77951971395306	10.250390190222673
301.7115525555437	86.09605709127823	10.800481252568385
308.7115525555437	86.24823852268466	10.7855020192345
316.6415525555294	85.54586268542454	12.095540242762759
324.6415525555294	85.99538322127097	10.347902060928709
332.6415525555294	86.21920698807783	10.553039790776747
340.6415525555294	86.58537892456938	10.744028467126395
348.6415525555294	86.85087699105372	10.895967816682049
357.6415525555294	87.081256265675	11.15427181791051
366.6415525555294	87.41277766086175	11.381706384850256
375.6415525555294	87.78269560181873	11.421956188239662
384.6415525554785	87.9362817848996	12.136784999229567
393.6415525554785	88.30900922920553	12.028364636054107
403.6415525554785	88.60447533141293	12.376596600855486
413.6415525554785	88.90883819422562	12.679261287279674
423.6415525554785	89.1705902562446	13.478932347959589
434.9615525554855	89.37240624681732	16.621416771775326
445.9615525554855	89.56017472064484	27.039785896196268