0.01388098650568281	0.13548028867369669	0.4404777145646068
0.01582543088079547	0.22712871924707853	0.5944471127396731
0.03332543095530127	0.22712871924707853	0.016608762685239985
0.0522143198941194	0.23908286236534573	0.11430463592509814
0.05415876426923205	0.23908286236534573	0.1323546915233121
0.05693654217247968	0.23908286236534573	0.16557489554611235
0.07638098662209813	0.31080772107494886	0.33894849949962547
0.07943654201881145	0.31080772107494886	0.3866557258846658
0.0813809863939241	0.41839500913935374	0.17548254252986356
0.09860320880034124	0.41839500913935374	0.17685498195134233
0.119436542114272	0.4861351534762013	0.5768886323756318
0.1355476531498425	0.5777835840495831	0.4989132364861187
0.1416587641178921	0.5777835840495831	0.36822899918310537
0.1449920975319401	0.6096612990316289	0.23585317715783577
0.1624920976064459	0.6096612990316289	0.07316547890227296
0.184714319959312	0.6295848708954076	0.3554283715536394
0.2055476532732428	0.6853708721139878	0.6320808238634343
0.2188809865801886	0.7610804451963468	0.3322986720085287
0.2277698754514859	0.7610804451963468	0.5431292326918995
0.2513809863194183	0.7570957308235909	0.12590791074782404
0.2736032088469074	0.7969428745511479	0.2840932877498754
0.2944365421608381	0.8049123032966597	0.43127044065644715
0.3022143198359117	0.8487441613969726	0.4645387297052034
0.3166587641644583	0.8487441613969726	0.48025404547819034
0.3599920976739668	0.9244537344793317	0.5843811067261944
0.3855476530916349	0.9523467350886218	0.45326387249639766
0.4047143198731646	0.9921938788161792	0.30151398812944497
0.4236032088119828	0.9921938788161792	0.22224107753641512
0.4430476532616012	1.0081327363072021	0.2433684942644373
0.4652698752652213	0.988209164443423	0.21190713404128336
0.4861032087537751	1.0001633075616907	0.3085283175466065
0.5083254309320182	1.0200868794254692	0.5000124494382283
0.529158764071326	1.0439951656620037	0.5558962834704216
0.5513809865988151	1.067903451898538	0.6476275300685369
0.5733254307597235	1.1236894531171182	0.8144137584151071
0.6169365421119437	1.1515824537264083	0.6395549646330841
0.6355476532080502	1.203383740572233	0.5099738938055252
0.6805476532499597	1.203383740572233	0.7724602631171161
0.7188809864637733	1.2272920268087673	0.5988905062056418
0.7458254309203767	1.2392461699270345	0.676715646340461
0.7680476532732428	1.322925171754905	0.6898124835070234
0.7888809864125506	1.362772315482462	0.49043052271492343
0.810825430922705	1.3468334579914392	0.7323799596302756
0.8319365420793474	1.3468334579914392	0.7359213939765995
0.8749920975715213	1.3707417442279732	0.49142307519240863
0.8972143199243874	1.3986347448372638	0.7822485768430532
0.9180476530636952	1.3826958873462407	0.9258944579511194
0.9402698754165613	1.4026194592100194	0.7791918497014552
0.9638809864591167	1.4305124598193097	0.8901237162607937
1.030547653168469	1.558023319747493	0.9522487676339226
1.069158764399617	1.5460691766292258	0.892138261126218
1.135547653091635	1.5779468916112713	0.8743942659389738
1.177492097736831	1.5978704634750498	0.8288987698891819
1.218880986347358	1.6257634640843408	0.8196808436753483
1.263880986563891	1.6695953221846533	0.7114852726762383
1.302214319952327	1.721396609030478	0.7831366568459667
1.333047653159156	1.7293660377759892	0.7661620179208564
1.385825431050762	1.7572590383852793	1.001383925185744
1.418047653121903	1.7333507521487455	0.8003310457067276
1.458325431060075	1.7532743240125237	0.7238163228016479
1.523325431062403	1.789136753367325	0.8237229253431051
1.566380986554577	1.8768004695679514	0.7044823325094964
1.60971431971484	1.86883104082244	0.7659936024099206
1.652769875381637	1.9046934701772416	0.779372265412332
1.718047653226677	1.9286017564137758	0.899761033769288
1.761103208718851	1.9286017564137758	0.7052981815164862
1.802492097504	1.9246170420410202	0.8572100175484038
1.847214319877821	1.9485253282775548	0.8836187179272946
1.933325430862169	2.0043113294961348	0.6231237412807585
2.045547653124231	2.0840056169512495	0.8870543407430337
2.135825431050762	2.135806903797074	0.6026802244868891
2.193047653203394	2.0800209025784935	0.691268332312466
2.302492097736831	2.1278374750515625	0.6120279185246368
2.365269875172089	2.1477610469153414	0.5081284881701421
2.469158764248277	2.1716693331518755	0.9126566225767714
2.537492097664654	2.219485905624944	0.8342151110905079
2.635825430759724	2.247378906234234	0.8190189832218558
2.714992097597133	2.283241335589036	0.6371600699514155
2.778603208735149	2.2951954787073032	0.629111106642597
2.861658764322783	2.3071496218255705	0.4820647093570024
2.969158764306485	2.3310579080621046	0.5129065803024686
3.05276987540492	2.323088479316594	0.6848321413366772
3.136103208660643	2.3191037649438377	0.6693556363947514
3.219436541916366	2.3350426224348606	0.5574808595441358
3.296658764378663	2.3669203374169063	0.6133794671986473
3.379714319791674	2.422706338635487	0.8577728014826955
3.467214319640334	2.402782766771708	0.6930488511494248
3.552769875463127	2.4625534823630435	0.668142744067538
3.636103208718851	2.4426299104992655	0.6224796071684177
3.80276987540492	2.5063853404633574	0.30560785511331684
3.897769875435188	2.490446482972334	0.3776320163407573
4.006103208772402	2.4864617685995785	0.05762603973618398
4.136103208777058	2.4864617685995785	0.32322323920870405
4.243880986603472	2.4984159117178457	0.09884102675751087
4.386103208718851	2.490446482972334	0.12898811846176136
4.55276987540492	2.474507625481311	0.18882966546092106
4.718325431069388	2.526308912327136	0.2681516346766184
4.829714319803315	2.5143547692088686	0.2960343525205366
4.956103208725835	2.52232419795438	0.2948569161688588
5.086658764241292	2.52232419795438	0.4953560801438487
5.215547653224348	2.5581866273091816	0.46188958279614656
5.386380986328732	2.562171341681937	0.3948160171935797
5.539436542039766	2.5581866273091816	0.6433143839687642
5.668603208690911	2.5820949135457156	0.7797581304868257
5.803047653131216	2.5940490566639833	0.5546376665710708
5.969714319817285	2.598033771036739	0.5811682162215706
6.122214319668274	2.6617892010008304	0.5625815951874593
6.273603208846907	2.6817127728646093	0.5412963954158437
6.469992097718205	2.677728058491853	0.5651606021089853
6.622214319901104	2.6817127728646093	0.5452945020025296
6.803325430741097	2.701636344728388	0.5215791353649604
6.969992097601789	2.6896822016101205	0.5353130601910663
7.136658764287859	2.713590487846655	0.6277151586152107
7.303325430973928	2.717575202219411	0.7863237293423674
7.483047653124231	2.7096057734738994	0.8781006077037883
7.658047653170797	2.7813306321835025	0.7407468570762915
7.88693654213057	2.82117777591106	0.8533552277076342
8.13665876422965	2.845086062147594	0.7504621999516905
8.386936542014155	2.87696377712964	0.934048556299173
8.63693654213057	2.87696377712964	0.596228756072026
8.88693654189774	2.896887348993419	0.7215576445251352
9.136936542014155	2.87696377712964	0.9914936319628861
9.387214319798659	2.9207956352299536	0.816022364632136
9.620269875351369	2.9207956352299536	0.7819107497833347
9.887214319856866	2.980566350821289	0.8247258335022757
10.13721431979866	3.0443217807853813	1.0265439625288733
10.38721431991507	3.040337066412625	1.0858061543296542
10.63721431985687	3.0841689245129382	1.0032741571935908
10.88721431979866	3.0682300670219154	1.2966615959441843
11.2205476531708	3.088153638885694	0.9734154999630613
11.48026987551202	3.1280007826132508	0.7922428105205112
11.80415876432744	3.159878497595297	0.7519904588421913
12.13749209769958	3.215664498813877	0.9901774519183272
12.47110320873981	3.247542213795923	1.0221295665074428
12.80443654211194	3.223633927559389	1.188424370182456
13.11804765301713	3.2395727850504117	1.2263112592841081
13.4711032086816	3.279419928777969	1.0177755906837618
13.80443654187911	3.3232517868782816	0.9554133243610186
14.13776987542587	3.299343500641748	0.9331249366937718
14.47110320862339	3.406930788706152	1.1721377635000156
14.82360320877706	3.450762646806466	1.3212107137256794
15.16943654210263	3.450762646806466	1.2551549197308352
15.55471431983824	3.4467779324337093	1.260470420064164
15.97138098629148	3.4706862186702434	1.3726531627600296
16.38832543093668	3.506548648025045	1.0664015872323458
16.80499209773916	3.5583499348708707	1.1584869446266433
17.19888098632873	3.6260900792077178	1.4252992813046539
17.60915876414583	3.6260900792077178	1.5904188534931292
18.01971431963102	3.6260900792077178	1.4610214702555877
18.4513809866221	3.657967794189764	1.5009746783472246
18.88332543093202	3.701799652290076	1.537614315575869
19.33610320873049	3.7894633684907024	1.3261640821116358
19.80554765324996	3.8213410834727486	1.601949941572373
20.30554765313354	3.8133716547272365	1.696388774569784
20.80554765301713	3.8572035128275504	1.7069143463462473
21.30582543091805	3.916974228418886	1.8674790843308375
21.80582543097626	3.9329130859099086	1.7097451114900581
22.38915876429019	4.000653230246754	1.4436173689712402
22.9724920974295	4.028546230856049	1.7264601723669948
23.55582543091805	4.06440866021085	1.8872328713326953
24.12943654218179	4.148087662038721	1.8037488759545182
24.69054765314286	4.19988894888454	1.8949176307810776
25.2741587642995	4.1640265195297435	1.610618618127939
25.85749209743881	4.219812520748324	1.7592541267109008
26.4613809865732	4.295522093830682	1.916099766771715
27.08776987537931	4.339353951930993	2.0021490731830185
27.71388098651732	4.379201095658548	1.6605031352554434
28.36110320881198	4.367246952540283	2.019556556040822
29.03082543077835	4.427017668131621	2.141788942807253
29.70026987542587	4.494757812468469	1.9798275081591485
30.39026987537	4.594375671787362	1.909220396687501
31.10276987550969	4.570467385550823	1.9900271983771947
31.89054765321271	4.6182839580238975	2.399946990233281
32.64054765321271	4.701962959851764	2.1709784557360767
33.47415876413652	4.745794817952081	2.220622916096056
34.30749209739224	4.769703104188611	2.2119184084538035
35.14110320883992	4.8374432485254575	2.33551841914344
35.97443654209565	4.917137535980577	2.4758326152949848
36.81054765325462	4.921122250353333	2.2820022907002104
37.72749209760877	5.004801252181199	2.4052674145711244
38.64415876429484	5.100434397127336	2.420274730701005
39.56110320882362	5.108403825872849	2.5069982248633003
40.47776987550969	5.18411339895521	2.424491298907173
41.42249209767397	5.219975828310013	2.566784204235259
42.39471431963102	5.287715972646859	2.536242106413331
43.38776987542587	5.315608973256149	2.6096484555602135
44.39499209753194	5.39530326071126	2.7522657826228376
45.41971431988713	5.455073976302602	2.5360275297884383
46.47499209760645	5.490936405657402	2.8095588658706143
47.55415876421102	5.562661264367002	2.6843452248641873
48.72915876437401	5.674233266804162	2.6971831098548633
49.89610320866996	5.714080410531722	2.828868849023307
51.06304765314053	5.741973411141013	2.7879326338954966
52.31304765319874	5.841591270459906	2.7684748844047804
53.56304765308232	5.881438414187465	2.9509341993148843
54.81332543098324	5.909331414796752	2.682976998464222
56.14693654213988	6.0209034172339155	2.914867499550313
57.4805476531219	6.072704704079735	3.0957872334552032
58.81388098661046	6.104582419061781	2.8624361617562197
60.23082543102282	6.216154421498945	3.2122766076217895
61.64776987543519	6.26397099397201	3.2155472249299173
63.1480476532779	6.355619424545395	3.1159128755905003
64.64832543094599	6.423359568882243	3.240340363805108
66.14860320861408	6.467191426982552	3.3380711623521226
67.73221431988713	6.582748143792469	3.1081603053126683
69.31582543098557	6.610641144401758	3.48343068028664
70.98249209767164	6.698304860602387	3.2767094789339146
72.62026987535137	6.7740144336847425	3.6169404258176496
74.3033254307411	6.8258157205305725	3.5277622975189256
76.03138098634736	6.885586436121907	3.344925123951829
77.80138098659882	7.00911258167733	3.664930044723157
79.61415876432511	7.052944439777645	3.40032038991728
81.45054765326859	7.188424728451342	3.6694028189366663
83.33082543105775	7.212333014687879	3.622562633404081
85.25249209745743	7.284057873397482	3.5153888999778484
87.23526987528385	7.379691018343616	3.4894134830655967
89.26526987537	7.407584018952905	3.5213515538925844
91.33749209742018	7.539079593253846	3.1564961543961148
93.45276987531179	7.5789267369814	3.357200276653318
95.61221431989179	7.614789166336204	3.706603489286414
97.8202698752466	7.730345883146122	3.6757695345139156
100.0816587643531	7.778162455619187	4.061521260027602
102.3911032085489	7.837933171210528	3.783979908561849
104.7655476532709	7.901688601174617	4.231219438386682
107.1838809864894	8.041153604221067	4.367754276085821
109.6555476531103	8.128817320421696	4.100336581451173
112.1922143197335	8.23241989411334	4.178092235621197
114.7830476532872	8.304144752822946	4.13072264411388
117.4391587643368	8.431655612751129	4.487324456836926
120.1572143198173	8.49541104271522	4.008757296729029
122.9438809865569	8.555181758306558	3.9547277027477774
125.7936032087491	8.662769046370965	3.9017932977867504
128.7088809866291	8.686677332607495	3.5825354253131962
131.6877698754724	8.726524476335054	3.7155119272664345
134.74304765325	8.85403533626324	3.5229840737536744
137.9102698754468	8.897867194363553	3.2102008223460468
141.1605476532313	8.981546196191424	3.2330767918525605
144.4944365421143	9.06124048364654	3.145306905892852
147.8283254309972	9.085148769883068	3.5260351932223104
151.2455476529613	9.184766629201961	3.382105242942183
154.7447143198406	9.264460916657075	3.2617470400691713
158.3302698753723	9.252506773538814	3.2513018446473385
161.9974920976274	9.316262203502903	3.3213610676669827
165.7336032088097	9.399941205330771	3.1252524643198134
169.5819365420794	9.507528493395176	3.3914634317796986
173.4988809866081	9.515497922140693	3.3126795401837446
177.5827698754911	9.61113106708682	3.3055664171509838
181.7502698754724	9.646993496441626	3.437443392148992
186.0008254310415	9.742626641387762	3.5690797603356774
190.3011032087561	9.774504356369816	3.6303756851593136
194.706658764062	9.858183358197683	3.3382134267517105
199.1986032087189	9.933892931280038	3.9834027954446163
203.8363809865732	10.009602504362395	3.6035383241758514
208.5436032086909	10.025541361853422	3.9854767832997258
213.4211032085768	10.117189792426808	3.860459645289946
218.4219365421632	10.208838223000178	4.126101898026491
223.5061032088306	10.248685366727747	4.235053694440483
228.6733254309111	10.396119798519704	4.002908330351342
233.953325430939	10.404089227265217	4.1426316620215715
239.3502698755074	10.515661229702381	4.364099060246027
244.8777698754166	10.57941665966647	4.653713467040329
250.5930476531685	10.66708037586709	4.371854579887874
256.4272143198359	10.766698235185988	4.894214800968821
262.3447143199337	10.794591235795279	4.464360587195668
268.429158764211	10.890224380741419	4.8978557848253335
274.679992097681	10.95397981070551	4.759356768477542
281.0144365420747	11.097429528124716	5.139662308571573
287.5130476532686	11.125322528734007	5.182334338451089
294.1433254308249	11.268772246153215	5.099764999053837
300.9344365421166	11.316588818626279	5.36447560645588
307.9352698752373	11.412221963572424	5.389694975422012
315.103047653236	11.487931536654775	5.597604906783886
322.4374920975715	11.627396539701222	5.215483147749298
329.9380476530823	11.691151969665317	5.451455558786127
337.6058254309646	11.822647543966255	4.704981171161467
345.4402698753584	11.882418259557593	5.025207236167306