0.002777777554001659	0.050556160059406476	0.07469708811997218
0.005555555457249284	0.09799156949784225	0.06214792279834563
0.008333333360496908	0.12170927421706597	0.09150289792241781
0.01111111108912155	0.15478923079913096	0.11633104893228018
0.01388888881774619	0.18100353601510766	0.13563385886928658
0.01666666654637083	0.20846614147946077	0.15226458187009018
0.01944444444961846	0.23218384619868457	0.15754329352681132
0.02222222200362012	0.2502841998001966	0.1641436889093097
0.02499999990686774	0.27337775439522616	0.1538842710416235
0.02777777781011537	0.29022980774834983	0.17259603222850567
0.03055555553874001	0.30271281023214996	0.16404680827998114
0.03333333326736465	0.32081316383366193	0.15560202536888654
0.03611111099598929	0.3326720161932797	0.16879910770863069
0.03888888889923692	0.3432825683044974	0.166317081685418
0.04166666645323858	0.3495240695463915	0.15364244103962785
0.0444444443564862	0.36512782265115057	0.18566077514908072
0.04722222225973383	0.3807315757558977	0.17323707477759015
0.04999999998835847	0.38135572588009187	0.17174768317054806
0.05277777771698311	0.40132852985416256	0.18164236184795743
0.05555555544560775	0.4063217308476922	0.15063869364636673
0.05833333334885538	0.4075700310960804	0.1972351715027486
0.06111111090285704	0.4244220844491922	0.1765436153016926
0.06388888880610466	0.4300394355669159	0.15700467797777187
0.06666666670935228	0.43253603606366886	0.19033536107026455
0.06944444443797693	0.44751563904423364	0.1818343322537461
0.07222222216660157	0.4487639392925983	0.18818058813506783
0.07499999989522621	0.4562537407828808	0.18691851379033259
0.07777777779847383	0.46811259314248677	0.20479730387943743
0.0805555553524755	0.4731057941360162	0.1889047956435359
0.08333333325572312	0.471857493887628	0.18549756307434212
0.08611111115897074	0.4899578474891399	0.23305279508829846
0.08888888888759539	0.4924544479859047	0.2092287616574201
0.09166666661622003	0.49744764897942234	0.19479564598430893
0.09444444434484467	0.4999442494761871	0.21350523599194335
0.0972222222480923	0.5074340509664695	0.24817471213440673
0.09999999980209395	0.5249102544437874	0.2114185975980513
0.1027777777053416	0.5261585546921755	0.19190320938343527
0.1055555556085892	0.5280310050647343	0.22085579650434695
0.1083333333372138	0.5330242060582521	0.22833388552014236
0.1111111110658385	0.5423864579211051	0.22411012083657222
0.1138888887944631	0.5498762594113757	0.21611161422285177
0.1166666666977108	0.5542453102807111	0.2007289245169471
0.1194444442517124	0.5536211601565169	0.21633770795077345
0.12222222215496	0.5586143611500465	0.19170552764838586
0.1277777777868323	0.5735939641305995	0.208783435241724
0.1333333332440816	0.5760905646273643	0.1875291038305006
0.1388888887013309	0.5916943177321115	0.21588727148841255
0.1444444441585802	0.5916943177321115	0.20908870097977092
0.1499999999650754	0.6016807197191468	0.19933503472447828
0.1555555555969477	0.6085463710852351	0.2429688773614642
0.161111111054197	0.6179086229480881	0.2314079740336474
0.1666666666860692	0.6235259740658	0.20783852987688767
0.1722222221433185	0.6310157755560706	0.2496650587639614
0.1777777776005678	0.6403780274189356	0.2318469319099127
0.1833333330578171	0.6547334802753065	0.25268929309576915
0.1888888888643123	0.656605930647877	0.2236571767660653
0.1944444444961846	0.660350831393018	0.26851202677311214
0.1999999999534339	0.6722096837526121	0.25717881431772643
0.2055555555853061	0.6709613835042476	0.2540207547683565
0.2111111110425554	0.6815719356154774	0.22210558423099597
0.2166666664998047	0.6928066378508886	0.1959645591423303
0.222222221957054	0.6903100373541243	0.2253466327749743
0.2277777777635492	0.7084103909556482	0.2423497403147915
0.2333333332207985	0.7096586912040126	0.245633205473845
0.2388888888526708	0.7134035919491536	0.27281299734235126
0.2444444444845431	0.7196450931910717	0.2761819078147823
0.252777777670417	0.7190209430668772	0.22787939670346083
0.2611111108562909	0.7302556453022891	0.27089554144896105
0.2694444443914108	0.7389937470409483	0.21643508566597203
0.2777777777519077	0.7539733500215012	0.25801756888566085
0.2861111111124046	0.7633356018843659	0.24269993478830362
0.2944444442982785	0.7633356018843659	0.26930581010151083
0.3027777778333984	0.7677046527536897	0.26820406575084654
0.3111111110192724	0.7833084058584248	0.2623433441314687
0.3194444442051463	0.7826842557342548	0.25827556941050306
0.3277777777402662	0.7957914083422373	0.23510738029078265
0.3361111111007631	0.7976638587148194	0.24036559149962733
0.34444444446126	0.803281209832519	0.2943251904725479
0.3527777776471339	0.8095227110744133	0.2937039312230329
0.3611111110076308	0.8182608128130726	0.2376241673214946
0.3694444443681277	0.8276230646759373	0.27146480312425963
0.3805555554572493	0.8294955150484962	0.26137805335234304
0.3916666665463708	0.8394819170355314	0.2766716265245886
0.4027777778101154	0.8569581205128614	0.2963158648607193
0.4138888888992369	0.861327171382173	0.2579342191137521
0.4249999999883585	0.8588305708854197	0.27805892521855646
0.436111110902857	0.8763067743627375	0.2693673096497611
0.4472222221666016	0.8794275249836969	0.27329062692904954
0.4583333332557231	0.8850448761014081	0.2771639697639288
0.4694444443448447	0.8969037284610146	0.24742194822181113
0.4805555556085892	0.891910527467497	0.2702574423802337
0.4916666666977108	0.9012727793303501	0.24089540888851202
0.505555555515457	0.9143799319383318	0.25205104691808666
0.5194444441585802	0.9168765324350852	0.26578769742361513
0.5333333331509493	0.9268629344221325	0.2569740069530498
0.5472222221433185	0.9343527359124145	0.2855213683119733
0.5611111111356877	0.9462115882720326	0.29940601864413935
0.5749999999534339	0.9418425374026972	0.32727873573388416
0.588888888945803	0.953701389762315	0.2767660294624287
0.6027777777635492	0.9605670411283915	0.28951131678604547
0.619444444484543	0.9643119418735325	0.3143449600915248
0.6361111108562909	0.9855330460959918	0.2812632183982244
0.6527777777519077	0.9861571962201857	0.29898473503356193
0.6694444442982785	1.0042575498216857	0.3287592634091606
0.6861111110192724	1.0011367992007385	0.3246297508476818
0.7027777777402662	1.0067541503184507	0.3280836459888037
0.71944444446126	1.0236062036715863	0.3110965529841875
0.7361111110076308	1.020485453050639	0.28198253469064755
0.7555555554572493	1.0373375064037624	0.32386285461270214
0.7749999999068677	1.0435790076456568	0.2638262918311097
0.7944444443564862	1.0535654096327043	0.3214798153384687
0.8138888888061047	1.0616793612471804	0.33156741722891925
0.8333333332557231	1.0598069108745984	0.2802090933660783
0.8527777777053416	1.071041613110022	0.3423239129522824
0.8750000000582077	1.0841487657180044	0.2863807478576594
0.8972222222364508	1.0841487657180044	0.3133035948994235
0.9194444444146939	1.0985042185743865	0.29794976281261076
0.941666666592937	1.1072423203130337	0.28221849942050153
0.963888888945803	1.1084906205614218	0.33141095357163386
0.9888888888526708	1.125342673914546	0.3088834040220069
1.013888888934162	1.1247185237903636	0.30911763457590374
1.038888888841029	1.1390739766467344	0.3345431822194885
1.063888888747897	1.1440671776402405	0.3179633598725495
1.088888888654765	1.1471879282611874	0.2939673965013403
1.116666666639503	1.160919230993376	0.32972036277565037
1.144444444449619	1.1659124319868936	0.30906550064481586
1.172222222259734	1.1783954344706937	0.345206960608096
1.199999999895226	1.1858852359609757	0.32550609012520887
1.227777777705342	1.194623337699635	0.3518117591057463
1.258333333244082	1.1964957880722054	0.3285371427061244
1.288888888608199	1.2089787905560054	0.312444394919676
1.319444444496185	1.2152202917978998	0.3156260041396419
1.350000000034925	1.228327444405906	0.3443320465039389
1.383333333302289	1.237065546144553	0.32560743334197084
1.416666666569654	1.250172698752547	0.32175341313166606
1.450000000011642	1.2445553476348354	0.31661537150870167
1.486111111007631	1.2551658997460529	0.3335426916211565
1.52222222200362	1.2639040014847238	0.34481457415634664
1.558333333348855	1.2788836044652883	0.30625022051881967
1.594444444344845	1.283876805458806	0.33644409581953805
1.633333333244082	1.291990757073283	0.30088247314369315
1.672222222143319	1.296983958066789	0.37861673562926235
1.711111111042555	1.3094669605506006	0.3596380502573781
1.752777777670417	1.3194533625376361	0.3739260318425506
1.794444444298279	1.3213258129102063	0.3344951649731922
1.836111111100763	1.3388020163875245	0.3513786232754129
1.880555555457249	1.3412986168842769	0.333076927688989
1.924999999988359	1.3593989704857894	0.3479972301424993
1.969444444344845	1.363768021355113	0.3324291212446421
2.016666666604579	1.3768751739631189	0.333200914525283
2.063888888864312	1.3799959245840658	0.3469955730429652
2.113888888852671	1.3906064766952955	0.3108906902382604
2.163888888841029	1.3931030771920483	0.34318036717316575
2.213888888654765	1.4024653290549012	0.29773000431294316
2.266666666546371	1.4105792806693784	0.31463972034308807
2.319444444437977	1.4205656826564133	0.27032710359894807
2.375000000058208	1.4268071838983079	0.2894946997015401
2.430555555503815	1.4336728352643957	0.2954234343280277
2.488888888852671	1.446155837748196	0.30958383383331206
2.547222222201526	1.4505248886175315	0.3122765837845996
2.608333333104383	1.4605112906045667	0.3118956300720421
2.669444444356486	1.4598871404803722	0.2810214895194807
2.733333333337214	1.4692493923432257	0.31498329826587834
2.797222222143319	1.4817323948270253	0.27617614355365194
2.863888888852671	1.4885980461931259	0.31179551701163494
2.930555555562023	1.4992085983043555	0.2755296576998583
3.0	1.5073225499188203	0.28355977289368145
3.069444444437977	1.5079467000430025	0.2949592756707799
3.141666666604579	1.524798753396138	0.3267115479881091
3.216666666499805	1.5198055524026082	0.2938091184743904
3.291666666569654	1.543523257121844	0.30624042924001105
3.369444444368128	1.5366576057557562	0.2690307332008101
3.447222222166602	1.549140608239544	0.2938211465999099
3.5277777776937	1.552261358860491	0.30310215571543436
3.611111110949423	1.5716100127103794	0.26380864570116946
3.694444444205146	1.574106613207156	0.31483169916860504
3.78055555553874	1.5847171653183731	0.2622903803634564
3.869444444251712	1.584093015194191	0.304443484806289
3.961111111042555	1.6003209184231328	0.3001083779697877
4.052777777833398	1.6040658191682737	0.3110666944026982
4.14722222200362	1.6084348700375855	0.2689469177856623
4.244444444251712	1.6196695722730088	0.30507208662047325
4.344444444403052	1.6271593737632915	0.2944620365209681
4.447222222108394	1.6340250251293804	0.2847306229191502
4.549999999988359	1.645259727364792	0.2725523308952795
4.655555555596948	1.6521253787309034	0.2944034917772604
4.763888888934162	1.6583668799727984	0.2917944018478288
4.875	1.6727223328291567	0.2783497551310042
4.988888888794463	1.6802121343194394	0.2982403700166661
5.105555555492174	1.6764672335742976	0.3001378314821345
5.224999999918509	1.6889502360581101	0.29009278036135133
5.347222222248092	1.7001849382935212	0.2785910350245568
5.472222221957054	1.703929839038663	0.2795166030411932
5.599999999918509	1.710795490404751	0.26682314007570096
5.730555555608589	1.725150943261122	0.2793924108859667
5.863611111009959	1.7332648948755986	0.2980184127540659
5.999722222157288	1.7413788464900635	0.2786947987607867
6.138611111033242	1.7444995971110107	0.2932200769038165
6.280277777637821	1.7513652484770987	0.29269361799309024
6.427500000048894	1.7619758005883286	0.29781309125453514
6.577499999839347	1.773834652947946	0.29106032120790754
6.73027777770767	1.776331253444699	0.27689060713996166
6.885833333304618	1.7825727546865935	0.27189327827575077
7.046944444358815	1.7994248080397284	0.28324801403959576
7.210833333141636	1.80316970878487	0.2709795999180166
7.377500000002328	1.8119078105235409	0.26133412781136717
7.549722222145647	1.824390813007329	0.2377303916885009
7.724722222192213	1.8281357137524705	0.2545899859074516
7.905277777696028	1.8350013651185462	0.2709508654344038
8.088611111103091	1.841867016484659	0.2255306012706094
8.27749999979278	1.844987767105606	0.23662454533033916
8.46916666656034	1.8524775685958879	0.2390399151898971
8.66638888878515	1.8562224693410172	0.23558388771060199
8.866388888738584	1.8649605710796764	0.25291505771180833
9.071944444498513	1.8774435735634767	0.23308486943691933
9.283055555541068	1.8786918738118648	0.2332682973328799
9.499722222040873	1.8868058254263176	0.24980324450655889
9.719166666443925	1.896792227413365	0.21975876938540914
9.944166666653473	1.9086510797729828	0.23354355910462787
10.17472222214565	1.9117718303939302	0.19928286236675352
10.41083333309507	1.91738918151163	0.18514439528151702
10.65250000002561	1.9267514333744946	0.1907530505697362
10.89972222223878	1.9267514333744946	0.18262642783958768
11.1524999999092	1.9354895351131416	0.13989089867034396
11.41083333338611	1.9379861356099064	0.18270649621035154
11.67472222214565	1.9348653849889477	0.1572527656117487
11.94416666653706	1.9448517869759945	0.14887710227357256
12.22194444428897	1.9529657385904715	0.16491525865193607
12.50527777749812	1.9517174383420832	0.15330281534241383
12.7941666666884	1.9685694916952066	0.16421333553234055
13.09138888888992	1.9666970413226477	0.17127860593643163
13.39416666672332	1.9735626926887366	0.15675102672475877
13.70527777774259	1.9785558936822534	0.13289293031825053
14.02194444439374	1.9841732447999656	0.17884737725636235
14.34694444440538	1.9897905959176776	0.16533518465244368
14.68027777777752	1.989166445793483	0.15355974232392508
15.01916666660691	1.994783796911183	0.16216014840238968
15.36638888879679	1.9954079470353774	0.19468173460230193
15.72194444434717	2.0091392497675544	0.1854545077487029
16.08583333325805	2.0222464023755484	0.1745197450231151
16.45805555552943	2.0166290512578358	0.21753977713615003
16.83861111098668	2.026615453244884	0.23363528190410984
17.22749999997905	2.0428433564738135	0.26031181120249053
17.62749999988591	2.0453399569705897	0.2505318888890568
18.0358333333279	2.0472124073431486	0.24446776070419785
18.45249999995576	2.0615678601995193	0.29115514994025127
18.88027777749812	2.0728025624349313	0.24508296583544786
19.31638888892485	2.0821648142977964	0.21817075029916388
19.76361111109145	2.093399516533208	0.25418446812714085
20.22194444434717	2.105258368892826	0.2774674575508855
20.68861111113802	2.115244770879861	0.24388678404325126
21.16638888884336	2.109627419762137	0.2588791471381055
21.65527777763782	2.11711722125242	0.23126330219927538
22.15527777769603	2.132096824232984	0.2237709000351748
22.66638888884336	2.1420832262200316	0.23843405584658067
23.19138888880843	2.145203976840979	0.21241649579316982
23.72750000003725	2.162680180318297	0.2557751538850568
24.27472222218057	2.162680180318297	0.2592291466081946
24.83583333314164	2.1714182820569556	0.24383292610557786
25.41083333309507	2.188894485534273	0.21606274447762974
25.99694444448687	2.1901427857826623	0.24256345385610745
26.59694444434717	2.1995050376455025	0.21701559086548702
27.21083333337447	2.208867289508356	0.24773202048562432
27.83861111104488	2.218853691495391	0.24019685521199838
28.4830555554363	2.218853691495391	0.2375564389302787
29.14138888864545	2.231960844103398	0.2563547822720061
29.81361111084698	2.2406989458420443	0.2603672412531564
30.50249999994412	2.2519336480774688	0.2429626132194041
31.20805555558763	2.2581751493193623	0.26346523296520025
31.93027777777752	2.275651352796692	0.257568030989747
32.6691666666884	2.283765304411157	0.2827627387291716
33.42472222214565	2.29500000664658	0.27536469065486197
34.19694444449851	2.2981207572675273	0.27685152970786847
34.9858333330485	2.3162211108690394	0.24739542739765866
35.79416666639736	2.3137245103722623	0.24419774363122634
36.62194444419583	2.336818064967304	0.26581508494089934
37.46916666644393	2.34305956620921	0.26068023800542883
38.33583333314164	2.3455561667059635	0.25674448800505306
39.22194444428897	2.3555425686929987	0.2792611400129182
40.12749999988591	2.3748912225428866	0.2539725859696891
41.05527777783573	2.3767636729154695	0.2450169698787127
42.00249999988591	2.3942398763927866	0.29379199959324026
42.97194444428897	2.3986089272621225	0.27856698548772296
43.96361111104488	2.4142126803668575	0.2334673704800204
44.97749999997905	2.417957581111999	0.2711354114695764
46.01638888864545	2.435433784589329	0.24644507194724877
47.08027777774259	2.4410511357070286	0.29378898040352924
48.16638888884336	2.446668486824741	0.26859053635941577
49.27750000002561	2.460399789556917	0.26653630599746586
50.41638888884336	2.4703861915439522	0.24570724690900161
51.58027777774259	2.4897348453938526	0.24800047709139156
52.77194444445195	2.497848797008318	0.2988752545476351
53.99138888879679	2.5009695476292646	0.2741042224999242
55.23861111112637	2.5122042498646877	0.2657694764056144
56.51361111109145	2.5184457511065825	0.22931626274247968
57.81916666659527	2.540291005453247	0.258994373029847
59.1524999999092	2.546532506695142	0.24893391476911045
60.51916666649049	2.5540223081854236	0.27192688896812284
61.91638888878515	2.562136259799889	0.26372821548764697
63.34416666644393	2.5796124632772064	0.24169677852403276
64.80527777754469	2.5796124632772064	0.23717157992713264
66.29972222208744	2.5983369670029126	0.270398276778919
67.8302777778008	2.6020818677480424	0.2504161278371363
69.39694444433553	2.617061470728607	0.22863837626265576
70.99972222204087	2.622054671722136	0.2789844397435387
72.63861111109145	2.640155025323637	0.22234936650168316
74.31638888869202	2.642027475696207	0.26865654820486046
76.03027777763782	2.652638027807425	0.24701973258431148
77.78583333338611	2.6688659310363776	0.24121984662447446
79.58027777768439	2.6694900811605726	0.1980950592628491
81.41638888878515	2.688214584886266	0.23505644492405922
83.2941666666884	2.6963285365007432	0.24643110585493472
85.21638888894813	2.6994492871216904	0.22481259982504906
87.18305555538973	2.7038183379910015	0.2440540152831837
89.19416666653706	2.71754964072319	0.22263109644383616
91.25249999994412	2.731905093579561	0.18394405102252015
93.3580555554363	2.741267345442402	0.24383729152285577
95.51361111109145	2.748132996808514	0.2611562031709059
97.71638888883172	2.759991849168108	0.2398253739398766
99.97194444428897	2.7556227982987846	0.21655362197178285
102.2774999999092	2.778092202769632	0.21654784749173764
104.6386111111497	2.7880786047566675	0.22234738219765032
107.0524999999325	2.7949442561227555	0.21267490470277897
109.5219444443355	2.8018099074888436	0.27071570294747466
112.0497222220874	2.811172159351698	0.22240002998963476
114.6358333331882	2.819910261090345	0.2089094262686656
117.2802777776378	2.828648362829015	0.22638774673496462
119.9858333333395	2.8430038156853747	0.2205864937485522
122.7552777774981	2.8498694670514615	0.2556063330918733
125.5886111109867	2.8554868181691853	0.23636695279489803
128.4858333332813	2.867969820652974	0.26556434774468357
131.4497222221107	2.872963021646503	0.234760667021141
134.4830555555527	2.8935599757447563	0.244432550251143
137.5858333332581	2.8960565762415325	0.26802533890059765
140.7608333333046	2.9141569298430325	0.23107735656147743
144.0080555553432	2.9185259807123685	0.2663790497976247
147.3302777778008	2.928512382699404	0.23755125999208754
150.7302777777077	2.941619535307386	0.2531778039785051
154.2080555555876	2.9422436854315808	0.22843346225657832
157.7663888886455	2.9584715886605215	0.24207493062216676
161.4052777777542	2.969706290895945	0.23559471926211223
165.1274999999441	2.9771960923862277	0.23092921694221327
168.935833333293	2.987182494373264	0.23188811490717878