0.01000000000021828	0.35865858623779495	0.2851782562407684
0.02000000000043656	0.6583364129704191	0.579510732092529
0.03000000000065484	0.9282120834654004	0.7831501577228368
0.04000000000087312	1.1775033659235383	0.9680799896690444
0.05000000000109139	1.4110951349032819	1.1376067418729838
0.06000000000130967	1.6320268161880722	1.2945433852920523
0.07000000000152795	1.8423669026993947	1.4409241779633013
0.08000000000174623	2.0436112229961356	1.5782506799509002
0.09000000000196451	2.2368914941145963	1.707780526317526
0.1009816608893743	2.441019369059666	1.842092477409902
0.1133032870638999	2.661043573043866	1.9838872626002075
0.1271283790183588	2.897819781485702	2.13306203788392
0.1426403873238087	3.152191403785369	2.289518770138562
0.1600451469057589	3.4249915023543083	2.4531399948383954
0.1795736083495285	3.717036392649888	2.623631349408684
0.2014849024735668	4.029091304022361	2.8005918448549316
0.2260697788387915	4.361880159127946	2.983784929468438
0.2536544638169289	4.716113646815287	3.1728559575883275
0.2846049894187672	5.09243394669364	3.36736430872173
0.3193320503141877	5.4914501956908035	3.567013615661585
0.3582964535025894	5.913736221438602	3.7716204194999623
0.4020152329412667	6.359858788641701	3.980890704525145
0.4510685102704883	6.830323877660388	4.194186387856794
0.506107192678428	7.3255511635683135	4.410704776718265
0.5678616100403815	7.845861613218228	4.631789663820811
0.6371512059549786	8.391984070138529	4.85908957180506
0.7148954112626598	8.964618792039369	5.089312036562167
0.802125844332295	9.56373625875402	5.322909368720345
0.9000000000132786	10.190140503592168	5.564020476423699
1.009816608886467	10.84475452041892	5.811252959426715
1.133032870630814	11.52806127454996	6.064760273807487
1.271283790178131	12.24101850748196	6.326562289341987
1.426403873234449	12.984573549078693	6.597079318696201
1.600451469056679	13.75978011203055	6.877083603326635
1.795736083496195	14.567762384766098	7.167044152187626
2.014849024738396	15.409680969435357	7.467079435425983
2.260697788388825	16.286686067179033	7.77688318864899
2.536544638172018	17.199866319101865	8.095690290162
2.846049894189491	18.15019412213615	8.422203589647623
3.193320503144605	19.138457616131486	8.754614384580243
3.582964535029532	20.165210706096655	9.090765519102764
4.020152329412667	21.230742585928734	9.428246893829382
4.510685102705793	22.33504973833709	9.764172116159745
5.061071926780642	23.477754059254952	10.095341697043528
5.678616100397449	24.658112423561533	10.418815802516184
6.371512059542511	25.875066619042304	10.733241151205743
7.148954112613865	27.12755815478635	11.0368926854204
8.021258443311126	28.41412759222915	11.324488934298262
9.000000000120963	29.732496780248393	11.595027047787346
10.09816608885376	31.08097049417647	11.849350048170097
11.33032870629995	32.45745912926743	12.084847872651967
12.71283790177586	33.85966120626752	12.301450703712673
14.26403873234176	35.2854645609038	12.5009163146488
16.00451469056588	36.73296464386044	12.685597357650918
17.95736083496195	38.200581862193474	12.850905808532069
20.14849024738669	39.68534881054312	12.987699267298028
22.60697788389098	41.183576722411296	13.103423430995628
25.365446381722	42.69399867732175	13.227219440634094
28.46049894189946	44.219603386264104	13.343949761359413
31.93320503145242	45.75563625215604	13.407960449289542
35.82964535029805	47.29459748153776	13.47464525195785
40.20152329412849	48.844417914887316	13.54967970055069
45.10685102706248	50.3988895217524	13.59503033172933
50.61071926781369	51.95719686800366	13.635324044477754
56.78616100398267	53.51875530304239	13.668778614401958
63.71512059543147	55.0823154992406	13.693743636857063
71.48954112614956	56.64688620876445	13.711692367568014
80.21258443311854	58.21152370561584	13.723164890341428
90.00000000121327	59.775325115977346	13.728632761592946
100.9816608885376	61.33741555317651	13.728468914818027
113.3032870630022	62.896934295936816	13.722949482791064
127.1283790177613	64.45302208188453	13.71225676496056
142.6403873234231	66.00480773213938	13.696480997183112
160.0451469056607	67.55139565043709	13.675622746846457
179.5736083496204	69.09185285458884	13.649592755066937
201.4849024738669	70.6251963801077	13.6182130914398
226.0697788389098	72.15038062581496	13.581216562153722
253.65446381722	73.6662848231901	13.538244120188047
284.604989418991	75.17170019754035	13.488841677606276
319.3320503145224	76.66531737419156	13.432455676178623
358.2964535029769	78.14571353194982	13.36846618078189
400.7964535029769	79.57289071999222	13.296946696492668
443.2964535029769	80.84286042522201	13.22562233740575
485.7964535029769	81.98454844066364	13.157316116007161
500.0	82.34141744575702	13.138058120332673