0.0008333333535119891	5.711779237085262	11.147991506745782
0.001666666707023978	14.437225292195794	14.030253128496
0.002500000060535967	20.46700508637791	15.56547274248515
0.003333333414047957	25.08535163867639	14.83163892393872
0.004166666767559946	28.18218783317314	13.989790989621063
0.005000000121071935	30.74820771313136	13.133170061107283
0.005833333474583924	32.64887258131774	12.206187000231045
0.00666666665347293	34.26333694811708	11.078203025293135
0.007499999832361937	35.46195443255891	10.90085137281522
0.008333333360496908	36.6776950239214	5.1726075848082695
0.009166666539385915	34.15570599033042	8.140212497000576
0.01000000006752089	35.6111700785813	9.744171252150469
0.01083333324640989	37.55097347687193	20.62427756195842
0.01166666677454487	39.14342242048753	21.410094409759225
0.01249999995343387	40.53528639731902	20.755735907345244
0.01333333330694586	41.824411732626885	19.876661174637107
0.01416666666045785	43.118429384197846	18.577268651417395
0.01500000001396984	44.14092348317072	17.14556088382051
0.01583333336748183	44.977509564148505	15.501022806532548
0.01666666672099382	45.70646468733968	14.317589015168144
0.01750000007450581	46.4036197548212	13.945270367625062
0.0183333334280178	47.01026697143668	13.773392532791739
0.01916666678152978	47.60223723926301	13.614468083534375
0.02000000013504177	48.177084400168816	13.458516317853205
0.02083333331393078	48.75682387733768	13.589445966301287
0.02166666649281979	49.27296324308716	13.843824003477268
0.02250000002095476	49.77687181817904	13.90858706909968
0.02333333319984376	50.285672709533955	13.823437239590255
0.02416666672797874	50.801812075283436	13.974023742869404
0.02499999990686774	51.26902827840262	14.062854904901238
0.02583333343500271	51.719121374601194	14.100039009843526
0.02666666661389172	52.14964520574768	14.091948345356647
0.02750000014202669	52.597292143814705	13.864164968818255
0.0283333333209157	53.00824670990907	13.887779156811325
0.02916666667442769	53.42653975039793	13.886983230188989
0.03000000002793968	53.81792505144024	13.858709608540796
0.03083333338145167	54.175064138641254	13.783341229110727
0.03166666673496366	54.546880174631376	13.823306665014899
0.03250000008847565	54.906465419963965	13.690841962013897
0.03333333344198763	55.244035242112915	13.667246589589327
0.03416666679549962	55.58405122239331	13.779007136830186
0.03499999997438863	55.90449793762166	13.676433164942212
0.03583333315327764	56.24696007603363	13.625805598360415
0.03666666668141261	56.55272984247292	13.621675253278104
0.03833333338843659	57.169161691614406	13.582133568309837
0.04000000009546056	57.72688574559964	13.449898329687588
0.04166666680248454	58.28216364145334	13.441125187959294
0.04333333333488554	58.80074916533426	13.308165004156303
0.04500000004190952	59.30221158229468	13.33853416298677
0.04666666674893349	59.788997050465944	13.26917306001757
0.04833333345595747	60.24642862105912	13.224884255148043
0.04999999981373549	60.69652171725766	13.247894257243717
0.05166666652075946	61.12949170653563	13.15447878839266
0.05333333322778344	61.54533858889308	13.149988371896185
0.05499999993480742	61.94161620619834	13.124394223242223
0.0566666666418314	62.34523229789814	12.975275446082016
0.05833333334885538	62.71215601762525	13.018664919076294
0.06000000005587935	63.08397205361535	13.019079478404409
0.06166666676290333	63.43377266642188	12.912872383593822
0.06333333346992731	63.759111697913234	12.75027157295506
0.0650000000023283	64.10891231071977	12.840512490820043
0.06666666670935228	64.44158981660564	12.797471912761784
0.06833333341637626	64.73757495051888	12.759660944026596
0.07000000012340024	65.03111392630049	12.78048658496839
0.07166666665580124	65.32709906021371	12.78252362480956
0.07333333336282521	65.6353149847845	12.635833352137878
0.07583333342336118	66.06094649966793	12.628651334697873
0.07833333313465118	66.47434722389379	12.725048055786582
0.08083333336981013	66.86328636680456	12.69428785657382
0.08333333325572312	67.23265624466316	12.482528394886254
0.08583333331625909	67.59713380625874	12.496679584612613
0.08833333337679505	67.97384215851187	12.451907211589969
0.09083333343733102	68.32119661318687	12.252615625309973
0.093333333323244	68.63185869588918	12.461743153844704
0.09583333320915699	68.9694285180381	12.432411574620202
0.09833333344431594	69.29232139139798	12.289359059914212
0.1008333333302289	69.56384494399605	12.200640520048484
0.1033333333907649	69.89652244988197	12.425758615952782
0.1058333334513009	70.19984605818965	12.375427284426372
0.1083333331625909	70.47136961078772	12.32481731730475
0.1108333333977498	70.7428931633858	12.253092249672108
0.1141666668117978	71.10247840871835	12.427170538640782
0.1175000000512227	71.46940212844547	12.124468426378305
0.1208333334652707	71.8069719505944	12.128407580222277
0.1241666665300727	72.12986482395426	12.11376465053006
0.1274999999441207	72.46009617170864	12.159975338315212
0.1308333333581686	72.75118898935884	12.048776355787963
0.1341666667722166	73.04717412327204	12.044256294369436
0.1375000000116415	73.3382669409222	11.94070224732084
0.1408333334256895	73.64403670736148	11.894411467813391
0.1441666666651145	73.91066794369651	11.864981489052084
0.1475000000791624	74.18708381255757	11.91631051627116
0.1516666666720994	74.52465363470645	11.864766994299313
0.1558333332650363	74.81819261048814	11.79072259207195
0.1600000000325963	75.131300851322	11.804374338545474
0.1641666668001562	75.43462445962973	11.77023789910579
0.1683333332184702	75.72327111914834	11.641398808777813
0.1724999999860302	76.01191777866703	11.762077037837274
0.1766666667535901	76.29567212192266	11.699100045096651
0.1808333331719041	76.55741104199468	11.701215671373507
0.185833333292976	76.87785775722303	11.74722797542047
0.190833333414048	77.17139673300471	11.593139760697085
0.1958333333604969	77.46982802504938	11.495543582268901
0.2008333333069459	77.76336700083107	11.513385248893377
0.2058333334280178	78.06179829287575	11.559801717613109
0.2108333331998438	78.31375258042172	11.404403886029757
0.2158333333209157	78.57059918423073	11.390715138633116
0.2208333334419876	78.8274457880397	11.409524116235566
0.2266666665673256	79.1209847638214	11.33901483221649
0.2325000000419095	79.42675453026067	11.218065565722597
0.2383333333418705	79.67870881780652	11.254361003866983
0.2441666666418314	79.94044773787854	11.313528262819837
0.2500000001164153	80.21686360673964	11.219069359267072
0.2558333334163763	80.46881789428555	11.190402401983608
0.2625000000698492	80.75012607940971	11.042242258397726
0.2691666665486991	81.02164963200778	11.07935275994851
0.2758333333767951	81.3029578171319	11.024340351063863
0.282500000030268	81.54757363028328	10.980333882565715
0.2891666666837409	81.80197407596073	10.83367641570276
0.2966666666907258	82.0734976285588	10.852458071249366
0.3041666666977108	82.33523654863079	10.746187636307889
0.3116666665300727	82.58474467804523	10.671899611841745
0.3191666667116806	82.8513759143803	10.683925154414908
0.3266666667186655	83.06908398808501	10.70322800663339
0.3350000000791624	83.34794601507762	10.615920672143819
0.3433333332650363	83.58766951196598	10.594119485678606
0.3516666668001562	83.84451611577492	10.575340738820405
0.3599999999860302	84.08668577079484	10.496180550895142
0.3683333331719041	84.33864005834076	10.594949742741127
0.377500000060536	84.57836355522917	10.49553613034802
0.3866666667745449	84.82297936838056	10.495046098253336
0.3958333333139308	85.05781054900592	10.475659741948913
0.4050000000279397	85.29508788776276	10.404834027636998
0.4150000000954606	85.5470421753087	10.35304633984201
0.4249999998137355	85.78676567219706	10.368662374536417
0.4350000000558794	86.01181222029636	10.328974517658281
0.4458333333022893	86.26865882410539	10.254462547507945
0.4566666665486991	86.49859768846768	10.225150578708654
0.467500000144355	86.74321350161901	10.182604809675242
0.4783333333907649	86.96826004971842	10.119683594217765
0.4899999999906868	87.20309123034376	10.147850149176062
0.5016666667652316	87.4207993040485	9.99437275620119
0.5133333331905305	87.65073816841078	10.12698426018135
0.5258333331439644	87.88801550716768	9.987784376775439
0.5383333334466442	88.10816973900396	9.951817873731034
0.5508333334000781	88.33566244523473	9.967711288543153
0.564166666707024	88.54847820267645	10.00250010838413
0.5775000000139698	88.80043249022242	9.926817995287765
0.5908333333209157	89.00590977326958	9.912696846492251
0.6049999999813735	89.22851016323739	9.88565534488879
0.6191666666418314	89.4560028694681	9.924304888213776
0.6341666666558012	89.68349557569894	9.942862987422467
0.6491666666697711	89.8987574912722	9.711436153475137
0.6641666666837409	90.11891172310841	9.85818245280622
0.6800000000512227	90.33172748055017	9.835527938113456
0.6958333334187046	90.56655866117552	9.865219904278778
0.7125000001396984	90.77937441861722	9.853396902462414
0.7291666665114462	90.97506706913835	9.927391805035363
0.746666666585952	91.21968288228977	9.796146445283503
0.7641666666604578	91.4300524816	9.807192148264177
0.7825000000884756	91.66732982035683	9.695680815082488
0.8008333333418705	91.88259173593005	9.817195969004826
0.8200000001234002	92.11497675842386	9.854962588525986
0.839166666730307	92.30577709268199	9.759156235262731
0.8591666666907258	92.51859285012372	9.80907372822906
0.8791666666511446	92.72651629130236	9.716368128163863
0.9000000001396984	92.96134747192775	9.685202166179224
0.9208333334536292	93.16193243871183	9.644273745073079
0.9425000001210719	93.37719435428518	9.700667760024642
0.9650000001420267	93.5997947442529	9.574169137688491
0.9874999998137355	93.80771818543161	9.594674699969243
1.010833333362825	94.01564162661029	9.421385719814795
1.034166666737292	94.22845738405198	9.385332448898714
1.058333333465271	94.42904235083614	9.349646342203789
1.083333333372138	94.61005805256825	9.35004738618087
1.108333333453629	94.81798149374693	9.250286249442922
1.134166666539386	95.00878182800503	9.284015584853355
1.160833333153278	95.20202832039459	9.235598250239727
1.188333333469927	95.40750560344179	9.285591192862507
1.215833333437331	95.62032136088355	9.501934178507733
1.244166666758247	95.80378322074705	9.561270660936872
1.273333333432674	96.0141528200573	9.57841933328628
1.303333333460614	96.21718394497294	9.788482644465967
1.33416666649282	96.42755354428316	9.796646030527697
1.365000000048894	96.6477077761194	9.790961122183704
1.396666666783858	96.86541584982415	9.952889732957646
1.429166666697711	97.05621618408223	10.022352675870259
1.462500000139698	97.28860120657609	10.105677596611827
1.496666666585952	97.48918617336021	10.13954229484281
1.531666666734964	97.69955577267041	10.105485102897653
1.567499999888241	97.91481768824366	10.1360737474115
1.604166666744277	98.13497192007998	10.382015258696365
1.641666666604579	98.35023383565313	10.367738056560915
1.679999999993015	98.56060343496343	10.390288744823705
1.719166666734964	98.77097303427361	10.554882210252565
1.759166666655801	98.99112726610987	10.640603901964662
1.800000000104774	99.22840460486671	10.646138181823698
1.841666666558012	99.45100499483453	10.694501038669292
1.884166666539386	99.64914380348714	10.767243391504943
1.928333333227783	99.88886730037545	10.999878667178114
1.973333333444316	100.11636000660631	11.083302532382739
2.019166666665115	100.3316219221795	11.072138366194508
2.065833333414048	100.54932999588426	11.088143599034172
2.11416666652076	100.76948422772058	11.334981008638053
2.163333333330229	101.02143851526655	11.327151388471195
2.213333333143964	101.25137737962878	11.381821672912157
2.26500000001397	101.48131624399105	11.303003425749475
2.317499999888241	101.70147047582736	11.25501451382836
2.37166666664416	101.9460862889788	11.077548487959891
2.42666666675359	102.17602515334106	10.53740177534175
2.483333333395422	102.40841017583492	10.159153142843534
2.540833333390765	102.62611824953966	9.709147928359908
2.600000000093132	102.82181090006088	9.228086240361224
2.659999999974389	103.01750355058196	8.604087509011245
2.721666666737292	103.17161151286733	7.903706328081427
2.785000000032596	103.28413478691688	7.7225557311464925
2.849999999860302	103.41133500975569	7.9537969437723595
2.915833333390765	103.56299681390956	6.095247162313497