0.04249999993476195	0.7845428590478415	0.09689185571254247
0.07583333337674958	0.872437702177684	0.20672964201849078
0.1091666666441142	0.9603325453075268	0.2948344890423959
0.1424999997368559	1.049312509957498	0.2910046518063246
0.1758333331788435	1.049312509957498	0.23855935744652326
0.2091666666208312	1.1372073530873406	0.28065538514581395
0.2425000000628188	1.1372073530873406	0.38876797355076426
0.2758333333301835	1.2251021962171829	0.40850437330609773
0.3091666665975481	1.3336143482293286	0.5152583248815441
0.3425000000395357	1.3140821608671447	0.6079701699984663
0.509166666725605	1.5983839991389739	0.7017445617112814
0.6758333332370512	1.7937058727608528	0.7692987300335966
0.8424999999231204	1.8631536500486312	1.0130891829420998
1.009166666434567	2.146370366800342	1.228943863963171
1.509166666667397	2.7800813345513062	1.8117494263460454
2.009166666725605	3.3443445250144928	1.8981633171362322
2.509166666434567	3.6937536544936154	2.011923656758605
3.009166666667397	4.062694971334932	2.6042675370551285
3.509166666725605	4.411018979293937	2.849215859173366
4.009166666434567	4.970941683676628	3.2561062595968697
4.509166666667397	5.120688453453399	3.5198325314146715
5.009166666725605	5.679526036315982	3.902979206981348
5.509166666434567	6.022424436674374	3.7312642113818737
6.009166666667397	6.301300667345602	4.2529122882764625
6.509444444393694	6.751626098196031	4.235661591793603
7.009444444451901	7.029417207347139	4.375404694362666
7.509444444335486	7.283335643055569	4.042508744006213
8.009166666725605	7.538339200284118	4.487275469637774
8.509166666434567	7.899684666484586	4.002859479213769
9.009166666667397	7.984324145054064	4.188695542347461
9.509166666725605	8.431394211344136	4.527408553318679
10.0094444444519	8.408606659421576	4.690222873420075
10.5091666666674	8.771037247142152	4.508142021778561
11.00916666672561	8.83180405226897	3.9577221661886717
12.0091666666674	9.252831202076107	3.8833896841906284
13.00916666643457	9.781285382375293	3.8738445180824335
14.00916666672561	10.010246023120924	3.5632076153225567
15.00944444433549	10.13286475489466	3.742822146121673
16.00916666643457	10.17301425113915	3.565001654338044
17.00916666672561	10.404145134925042	3.35195786224821
18.0091666666674	10.742703049202944	3.298670609164041
19.00916666643457	10.805640097369984	3.439963197757961
20.00916666672561	11.036770981155868	4.261623706423185
21.0091666666674	11.183262386372283	5.314360840733579
22.00916666643457	11.334094277669163	5.776004845098417
23.00916666672561	11.699780229950123	6.019376171869012
24.0091666666674	11.722567781872673	5.757468975904117
25.00916666643457	11.894016982051864	6.560366760341861
26.00916666672561	12.345427534422413	6.6672262375642495
27.00944444433549	13.010607026256908	6.449646399012548
28.0094444444519	13.077884560504442	6.604653645032086
29.00916666672561	13.318781537971404	7.0657243891883095
30.0091666666674	13.579210702800577	5.893269865665719
31.00916666643457	13.839639867629739	4.92155172239159
32.00916666672561	13.906917401877278	5.637091153765035
33.0091666666674	14.274773597198461	5.576756993278047
34.00916666643457	14.427775731535593	5.2176026352056
35.00944444439369	14.602480296275163	4.58185556162815
36.0091666666674	14.668672709002562	4.0461688869136205
37.00916666643457	14.755482430612286	4.060167622860602
38.00916666672561	15.016996716961566	3.6989279841513754
39.0091666666674	14.869420190225041	4.74000939418131
40.00916666643457	14.74246097237083	4.534240069988116
41.00916666672561	14.50807472402459	4.743962328131735
44.00916666672561	14.835781423101286	5.171657330178644
47.00916666672561	14.948634061193925	5.3062148227003245
50.00916666672561	15.21014834754321	3.653178317695623
53.00916666672561	15.986010234430065	4.171928107590454
56.00916666672561	16.56763536921521	4.755658192458826
59.00916666672561	17.062450782390627	6.313060330682513
62.00916666672561	17.23607022561006	7.230350323653128
65.0094444443937	17.390157481467327	6.355443254687286
68.0091666667256	17.115621736876584	6.472228355344261
71.0091666667256	16.927895713895552	5.94581544224872
74.0091666667256	17.23607022561006	5.955314861880037
77.0091666667256	17.64407591717574	6.7915959829488886
80.0091666667256	18.245233239323056	6.579084714163056
83.0091666667256	18.633706743526574	5.1731143554728956
86.0091666667256	18.914753217238044	4.583919599024358
89.0094444443937	18.660834781529598	4.880692281912335
92.0091666667256	18.747644503139323	5.733474220794292
95.0091666667256	19.029776098370917	6.084932347615867
98.0091666667256	19.097053632618465	5.942118152163183
101.0091666667256	19.807808228298043	2.9157056857598382
116.0091666667256	19.816489200459014	2.20690400231679