0.008333333185873926	7.760885903832958	7.072187225861621
0.01666666672099382	11.621736479692856	4.067875304987174
0.02500000008149073	12.914833299428633	2.896073056119761
0.03333333344198763	13.688155907309776	2.6663953451625595
0.04166666662786156	14.27938466713549	2.349841589439421
0.0750000000698492	8.561868336735243	42.7200859930577
0.0833333334303461	18.12294785235719	69.81619148379963
0.09166666644159704	21.24620309432143	46.312375447337345
0.09999999997671694	24.248446601818475	33.999306244713935
0.1083333333372138	26.632954017177855	35.53453529327829
0.1166666666977108	29.541845615228695	35.65894050366147
0.1249999998835847	32.12112429844494	36.214820413486464
0.1333333334187046	34.456074527308274	34.534781318024436
0.1416666667792015	36.41992210380536	33.48624111228566
0.1499999997904524	38.28811278543787	32.763966758722546
0.1583333333255723	40.05949407949652	33.19141453378876
0.1666666666860692	41.761725811002506	34.2481125885465
0.1750000000465661	43.42362029768608	35.275288243508975
0.1833333332324401	45.087819769788055	36.87851156982735
0.19166666676756	46.785441530457206	38.22933679602401
0.1999999999534339	48.43004862650259	39.277620791842615
0.2083333331393078	50.089638127767756	40.51018324982929
0.2166666666744277	51.71811032588411	41.61147513545477
0.2250000000349246	53.24170568746225	42.07804738799649
0.2333333333954215	54.81946820637336	42.32700068215374
0.2416666665812954	56.396078232575235	41.916257019022865
0.2500000001164153	57.790594410721624	42.32108160220378
0.2583333333022893	59.18165311074041	41.9265283444085
0.2666666664881632	60.42749772939851	41.49836666050067
0.2750000000232831	61.671037362638096	41.04505664578753
0.28333333338378	62.96067670424624	41.44162285550606
0.2916666667442769	64.13506677493316	41.78765316196458
0.2999999999301508	65.26335713725165	41.99615047771806
0.3083333332906477	66.38934251415166	42.031513954230725
0.3166666666511446	67.58332496089517	41.22674319465217
0.3249999998370186	68.75080007532681	40.28474591438473
0.3333333333721384	69.77651858652543	40.43040060666604
0.3416666667326354	70.77688225812135	39.816191907052165
0.3500000000931323	71.67928404943427	38.57869866350989
0.3583333332790062	72.5056213219392	37.54360972470943
0.3666666666395031	73.2916213496217	36.403250262179746
0.3833333331858739	74.98117566132639	34.97712882929338
0.4000000000814907	76.41257160616753	34.450629353449095
0.4166666666278616	77.77712297387447	34.51545952931813
0.4333333333488554	79.06560982277338	33.85870375211962
0.4500000000698492	80.33565678832488	33.10030057171814
0.466666666441597	81.63105859347904	31.91727763570868
0.4833333333372138	82.81582109854891	31.19600713181254
0.4999999998835847	83.8035073503435	30.05040883711876
0.5166666667792015	84.68862175101822	28.07252206888542
0.5333333333255723	85.51034905268634	27.200869718903256
0.5500000000465661	86.36549864292158	26.001894091958928
0.56666666676756	87.13882125080274	25.513801709675636
0.5833333331393078	87.81072450027328	24.822312375733958
0.6000000000349246	88.52181250185703	24.047344068692414
0.6166666665812954	89.19141076590913	23.22045907630088
0.6333333333022892	89.86446650808888	22.232378289292836
0.6500000000232831	90.40959555954609	21.103742134719987
0.6666666667442769	90.91208238076253	20.04255773190237
0.6833333332906477	91.43877154887231	18.837115342420194
0.6999999998370185	91.88478622733734	17.15638889307663
0.7166666667326353	92.25358389428514	16.37549952326019
0.7333333332790062	92.56360443306315	15.346006766339855
0.7583333331858739	93.07761618137168	13.436446174890976
0.7833333334419876	93.43143144309974	12.111386527929739
0.8083333333488554	93.87859861427393	11.401739935604018
0.8333333334303461	94.18516167492429	10.947456597700448
0.8583333333372138	94.40298279696533	10.267546538192098
0.8833333334187046	94.6761235690486	10.393956494597251
0.9083333333255723	94.97116170260682	9.886194140339875
0.93333333323244	95.25121743094532	10.02283123284186
0.9583333331393078	95.4920884071706	10.51335996376614
0.9833333333954215	95.7940414969841	10.723089201824127
1.008333333302289	96.0521998638476	10.857989156807243
1.03333333338378	96.32764562134923	11.044006437876895
1.058333333290648	96.58349900279428	11.281178861038578
1.083333333372138	96.86701220926038	11.713933112047515
1.108333333279006	97.1171031271594	12.005041760699317
1.141666666720994	97.4755283597243	11.922654226253853
1.174999999988359	97.8224286651971	12.101923552313545
1.208333333430346	98.19468381027254	12.207897825959527
1.241666666697711	98.58307385327693	12.285380266077363
1.274999999790452	98.83777474201277	12.55675807909466
1.30833333323244	99.15125275891839	12.793821896047744
1.341666666674428	99.47740819562533	12.806470673927487
1.375000000116415	99.77936128543887	12.416221159305946
1.40833333338378	100.08707683879848	12.726598140453161
1.441666666651145	100.41092729008706	12.842684685261364
1.475000000093132	100.74284519034	12.830678344000773
1.516666666720994	101.1266252625076	12.6461748112665
1.558333333348855	101.43895078670404	12.420037898989913
1.599999999976717	101.7524288036096	12.158620009883679
1.641666666779202	102.07397426947975	11.678604284189323
1.68333333323244	102.37362237387485	11.37310305621633
1.725000000034925	102.60527340842653	11.215853862208629
1.766666666488163	102.88763412218337	10.993831240316524
1.808333333290648	103.13772504008236	10.784812585952416
1.858333333279006	103.41317079758399	10.474944555267236
1.908333333441988	103.71166640926985	9.996342730848362
1.958333333430346	103.97328225426102	9.461241536371677
2.008333333418705	104.22106818674155	9.13670861342221
2.05833333323244	104.45617669942078	9.032020056585653
2.108333333395422	104.61176321516432	8.823280062171001
2.15833333338378	104.79846703405673	8.614678476811577
2.208333333372138	104.95866352063713	8.48456006753973
2.266666666720994	105.16034974474931	8.53729508232798
2.325000000069849	105.38623831575481	8.22988341944448
2.383333333418705	105.61327937946953	8.581387041967364
2.44166666676756	105.8345579796382	8.704989465520592
2.500000000116415	106.05929405793451	8.726106986791187
2.558333333290648	106.28748761435855	8.837113360700357
2.625	106.45690404261256	8.965102683676347
2.691666666534729	106.70699496051164	8.931356289144233
2.758333333418705	106.89369877940393	8.886495746660286
2.824999999953434	107.10806242331735	8.80077236809319
2.891666666488163	107.31090114013857	8.739743050780959
2.966666666732635	107.57136449242061	8.959414650656013
3.041666666627862	107.79149059988008	9.013618553320343
3.116666666697711	108.00354925837493	9.125637842346881
3.19166666676756	108.20869296061474	9.144269614425534
3.266666666488163	108.42305660452814	9.193703900443424
3.350000000093132	108.64203021927834	8.922653432911728
3.433333333348855	108.90018858614188	8.615515440088299
3.516666666779202	109.10994225921844	9.002985460854747
3.600000000034925	109.32430590313184	9.242433014615054
3.683333333290648	109.5352120689176	9.39144137618196
3.775000000081491	109.72076339510076	9.589876375791448
3.866666666697711	109.86136750562456	9.402373715513486
3.958333333139308	110.15640563918285	9.29557465232861
4.049999999930151	110.4099540352095	9.459349787100445
4.150000000081491	110.67041738749137	9.441653187595763
4.249999999883585	110.92281329080876	9.868118940086417
4.350000000034925	111.12219452950241	10.205661996471903
4.458333333372138	111.31581330465	9.954405321358715
4.566666666534729	111.57512416422267	9.860348234257547
4.675000000046566	111.78603033000844	9.753482318203393
4.78333333338378	112.05686611667323	9.673849274035346
4.900000000081491	112.27699222413274	9.725726404951935
5.016666666779202	112.5144057222304	9.933538403086807
5.133333333302289	112.74605675678197	9.786968661056887
5.258333333185874	112.97770779133354	9.808470489400516
5.383333333418705	113.20935882588522	9.659666804922322
5.508333333302289	113.41796000625254	9.739518875433417
5.641666666720994	113.65422101164093	9.633838002825827
5.774999999790452	113.87204213368193	9.579070579849759
5.90833333338378	114.08294829946777	9.411941867690087
6.049999999988359	114.32612426111156	9.162722761350615
6.19166666676756	114.55547031024469	9.040282219569747
6.341666666732635	114.77213893957644	8.850611628802996
6.491666666697711	114.99457003245443	8.852772670957295
6.641666666488163	115.17551138780065	8.735788911076812
6.799999999988359	115.3495377868917	8.92314994647349
6.958333333139308	115.53047914223791	9.0845612217646
7.125	115.72064043925796	9.199288965393295
7.291666666686069	115.93730906858974	9.327799339973007
7.466666666732635	116.12747036560974	9.481084678493017
7.641666666779202	116.40983107936668	9.741391679576287
7.824999999837019	116.68297185144979	9.992142509850087
8.008333333418705	116.91923285683826	10.198820148209371
8.199999999837019	117.17623873099252	9.90007110624625
8.391666666779201	117.39175486761525	9.574059872032185
8.591666666732635	117.62801587300359	8.993417894969769
8.79166666668607	117.86658186381042	8.492078542559668
9.0	118.1028428691989	8.142021448851478
9.208333333139308	118.24920944326887	7.557130763248652
9.424999999988358	118.35869625064389	7.02697370140797
9.650000000023283	118.51082528825991	6.568823731237638
9.874999999883585	118.65949684774824	6.0462124047704755
10.10833333327901	118.81738834891027	4.702783353498313
10.34166666667443	118.92918014170385	4.057947350394334
10.58333333343035	119.02253205114998	3.679432941743371
10.83333333337214	119.15161123458188	3.177184146532274
11.08333333313931	119.2680129982121	3.096594130442232
11.3416666664416	119.19310097211341	3.1166144379531326
11.60833333327901	119.1907959866951	3.3514758017223887
11.88333333330229	119.21154085546064	3.754750353030217
12.15833333332557	119.24611563673709	3.886759711957736
12.44166666653473	119.37404232745978	4.097777257183993
12.73333333327901	119.53654379945858	5.216343046721272
13.03333333338378	119.70480773500344	6.021106210647997
13.34166666667443	119.89151155389578	6.702267857188175
13.64999999979045	120.05170804047621	7.365287040896969
13.9666666664416	120.21536200518428	7.6058436856955325
14.29166666662786	120.39745585323983	7.686627126244285
14.625	120.57954970129533	7.856837544002732
14.96666666673264	120.75588108580465	7.990433494534762
15.31666666665115	120.94604238282476	8.20496080241798
15.67499999993015	121.13044121629873	8.323754474148119
16.04166666674428	121.31138257164483	8.487305267686258
16.41666666674428	121.51767876659378	8.574437561896143
16.79999999993015	121.73319490321646	8.643936099769256
17.19166666665115	121.94410106900217	8.635526853598858
17.59166666673264	122.13541485873138	8.763196610936918
18.0	122.35438847348155	8.909160963833346
18.41666666662786	122.55492220488455	9.030014051512067
18.8416666664416	122.74508350190442	8.957545190013954
19.28333333332557	122.93409230621525	8.90977441215657
19.73333333339542	123.1473034574194	8.991629148230555
20.19166666665115	123.36051460862356	8.936347127151752
20.65833333344199	123.59216564317526	8.970413245158975
21.1416666667792	123.79154688186881	9.114563295213172
21.63333333330229	123.99092812056257	9.32008066564335
22.13333333318587	124.19952930092995	9.37403011609899
22.64999999979045	124.4069779885882	9.397579949811627
23.17499999993015	124.61557916895532	9.380486930097574
23.7166666664416	124.84146773996082	9.534882865009655
24.26666666648816	125.07542375993086	9.683192512448624
24.83333333343035	125.30131233093643	9.752494069054999
25.40833333338378	125.51913345297748	9.837526529760948
25.99999999988359	125.74847950211065	9.906280785323471
26.60000000009313	125.9801305366622	9.975973015523003
27.21666666667443	126.21293406392302	10.001486786492123
27.84999999997672	126.43882263492854	9.987736912547915
28.5	126.66586369864338	10.131577106209276
29.15833333338378	126.88944728423046	10.129750571021596
29.83333333313931	127.1291657677466	9.989203565709689
30.52499999979045	127.36888425126254	9.975050259861472
31.23333333333721	127.59016285143123	9.83031184283986
31.95833333343035	127.84140626203933	9.800880352675238
32.70000000006985	128.0695998184634	9.809319471083494
33.45833333343035	128.27013354986627	9.697590372242988
34.23333333333721	128.49947959899936	9.625621101279048
35.02499999979045	128.6907933887288	9.68064033363365
35.83333333313931	128.9086145107698	9.48770105467946
36.66666666674428	129.1356555744845	9.381454947895593
37.51666666672099	129.35001921839793	9.420326524154028
38.38333333341871	129.5724503112759	9.334329479675956
39.27500000002328	129.80640633124577	9.405719555761504
40.18333333334886	130.0127025261948	9.279507342808595
41.1166666665813	130.21669373572533	9.17921574055399
42.06666666653473	130.42529491609253	9.176330300658725
43.04166666674428	130.6350485891692	9.058688750458048
44.04166666668607	130.84364976953643	9.012190238356135
45.05833333334886	131.03265857384707	8.326269185337267
46.10000000009313	131.23549729066855	7.87730007221472
47.16666666674428	131.4487084418728	7.349562602242958
48.25833333330229	131.6446322024388	6.382901027608345
49.37500000011642	131.86706329531674	5.54588048517475
50.51666666648816	131.91662048181283	5.049604406629026
51.68333333329065	132.01688734751417	4.193392478439323
52.88333333318587	132.10562928612345	3.156128149141041
54.10833333333721	132.09410435903146	2.838443886827348
55.35833333339542	132.11023925696043	2.3705144696600615
56.64166666672099	132.18630377576835	2.780018307263309
57.94999999995343	132.19321873202352	2.7964259131571922
59.29166666662786	132.17016887783953	2.753938309264585
60.66666666674428	132.29348559772512	3.2610324684389393
62.06666666676756	132.40873486864618	3.91984014139826
63.49999999988359	132.55164396458855	4.182141441029048
64.9666666664416	132.65536830841756	4.890154388111922
66.4666666664416	132.73373781264402	5.471296057557221
67.99999999988358	132.83746215647312	5.698267595255663
69.57499999995343	133.00457359930866	5.775914619082171
71.18333333329065	133.1405677389958	5.71609053333214
72.82500000006985	133.30883167454064	5.726408845976853
74.50833333330229	133.41831848191578	5.615521355360702
76.23333333333721	133.59349737371596	5.460703286206362
77.9916666666395	133.72603403527543	5.079304681637812
79.79166666674428	133.8551132187072	4.98475811817884
81.63333333330229	133.96114254795472	4.615080594576921
83.51666666648816	134.01415721257848	4.5599591272336735
85.44999999983702	134.0833067751311	4.185782273144949
87.42499999998836	134.16282877206663	4.113590060591391
89.44166666676756	134.27692555027878	4.0923994634417475
91.50833333318587	134.36105751805118	4.127430441546033
93.62500000011642	134.45786690562514	4.406193969849992
95.79166666668607	134.54776133694358	4.589317044218141
98.0083333334187	134.66416310057411	4.660036332817091
100.2749999997905	134.78863231316876	4.400939285783653
102.5916666666744	134.90272909138073	4.248761868253029
104.9583333333721	135.01913085501127	3.7292355677044995
107.3833333334187	135.1297701550955	2.724807336289587
109.8666666666395	135.22542704996005	2.224950975845413
112.4083333333838	135.28074670000223	1.8802171649648909
115.0083333333023	135.33030388649834	1.499769928066131
117.6666666667443	135.30840652502354	1.0240619320613806
120.3833333331859	135.16895490720856	0.5568677305726655
123.1666666666861	135.17125989262723	0.23416412036014086
126.0083333331859	135.2173596009957	0.1069711412982332
134.9333333332907	135.25654435310895	0.43547882532316096
138.0499999999884	135.27844171458392	0.20272819887490146