0.002777777728624642	1.1604601783697377	0.9899330330538604
0.005555555631872267	1.8177634372959162	0.9066486184219246
0.008333333185873926	2.1754992817557133	0.9516614836194842
0.01111111126374453	2.463433010223433	1.1418884207464683
0.01388888899236918	2.7426414741921294	1.159628134226721
0.01666666672099382	2.9404141361698666	1.2228486783760208
0.01944444444961846	3.146912062646682	1.1003101653761842
0.0222222221782431	3.266157344133263	1.297601663335692
0.02500000008149073	3.461021584611418	1.524293714458363
0.02777777763549238	3.6093510810948164	1.2720008520977193
0.03055555571336299	3.7111458335833514	1.3833489871241258
0.03333333344198763	3.7983984785735854	1.2827287145527055
0.03611111117061228	3.9612700825552296	1.3257731945488256
0.03888888889923692	4.028163777047722	1.53219829831656
0.04166666662786156	4.129958529536368	1.467297951812395
0.04444444453110918	4.237570125024232	1.6271995186692592
0.04722222208511084	4.345181720512153	1.1967851339290378
0.05000000016298145	4.435342787002023	1.229985285833723
0.05277777789160609	4.426617522503002	1.295191994407067
0.05555555562023073	4.522595431992259	1.1520197103127836
0.05833333334885538	4.6069396554828	1.543116853196505
0.06111111107748002	4.644749134978531	1.5682170316504804
0.06388888898072764	4.743635465967429	1.3962390084013117
0.0666666665347293	4.766902837964861	1.3749574816410923
0.06944444461259991	4.854155482955041	1.558881380295791
0.07222222234122455	4.894873383950411	1.4686802551751774
0.0750000000698492	4.94722497094455	1.5534779643220222
0.07777777779847383	5.02284392993607	1.366760934378682
0.08055555552709848	5.078103938429902	1.486828746977371
0.0833333334303461	5.113004996425997	1.5234890235771832
0.08611111098434776	5.150814475921727	1.2523022285915462
0.08888888888759539	5.214799748914532	1.2773353821564706
0.09166666679084301	5.240975542411546	1.3605644305159807
0.09444444451946765	5.296235550905381	1.5611696830960857
0.0972222222480923	5.302052393904766	1.5678670218951458
0.09999999997671694	5.348587137899521	1.541808289353849
0.1027777778799646	5.406755567892993	1.4917699265546172
0.1055555554339662	5.479466105384874	1.529881431782446
0.1083333333372138	5.502733477382196	1.6617552558068431
0.1111111112404615	5.549268221377004	1.7391071666365372
0.1138888889690861	5.563810328875359	1.6190837274216547
0.1166666666977108	5.621978758868777	1.4112178950949277
0.1194444444263354	5.6336124448675475	1.4267107514374284
0.122222222329583	5.677238767362613	1.49555119350634
0.1277777777868323	5.761582990853097	1.4839672700070978
0.1333333334187046	5.808117734847965	1.702890996696945
0.1388888888759539	5.875011429340402	1.5978186706767448
0.1444444443332031	5.912820908836191	1.5532894391515273
0.1500000001396984	6.023340925823745	1.3437487591035442
0.1555555555969477	6.061150405319534	1.6053192066011417
0.1611111112288199	6.113501992313619	1.7075756998977891
0.1666666666860692	6.119318835313007	1.1001005547836242
0.1722222223179415	6.221113587801595	1.3686851937431173
0.1777777777751908	6.244380959798917	1.4173751313670337
0.1833333332324401	6.31418307579105	1.5115741202621795
0.1888888890389353	6.285098860794341	1.8833936063543255
0.1944444444961846	6.35780939828622	1.4404394731556553
0.2000000001280569	6.415977828279694	1.5040623201382053
0.2055555555853061	6.482871522772188	1.3396101011543267
0.2111111112171784	6.5497652172646825	1.8309271373930733
0.2166666666744277	6.543948374265297	1.727875707402216
0.222222222131677	6.578849432261391	1.5412637480076263
0.2277777779381722	6.6079336472581005	1.4178446215052634
0.2333333333954215	6.683552606249618	1.3284973391245147
0.2388888890272938	6.671918920250957	1.4549477712678782
0.2444444444845431	6.7533547222418076	1.5672280342170308
0.25277777784504	6.776622094239183	1.7704085299897636
0.2611111110309139	6.831882102733019	1.5241489708411533
0.2694444445660338	6.9016842187250935	1.674277861304358
0.2777777779265307	6.930768433721915	1.4686973783617978
0.2861111109377816	7.018021078712091	1.5043947200741474
0.2944444444729015	7.0412884507094144	1.6677933840496495
0.3027777778333984	7.070372665706234	1.4916064488297287
0.3111111111938953	7.105273723702329	1.662321404051716
0.3194444443797693	7.1401747816983665	1.3588898512830139
0.3277777779148892	7.212885319190246	1.636812311256472
0.3361111112753861	7.230335848188295	1.7738085985744316
0.344444444286637	7.2855958566820185	1.8094959279541352
0.3527777778217569	7.332130600676827	1.8221364807057072
0.3611111111822538	7.340855865175853	1.7717422891998433
0.3694444445427507	7.413566402667676	1.6577473174147273
0.3805555556318723	7.486276940159561	1.7788900231762075
0.3916666667209938	7.524086419655288	1.7181596156214198
0.4027777776354924	7.547353791652665	1.919159910076407
0.4138888888992369	7.599705378646751	1.7523052304094517
0.4250000001629815	7.654965387140586	1.6564819699913795
0.43611111107748	7.69568328813601	1.7481712969277128
0.4472222223412246	7.75094329662979	2.0004046698941718
0.4583333334303461	7.788752776125521	1.8252057006406375
0.4694444445194677	7.85855489211771	1.7606899886589424
0.4805555554339662	7.8760054211157575	1.7021968325951595
0.4916666666977108	7.925448586610206	1.952332029152641
0.5055555556900799	8.003975967101418	1.8386031074470595
0.5194444443332031	8.012701231600381	1.6777888049475573
0.5333333333255723	8.044693868096786	1.8803869867839766
0.5472222223179415	8.137763356086348	1.9347156619644783
0.5611111111356877	8.175572835582138	1.7518425121594974
0.5750000001280569	8.198840207579568	1.9681957045050098
0.588888888945803	8.222107579576894	1.9782966558612525
0.6027777779381722	8.312268646066766	1.8756075542867054
0.619444444484543	8.370437076060295	1.7690734631186573
0.6361111110309139	8.411154977055663	1.9541413115122221
0.6527777779265307	8.451872878051086	2.140672237520935
0.6694444444729015	8.480957093047795	1.8555997399161808
0.6861111111938953	8.542033944541013	1.7524133622982931
0.7027777779148892	8.629286589531194	1.8898983746628604
0.719444444286637	8.629286589531194	1.9832338694876193
0.7361111111822538	8.696180284023692	2.030961789396339
0.7555555556318723	8.739806606518751	2.1880353657443705
0.7750000000814907	8.765982400015876	2.0951036821860347
0.7944444445311092	8.84160135900734	2.0756418394993994
0.8138888889807276	8.89976978900081	2.0713698775757443
0.8333333334303461	9.021923491987089	2.395385347194919
0.8527777778799646	9.010289805988421	2.3292331108087576
0.8749999998835847	9.05100770698379	2.3760424300041643
0.8972222222364508	9.135351930474336	2.505304358297758
0.9194444445893168	9.158619302471768	2.3724128437964507
0.94166666676756	9.286589848457426	2.252155687056663
0.963888888945803	9.30694879895511	2.4052859838660816
0.9888888890272938	9.344758278450842	2.4107428611705752
1.013888888934162	9.452369873938764	2.402020439946269
1.038888889015652	9.478545667435888	2.4425414537707444
1.06388888892252	9.571615155425345	2.426481888388762
1.088888888829388	9.59779094892247	2.430406090938107
1.116666666814126	9.638508849917839	2.624837826600584
1.144444444449619	9.71994465190874	2.3433843135789334
1.172222222085111	9.751937288405147	2.5879152429163934
1.200000000069849	9.87409099139142	2.4053214007592247
1.227777777879965	9.894449941889157	2.5301842827843632
1.258333333418705	9.975885743880006	2.6286226626942306
1.288888888782822	10.013695223375796	2.634011979513429
1.319444444496185	10.095131025366586	2.7370633703564113
1.350000000034925	10.144574190861038	2.4931662265966397
1.383333333476912	10.202742620854565	2.6010175268964772
1.416666666744277	10.263819472347672	2.6076148984293854
1.449999999837019	10.342346852838883	2.790473836562499
1.486111111182254	10.400515282832298	2.7168131466162047
1.522222222178243	10.467408977324848	2.6395313755170164
1.558333333348855	10.5139437213196	2.7572148021210903
1.594444444519468	10.592471101810764	2.8330664361437763
1.633333333418705	10.673906903801667	2.7623024460029066
1.672222222317942	10.737892176794468	2.944410274081491
1.711111111217178	10.769884813290865	2.8635358073219903
1.75277777784504	10.854229036781357	2.8854027070466963
1.794444444472902	10.932756417272623	2.8633028766089637
1.836111111275386	10.993833268765727	2.9501457921795566
1.880555555631872	11.092719599754568	2.9446059349258373
1.925000000162982	11.139254343749387	3.1386353649699004
1.969444444519468	11.188697509243832	3.1913179789439825
2.016666666779202	11.26431646823529	3.0543820109482778
2.063888889038935	11.363202799224249	2.9287301398132817
2.113888889027294	11.427188072217044	2.895098509946138
2.163888889015652	11.505715452708257	3.135319349834831
2.213888888829388	11.598784940697763	3.223224786579555
2.266666666720994	11.64531968469252	2.9680433029784012
2.3194444446126	11.677312321188982	2.9353467861344242
2.374999999883585	11.767473387678795	2.9215912097511856
2.430555555678438	11.869268140167438	2.772236327939185
2.488888889027294	11.941978677659211	2.4903434423244293
2.547222222376149	11.956520785157675	2.9888250141345454
2.608333333279006	12.049590273147185	3.013903036638741
2.669444444531109	12.10775870314066	2.868801212950121
2.733333333337214	12.151385025635719	2.738667441664022
2.797222222317942	12.180469240632537	2.7945636006581145
2.863888889027294	12.343340844614184	3.1585506328580792
2.9305555553874	12.381150324109964	3.107023936611748
3.0	12.43641033260375	3.0047786409400072
3.0694444446126	12.50621244859593	3.3160013308718828
3.141666666779202	12.590556672086478	3.580287408616032
3.216666666674428	12.69235142457501	3.1693513979064103
3.291666666744277	12.770878805066166	3.3095782012057366
3.369444444542751	12.805779863062263	3.583846498491056
3.447222222341225	12.919208301549563	3.739467988178771
3.527777777868323	13.009369368039442	3.648274570487943
3.611111111124046	13.076263062531932	3.521459436345964
3.694444444379769	13.146065178524067	3.508401691172737
3.780555555713363	13.26240203851101	3.9790448840090713
3.869444444426335	13.37001363399893	3.6943203678901253
3.961111111217178	13.433998906991736	3.6644633765761307
4.052777777833398	13.503801022983922	3.8615718936685988
4.147222222178243	13.579419981975432	3.7845286282235464
4.244444444426335	13.721932635459455	3.9366868010066205
4.344444444577675	13.771375800953901	3.980751693184777
4.447222222283017	13.855720024444445	3.9354368286318913
4.550000000162982	13.966240041431938	3.992669982485434
4.655555555596948	14.01859162842609	4.156524748710354
4.763888888934162	14.169829546409181	4.04318754325954
4.875	14.286166406396063	3.9847204643835723
4.988888888969086	14.338517993390205	4.254674346565509
5.105555555666797	14.422862216880752	4.048960855010634
5.225000000093132	14.53629065536794	4.263166885589981
5.347222222248092	14.652627515354945	4.02374252523815
5.472222222131677	14.687528573351038	3.992531968785723
5.600000000093132	14.832949648334685	4.133057028369886
5.730555555433966	14.896934921327542	4.235898012979351
5.863888889027294	14.998729673816081	4.35229796360928
6.0	15.094707583305278	4.152035654096561
6.138888888875954	15.2023191787932	4.5757776164522905
6.280555555480532	15.286663402283736	4.269116954964483
6.427777777891606	15.394274997771658	4.373384171047909
6.577777777682059	15.533879229755975	4.465490001399728
6.730555555725005	15.603681345748171	4.476515549212649
6.886111111147329	15.734560313233464	4.5908731439194215
7.047222222376149	15.810179272224984	4.509230088264546
7.211111110984348	15.89743191721517	4.578596298639607
7.37777777784504	16.0195856202015	4.425522857254086
7.550000000162982	16.118471951190333	4.656876261053795
7.725000000034925	16.25225934017532	4.463198787043768
7.905555555713363	16.31915303466788	4.546461660738475
8.088888888945803	16.441306737654088	4.573357711802724
8.277777777635492	16.546009911642326	4.596699121488974
8.469444444577675	16.6681636146286	4.673617905842581
8.666666666627862	16.755416259618823	4.677139013849411
8.866666666581295	16.8484857476084	4.719475163958905
9.072222222341225	16.941555235597964	4.733241077493052
9.28333333338378	17.069525781583565	4.698384696956757
9.499999999883585	17.185862641570502	4.647160835486948
9.719444444286637	17.319650030555497	4.751074112300879
9.944444444496185	17.395268989546956	4.826328667200183
10.17500000016298	17.52033111403298	4.942230377956119
10.41111111093778	17.616309023522234	4.882485490948363
10.65277777786832	17.7268290405098	4.940092248750216
10.90000000008149	17.837349057497406	5.117622060767095
11.15277777792653	17.947869074484903	5.027518049421754
11.41111111122882	18.067114355971597	5.094603996650422
11.67500000016298	18.18054279445885	5.132770886615029
11.94444444437977	18.30851334044451	5.084141187441885
12.22222222213168	18.483018630424922	5.225337159186574
12.50555555569008	18.538278638918655	5.254195357021665
12.79444444453111	18.67788287090297	5.165160294063595
13.09166666673264	18.78258604489126	5.368906434379569
13.39444444456603	18.8814723758802	5.344710032081805
13.70555555558531	19.023985029364113	5.067037172632657
14.02222222223645	19.140321889351103	5.312184813577436
14.34722222224809	19.23920822034	5.248934672994193
14.68055555562023	19.399171402822063	5.1735712446512885
15.01944444444962	19.521325105808334	5.29042249655831
15.36666666681413	19.631845122795887	5.3856000451194985
15.72222222236451	19.742365139783512	5.255685856804935
16.08611111127539	19.867427264269466	5.334284315217242
16.45833333337214	19.954679909259706	5.223302855506611
16.83888888882939	20.07974203374562	5.2095523983571805
17.22777777782176	20.242613637727313	5.391394592162441
17.62777777772863	20.329866282717546	5.263959596159047
18.03611111117061	20.446203142704498	5.367656743924089
18.45277777779847	20.57999053168943	5.486079591609567
18.88055555569008	20.69923581317612	5.514293248894125
19.31666666676756	20.8504737311591	5.3093986600906895
19.76388888893416	20.93190953314995	5.585756798652004
20.22222222236451	21.080239029633244	5.679672977741516
20.68888888898073	21.193667468120548	5.473350254720968
21.16666666668607	21.32454643560584	5.346943990524921
21.65555555548053	21.440883295592837	5.363270145209686
22.15555555571336	21.589212792076125	5.597907072011317
22.66666666668607	21.725908602560818	5.3942126890862205
23.19166666682577	21.813161247550994	5.538898222042746
23.72777777787997	21.903322314040864	5.360454002153824
24.27500000002328	22.057468653523593	5.439952420591941
24.83611111098435	22.19125604250853	5.299854727431015
25.41111111093778	22.29305079499712	5.288126988260576
25.99722222232958	22.438471869980816	5.718774122614122
26.59722222236451	22.5286329364707	5.657288566186554
27.21111111121718	22.66242032545564	5.632950093362145
27.8388888888876	22.778757185442572	5.4529852068740805
28.48333333327901	22.91254457442762	5.546309264048398
29.14166666683741	23.095775128906993	5.520499089064299
29.81388888903894	23.171394087898523	5.743302188585265
30.50277777778683	23.319723584381865	5.602137128113222
31.20833333343035	23.412793072371432	5.696293820890498
31.93055555562023	23.534946775357714	5.6874129492416365
32.66944444453111	23.67455100734203	5.207997364204886
33.42500000016298	23.8141552393264	5.6123087148976865
34.19722222234123	23.915949991814937	5.6814578932299815
34.98611111124046	24.052645802299555	5.73590690309817
35.79444444458932	24.183524769784867	5.635576969124591
36.62222222238779	24.25914372877638	5.705991070688296
37.46944444428664	24.42492375425778	5.723325519655695
38.33611111098435	24.587795358239525	5.699128820840619
39.22222222213168	24.692498532227756	5.519418832982634
40.12777777772863	24.79138486321665	5.669784793034191
41.05555555567844	24.94553120269932	6.052428863579982
42.00277777772863	25.088043856183326	5.820668825830914
42.97222222213168	25.184021765672536	5.736070866322685
43.9638888888876	25.279999675161797	5.95215398399378
44.97777777782176	25.442871279143446	5.97987494274411
46.01666666683741	25.602834461625505	5.945222592179253
47.08055555558531	25.7162629001128	5.830757261078889
48.16666666668607	25.85877555359676	5.9386004318879095
49.27777777786832	26.010013471579864	6.1788852464621105
50.41666666668607	26.11471664556808	5.880311765645428
51.58055555558531	26.260137720551725	5.832336045866493
52.77222222229466	26.376474580538726	5.904640574929353
53.99166666681413	26.49571986202531	5.7766941000226515
55.23888888896909	26.6440493585086	5.807749921916058
56.51388888893416	26.740027267997917	6.065903789192277
57.8194444446126	26.8883567644812	5.845351228751761
59.15277777792653	27.01632731046687	5.9033050854393645
60.5194444443332	27.129755748954114	6.016276476505681
61.91666666662786	27.28681050993647	5.821344861754503
63.34722222236451	27.446773692418535	6.211360022218219
64.80833333346527	27.54275160190775	5.845610524286405
66.3055555553874	27.670722147893393	6.0781970178065965
67.83611111127539	27.81323480137742	6.218249608646034
69.40277777763549	27.917937975365646	5.958653774064287
71.00555555569008	28.09826010834534	5.870720530365375
72.64444444456603	28.16515380283783	5.905454518600917
74.32222222234122	28.34256751431793	5.856163588871754
76.03611111093778	28.485080167801947	5.984559073657927
77.79166666668607	28.583966498790847	6.073369780284613
79.58611111098435	28.723570730775165	5.94821366361267
81.42222222208511	28.8253654832637	6.170377328467487
83.30000000016298	28.94170234325064	6.050680778131401
85.22222222224809	29.11039079023179	5.920145308550614
87.18888888903894	29.23254449321805	6.118526454152548
89.19999999983702	29.383782411201036	5.42348585238348