0.01052489782159682	0.44381551798096064	0.5753650857474737
0.03052489782203338	1.0564599938105774	1.7928483971788611
0.04052489782225166	1.6563143970759016	1.7249487927634588
0.06052489782086923	2.125710060185448	1.101579088159801
0.08052489782130579	2.426276765446326	2.4371855357503875
0.09052489782152406	2.7780037609643746	2.521736745969158
0.1105248978219606	3.11694068391813	2.055404487321214
0.1305248978205782	3.5083169043854894	2.8226375789026017
0.1405248978207965	3.8741129797242495	2.763291513151936
0.160524897821233	4.213049902678004	3.1963258986250156
0.1805248978198506	4.655586413402535	4.233798797946871
0.1905248978218879	4.981733263791998	4.145174122081305
0.2105248978223244	5.399968636644374	5.0257695683779655
0.230524897819123	5.699256334648819	5.305448168986892
0.2405248978211603	6.090632555116177	5.020498934650634
0.2605248978215968	6.4692187030192425	6.06878446523368
0.2805248978220334	6.833735771101573	5.17417973877798
0.2905248978204327	7.108722331233876	5.401366954589119
0.3105248978208692	7.382429884109739	5.902727468992784
0.3305248978213058	7.734156879627787	5.851648650843086
0.3405248978197051	8.02065450506794	6.030201034916504
0.3605248978219606	8.37366050784242	6.79187361141097
0.3805248978223972	8.712597430796176	6.680642295562011
0.3905248978189775	8.99909505623633	7.087758977916788
0.410524897821233	9.27280260911219	7.466650394573082
0.4305248978216696	9.598949459501664	7.841163324458708
0.4405248978218879	9.847076867248928	7.6146282353593815
0.4605248978223244	10.186013790202683	8.29808939263399
0.480524897820942	10.524950713156441	8.516570965072916
0.5105248978215968	11.073644826164609	8.528213711102026
0.5305248978220334	11.320493226655453	8.748271955563094
0.5605248978208692	11.855118259842879	8.89353028951053
0.5805248978213058	12.15568496510376	8.956332704416564
0.6105248978201416	12.650660773341889	8.87586580687109
0.6305248978223972	12.924368326217754	9.079539017654142
0.660524897819414	13.380973916762986	8.961685380356617
0.6805248978216696	13.563871954432384	8.72156438667076
0.7105248978223244	14.007687472413338	9.280548394627093
0.730524897820942	14.2417458003399	9.163622966728543
0.7605248978215968	14.567892650729359	9.356920232398705
0.7805248978220334	14.816020058476635	9.170147891385158
0.8105248978208692	15.259835576457593	9.46155270179094
0.8305248978213058	15.415874461741964	9.248304879199996
0.8605248978219606	15.76760145726001	9.31762141349459
0.8805248978205782	15.924919349800815	9.272561579658522
0.910524897821233	16.316295570268167	8.916139078783171
0.9405248978218879	16.577213050579736	9.384316338519548
0.980524897819123	16.928940046097786	9.33397008301566
1.010524897821597	17.229506751358663	8.946462580872545
1.040524897820433	17.52879444936311	8.999482511658519
1.080524897821306	17.802502002238977	8.967308513798136
1.110524897821961	18.090278634935565	9.00481813093946
1.140524897818978	18.337127035426402	8.565477624245554
1.18052489782167	18.598044515737985	8.554962279414095
1.210524897822324	18.833381850920965	8.619782951031409
1.24052489782116	19.054650106283233	8.351741974755235
1.280524897822033	19.2631282890812	7.971714853390007
1.310524897820869	19.49846562426419	8.053059688954917
1.360524897820142	19.784963249704354	7.470960653119328
1.410524897819414	20.072739882400942	7.028315833443834
1.460524897822324	20.306798210327482	6.794004203121933
1.510524897821597	20.502486320561164	6.365600823057817
1.560524897820869	20.71096450335913	5.856676411756347
1.610524897821961	20.906652613592815	5.499171606838252
1.660524897821233	21.0767605786979	5.06922208420158
1.710524897822324	21.220009391417985	4.775777275298005
1.760524897821597	21.350468131573763	4.5509449785057114
1.810524897820869	21.46813679916526	4.238999977381039
1.860524897821961	21.558946314371738	3.8958709946091563
1.910524897821233	21.649755829578208	3.8608168289529625
1.960524897822324	21.767424497169706	3.637388412202028
2.010524897821597	21.85951301963261	3.497824363056687
2.060524897820869	21.924742389710513	3.4637342357587775
2.110524897820142	22.04113205004557	3.3899733616919474
2.160524897819414	22.120430499944185	3.31272262128873
2.210524897822324	22.171590790201353	3.2711973976153788
2.280524897822033	22.26367931266426	3.245681225883645
2.340524897821524	22.354488827870753	2.954125580738884
2.410524897821233	22.432508270512937	2.903853549298789
2.480524897819123	22.537386865540125	2.9195186398263893
2.540524897820433	22.602616235618022	2.956541993028616
2.610524897821961	22.667845605695923	2.812930674906607
2.68052489782167	22.745865048338093	2.7680263448037583
2.760524897821597	22.823884490980276	2.6680243467937905
2.830524897821306	22.901903933622467	2.70230986385255
2.910524897819414	22.967133303700365	2.626069537562184
2.980524897820942	23.01957260121396	2.53452260630838
3.060524897820869	23.097592043856146	2.540127913731958
3.140524897820797	23.175611486498337	2.462997484174525
3.230524897819123	23.22805078401193	2.5216056224550427
3.310524897820869	23.280490081525542	2.476337739666338
3.390524897818978	23.34571945160344	2.4127628177948406
3.480524897820942	23.41094882168133	2.3449423355752432
3.580524897821306	23.488968264323514	2.384283637062315
3.68052489782167	23.5414075618371	2.3733851867053843
3.780524897822033	23.606636931914995	2.2308556704009264
3.880524897820578	23.671866301992882	2.284999868145638
3.980524897819123	23.724305599506483	2.2971957701335324
4.080524897821306	23.776744897020087	2.2657665844596875
4.18052489782167	23.81511511471296	2.1857004539314198
4.280524897822033	23.893134557355157	2.2691771205167606
4.380524897822397	23.932783782304455	2.1288428080516217
4.49052489782116	24.010803224946645	2.3010030992573527
4.610524897821961	24.050452449895964	2.294857430498529
4.730524897819123	24.101612740153126	2.349031229144561
4.840524897819705	24.166842110231013	2.1672456128028195
4.960524897822324	24.193701262616024	2.268824220352032
5.080524897821306	24.284510777822508	2.17997381369611
5.210524897822324	24.336950075336123	2.305753574203492
5.340524897821524	24.38938937284972	2.263804805174054
5.480524897819123	24.4277595905426	2.253861170125263
5.610524897821961	24.492988960620494	2.298439478136411
5.74052489782116	24.54542825813407	2.2009555004278747
5.880524897822397	24.610657628211968	2.222004203429934
6.030524897822033	24.65030685316128	2.177106660999425
6.180524897819851	24.71553622323917	2.2984955094785473
6.330524897821306	24.753906440932045	2.23538377022509
6.480524897820942	24.81913581100994	2.1621147050722915
6.630524897822397	24.871575108523544	2.1198055633910653
6.790524897822252	24.91122433347285	2.185963433850693
6.960524897822324	24.976453703550746	2.1981618119087165
7.130524897822397	25.02761399380791	2.198450426754315
7.310524897820869	25.067263218757237	2.135420923411351
7.480524897820942	25.119702516270824	2.1248862423679573
7.660524897821233	25.17214181378442	2.1815536939677918
7.840524897819705	25.237371183862304	2.138842077532916
8.030524897822033	25.275741401555187	2.1503072691757508
8.230524897820942	25.328180699068785	2.2125459401703527
8.43052489781985	25.380619996582393	2.2635695032227043
8.630524897822397	25.433059294096005	2.206521586524576
8.830524897821306	25.48421958435316	2.145641189216755
9.040524897822252	25.53665888186675	2.205742552789166
9.260524897821597	25.589098179380375	2.2627997088019978
9.480524897820942	25.65432754945826	2.267486261715168
9.710524897822324	25.693976774407552	2.323466506153633
9.940524897821888	25.745137064664743	2.2639343723586256
10.18052489782167	25.797576362178333	2.261034998756845
10.43052489782167	25.862805732256227	2.267736091751159
10.68052489781985	25.915245029769817	2.213386635803877
10.93052489782167	25.980474399847726	2.214488351762055
11.19052489782189	26.018844617540605	2.221804632944077
11.46052489782232	26.071283915054206	2.1691971462228814
11.73052489782094	26.1237232125678	2.066432311235332
12.0105248978216	26.176162510081376	2.0701442682152797
12.29052489782043	26.214532727774266	2.069640278438507
12.58052489782131	26.266972025287885	2.1908168217422284
12.88052489782058	26.306621250237182	2.1435772649734512
13.18052489782167	26.344991467930075	2.076186528865136
13.49052489782116	26.397430765443655	2.1326978632373
13.81052489782087	26.462660135521546	2.1967715695628125
14.1305248978224	26.527889505599436	2.194545833287246
14.46052489782232	26.56753873054876	2.1348271551300466
14.81052489782087	26.605908948241627	2.248293827124254
15.16052489782123	26.671138318319525	2.304209560811598
15.5105248978216	26.72357761583313	2.196787536486963
15.88052489782058	26.776016913346734	2.022202639177347
16.2605248978216	26.8015970584753	2.077146836038354
16.6405248978208	26.866826428553203	2.1980251392147157
17.03052489782203	26.932055798631094	2.0886031071328888
17.43052489781985	26.9717050235804	2.02400860717254
17.84052489782152	26.99728516870898	2.0832098957848486
18.2605248978216	27.0497244662226	2.2588854515202197
18.69052489782189	27.11495383630049	2.2036593336402386
19.1305248978224	27.15460306124979	2.3170759597319033
19.58052489782131	27.192973278942663	2.4934217058544696
20.04052489782225	27.258202649020568	2.669017858366076
20.5105248978216	27.323432019098462	2.668125926687669
20.99052489782116	27.37587131661205	2.663385261124669
21.48052489782094	27.466680831818525	2.775229333660741
21.98052489781912	27.545979281717152	2.9464351880209447
22.49052489782116	27.61120865179503	2.947360777030458
23.0105248978216	27.662368942052215	2.8887328294345873
23.56052489782087	27.7275983121301	3.0627526540795222
24.11052489782196	27.792827682208006	2.889488024346081
24.68052489782167	27.87084712485017	2.890339509497999
25.2605248978216	27.936076494928063	2.887829308220712
25.86052489782196	27.988515792441667	2.944139187263349
26.46052489782232	28.08060431490457	3.004478346360873
27.08052489782131	28.131764605161766	3.0580797664425594
27.71052489782232	28.211063055060357	3.0573515455678932
28.36052489782014	28.276292425138248	3.0584053120053203
29.03052489782203	28.341521795216153	3.1726928458044115
29.71052489782232	28.41954123785833	3.106379997958887
30.41052489782123	28.49756068050053	3.1694865548819733
31.1305248978224	28.5755801231427	3.2236017217925004
31.86052489782196	28.640809493220587	3.2241023702244873
32.61052489782196	28.71882893586278	3.341758790839876
33.3805248978224	28.79684837850496	3.2893599096815054
34.16052489782123	28.862077748582855	3.295676992101322
34.96052489782232	28.95416627104577	3.359443170411961
35.78052489782203	29.019395641123655	3.4201918864802225
36.61052489782014	29.11020515633014	3.3650923328006868
37.46052489782232	29.175434526408015	3.4291614044021625
38.33052489782131	29.253453969050206	3.4301562774725625
39.23052489781912	29.34554249151314	3.4894708925160214
40.14052489781898	29.4235619341553	3.5501743854325243
41.08052489782131	29.4887913042332	3.4934689638757708
42.03052489782203	29.57960081943968	3.546248918602421
43.0105248978216	29.644830189517567	3.4893204022797177
44.0105248978216	29.749708784544776	3.437784097164872
45.03052489782203	29.82772822718696	3.4371677466603185
46.08052489782131	29.905747669829154	3.4391763746106805
47.16052489781941	29.983767112471323	3.3814932021190063
48.2605248978216	30.04899648254921	3.439333507278063
49.3805248978224	30.128294932447833	3.3809161582535596
50.53052489782203	30.206314375090017	3.32349564624134
51.71052489782232	30.271543745167904	3.333447241691357
52.91052489782123	30.349563187810084	3.3952927844242846
54.1405248978208	30.427582630452264	3.3395127827586744
55.3905248978208	30.518392145658776	3.2794675820308985
56.68052489782167	30.583621515736667	3.279752704500891
57.99052489782116	30.662919965635286	3.3400358391619984
59.33052489782131	30.753729480841752	3.560234783740522
60.71052489782232	30.806168778355342	3.3634246807919066
62.11052489782014	30.871398148433233	3.167200639122582
63.56052489782087	30.949417591075417	3.267238087027871
65.03052489782203	31.027437033717625	3.2584403144689333
147.2605248978216	33.845090019631286	4.009817221668176
150.6605248978194	33.948689607402045	4.015697930638671
154.140524897819	34.040778129864954	4.019470457576048
157.7005248978221	34.11879757250715	4.223709179179788
161.3405248978215	34.236466240098636	4.027507252397548
165.0705248978193	34.301695610176544	4.1383935618248655
168.8805248978206	34.40529519794731	4.201831568361177
172.780524897822	34.49738372041019	4.196655545161219
176.7705248978218	34.60098330818098	4.311511590157594
180.8505248978217	34.693071830643895	4.1977844831216125
185.030524897822	34.77109127328607	4.370236009804859
189.3005248978225	34.888759940877584	4.3144155306767775
193.6705248978215	34.97956945608406	4.37113716416106
198.1405248978208	35.0831690438548	4.354580169901653
202.7105248978223	35.17525756631771	4.503130929220382
207.390524897819	35.27885715408851	4.475237982635089
213.5205248978218	35.396525821679994	4.486000419769923
219.6705248978215	35.52698456183579	4.581603201266878
225.8105248978209	35.67023337455585	4.529430696367222
231.9605248978223	35.76232189701876	4.651268240096588
238.1005248978217	35.89278063717455	4.575818203179613
244.2505248978196	36.023239377330306	4.047792249393639
250.400524897821	36.11404889253683	4.2503749891029345
256.5405248978223	36.2317175601283	4.3257072097455165
262.6905248978219	36.36217630028406	4.326332291561009
268.8405248978197	36.42740567036198	4.442170069171889
275.1905248978219	36.40054651797696	4.429994791717072
283.3905248978208	36.61030370803136	4.626871167257169
291.5805248978213	36.753552520751455	4.337074574758455
299.780524897822	36.89680133347152	4.51887430984468
307.9705248978207	37.01447000106301	5.393869279127148
316.1705248978215	37.157718813783084	5.036378980584872
324.3705248978222	37.261318401553865	4.885281311273018
417.4605248978223	38.487886360469524	5.064101546617604
427.0905248978197	38.605555028061026	5.0653189883212635
436.9405248978219	38.709154615831785	5.149098784891163
447.02052489782	38.82682328342328	4.989345293827788
457.3305248978213	38.94449195101477	4.984102044737884
467.8805248978224	39.06216061860626	5.1628606053460615
478.6705248978215	39.178550278941344	5.104099107692656
489.7105248978223	39.29621894653283	5.164690676432488
501.0105248978216	39.388307468995706	5.21917091306783
512.5705248978211	39.5046971293308	5.217264426195169
524.3905248978208	39.647945942050875	5.2101149216049
536.4905248978212	39.75282453707806	5.156633369109051
548.8705248978222	39.87049320466958	4.978841558593375
561.530524897822	40.00095194482536	4.986361574158546
574.4805248978209	40.11862061241684	4.808322745161499
587.7305248978209	40.23501027275191	4.383530672347829
601.2905248978223	40.33988886777909	3.7490099107745585
615.1605248978212	40.417908310421296	4.577511887627523