0.01053537950610917	8.087404300903135	3.0830211805333394
0.02720237950597948	11.926212256452692	5.010803263031618
0.04386937950584979	14.553092846411792	5.891518453021538
0.06053537950538157	16.536020252393257	6.365859904296503
0.07720237950525188	18.114141498234027	6.657770645023161
0.0938693795051222	19.453115720237946	6.825290505001265
0.110535379506473	20.58532741121604	6.884958212270698
0.1272023795063433	21.564335540048628	6.905411665139052
0.1438693795062136	22.42003348471524	7.034036885978465
0.1605353795057454	23.154912360047575	7.131716412102565
0.1772023795056157	23.838723381331352	7.249184690064739
0.193869379505486	24.505096598793724	7.447935857000404
0.2105353795068368	25.127875306702478	7.618226162229895
0.2272023795067071	25.71204173472096	7.780975090347069
0.2438693795065774	26.273788129254676	8.019000410628243
0.2605353795061092	26.81809671996684	8.17555302343797
0.2772023795059795	27.311337456630604	8.335497198244264
0.2938693795058498	27.81703376745256	8.43516734598657
0.3105353795053816	28.26169776489938	8.568548080045252
0.3272023795052519	28.72878179583095	8.651575308040721
0.3438693795051222	29.175936908109406	8.694733622512665
0.360535379504654	29.596935314655827	8.746646510024169
0.3772023795045243	30.00921481929137	8.811351981482325
0.3938693795043946	30.392846503363096	8.814833649107596
0.4105353795039264	30.76277705586097	8.864222409727446
0.4272023795037967	31.12897093611129	8.944334967476957
0.443869379503667	31.465271438382103	9.014970114068234
0.4605353795068368	31.78537969424709	9.058920599609554
0.4772023795067071	32.10424239269641	9.138070482007956
0.4938693795065774	32.4094039595717	9.211363853234468
0.5105353795061092	32.69339105037811	9.293035450727306
0.5272023795059795	32.98485148567937	9.492611306599569
0.5438693795058498	33.251400772664375	9.638411378739352
0.5605353795053816	33.54037009313404	9.735717962645522
0.5772023795052519	33.809410494950555	9.830521295840432
0.5938693795051222	34.08592424126211	9.987279591879272
0.610535379506473	34.354964643078645	10.117777001169117
0.6272023795063433	34.61777725781608	10.312114283745291
0.6438693795062136	34.880589872553614	10.546089244325108
0.6605353795057454	35.14215692987539	10.701002354658876
0.6772023795056157	35.40621510202868	10.940321929124737
0.693869379505486	35.67899217609268	11.170346745871093
0.7105353795068368	35.93806811858274	11.396302163612939
0.7272023795067071	36.22703743905239	11.625031150367835
0.7605353795061092	36.75764489819069	12.074872767978754
0.7938693795058498	37.25711342193345	12.621193917443023
0.8272023795052519	37.73540746960744	13.111670331897432
0.860535379506473	38.25231379717162	13.646243086391888
0.8938693795062136	38.76423789507265	14.18720171223308
0.9272023795056157	39.299827583874176	14.725015510050323
0.9605353795068368	39.81175168177521	15.281406106190223
0.9938693795065774	40.331149124171084	15.783795756791134
1.02720237950598	40.84431877948789	16.318975516943915
1.060535379505382	41.3686984515471	16.959606054263794
1.093869379505122	41.889341451358824	17.548942367347337
1.127202379504524	42.42244002532866	18.20447685692202
1.160535379503926	42.95180192705118	18.85687893644455
1.193869379503667	43.456252680457176	19.448960763232574
1.227202379506707	44.00180682858539	20.005900253383142
1.260535379506109	44.5286776154761	20.58558146304604
1.29386937950585	45.07049509135672	21.21898529698986
1.327202379505252	45.603593665326635	21.8229870965634
1.360535379506473	46.130464452217375	22.391990567786742
1.393869379506214	46.67726415776133	22.980765690371676
1.427202379505616	47.22281830588941	23.59738835311454
1.460535379506837	47.7571624372751	24.17276823548817
1.510535379506109	48.56926587238809	25.04720496808931
1.560535379505382	49.400052668738354	25.897781745659817
1.610535379506473	50.23582169475194	26.72646163331461
1.660535379505745	51.0666084911022	27.554448189295737
1.710535379506837	51.90486863194741	28.37773480889969
1.760535379506109	52.728182083802814	29.144999333097687
1.810535379505382	53.56021443756894	29.926937789834888
1.860535379504654	54.377300102345174	30.698553540595697
1.910535379503926	55.199367996784744	31.42888906495576
1.960535379506837	56.01894477639268	32.10962239441558
2.010535379506109	56.84350378566394	32.78928747002766
2.060535379505382	57.663080565271784	33.45307253750917
2.110535379506473	58.482657344879726	34.08062427639614
2.160535379505745	59.29351522257697	34.647505328264515
2.210535379506837	60.0956541983634	35.193310525367885
2.27720237950598	61.173061363045555	35.90266587394157
2.343869379505122	62.23676739615369	36.57444798498213
2.410535379505745	63.28303562544039	37.215950454355976
2.477202379506707	64.33054941214296	37.819085454307164
2.54386937950585	65.3668531821031	38.40535794556982
2.610535379504654	66.39817472240003	38.98890264637428
2.677202379503797	67.39835732730153	39.50536568056942
2.743869379506577	68.38857547287634	39.96299033669002
2.810535379505382	69.3713202739564	40.45073352144183
2.877202379506343	70.34783728795742	40.83617776680058
2.943869379505486	71.29196980914699	41.17592073471033
3.02720237950598	72.46279378001547	41.58661793744539
3.110535379506473	73.60746104515171	41.862560692082305
3.193869379505486	74.73967273612989	42.17152059580639
3.27720237950598	75.84199104912841	42.448930902985516
3.360535379504654	76.93309934538449	42.6551436183327
3.443869379503667	78.0030331655718	42.79820801782785
3.52720237950598	79.07919477283805	42.938840201759476
3.610535379506473	80.13667301886717	42.93163521402626
3.693869379505486	81.1567845424217	42.99020886445144
3.79386937950585	82.34753743194328	43.087987938630796
3.893869379506214	83.50715138606944	43.00569457348727
3.993869379506577	84.62441638805774	42.927518431995225
4.093869379505122	85.7217524713929	42.808010033457165
4.193869379503667	86.79791407865929	42.535525436351826
4.29386937950585	87.82799006154035	42.36906184001606
4.393869379506214	88.83440045352091	42.159479892052104
4.510535379506109	89.9840499483204	41.897779550506215
4.627202379506343	91.0901049335664	41.61480071370606
4.743869379506577	92.14509206476389	41.31237402757015
4.860535379504654	93.19260585146634	40.94064966010387
4.977202379506707	94.16912286546732	40.5485440462832
5.093869379505122	95.12446540339934	40.137660549033235
5.227202379506707	96.17696141976505	39.69690942717514
5.360535379506473	97.16842512275593	39.26299821002007
5.493869379506577	98.13124100518282	38.8298137179881
5.627202379504524	99.04548014839281	38.40626758858849
5.760535379506109	99.93231702845496	37.923790040813024
5.893869379506214	100.78552385828996	37.532456163005165
6.04386937950585	101.71221857565814	37.04844303592156
6.193869379505486	102.60652880021516	36.555257957251314
6.343869379505122	103.48091010611904	36.12273316024812
6.493869379506577	104.32539803404327	35.71792968955867
6.643869379506214	105.13625591174063	35.336692736132974
6.810535379505382	106.00191831573373	34.84888968167018
6.977202379506707	106.81526730826243	34.363595857936694
7.143869379504395	107.61366961180155	33.89215078776769
7.310535379505382	108.39214299668751	33.48201706438387
7.493869379506577	109.20922866146381	33.05920301170571
7.677202379505616	110.01261319466603	32.66402845255829
7.860535379504654	110.7599476441565	32.30294853229152
8.04386937950585	111.51973766780526	31.935618060253393
8.243869379506577	112.29696549527537	31.531725358139855
8.443869379505486	113.04679105959755	31.170410319218767
8.643869379504395	113.7978621813355	30.8436104363739
8.843869379505122	114.52153103992549	30.505471664222174
9.060535379505382	115.31245999896954	30.161543075662202
9.27720237950598	115.99502546283765	29.816794025121872
9.493869379506577	116.6564164506367	29.532363733464607
9.727202379506707	117.34770081641541	29.222767085376898
9.960535379506837	118.02154737837267	28.9256316721381
10.19386937950367	118.68542948100338	28.617346192228393
10.44386937950549	119.3655038300398	28.308961325304956
10.69386937950549	120.03810483458119	28.053761047478062
10.94386937950367	120.67333911664817	27.75217572184383
11.21053537950684	121.31729230062575	27.48729275646494
11.47720237950671	121.95750881235615	27.225019659231545
11.74386937950658	122.60146199633373	26.943811637423355
12.02720237950598	123.2466607377271	26.66313081618943
12.31053537950538	123.87193056046758	26.30615057873224
12.61053537950647	124.49720038320793	26.11659712767216
12.91053537950575	125.1100146317901	25.937552681119968
13.21053537950684	125.70912774879835	25.774903322388678
13.52720237950598	126.32692422704385	25.591155014807175
13.84386937950512	126.9023717531516	25.41319439417519
14.17720237950562	127.50895821465468	25.22563489264659
14.51053537950611	128.09312464267316	25.055917516970503
14.86053537950647	128.6885010874339	24.902572605057344
15.21053537950684	129.2701764006207	24.77122228235396
15.57720237950525	129.85434282863906	24.60475704358105
15.94386937950549	130.42854479733097	24.431901093192746
16.32720237950525	131.00897455310184	24.299449723098473
16.71053537950684	131.55328314381418	24.183144527709086
17.11053537950647	132.12499399767447	24.07922533968225
17.51053537950611	132.6817581625448	23.95741239427015
17.92720237950562	133.25097790157335	23.85142151278496
18.34386937950512	133.79777760711735	23.751061770118874
18.77720237950598	134.35952400165095	23.669520878612037
19.21053537950684	134.89262257562092	23.592303180865773
19.66053537950575	135.4506322979071	23.512915750298216
20.12720237950634	136.00615090536172	23.42606349288571
20.59386937950512	136.5429861515791	23.321117843005112
21.07720237950525	137.07857584038058	23.25870320634578
21.57720237950525	137.63160333300362	23.20624213016789
22.07720237950525	138.17715748113164	23.140022055582737
22.59386937950512	138.73018497375466	23.144470351558176
23.12720237950634	139.27698467929852	23.09028682721519
23.66053537950393	139.80136435135773	23.07666544415497
24.21053537950684	140.3406907124066	23.034270778672088
24.77720237950598	140.88624486053476	23.02242429243094
25.36053537950647	141.41934343450464	22.981053918464852
25.96053537950684	141.97112536971176	22.96174694815647
26.56053537950538	142.50173282885007	22.858486423278773
27.17720237950562	143.02735805832506	22.811529454364234
27.81053537950538	143.54301882847358	22.79074855027098
28.46053537950684	144.07611740244343	22.79583203113516
29.12720237950634	144.6204259931556	22.75278956109859
29.81053537950538	145.15103345229394	22.707062947442928
30.51053537950611	145.70281538750106	22.676281931081316
31.22720237950671	146.23591396147094	22.6976729218138
31.96053537950684	146.79143256892567	22.741815674042012
32.71053537950684	147.33200448739046	22.74913313037355
33.47720237950671	147.88129530776592	22.721176464225547
34.26053537950611	148.41813055398325	22.72663612312549
35.06053537950538	148.95122912795313	22.724129704606423
35.87720237950634	149.44820653686435	22.767477397756917
36.71053537950684	149.96884953667612	22.813280559652096
37.56053537950538	150.49821143839847	22.823561063098655
38.42720237950562	151.0338011272	22.938253520958288
39.32720237950525	151.55942635667503	22.988124722831607
40.24386937950658	152.0862971435659	23.036831706991517
41.17720237950562	152.62188683236744	23.027587403163718
42.12720237950634	153.1761598824062	23.025691532722288
43.11053537950465	153.74039739177152	22.983072777037503
44.11053537950647	154.28968821214704	22.977774357485753
45.14386937950621	154.82527790094852	22.981836396021716
46.19386937950367	155.3621131471659	22.977437832976502
47.26053537950611	155.9064217378781	22.936741697811076
48.36053537950465	156.47439591949103	22.996169826554187
49.47720237950671	157.03240564177725	23.00063607141414
50.62720237950452	157.56052198608384	23.015844076791765
51.81053537950538	158.17209067725025	23.043304437250953
53.01053537950611	158.7487837607739	23.049104094904166
54.24386937950658	159.31302127013902	23.087675073282963
55.51053537950611	159.8648032053462	23.064545323940592
56.79386937950585	160.39665622190026	23.01319447553726
58.11053537950465	160.92726368103857	22.970833643150684
59.46053537950684	161.4678355995033	22.96460256667909
60.84386937950512	162.02459976437382	22.951838118480097
62.26053537950611	162.56517168283852	22.920506956352483
63.71053537950684	163.08083245298698	22.83314470035154
65.19386937950549	163.62264992886762	22.73996999881278
66.71053537950684	164.1557485028376	22.653783735416237
68.26053537950611	164.70628488062886	22.636772956107134
69.84386937950512	165.27052238999417	22.526944332501582
71.46053537950684	165.80237540654824	22.428636319139414
73.11053537950465	166.3578940140029	22.375023909628524
74.81053537950538	166.89099258797287	22.340048689141057
76.54386937950585	167.42658227677427	22.33549167085917
78.31053537950538	167.96964531007072	22.32702621789475
80.12720237950634	168.52640947494115	22.351077007851636
81.9772023795067	169.05701693407957	22.357475538484145
83.87720237950634	169.5838877209702	22.335511116363207
85.82720237950525	170.0895840317922	22.35207234797174
87.81053537950538	170.60773591677238	22.31611241144032
89.84386937950512	171.1258878017524	22.289529858698685
91.9272023795038	171.65400414605898	22.232744478498418
94.06053537950538	172.20578608126615	22.172131240061507
96.24386937950658	172.73514798298865	22.162433548232453
98.4772023795067	173.2769654588693	22.124866006872765
100.7605353795061	173.8162918199183	22.038053032304468
103.0938693795051	174.35935485321465	22.04250993169391
105.4772023795067	174.89619009943203	22.016281514877765
107.9105353795058	175.46167316621307	21.96031903309481
110.4105353795058	176.03462957748917	21.914818083607727
112.9605353795068	176.57146482370652	21.891008485287184
115.5772023795053	177.10954562733966	21.888885679958726
118.2438693795066	177.63890752906207	21.87415166616489
120.9772023795067	178.16702387336883	21.86797093722885
123.777202379506	178.69514021767537	21.863707944879543
126.6438693795062	179.2357121361402	21.77764109890857
129.5772023795053	179.77752961202077	21.661342316820964
132.5772023795053	180.32682043239643	21.3020969254707
135.6438693795062	180.8175700542284	22.397009761495216