0.01666666637174785	0.9010418916371657	0.8200779863136063
0.03333333326736465	1.783488517427326	1.7261905454380888
0.04999999998835847	2.5908176336572217	1.7807419001362916
0.06666666636010632	3.060117956865881	2.3237674758279883
0.08333333325572312	3.6984326765851403	1.9099789666927873
0.09999999980209395	3.905005827875891	2.102967285710618
0.1166666665230878	4.355526773694472	2.939455776213983
0.1333333330694586	4.749893698885937	3.4169952087133453
0.1499999999650754	5.2004146447045185	2.8413664633836757
0.1666666665114462	5.40698779599527	2.11021863216539
0.1833333330578171	5.613376835742954	2.2849589419946366
0.1999999999534339	5.83872936442378	2.4716754774342236
0.2166666664998047	6.026523138324456	2.7667466315550513
0.2333333332207985	6.233096289615206	2.99610460627608
0.2499999997671694	6.458264706753	3.2485767486298482
0.2666666666627862	6.683617235433791	2.5129734107947765
0.283333333209157	6.890006275181506	2.6965949831288625
0.2999999997555278	6.890006275181506	2.898121835864364
0.3166666666511446	7.115358803862333	1.9479426117762477
0.3333333331975155	7.30315257776301	2.814295429212892
0.3499999999185093	7.30315257776301	2.3380831156868562
0.3666666664648801	7.490946351663688	2.0566106665892896
0.3833333330112509	7.490946351663688	2.423252663310567
0.3999999999068677	7.697335391411403	2.316341598183621
0.4166666664532386	7.697335391411403	1.7256908071874109
0.4333333331742324	7.903908542702156	2.588486438751078
0.4499999998952262	7.903908542702156	1.8639029187673015
0.46666666661622	7.903908542702156	3.0015722246445726
0.4833333331625909	8.110481693992906	2.4238462130508953
0.4999999997089617	8.110481693992906	2.5053205586457232
0.5166666666045785	8.316870733740588	3.6908799958368212
0.5333333331509493	8.316870733740588	3.230310269755484
0.5499999998719431	8.5046645076413	3.349057621795529
0.566666666592937	8.5046645076413	3.449829464741513
0.5833333333139308	8.711237658932053	2.541501754184782
0.5999999998603016	8.711237658932053	3.652163343426019
0.6166666664066724	8.917626698679735	2.7694324270219304
0.6333333333022892	8.917626698679735	3.835228579411229
0.6499999996740371	8.917626698679735	2.553156609629105
0.6666666665696539	9.124199849970486	3.507310277248834
0.6833333332906477	9.124199849970486	2.7577103470641884
0.6999999996623956	9.311993623871162	3.6401537606943166
0.7166666665580124	9.311993623871162	3.5818000665884244
0.7333333331043832	9.311993623871162	3.3243932918362042
0.7666666663717479	9.537162041008953	3.4856471798284936
0.7999999999883585	9.743735192299704	2.878827039980741
0.8333333332557231	9.743735192299704	3.6097700518442943
0.8666666665230878	9.95030834359042	2.6805224833722177
0.8999999999650754	9.95030834359042	2.994068393451366
0.9333333330578171	10.175476760728216	2.874614275422695
0.9666666664998047	10.175476760728216	2.584820402659913
0.9999999997671694	10.382049912018967	3.736835662150598
1.033333333209157	10.382049912018967	2.6589562502822233
1.066666666651145	10.588623063309717	3.231989438578601
1.099999999918509	10.588623063309717	3.33288318423992
1.133333333011251	10.795012103057433	2.4492772058457444
1.166666666453239	10.795012103057433	3.5349214407263765
1.199999999895226	10.982805876958075	2.6183579668828694
1.233333333162591	10.982805876958075	2.69349572882613
1.266666666604579	10.982805876958075	2.4031370615744816
1.299999999871943	11.189379028248828	2.66074622930049
1.333333333313931	11.189379028248828	1.7367972269207927
1.366666666406672	11.189379028248828	1.9113425649639326
1.399999999674037	11.37717280214954	2.4386107461245534
1.433333333290648	11.37717280214954	2.446315340786473
1.466666666558012	11.37717280214954	1.5873314191056376
1.516666666371748	11.37717280214954	1.7434908119851475
1.566666666360106	11.583561841897222	1.7063253757532648
1.616666666523088	11.583561841897222	1.6644511613602662
1.666666666511446	11.583561841897222	1.6400167536373016
1.716666666499805	11.583561841897222	1.6893523897086196
1.766666666662786	11.771355615797926	1.7582946192271245
1.816666666651145	11.771355615797926	1.807677356338675
1.86666666646488	11.771355615797926	1.8570709927775921
1.916666666453239	11.771355615797926	2.4245354663914283
1.96666666661622	11.977928767088681	1.7604669630222962
2.016666666604579	11.977928767088681	2.5299110694207783
2.066666666592937	11.977928767088681	2.494285722490414
2.116666666406672	12.165538429446288	2.5081265391939884
2.166666666569654	12.165538429446288	3.4327855580799027
2.216666666558012	12.165538429446288	2.550806437429688
2.283333333267365	12.372111580737046	3.391256428894663
2.349999999802094	12.372111580737046	2.8170582785013334
2.416666666511446	12.559905354637719	3.7918105498151835
2.483333333220799	12.559905354637719	3.785845321789411
2.549999999755528	12.766294394385437	3.4807429994708587
2.61666666646488	12.766294394385437	3.572518418377163
2.683333333174232	12.972867545676191	3.6908152403871295
2.749999999708962	12.972867545676191	3.7237606730672335
2.816666666592937	12.972867545676191	3.7355660402285302
2.883333333302289	13.179440696966937	3.7970016096644215
2.949999999662396	13.179440696966937	3.7679381260649563
3.033333333267365	13.38601384825769	3.799057173224042
3.116666666523088	13.38601384825769	4.179358322523257
3.199999999953434	13.611182265395477	3.732190093904336
3.283333333209157	13.611182265395477	4.425466612825545
3.36666666646488	13.817755416686198	3.700731359049485
3.449999999895226	13.817755416686198	4.090367628677083
3.533333333150949	14.005549190586878	4.544918122428972
3.616666666406672	14.005549190586878	3.7178403397502833
3.716666666558012	14.211938230334594	4.624996937304082
3.816666666360106	14.211938230334594	4.568384816018735
3.916666666511446	14.437290759015417	3.931936954901637
4.016666666662786	14.437290759015417	4.6744829698361015
4.11666666646488	14.662643287696207	3.9613891012675357
4.21666666661622	14.662643287696207	4.342818125881208
4.316666666592937	14.86903232744396	5.127872045143487
4.416666666569654	14.86903232744396	4.228482738362505
4.533333333267365	15.075605478734715	5.143958190614559
4.649999999965075	15.075605478734715	4.348710721958924
4.766666666662786	15.282178630025422	5.020924865034601
4.883333333011251	15.469788292383072	4.14619888317452
4.999999999708962	15.469788292383072	4.984249040879247
5.116666666406672	15.676361443673823	4.424539717910729
5.25	15.713920198453973	5.344739606787277
5.383333333069459	15.88293459496457	4.954675667988173
5.516666666662786	15.88293459496457	4.1778801855064875
5.649999999906868	16.08950774625532	4.8718885692577665
5.783333333150949	16.14566176688248	4.874361533705536
5.933333333290648	16.37101429556331	4.954638664873461
6.083333333255723	16.483690559903714	5.126326789187224
6.233333333220799	16.483690559903714	5.5317969019638085
6.383333333011251	16.652704956414286	5.153401555588914
6.533333333150949	16.859093996162034	4.906601459706684
6.699999999662396	16.915432128332224	4.871646579884256
6.866666666523088	17.122005279622975	5.279372625895678
7.033333333209157	17.215902166573315	5.283985622339608
7.199999999895226	17.328578430913737	5.476872934077769
7.366666666406672	17.328578430913737	5.386605067514509
7.549999999988359	17.534967470661446	5.16917729123481
7.733333333220799	17.74154062195216	5.198848843026523
7.916666666453239	17.74154062195216	5.581133490553274
8.099999999860302	17.94811377324291	5.099218205734937
8.299999999988358	18.135723435600557	5.9557563197236645
8.49999999976717	18.135723435600557	5.924927980815843
8.699999999895226	18.342296586891315	5.833939319922361
8.916666666569654	18.530090360791984	5.8315765019908055
9.133333333069459	18.530090360791984	5.782309507795494
9.34999999991851	18.736479400539704	5.777456016791475
9.566666666592937	18.92427317444038	6.498842111913337
9.799999999988358	19.11206694834106	5.608090453509315
10.03333333320916	19.11206694834106	5.64669942888976
10.26666666660458	19.29986072224173	6.389028866974478
10.51666666637175	19.487470384599373	6.159789542708482
10.76666666666279	19.65648478110997	6.060173540608902
11.01666666660458	19.65648478110997	6.173436297783846
11.28333333326737	19.84427855501068	6.160625087981605
11.54999999975553	20.0132929515213	5.908165025074083
11.81666666659294	20.16334385909878	5.9422448784218345
12.09999999980209	20.332358255609417	5.942535014699154
12.38333333301125	20.538931406900176	6.508931442692511
12.68333333329065	20.538931406900176	6.442498179573726
12.9833333332208	20.67038704863062	6.70092910584163
13.28333333315095	20.85799671098827	6.589302323803875
13.59999999980209	21.027011107498872	6.607658438187315
13.91666666645324	21.158466749229365	6.182096344758817
14.25	21.327481145739966	7.187049744709812
14.58333333319752	21.55264956287772	7.186082634712246
14.93333333329065	21.68410520460824	6.931296002598411
15.28333333320916	21.85311960111884	6.772769173580375
15.64999999967404	21.96579586545922	7.431065639879257
16.01666666666279	22.19096428259705	7.1093574779226785
16.39999999967404	22.3224199243275	6.878775832793465
16.78333333320916	22.453875566057988	6.893570495255105
17.18333333329065	22.585331207788435	7.218576926255868
17.58333333319752	22.866837757096427	7.229950838476978
18.0	22.960734644046756	7.3172889300052715
18.41666666645324	23.12974904055736	7.259941141634667
18.84999999980209	23.261204682287854	7.345910674122719
19.29999999987194	23.50515247681566	7.766082134350858
19.74999999976717	23.61782874115611	7.038091954684599
20.21666666655801	23.861960647226994	7.626411312336614
20.68333333317423	23.97463691156739	7.789021768217822
21.16666666651145	24.124687819144885	7.785661311586797
21.66666666656965	24.350040347825725	7.732170561788998
22.16666666645324	24.46271661216615	8.317673953714722
22.68333333305782	24.688069140846927	7.82659023955138
23.21666666655801	24.894458180594626	8.149050920847726
23.76666666660458	25.025913822325133	8.145105941395295
24.31666666665115	25.251266351005956	7.99913362215034
24.88333333306946	25.495214145533804	8.330689804900969
25.46666666655801	25.62666978726425	8.255476852591023
26.06666666659294	25.814463561164956	8.099879210949283
26.68333333317423	25.96469858028548	8.368091028373152
27.29999999975553	26.15230824264313	8.704335881159512
27.93333333305782	26.34010201654381	8.454977167032064
28.58333333325572	26.546675167834564	8.710144970394635
29.25	26.715505452802127	8.637688919926742
29.93333333329065	26.903299226702856	9.07359383477332
30.63333333330229	27.203769264943883	9.157133555654015
31.3499999998603	27.391378927301524	9.16033876643372
32.08333333331393	27.579172701202214	9.169783210919709
32.83333333331393	27.748187097712858	9.268381088765828
33.5999999998603	27.992319003783706	9.622686269477635
34.38333333330229	28.19870804353143	9.294956449158114
35.18333333329065	28.3865018174321	9.218685360696211
36.0	28.593074968722846	9.401509188220613
36.83333333325572	28.780684631080497	9.759676312883354
37.68333333305782	29.043595914541427	9.76707715412399
38.56666666665115	29.268948443222275	9.860865927795645
39.46666666661622	29.437778728189823	10.045266213242478
40.38333333330229	29.663131256870667	10.221882405631456
41.31666666636011	29.90726316294151	10.479941497414176
42.28333333320916	30.15213151518456	10.051228120754905
43.26666666660458	30.376747597693214	10.329154677736984
44.26666666637175	30.601363680201864	10.767051000934407
45.29999999975553	30.84623203244496	10.6087261151414
46.3499999998603	31.089259269257568	10.78355860269059
47.43333333305782	31.25864188885429	10.721083842035632
48.53333333315095	31.540332549705266	10.825230839851981
49.66666666651145	31.803612056252323	10.997070189716597
50.81666666659294	31.991405830153013	11.012360910796948
51.99999999976717	32.27309649100403	11.035217245880553
53.1999999996624	32.49771257351268	11.48030285734777
54.43333333317423	32.7425809257557	11.240088479581658
55.69999999995343	33.00401931687236	11.166548918573882
57.0	33.24888766911539	11.61034532725813
58.31666666659294	33.49375602135846	11.459118766706663
59.66666666645324	33.75519441247505	11.73151447961987
61.04999999975553	33.981651610414104	11.83457300059303
62.46666666649981	34.22467884722678	12.039350701753166
63.91666666651145	34.50636950807778	12.238921829653632
65.39999999996508	34.75123786032084	12.420485960259766
66.91666666651145	35.032928521171854	12.529879510078988
68.4666666664998	35.296208027718905	12.896176189280524
70.04999999975553	35.59630984287389	13.437335052809859
71.66666666645324	35.87800050372491	13.55619730919874
73.33333333331393	36.15969116457595	14.095291760261654
75.03333333326736	36.441381825426944	14.56715066348875
76.76666666666279	36.74148364058199	14.85528330170865
78.54999999987194	37.09681891864894	15.227525876857685
80.36666666652309	37.398761849234354	15.426083561894817
82.23333333316259	37.7540971273013	15.902969557378961
84.13333333306946	38.129684675102695	16.187741155937438
86.08333333331393	38.45003875999207	16.395604522103575
88.08333333319752	38.82562630779343	16.614177299360524
90.11666666652309	39.14413927725241	16.996059709100404
92.1999999996624	39.51972682505377	17.131234585018333
94.33333333331393	39.85665094881678	17.15711872123362
96.51666666660458	40.19541618801017	17.276719093699572
98.74999999970896	40.5894148901155	17.307953583987732
101.033333333151	40.96500243791686	17.70383552997586
103.3666666664067	41.340589985718225	17.55141163135048
105.7666666663718	41.71617753351957	17.859589670394023
108.2166666664998	42.05494277271296	18.260591028711556
110.7166666666162	42.4286892050839	17.934695074264518
113.2833333332674	42.82452902261971	18.252475931536917
115.8999999999069	43.16145314638264	18.19516657087884
118.5833333332557	43.555451848488005	18.241912713820255
121.3333333333139	43.96970282032774	18.553518536842432
124.1333333330113	44.28821578978676	18.60543653662343
126.9999999997672	44.72087791593048	18.638268224013242
129.9333333330578	45.076213193997425	19.066930742347218
132.9333333330578	45.451800741798806	19.115737999064816
135.9999999997672	45.845799443904134	18.971318018129477
139.1499999999069	46.22138699170551	19.29818744380623
142.3666666664067	46.615385693810886	19.00259594532993
145.6499999999651	47.02963666565058	19.219791403394773
149.0166666666046	47.42363536775594	19.291306171814668
152.4666666664998	47.799222915557266	19.085988502184275
155.9833333331044	48.174810463358625	19.214625664400902
159.5833333333139	48.550398011160034	19.08146342806712
163.2666666666046	48.92598555896137	19.05435471080605
167.033333333151	49.301573106762746	18.860051076738376
170.899999999674	49.67716065456408	18.58723316769935
174.8499999998021	50.0140847783271	18.56558968986423
178.8833333330113	50.40808348043246	18.365518576132057
183.0166666663718	50.765259873929836	18.012920755338122
187.249999999709	51.14084742173115	17.90207269721651
191.5833333331975	51.49802381522849	17.542351493134948
196.0166666666628	51.81653678468754	17.19195060889506
200.5499999997555	52.1737131781849	16.995710303225216
205.1833333331742	52.492226147643905	16.470997977636582
209.9166666665697	52.773916808494896	16.371721183383375
214.7666666666628	53.1126820476883	16.257311771618337
219.7333333331044	53.39437270853935	15.824173031158244
224.8166666665929	53.676063369390334	15.801364833200285
230.0166666666046	53.95775403024133	15.529172817843923
235.3333333333139	54.21919242135798	15.509355850658585
240.7666666663718	54.5395465062474	15.551528945327476
246.3333333331975	54.87647063001039	15.317023369512318
252.0166666663718	55.12133898225346	15.507015461421055
257.8333333333139	55.42144079740845	15.515638781230983
263.783333333151	55.70313145825942	15.681593091642993
269.8666666664067	56.00323327341445	15.347193784217552
276.0999999998021	56.28492393426545	15.946587325621877