0.01000000000021828	0.5356676196423005	0.434634026086266
0.01999999999998181	1.0587406714246412	1.0746416237742507
0.02999999999974534	1.5703658559282214	1.5594568590343822
0.03999999999996362	2.0797381530357097	2.0132266319441996
0.0500000000001819	2.5709610285046876	2.476124560803973
0.05999999999994543	3.063329201694287	2.8953202069227904
0.06999999999970896	3.5350164097296	3.3393924870337037
0.07999999999992724	4.01324203057944	3.7704384156335116
0.09000000000014552	4.47696004720113	4.164419264597464
0.1009816608871006	4.981970153956103	4.566995077244832
0.1133032870611714	5.528520781070413	5.037555989150667
0.1271283790156303	6.141874637592612	5.589800540046932
0.1426403873210802	6.815575591049611	6.110771615281027
0.1600451469030304	7.548877453791135	6.683364556131629
0.1795736083468	8.354410423665023	7.273268627049057
0.2014849024708383	9.223528050984518	7.952161250481405
0.2260697788360631	10.185363222246112	8.671988357702503
0.2536544638137457	11.220205004055412	9.368355785885896
0.2846049894151292	12.342358720799353	10.115091079381184
0.3193320503100949	13.54911141626165	10.876649257937878
0.358296453498042	14.846583341450751	11.65033619847447
0.4020152329358098	16.231440461208187	12.419406657008654
0.4510685102645766	17.705946458104634	13.25198985220219
0.506107192671152	19.282451515218465	14.077241640812662
0.567861610032196	20.946907611470266	14.917681839316963
0.6371512059458837	22.71684711543835	15.885424110630314
0.7148954112517458	24.60403120925724	16.926413410528095
0.8021258443204715	26.61354409906025	18.05621504881125
0.8999999999996362	28.760725997584647	19.41247189256055
1.009816608871915	31.082341619458205	20.89672068843327
1.133032870614443	33.57105864160044	22.381768246923627
1.271283790160396	36.23435382736153	23.88758662233186
1.426403873214895	39.069486649919256	25.144052835900574
1.600451469034852	42.021753990683095	25.91627915770673
1.795736083471638	45.034352022695586	26.213892673728754
2.014849024711111	48.054802253938846	25.916617741172754
2.260697788358357	50.99863560568208	24.919696662741536
2.536544638137457	53.789286085479304	23.367478180039157
2.846049894151292	56.37553037781778	21.362438399583908
3.193320503101859	58.70441468898958	19.13507713928663
3.582964534980874	60.77777306408901	16.861352790600144
4.020152329358098	62.58315971599704	14.569037176007186
4.510685102644857	64.1288093834225	12.567724060266404
5.06107192671243	65.4734884761936	10.875133949978702
5.678616100321051	66.62950804194493	9.392835594202582
6.371512059456563	67.63297744031536	8.255838253009731
7.148954112517458	68.52723312216402	7.426883633705402
8.021258443202896	69.33979335025217	6.813487655549639
8.99999999999909	70.09270770765673	6.35367270881698
10.09816608871643	70.79923053882072	5.998628179926791
11.33032870614625	71.470177803369	5.754468830053526
12.71283790160305	72.12018646093563	5.622812753434205
14.26403873214804	72.76042065143373	5.487444612769224
16.00451469034806	73.37883831773084	5.396279010295204
17.95736083471729	73.99756141494179	5.329101574452289
20.14849024711202	74.59993206013013	5.24739236204934
22.60697788358266	75.19920003392319	5.245341511980066
25.36544638137639	75.80028277130904	5.165839145631501
28.46049894151111	76.38047321330525	5.074281646285903
31.93320503101722	76.95960737659017	5.097454952873321
35.82964534980965	77.54396027901387	5.042997151004868
40.20152329358098	78.10943912396233	4.969779620421697
45.10685102644811	78.67568724609318	4.964423014174278
50.6107192671243	79.23839232854587	4.956131406706172
56.7861610032096	79.80099751773486	4.945707964285926
63.71512059456336	80.35937607253335	4.893693313356418
71.48954112517549	80.90801375535366	4.863185261210365
80.21258443202578	81.45702033069516	4.858840505929379
89.99999999998727	82.00193561504314	4.824480783060642
100.9816608871624	82.54014008434116	4.831161298427667
113.3032870614588	83.08305508853886	4.8405221382743235
127.1283790160296	83.61949320187247	4.7899823343866235
141.8383790160297	84.12120420397511	4.780833100103564
156.5483790160297	84.5772240505083	4.77907437133466
171.2583790160297	84.98911898467578	4.780343969703808
185.9683790160298	85.35936883352115	4.7494764701657495
200.6783790160298	85.70314861374189	4.7536060759081
215.3883790160298	86.01526330509974	4.756746953355341
230.0983790160299	86.31442926779944	4.754576998093124
244.8083790160299	86.58754091213875	4.797109731775112
259.5183790160299	86.8471296679583	4.742134832834105
274.2283790160304	87.09407212478968	4.7759787195043515
288.93837901603	87.31883558413803	4.766771526808026
303.6483790160305	87.53095837223262	4.768291094190256
318.3583790160301	87.74090477214818	4.7598015489613665
333.0683790160301	87.93720424032955	4.775791170585484
347.7783790160302	88.12343155127313	4.892836927220743
350.0	88.15157479309042	4.890362687678198