0.004166666592936963	1.4530987776622948	3.158743550406748
0.005555555631872267	3.001498189444	2.356900493030339
0.009722222399432212	3.001498189444	2.759559168259993
0.01111111108912155	3.6846433290722436	2.4116535843709075
0.01388888899236918	3.6846433290722436	0.7809952529752872
0.0152777778566815	4.069620148089269	0.8779942852306868
0.0166666668956168	4.069620148089269	2.27713526227697
0.01805555558530614	4.069620148089269	1.3950428381391933
0.01944444462424144	4.43572555440938	1.1133109631682712
0.02083333348855376	4.43572555440938	1.2064793914906733
0.02222222235286608	4.43572555440938	1.762470812267931
0.02361111104255542	4.43572555440938	1.8613756790744131
0.02499999990686774	4.820702373426406	1.5636898366140022
0.02638888912042603	4.820702373426406	2.7165082168540837
0.02777777798473835	4.820702373426406	0.7539614123716653
0.02916666684905067	5.0613128853120415	1.0865711939763163
0.03055555553874001	5.0613128853120415	1.142609628729065
0.03194444440305233	5.0613128853120415	1.1987491532561247
0.03333333344198763	5.147177813082994	0.3065711870888639
0.03472222230629996	5.147177813082994	1.4725681059512192
0.03611111134523526	5.147177813082994	1.5292307826028402
0.0375000000349246	5.147177813082994	1.2349928555876193
0.03888888889923692	5.387788324968638	1.851035679385261
0.04027777793817222	5.387788324968638	1.9203275281669392
0.04166666680248454	5.387788324968638	2.531509188868704
0.04305555549217388	5.580276734477147	2.1497534088835772
0.04444444453110918	5.580276734477147	1.3613822946982455
0.04583333339542151	5.580276734477147	1.82008456218669
0.04722222243435681	5.724643041608537	1.723353766548095
0.04861111129866913	5.724643041608537	1.012406324422446
0.04999999998835847	5.724643041608537	1.0428505480748926
0.05138888902729377	5.8114515400143345	1.5360615566962168
0.05277777789160609	5.8114515400143345	0.8786046679681626
0.05416666675591841	5.8114515400143345	1.3733728113383643
0.05555555579485372	5.8114515400143345	1.2208653408157442
0.05694444448454306	5.9265671574655014	1.3051739368401405
0.05833333352347836	5.9265671574655014	1.2840901005654035
0.05972222238779068	5.9265671574655014	1.5127670804176536
0.061111111252103	6.042626345551513	1.967739244740229
0.06388888880610466	6.042626345551513	1.5274020815771545
0.06666666688397527	6.138870550305767	2.223381323486509
0.06944444443797693	6.283236857437156	1.5707309629504331
0.07222222234122455	6.283236857437156	2.273921517863149
0.07500000024447218	6.417223887585238	2.0704550194274143
0.07777777779847383	6.417223887585238	1.572035188516102
0.08055555570172146	6.542718782019707	1.8097795257639797
0.0833333334303461	6.590840884396831	1.3764593778720509
0.08611111133359373	6.590840884396831	1.6396443082780638
0.08888888888759539	6.668213676454181	1.6086663637799814
0.09166666679084301	6.668213676454181	2.079068476235872
0.09444444469409063	6.705956501848001	1.9102517739019913
0.09722222242271528	6.812579983585554	2.7481665644811564
0.1000000001513399	6.812579983585554	2.5070382057360208
0.1027777777053416	6.994689116110761	3.2306670933853336
0.1055555557832122	6.994689116110761	3.7241503350690284
0.1083333333372138	7.168306112922374	3.441593122580397
0.1111111112404615	7.283421730373542	3.5795009087014025
0.1138888887944631	7.283421730373542	4.024364883584132
0.1166666666977108	7.40891662480801	3.715073167401993
0.1194444446009584	7.553282931939382	4.408166896023458
0.122222222329583	7.553282931939382	4.221038263403435
0.126388889097143	7.697649239070773	4.709794454509559
0.1305555556900799	7.822200562870405	5.205381705490871
0.1347222222830169	8.005253266030449	5.605046221468199
0.1388888890505768	8.159055279510294	6.38551838399212
0.1430555556435138	8.380794378699024	5.742631448925508
0.1472222222364508	8.553467804875767	6.371523732084672
0.1513888890040107	8.775206904064499	6.555282918057461
0.1555555555969477	8.947880330241258	6.767533699104661
0.1597222221898846	8.947880330241258	6.55748471568585
0.1638888891320676	9.130933033401309	6.976837134790852
0.1680555557250045	9.304550030212916	6.804882646064354
0.1722222221433185	9.477223456389657	6.67743537115812
0.1763888890855014	9.631025469869506	7.297818462661728
0.1805555555038154	9.804642466681104	8.083254920270905
0.1847222224459983	9.987695169841158	8.19224502926667
0.1902777779032476	10.141497183320995	7.791822267661353
0.1958333335351199	10.343421299177955	7.6960722502184264
0.2013888889923692	10.680276015817864	8.170628045051991
0.2069444446242414	10.863328718977913	7.9151440229190575
0.2124999999068677	11.045437851503129	7.5943167200817
0.21805555553874	11.15111776260583	7.584571377329491
0.2236111113452353	11.295484069737224	7.875252377201435
0.2291666668024845	11.565345271303071	6.880441577169574
0.2347222224343568	11.68046088875424	7.0785306236929175
0.2402777778916061	11.805955783188702	6.622908659488938
0.2458333335234784	11.902199987942966	6.991204578695176
0.252777778019663	12.14281049982861	6.801071260768217
0.2597222223412246	12.248490410931312	6.275362518714255
0.2666666668374091	12.459850233136734	6.4577062456256655
0.2736111113335937	12.527787318845622	6.315309661035642
0.2805555556551553	12.709896451370831	6.599322029145766
0.2875000001513399	12.796704949776634	6.229889820887112
0.2944444446475245	12.950506963256487	6.588215592556649
0.3013888887944631	13.104308976736329	6.335180843152309
0.309722222329583	13.210932458473877	6.404596720951973
0.3180555556900799	13.393041590999097	6.288661477618195
0.3263888890505768	13.52797219178201	6.517390012268024
0.3347222222364508	13.701589188593623	6.318048961978756
0.3430555555969477	13.845955495724997	6.1468209525516535
0.3513888891320676	13.912949010799046	6.534055088486637
0.3597222221433185	14.05731531793042	6.248688709243907
0.3680555555038154	14.182810212364894	6.05336839747543
0.3777777779032476	14.307361536164517	5.785394025387624
0.3875000001280569	14.43285643059899	5.5869733746675
0.3972222223528661	14.59609415042729	5.943612104906178
0.4069444444030523	14.701774061529992	5.7036180725997525
0.4166666668024845	14.779146853587326	5.805102724501348
0.4263888890272938	14.884826764690061	5.746777281077279
0.4374999999417923	14.990506675792766	5.8567286177765014
0.4486111112055369	15.134872982924144	5.585855489029224
0.4597222222946584	15.231117187678402	5.3874418844970196
0.47083333338378	15.375483494809792	5.57886653922266
0.4819444446475245	15.471727699564042	5.546570089806482
0.4944444446009584	15.616094006695427	5.64121484209096
0.5069444445543922	15.721773917798144	5.357249847796481
0.5194444446824491	15.78876743287219	5.130450839502106
0.531944444635883	15.895390914609745	5.129366014358474
0.5444444445893168	15.991635119364007	5.10335025951987
0.558333333581686	16.097315030466696	5.01988276507952
0.5722222223994322	16.202994941569415	4.786150829531967
0.5861111110425554	16.28036773362676	4.934742372647749
0.6000000000349246	16.347361248700807	4.904693602799798
0.6138888890272938	16.43416974710661	5.007123288502593
0.6291666668839753	16.568156777254682	5.103799626049386
0.6444444443914108	16.64552956931202	5.050392019496069
0.6597222224227153	16.722902361369364	5.2104310770433235
0.6750000001047738	16.847453685168997	5.356428346677331
0.6916666668257676	16.90501149389458	5.5689285391222745
0.7083333335467614	17.030506388329044	5.915153634361249
0.7250000000931323	17.145622005780222	5.821557669901123
0.7430555555038154	17.23243050418601	6.135935896241343
0.7611111110891216	17.36736110496894	6.400618345141609
0.7791666668490507	17.473041016071658	6.326615031219452
0.7972222224343568	17.578720927174363	6.909505419413526
0.8166666668839753	17.74290221763751	6.966763678786516
0.8361111113335937	17.848582128740215	7.131150063151055
0.8555555557832122	17.982569158888303	7.407505128719128
0.876388889097143	18.117499759671237	7.486616267279892
0.8972222222364508	18.223179670773945	7.757987911102497
0.9180555557250045	18.396796667585544	7.871604643691343
0.9402777779032476	18.53172726836846	8.061169046004682
0.9624999999068677	18.676093575499852	8.194950625309762
0.9847222224343568	18.810080605647922	8.342607255982525
1.008333333302289	18.954446912779332	8.634847918395407
1.031944444694091	19.109192496894003	8.879720934195733
1.056944444600958	19.243179527042088	8.771335751975906
1.081944444682449	19.435667936550598	8.927612711810056
1.106944444589317	19.56116283098507	8.866722395697172
1.13333333353512	19.724400550813364	9.052099636551985
1.1597222223063	19.907453253973415	9.088609672846161
1.187499999941792	20.061255267453248	9.143955041209821
1.215277777926531	20.205621574584647	9.38810458255635
1.244444444600958	20.368859294412925	9.458285461285858
1.273611111100763	20.494354188847403	9.625177871530436
1.304166666639503	20.667027615024157	9.747057757784827
1.334722222352866	20.811393922155546	9.716494177919007
1.366666666755918	20.975575212618686	9.83196081762863
1.398611111333594	21.148248638795444	10.125580364728048
1.431944444600958	21.350172754652398	10.289672116663253
1.4652777776937	21.504918338767094	10.67267364576393
1.5	21.697406748275622	10.851365525495474
1.5347222223063	21.860644468103903	10.970957194974162
1.570833333302289	22.043697171263943	11.173278277534362
1.608333333337214	22.216370597440722	11.344183276166875
1.645833333546761	22.418294713297673	11.444070170842005
1.684722222445998	22.60134741645774	11.473249929324764
1.723611111345235	22.8032715323147	11.660031432608633
1.763888888934162	22.995759941823202	11.867356338081775
1.805555555736646	23.18824835133173	12.001952284319996
1.847222222189885	23.371301054491767	12.149177444846492
1.890277777856682	23.563789464000273	12.38747188603213
1.934722222387791	23.756277873508818	12.547247865943792
1.980555555783212	23.958201989365765	12.709588120837896
2.026388889004011	24.150690398874275	12.894301261468717
2.073611111089122	24.381865204411454	13.083003243702652
2.122222222387791	24.573410043285136	13.368448341207262
2.172222222201526	24.78571343612542	13.632740213480744
2.22361111122882	25.006508964679274	13.81955808166258
2.274999999906868	25.237683770216453	14.048224345088116
2.327777777798474	25.449043592421884	14.330486329235342
2.381944444554392	25.689654104307515	14.633838893177115
2.4375	25.92082890984471	14.601483573357
2.494444444484543	26.17087512807882	15.0138170208217
2.552777777833398	26.411485639964447	15.208459430151747
2.612500000221189	26.642660445501633	15.414904381133363
2.673611111298669	26.883270957387275	15.64407690460832
2.736111111240462	27.14275288196982	15.98805657566836
2.800000000221189	27.402234806552364	16.16457628573532
2.865277777891606	27.623973905741092	16.431233450721184
2.931944444600958	27.903270813655414	16.53436113677267
3.0	28.153317031889515	16.7078509151969
3.069444444437977	28.412798956472056	16.84013905026675
3.140277777740266	28.692095864386374	16.93670586279598
3.213888889120426	28.98082847864912	16.982918421647728
3.288888888841029	29.260125386563452	16.944850922277464
3.365277777949814	29.547914430191383	17.06577834892404
3.443055555748288	29.817775631757232	16.973727339790337
3.523611111100763	30.097072539671547	16.916268674785215
3.605555555492174	30.356554464254092	16.86323732199634
3.688888889097143	30.616036388836637	16.757017576386765
3.774999999906868	30.885897590402514	16.67316298200268
3.862500000104774	31.135943808636604	16.582307128652666
3.952777777856682	31.385990026870683	16.56788957207837
4.044444444647525	31.645471951453214	16.709775733309133
4.138888888992369	31.886082463338873	16.748699912283577
4.234722222201526	32.13612868157297	16.908257296007356
4.333333333488554	32.39655417679037	17.017125553592578
4.433333333290648	32.66547180772138	17.085045441822373
4.536111111345235	32.925897302938765	17.23374687532112
4.641666666604579	33.21462991720155	17.347237102739328
4.749999999941792	33.52223394416123	17.33112006630127
4.859722222143319	33.810966558423964	17.444104304305476
4.972222222422715	34.10913487903522	17.42303969496171
5.087499999906868	34.39786749329797	17.362914204483964
5.205555555643514	34.68660010756074	17.33034125224218
5.326388888934162	34.97533272182353	17.340357110862573
5.450000000128057	35.25368605910298	17.192785121793722
5.576388889050577	35.514111554320365	16.99335802462351
5.705555555701722	35.78302918525138	16.787849783399594
5.837499999906868	36.03307540348548	16.622600250974422
5.972222222189885	36.28312162171958	16.420476134918218
6.111111111240462	36.55298282328543	16.258089601592577
6.252777778019663	36.82190045421643	16.09745591751169
6.397222222352866	37.08232594943384	16.02531067279489
6.545833333453629	37.35124358036485	15.993886333027751
6.697222222283017	37.60128979859898	15.78985528782834
6.852777777705342	37.87115100016483	15.79886159279629
7.011111111205537	38.12119721839889	15.718108748196784
7.173611111298669	38.38067914298144	15.556190135978811
7.340277777984738	38.641104638198826	15.359477550986375
7.509722222399432	38.91002226912987	15.210966799600026
7.683333333581686	39.17044776434725	15.032239956528256
7.861111111182254	39.40067899924957	14.811383626408075
8.043055555725005	39.661104494467	14.635538953476399
8.22916666668607	39.90171500635261	14.455310696795276
8.419444444589317	40.14138194760342	14.395170850338799
8.613888889085501	40.37255675314063	14.21149362613946
8.813888889038935	40.61316726502627	14.022441897245468
9.018055555585306	40.824527087231665	13.982602628336643
9.226388888899237	41.06513759911732	13.75525320377412
9.440277778019663	41.28687669830603	13.528007945978564
9.65833333338378	41.53692291654012	13.35598164208826
9.881944444554392	41.77753342842577	13.228526743630686
10.11111111118225	42.00870823396295	13.050636860295203
10.34444444440305	42.23893946886526	13.06708537821766
10.58333333343035	42.46067856805401	12.887594409123949
10.82777777774027	42.662602683910976	12.7997590286479
11.07777777785668	42.8739625061164	12.57394726360622
11.33333333343035	43.08626589895667	12.352648138341605
11.5958333335002	43.297625721162085	12.134337390028685
11.86388888902729	43.51936482035083	11.874326130494387
12.13750000018627	43.73072464255627	11.695951235976601
12.41805555549217	43.94208446476167	11.57125984864141
12.70555555564351	44.15438785760193	11.446107700602855
12.9986111112521	44.35631197345894	11.273362537156112
13.29861111118225	44.54880038296746	11.150368109990481
13.60555555578321	44.73185308612749	10.882984288898053
13.91944444453111	44.92339792500113	10.712663795674448
14.2416666666395	45.10645062816123	10.586148134782276
14.57083333324408	45.29893903766974	10.374232203976685
14.90694444469409	45.48199174082976	10.246611492894832
15.25138888880611	45.67448015033828	10.044022472433095
15.60416666680249	45.84715357651501	10.00450921376225
15.96527777798474	46.030206279675106	9.888355736142476
16.33472222235287	46.2226946891836	9.858647712413136
16.71249999990687	46.39631168599522	9.734850629055533
17.09861111134524	46.5784208185204	9.57198916772993
17.49305555579485	46.7331664026351	9.364585755079649
17.89722222229466	46.91527553516032	9.257651168502633
18.3111111111939	47.0888925319719	9.100047886233508
18.73472222214332	47.271945235131945	8.860284853728867
19.16805555549217	47.444618661308716	8.705343562140227
19.61111111124046	47.598420674788535	8.464333674523484
20.06388888903894	47.75222268826839	8.436396076619804
20.52777777792653	47.9069682723831	8.155586982394842
21.00138888903894	48.06077028586294	7.961639128283931
21.48611111124046	48.20513659299431	7.6401820564984195
21.98194444453111	48.34950290012571	7.244352896793344
22.4888888890855	48.483489930273784	6.97368422251619
23.00833333324408	48.638235514388434	6.746754053548172
23.54027777770534	48.76278683818807	6.556858977109912
24.08333333343035	48.897717438971	6.40936614062218
24.63888888893416	49.012833056422195	6.221891856130247
25.20833333343035	49.099641554828	6.11366073250503
25.79027777770534	49.19588575958223	6.010165531313663
26.38611111132195	49.30156567068496	5.862209451193645
26.99583333358169	49.41762485877094	5.844372163604746
27.61944444448454	49.54217618257057	5.785821567649111
28.25694444455439	49.6478560936733	5.889457442881208
28.9097222223063	49.77335098810775	5.9955795895616655
29.57638888905058	49.88846660555895	6.141113615507503
30.25972222234123	50.01396149999338	6.2460393139449435
30.95833333348855	50.13851282379302	6.419499982424428
31.67361111118225	50.26400771822751	6.558187977173056
32.40416666673264	50.40837402535889	6.587588217553384
33.1527777776937	50.52348964281006	6.636542444932122
33.91805555572501	50.65842024359299	6.631205517673796
34.70138888899237	50.81222225707279	6.622269201357885
35.50277777801966	50.96602427055268	6.793829812960922
36.32222222228302	51.09151916498715	6.820193859239448
37.16111111134524	51.22644976577008	7.045038902418749
38.01805555564351	51.351001089569664	7.072687699916077
38.89583333343035	51.47649598400416	7.0076888592037205
39.79305555549217	51.639733703832455	6.9931961337062765
40.71111111104256	51.7935357173123	7.071327550727692
41.64999999990687	51.95771700777546	7.426495485853884
42.61111111129867	52.10208331490684	7.551797290807025
43.59444444469409	52.24644962203817	7.674059711117912
44.60000000009313	52.40025163551807	7.521556273859694
45.62916666688398	52.54461794264945	7.415859491294122
46.68194444454275	52.755977764854826	7.171531601409764
47.75972222228302	52.90977977833471	7.068960029557806
48.86111111124046	53.0635817918145	7.0077621374157255
49.98888888879446	53.19851239259743	7.086935140865017
51.14166666660458	53.333442993380366	6.984661897475943
52.32222222239943	53.448558610831554	6.60004967846293
53.52916666679084	53.57405350526606	6.454548893364637
54.76388888899237	53.7080405354141	6.260605942757349
56.0277777776937	53.881657532225674	6.298827969401489
57.32083333324408	54.007152426660156	6.427127727045487
58.64305555564351	54.14113945680826	6.691226185107044
59.99583333358169	54.26663435124273	6.683130238466744
61.38055555574829	54.381749968693924	6.674777444205135
62.79722222214332	54.526116275825274	6.441069307670237
64.24583333329065	54.69029756628842	6.525613574155804
65.72777777770534	54.86297099246518	6.840086902595328
67.24444444460096	54.98846588689965	7.148744644840061
68.79583333345363	55.122452917047745	7.870159223082008
70.38333333330229	55.24794781148219	8.135595590964996
72.00694444449618	55.39231411861355	8.216289467368894
73.668055555725	55.594238234470545	8.400648723815838
75.36805555550382	55.78672664397908	8.621678955849124
77.10694444453111	56.05658784554494	8.944553606852732
78.88611111132195	56.258511961401865	9.210223719286768
80.70555555570172	56.44062109392708	9.392290021862028
82.56666666688398	56.65292448676735	9.349393698765017
84.47083333338378	56.82559791294412	9.35242486706844
86.41944444458932	57.0284655994359	9.037868898663854
88.41250000015134	57.21057473196113	9.087510233611372
90.45138888893416	57.393627435121196	9.235508220123965
92.53750000015134	57.5861158446297	9.149316546026096
94.67222222214332	57.77860425413819	9.250651165945202
96.85555555578321	57.98052836999518	9.027798805210042
99.09027777792653	58.1918881922006	9.0362385978139
101.3763888890971	58.40419158504091	9.229728915550536
103.7152777779847	58.596679994549376	9.287260734247923
106.1069444445893	58.7891684040579	9.256170995993
108.5541666666395	58.94297041753773	9.41914634693086
111.0583333335235	59.12507955006292	9.734340664360365
113.6194444445428	59.346818649251674	9.513797635608782
116.2402777779498	59.54874276510866	8.805058381925624