0.3482421615517524	74.70386553785244	11.705540772273562
0.8482421615517524	84.7329559198705	10.467234256664478
1.348242161551752	89.6189230290588	8.162954516541161
1.848242161551752	93.9905778109641	5.636161441642685
2.348242161551752	95.14778054735079	8.432969800063288
2.848242161551752	96.30498328373747	7.360662358987914
3.348242161551752	95.79067095645455	4.99186037130354
3.848242161551752	94.89062438370932	4.530403732356893
4.348242161551752	96.17640520191674	6.05260931404761
6.848242161551752	102.34815312931248	3.563595259612805
7.348242161551752	99.2622791656146	5.1160814572751185
7.848242161551752	99.39085724743536	8.039787804526362
8.348242161551752	99.51943532925611	12.196575324439697
8.848242161551752	99.2622791656146	0.35276823486666786
9.348242161551752	100.93379422928427	5.459549836322827
9.848242161551752	102.86246545659543	7.01667835553862
10.34824216155175	93.09053123821892	1.4244668436853662
10.84824216155175	91.16186001090773	1.1922930511936547
11.34824216155175	90.51896960180399	2.812124827967604
11.84824216155175	92.06190658365293	4.551913160379012
12.34824216155175	89.6189230290588	1.7294490867963612
12.84824216155175	88.20456412903062	3.5807952683735227
13.34824216155175	90.7761257654455	5.371675869311906
13.84824216155175	89.87607919270029	6.156236005638313
14.34824216155175	103.50535586569917	6.055140056840139
14.84824216155175	104.79113668390661	6.4868058698565285
15.34824216155175	106.46265174757627	8.126350783197163
15.84824216155175	111.0914626931231	7.470031889372568
16.34824216155175	113.40586816589656	6.892884465530688
16.84824216155175	118.9347256841885	10.623614716866419
17.34824216155175	98.74796683833162	10.220023556247721
17.84824216155175	95.66209287463379	8.944472809747205
18.34824216155175	105.94833942029325	8.650702937912003
18.84824216155175	107.49127640214228	8.636675081100087
19.34824216155175	109.93425995673637	7.451694507666173
19.84824216155175	115.59169555684906	7.151744151039419
20.34824216155175	98.49081067469012	12.230375588879376
20.84824216155175	98.23365451104866	13.121210946813557
21.34824216155175	100.80521614746358	13.48216438791794
21.84824216155175	100.80521614746358	9.418423635332461
22.84824216155175	105.562605174831	8.006214308666097
23.84824216155175	107.74843256578376	7.818767220283524
24.84824216155175	113.7916024113587	7.144658523535243
25.84824216155175	114.4344928204625	6.99547727695797
64.69629716155032	95.53351479281301	4.862186586261495
66.19629716155032	93.73342164732261	6.416784659295088
68.19629716155032	101.31952847474659	20.016246430441562
70.19629716155032	99.64801341107685	10.590326665876729
72.19629716155032	117.39178870233954	22.591665717743144
74.19629716155032	108.1341668112459	23.03372700776016
76.19629716155032	88.59029837449285	27.564821128194883
78.19629716155032	94.50489013824708	32.15034735033011
80.10824216155015	88.84745453813434	38.05554565271376
82.10824216155015	91.29043809272845	43.6203789755104
84.10824216155015	82.4185504470971	57.08482488364678
86.10824216155015	80.61845730160671	74.138897104336
88.10824216155015	80.74703538342742	101.74539354276493
90.60824216155015	98.36223259286939	99.8689908867785
93.10824216155015	127.03514483889536	31.228135649428385
95.60824216155015	115.33453939320772	180.12009086282092
98.10824216155015	132.82115852082885	8.217281649456046