0.01666666672099382	0.49469167058786534	0.23394064502692652
0.03333333326736465	0.7598026763725599	0.5310119871744717
0.04999999981373549	1.0103371320109586	0.7027727227063446
0.06666666670935228	1.228074349820366	0.8249041255086605
0.08333333325572312	1.4239467424104124	0.9239041509519111
0.09999999997671694	1.5979543097810986	1.0212338148614404
0.1166666666977108	1.7601184301579873	1.0968945695009724
0.1333333330694586	1.9149942754617113	1.1740699893378828
0.1499999999650754	2.056204605003374	1.2534167003878283
0.1666666665114462	2.188304590703672	1.3184438487924424
0.1833333332324401	2.3167604388673695	1.371033235622212
0.1999999999534339	2.4415721494945015	1.4260696283399392
0.2166666666744277	2.558184550664404	1.4726762182524897
0.2333333332207985	2.66933074552944	1.5200691249002318
0.2499999997671694	2.7750107340896784	1.571497626057467
0.2666666666627862	2.8816017570340158	1.5989036478890604
0.283333333209157	2.9763493329845567	1.6364210110824429
0.2999999999301508	3.068363805782665	1.6750871849283888
0.3166666666511446	3.158556209812507	1.7059403697733597
0.3333333333721384	3.24874861384235	1.734873597721038
0.3499999999185093	3.338029983488024	1.7629860073424999
0.3666666664648801	3.415467906139904	1.7811456703330295
0.3833333333604969	3.4974610007124824	1.803306794067633
0.3999999999068677	3.5758099577484934	1.8253165067504946
0.4166666666278616	3.6541589147845395	1.8448238183458727
0.4333333333488554	3.7270416655156855	1.8738927237279968
0.4499999997206032	3.7971913130944666	1.8882855409577781
0.46666666661622	3.867340960673214	1.9086312185969094
0.4833333331625909	3.934757505099563	1.9204992146113649
0.4999999998835847	3.9994409463734786	1.949044452593837
0.5166666666045785	4.0632133532632615	1.9564584250733799
0.5333333333255723	4.121519553848245	1.9721509655612726
0.5500000000465661	4.182558857585561	1.9852791608980718
0.566666666418314	4.239042989402246	1.9949096204110603
0.5833333333139308	4.30008229313963	2.002445900789371
0.5999999998603016	4.357477459340414	2.008553864455583
0.6166666665812954	4.4121395223888	2.02151894431366
0.6333333333022892	4.469534688589584	2.0310935650591566
0.6500000000232831	4.526018820406268	2.037473949932181
0.6666666665696539	4.575214677149821	2.046762414621535
0.6833333331160247	4.628965705814074	2.0496934562338143
0.7000000000116415	4.67542845940516	2.050157912026178
0.7166666665580124	4.723713281764614	2.049859767169784
0.7333333332790062	4.7747312072764005	2.0614765881913697
0.7666666667209938	4.869478783226975	2.076702653529757
0.7999999998137355	4.956938084104385	2.0772297181228923
0.8333333332557231	5.040753247445228	2.090093570749132
0.8666666666977108	5.125479445170206	2.095788091876478
0.8999999999650754	5.204739436590383	2.0988256827168312
0.93333333323244	5.278533221705696	2.092333151578058
0.9666666666744277	5.348682869284445	2.108603959394827
0.9999999997671694	5.417010448094959	2.1046496616552686
1.033333333209157	5.485338026905441	2.1159894920429188
1.066666666651145	5.551843536947622	2.1115181585533476
1.099999999918509	5.617438012605705	2.1151747979124265
1.133333333360497	5.683943522647886	2.125981536388679
1.166666666627862	5.747715929537669	2.1323556343103007
1.199999999720603	5.8087552332750185	2.122158219440695
1.233333333162591	5.866150399475837	2.1248200776367874
1.266666666604579	5.919901428140089	2.1266336479076573
1.300000000046566	5.976385559956773	2.1204207604113035
1.333333333313931	6.033780726157558	2.1215097457172774
1.366666666581295	6.084798651669411	2.1229054398247915
1.400000000023283	6.139460714717762	2.1194482493537095
1.433333333116025	6.188656571461316	2.105649275259773
1.466666666558012	6.23785242820487	2.1033621687898023
1.516666666720994	6.309824144551916	2.0946119487689825
1.566666666709352	6.383617929667196	2.0820542629744154
1.616666666697711	6.452856542861844	2.0641538736675096
1.666666666511446	6.512984812215094	2.0593621641492628
1.716666666674428	6.57402411595241	2.0544719238468345
1.766666666662786	6.630508247769096	2.0479450758800084
1.816666666651145	6.686992379585781	2.029066440362481
1.86666666646488	6.741654442634132	2.02677894149986
1.916666666627862	6.7935834025301185	2.0177196189082935
1.96666666661622	6.840957190505372	2.00774716930609
2.016666666604579	6.891064081633058	1.9935653213282085
2.066666666418314	6.939348903992479	1.993590292658582
2.116666666581295	6.987633726351866	1.974746957031759
2.166666666569654	7.031363376790586	1.9688114946253044
2.216666666558012	7.0741819928451415	1.9508844975054456
2.283333333267365	7.1315771590459605	1.948180076993934
2.349999999976717	7.187150256478477	1.922692567983985
2.416666666511446	7.244545422679295	1.913876456896229
2.483333333220799	7.294652313806948	1.9004182757831072
2.549999999930151	7.348403342471233	1.8873844676553784
2.61666666646488	7.401243336751319	1.88430017066257
2.683333333348855	7.447706090342441	1.8920377380950573
2.749999999883585	7.491435740781161	1.8830916363027326
2.816666666418314	7.543364700677147	1.8799604006783732
2.883333333302289	7.5870943511158355	1.8583059398732964
2.950000000011642	7.629912967170423	1.8150718062141127
3.033333333267365	7.680019858298076	1.8262185788496812
3.116666666697711	7.731948818194063	1.8265355258504579
3.199999999953434	7.771123296712085	1.811091399338746
3.283333333209157	7.8166750159190395	1.771710516261494
3.36666666646488	7.859493631973628	1.7602482579615988
3.449999999720603	7.901401213644051	1.7065407126231897
3.533333333325572	7.946952932851038	1.695783794798555
3.616666666581295	7.992504652058026	1.6752740504591206
3.716666666558012	8.042611543185712	1.6803184804525302
3.816666666709352	8.092718434313397	1.6521766685766266
3.916666666511446	8.130981878447255	1.6549147111246316
4.016666666662786	8.151024634898349	1.6358927457669652
4.11666666646488	8.205686697946701	1.603771690192271
4.21666666661622	8.253060485921987	1.581758511492991
4.316666666418314	8.298612205128974	1.547765198836754
4.416666666569654	8.3268542710373	1.5389406781580963
4.533333333267365	8.355096336945659	1.5864735744944076
4.649999999965075	8.394270815463647	1.6040317581013963
4.766666666662786	8.409758399994043	1.609057052134627
4.883333333360497	8.4525770160486	1.5887089277915907
4.999999999883585	8.494484597719023	1.6115714808047625
5.116666666581295	8.528192869932212	1.6148641969004476
5.25	8.566456314066068	1.5903440701419227
5.383333333069459	8.616563205193755	1.574434345709175
5.516666666662786	8.652093546175212	1.591414422946504
5.649999999906868	8.673958371394573	1.5865688901263704
5.783333333325572	8.704933540455295	1.5502242990680142
5.933333333116025	8.730442503211224	1.547711705767993
6.083333333255723	8.759595603503683	1.5815394790309518
6.233333333220799	8.833389388619029	1.6331846737505267
6.383333333360497	8.885318348514982	1.628446303561741
6.533333333325572	8.927225930185404	1.5324178476986514
6.700000000011642	8.972777649392391	1.511213298683024
6.866666666697711	9.023795574904245	1.5160905787906045
7.033333333209157	9.071169362879498	1.494608958692086
7.199999999720603	9.100322463171958	1.4876209852027453
7.366666666581295	9.124009357159581	1.4780640853863702
7.549999999813736	9.15407349183621	1.5008187371902852
7.733333333220799	9.204180382963896	1.5630149696610178
7.916666666627862	9.227867276951523	1.576643419746841
8.099999999860302	9.26886382423781	1.5925094652477716
8.299999999813735	9.318970715365495	1.6214068437684168
8.49999999976717	9.378187950334581	1.6262205530214324
8.699999999720603	9.41189622254777	1.6070437301667393
8.916666666569654	9.369077606493182	1.6407761831700394
9.133333333069459	9.399141741169815	1.607661424814082
9.34999999991851	9.444693460376799	1.655106756361391
9.566666666418314	9.466558285596154	1.675522681522442
9.799999999813735	9.496622420272747	1.7008328139666085
10.03333333320916	9.536707933174908	1.646046397924311
10.26666666660458	9.584081721150154	1.702411691424186
10.51666666672099	9.645121024887548	1.791162992077969
10.76666666666279	9.684295503405565	1.8086508972827744
11.01666666660458	9.715270672466287	1.8935507733199108
11.28333333326737	9.760822391673276	1.7950526929263395
11.54999999993015	9.835527211172755	1.7879653827793216
11.81666666641831	9.873790655306612	1.8478187362075802
12.09999999997672	9.933918924659832	2.0033793552534283
12.3833333333605	9.95578374987919	2.108433561873505
12.68333333311603	10.035043741299331	2.0284961375466093
12.9833333332208	10.094260976268416	2.027593245400085
13.28333333332557	10.136168557938843	2.0677407601598015
13.59999999997672	10.127969248481618	2.1386245364798766
13.91666666662786	10.19083062098723	2.1873240017677507
14.25	10.293777506395031	2.1931670486180823
14.58333333337214	10.327485778608194	2.235641010506522
14.93333333311603	10.421322320174598	2.2594182644793213
15.28333333320916	10.409478873180797	2.2993227165857912
15.65000000002328	10.465051970613326	2.075004197767071
16.01666666666279	10.535201618192064	2.086261155823828
16.40000000002328	10.586219543703882	2.100227303244341
16.78333333320916	10.678234016501998	2.227348981818256
17.18333333311603	10.675500913349596	2.1732295804400206
17.58333333337214	10.697365738568962	2.2040769335237447
18.0	10.75020573284904	2.2413597638734397
18.41666666662786	10.831287793037484	2.361626188521538
18.84999999997672	10.908725715689366	2.3738408890147595
19.30000000004657	10.972498122579147	2.3261724421761194
19.74999999976717	11.036270529468931	2.3657956831032436
20.21666666655801	11.082733283060046	2.3129241457935183
20.68333333334886	11.149238793102269	2.4620843126165375
21.16666666651145	11.088199489364916	2.455284412229656
21.66666666656965	11.134662242956043	2.4527742427090393
22.16666666662786	11.201167752998217	2.4624699466753452
22.68333333323244	11.254918781662473	2.498808237159935
23.24027777777519	11.346022220076444	2.566132059095114
23.8236111109145	11.42710428026489	2.4294939183883413
24.40694444440305	11.494520824691241	2.4843876658320823
24.99027777771698	11.559204265965153	2.503350977744233
25.57361111103091	11.629353913543902	2.5194401742248305
26.24027777777519	11.708613904964052	2.564932802648123
26.90694444417022	11.77056424308556	2.541294791512777
27.5736111109145	11.835247684359482	2.507597067656009
28.24027777765878	11.914507675779658	2.4869982642694937
28.90694444440305	11.97190284198047	2.7488423316785426
29.57361111114733	12.040230420790927	2.862986446384881
30.32361111114733	12.102180758912437	2.8574875078600677
31.07361111114733	12.166864200186353	2.8744207519835827
31.82361111114733	12.257056604216196	2.8183775401188176
32.57361111114733	12.187817991021584	2.9910086716464304
33.40694444440305	12.278921429435563	3.0226290079974927
34.24027777765878	12.377313142922635	3.0161639097881996
35.0736111109145	12.467505546952506	2.9903465600612846
35.90694444417022	12.557697950982313	2.9154073324472773
36.74027777777519	12.60507173895757	3.0867849727823575
37.65694444446126	12.633313804865933	3.675125793587661
38.57361111114733	12.689797936682613	4.440614969020647
39.49027777765878	12.79183378770625	4.91808941755126